1 0.2919921875 0.412109375 0.08984375 0.107421875
1 0.11328125 0.3837890625 0.0703125 0.0859375
1 0.203125 0.396484375 0.11328125 0.091796875
1 0.7490234375 0.6044921875 0.06640625 0.08203125
1 0.6748046875 0.62109375 0.080078125 0.0859375
1 0.8251953125 0.58984375 0.05859375 0.080078125
1 0.591796875 0.798828125 0.080078125 0.1171875
1 0.7392578125 0.8330078125 0.185546875 0.146484375
1 0.42578125 0.46875 0.0546875 0.05078125
1 0.3603515625 0.4375 0.029296875 0.044921875
1 0.412109375 0.537109375 0.044921875 0.048828125
1 0.3046875 0.984375 0.06640625 0.03125
1 0.41015625 0.9658203125 0.07421875 0.068359375
1 0.2333984375 0.9921875 0.056640625 0.015625
1 0.125 0.9931640625 0.07421875 0.013671875
1 0.0478515625 0.603515625 0.087890625 0.099609375
1 0.0869140625 0.537109375 0.025390625 0.046875
1 0.1982421875 0.328125 0.0625 0.060546875
1 0.5498046875 0.2734375 0.037109375 0.041015625
1 0.6396484375 0.2666015625 0.046875 0.046875
1 0.69140625 0.2939453125 0.04296875 0.064453125
1 0.63671875 0.505859375 0.03515625 0.0546875
1 0.578125 0.52734375 0.037109375 0.060546875
1 0.638671875 0.755859375 0.05078125 0.05859375
1 0.705078125 0.736328125 0.064453125 0.064453125
1 0.7705078125 0.7109375 0.0625 0.060546875
0 0 0.127529044921875 0.027404013671875 0.136391529296875 0.07334633203125 0.114878791015625 0.077920541015625 0.1184576015625 0.0871134375 0.103527349609375 0.09796465625 0.10771558984375 0.11411345703125 0.093311412109375 0.128370275390625 0.091560896484375 0.162014548828125 0.06810779296875 0.17524746484375 0.069243296875 0.1819696328125 0.059446939453125 0.17980644921875 0.035559912109375 0.045645017578125 0.05203286328125 0 0.0576373671875 0 0.127529044921875
0 0.84793370703125 0.1626169921875 0.8788289609375 0.113968642578125 0.8796080078125 0.10628216015625 0.875968669921875 0.10189848828125 0.860521001953125 0.105175375 0.854934009765625 0.0989606171875 0.84289194140625 0.09629874609375 0.835246021484375 0.101377998046875 0.817939728515625 0.10074264453125 0.817661515625 0.112508083984375 0.82950328125 0.130376203125 0.841834759765625 0.157845248046875 0.84793370703125 0.1626169921875
0 0.876469744140625 0.232261181640625 0.87880696484375 0.2512963125 0.8849950234375 0.29608148046875 0.909769251953125 0.3378944765625 0.91451040625 0.3428329375 0.918672814453125 0.3402516328125 0.914220912109375 0.275931185546875 0.92109890625 0.27301644921875 0.93270709375 0.364751296875 0.99411422265625 0.421482876953125 0.944269923828125 0.0155336484375 0.93479881640625 0.042229337890625 0.92620690234375 0.053635419921875 0.927720521484375 0.060350322265625 0.923958794921875 0.074613708984375 0.881967626953125 0.198462515625 0.876469744140625 0.232261181640625
0 0.728180732421875 0.09934230859375 0.7247751328125 0.105281064453125 0.720200923828125 0.101702255859375 0.7176411640625 0.108917306640625 0.68965059765625 0.105453365234375 0.673345970703125 0.112975921875 0.650096556640625 0.11445044140625 0.59499478125 0.176422107421875 0.569875625 0.1795063515625 0.5623966484375 0.185945255859375 0.551378484375 0.18039736328125 0.5503434609375 0.1888053515625 0.54136198828125 0.18300738671875 0.529464626953125 0.192749099609375 0.52671568359375 0.20964843359375 0.515074298828125 0.21866864453125 0.516398734375 0.235067828125 0.52782869921875 0.2467758359375 0.569586373046875 0.2388883359375 0.579057560546875 0.254287224609375 0.598244716796875 0.247790888671875 0.603319759765625 0.255448654296875 0.61299125 0.255641294921875 0.63847765234375 0.238710453125 0.660858986328125 0.24700357421875 0.665577904296875 0.262985970703125 0.67076421484375 0.25751864453125 0.67011867578125 0.2410361015625 0.67380248828125 0.223331904296875 0.681782298828125 0.22097195703125 0.6989773203125 0.234732404296875 0.70150372265625 0.24408325390625 0.70793655859375 0.2515743046875 0.70832612109375 0.2687783515625 0.721392091796875 0.268554203125 0.72601077734375 0.25004514453125 0.743150125 0.24932084765625 0.75128576171875 0.253842517578125 0.762782517578125 0.27451330078125 0.777885177734375 0.274039078125 0.787456517578125 0.28183484375 0.7960705859375 0.217290248046875 0.7903166484375 0.20971583984375 0.786788578125 0.192207076171875 0.7892036328125 0.172588439453125 0.787745609375 0.138263701171875 0.792520119140625 0.126636259765625 0.7921973515625 0.11839498828125 0.76106827734375 0.11462633203125 0.75090707421875 0.104832767578125 0.743639517578125 0.09054345703125 0.73461356640625 0.106833357421875 0.728180732421875 0.09934230859375
0 0.783639517578125 0.49208637890625 0.804785529296875 0.52399373828125 0.81110709375 0.54460987890625 0.8303053671875 0.53259157421875 0.835970275390625 0.542247140625 0.833866712890625 0.491439857421875 0.82563084765625 0.452426732421875 0.816905349609375 0.44590726171875 0.809136958984375 0.4275389921875 0.797439900390625 0.422074458984375 0.790339287109375 0.409144798828125 0.7871006328125 0.416443208984375 0.778631109375 0.409202234375 0.78097952734375 0.4648099765625 0.773155544921875 0.47405154296875 0.779254490234375 0.4788232890625 0.783639517578125 0.49208637890625
0 0.072838404296875 1 0.0780446171875 0.9837966953125 0.0865252578125 0.985515705078125 0.09125529296875 0.995976134765625 0.09397087890625 0.995642701171875 0.09985832421875 0.979048083984375 0.09771028515625 0.950328669921875 0.08614665234375 0.87860053125 0.080904666015625 0.86958311328125 0.084599599609375 0.846356951171875 0.09160005859375 0.866889736328125 0.09089892578125 0.878017025390625 0.1012717109375 0.951271533203125 0.1092181640625 0.965477486328125 0.10721483203125 0.949161658203125 0.1007931171875 0.936148642578125 0.090998998046875 0.828319322265625 0.080336958984375 0.814446802734375 0.073447767578125 0.780788927734375 0.068127869140625 0.768330701171875 0.05850093359375 0.78814476953125 0.042942076171875 0.84664132421875 0.043064544921875 0.870088845703125 0.041917630859375 0.871973017578125 0.057637369140625 1 0.072838404296875 1
0 0.873621134765625 0.509331111328125 0.86297021484375 0.489936623046875 0.84498502734375 0.489384625 0.840755826171875 0.483003154296875 0.836326322265625 0.491827931640625 0.839353556640625 0.505257736328125 0.8509615859375 0.512803427734375 0.84696612109375 0.51674438671875 0.839854390625 0.5093366953125 0.8387303359375 0.51982583984375 0.84220280859375 0.5649444375 0.8488693828125 0.58275791796875 0.852030126953125 0.57201869921875 0.855057361328125 0.58544850390625 0.8631707578125 0.601014111328125 0.857683994140625 0.62929080859375 0.860165921875 0.66072952734375 0.863972201171875 0.6664728515625 0.88466185546875 0.6722133828125 0.8938436328125 0.6628051015625 0.929480119140625 0.661189791015625 0.94236802734375 0.66512795703125 0.95488869140625 0.68291271875 0.959896939453125 0.68160770703125 0.9669863515625 0.657964755859375 0.9869525546875 0.643781935546875 0.978750044921875 0.588202908203125 0.94035341796875 0.570144939453125 0.930169974609375 0.57139530859375 0.9261188359375 0.5608515234375 0.914588720703125 0.556746640625 0.90172305078125 0.541764541015625 0.89874037109375 0.5483414453125 0.899307998046875 0.561383177734375 0.8893915703125 0.514295498046875 0.873621134765625 0.509331111328125
0 0.156027998046875 0.639535056640625 0.163173083984375 0.63037684765625 0.154970576171875 0.574797822265625 0.15958926171875 0.556288763671875 0.1554267734375 0.516775490234375 0.147836447265625 0.49424490625 0.145922146484375 0.475847921875 0.152622078125 0.4770955 0.156105669921875 0.5166921328125 0.160078896484375 0.523795107421875 0.165932986328125 0.523766392578125 0.16080234765625 0.5437184609375 0.168337 0.551764298828125 0.173567787109375 0.524209107421875 0.171219447265625 0.51069594140625 0.165710365234375 0.507921994140625 0.16292798828125 0.499292650390625 0.168893345703125 0.486138841796875 0.1727774609375 0.4532283984375 0.17767444140625 0.4650484765625 0.188870666015625 0.4664340546875 0.197551609375 0.452946814453125 0.2023038828125 0.45236330859375 0.2104283984375 0.462406947265625 0.2169057109375 0.447810130859375 0.2260763671875 0.443923814453125 0.233611017578125 0.45196965234375 0.243494009765625 0.47352865625 0.257227755859375 0.4787431171875 0.275391009765625 0.475132798828125 0.27398866015625 0.4552928046875 0.27018237890625 0.44954948046875 0.258140310546875 0.446887609375 0.254534330078125 0.42593803515625 0.2464877265625 0.41933520703125 0.219821595703125 0.43227044921875 0.180790626953125 0.434302548828125 0.171775794921875 0.445070482421875 0.16653380859375 0.436053064453125 0.1444752421875 0.436001216796875 0.135516005859375 0.41915931640625 0.13351275390625 0.444938068359375 0.140546654296875 0.490999529296875 0.137185529296875 0.47485041796875 0.133379248046875 0.46910709375 0.121570998046875 0.51886223046875 0.116117591796875 0.53057302734375 0.104899126953125 0.540231384765625 0.09729776171875 0.56531734765625 0.10286251953125 0.582576037109375 0.09706410546875 0.59708949609375 0.097208810546875 0.609493083984375 0.0942261328125 0.616069986328125 0.08089306640625 0.622537609375 0.08206167578125 0.632055173828125 0.08975215234375 0.6469826328125 0.104031208984375 0.63418818359375 0.108505267578125 0.645370115234375 0.107114119140625 0.662102732421875 0.1020836328125 0.674451677734375 0.088171822265625 0.67339953125 0.079079076171875 0.68072665625 0.081605478515625 0.6900775078125 0.108505427734375 0.7295592734375 0.1176204921875 0.75328279296875 0.1259230703125 0.759164115234375 0.127770576171875 0.76859832421875 0.125533587890625 0.78405464453125 0.128382759765625 0.801646767578125 0.131599177734375 0.805392291015625 0.1986540703125 0.790258234375 0.195292947265625 0.774109125 0.190807767578125 0.76844915625 0.16739141015625 0.7685640234375 0.155827857421875 0.738930462890625 0.15533814453125 0.7293295390625 0.159522791015625 0.71570430078125 0.17558255859375 0.70338128125 0.15531582421875 0.698278896484375 0.152533447265625 0.68964955078125 0.151209009765625 0.673250365234375 0.156027998046875 0.639535056640625
0 0.545826130859375 0.83112996875 0.540172341796875 0.815952435546875 0.5333165078125 0.765728658203125 0.535286404296875 0.75651580859375 0.541407587890625 0.75024362109375 0.5887744921875 0.737526943359375 0.590421615234375 0.7200728203125 0.6005493828125 0.70433770703125 0.611745609375 0.70572328515625 0.623921263671875 0.726310708984375 0.65718717578125 0.722226169921875 0.65857832421875 0.705493552734375 0.663697923828125 0.733158029296875 0.667337259765625 0.737541701171875 0.670954279296875 0.710874728515625 0.69267895703125 0.7082072734375 0.694392875 0.6997159296875 0.70846051171875 0.707649693359375 0.727814611328125 0.7025130078125 0.731231330078125 0.691052283203125 0.750062359375 0.692880576171875 0.771809271484375 0.6791691875 0.78588802734375 0.681580982421875 0.790818365234375 0.6768351640625 0.8035838828125 0.699420388671875 0.807623904296875 0.715486140625 0.811441306640625 0.715707498046875 0.812932603515625 0.691371755859375 0.81847504296875 0.67757980078125 0.8553246171875 0.663394189453125 0.856615615234375 0.654264697265625 0.851763111328125 0.62035675 0.846599037109375 0.614780138671875 0.823850455078125 0.620333615234375 0.802982740234375 0.6187553984375 0.78156971484375 0.63518608984375 0.76357340625 0.640156060546875 0.74015705078125 0.64027092578125 0.722372162109375 0.624512681640625 0.71418093359375 0.647600845703125 0.69040844921875 0.65604033984375 0.661048970703125 0.658265080078125 0.65668626171875 0.676052634765625 0.657743603515625 0.698695291015625 0.650843291015625 0.6705593828125 0.59721049609375 0.677144662109375 0.5932595078125 0.658997751953125 0.59112258984375 0.624756373046875 0.587995203125 0.618929689453125 0.582564033203125 0.619596552734375 0.5778785546875 0.6291428359375 0.585969712890625 0.655752375 0.5908778125 0.66205048828125 0.59327070703125 0.69557036328125 0.52808555859375 0.7090946953125 0.517746291015625 0.703463447265625 0.513617240234375 0.689478849609375 0.5086980234375 0.688702703125 0.50321109765625 0.63279024609375 0.5056595078125 0.596605705078125 0.529610056640625 0.58400389453125 0.52945423046875 0.57712227734375 0.52344431640625 0.570269375 0.51910384375 0.577012994140625 0.516087728515625 0.55806121875 0.52414544921875 0.55914208203125 0.53037790234375 0.539744802734375 0.531168068359375 0.5265363515625 0.54322125390625 0.523676255859375 0.542442126953125 0.489268162109375 0.545480482421875 0.497176 0.561462337890625 0.481412169921875 0.57875751171875 0.4875694921875 0.58072740625 0.478356642578125 0.575986251953125 0.473418181640625 0.5799928359375 0.4639552578125 0.59540714453125 0.477244271484375 0.601583923828125 0.443362248046875 0.62195080859375 0.4408615078125 0.62960784765625 0.4302602890625 0.63201178125 0.41616362109375 0.659768609375 0.4093051328125 0.657676248046875 0.395070462890625 0.65443758984375 0.402368873046875 0.64612389453125 0.402009515625 0.639702177734375 0.388996498046875 0.61695359765625 0.394549974609375 0.61048740625 0.40362482421875 0.6038765078125 0.400296091796875 0.59758837890625 0.405208626953125 0.595195564453125 0.413783330078125 0.5695533359375 0.423832552734375 0.565602427734375 0.44778021875 0.553883130859375 0.45335962109375 0.550811419921875 0.462017681640625 0.54233077734375 0.460298671875 0.540605740234375 0.474311984375 0.5360426484375 0.465211208984375 0.5287306171875 0.473009765625 0.51599853515625 0.47595321875 0.507818423828125 0.49351941796875 0.45673426953125 0.498411611328125 0.45582163671875 0.488172541015625 0.453195083984375 0.486424814453125 0.439951048828125 0.490811279296875 0.410602689453125 0.48751405078125 0.396546171875 0.4740583203125 0.39263973828125 0.47591812109375 0.387397751953125 0.466900703125 0.37551151171875 0.47112044921875 0.370937298828125 0.467541642578125 0.368366421875 0.48027866015625 0.362111650390625 0.468625294921875 0.3293799296875 0.460222890625 0.31240752734375 0.46230683984375 0.301734369140625 0.45395628515625 0.29019313671875 0.45537337109375 0.2881342109375 0.46666737890625 0.28219108984375 0.46877725390625 0.287410837890625 0.48883860546875 0.297249271484375 0.490390896484375 0.30842326171875 0.502820408203125 0.314032494140625 0.49799123046875 0.31625836328125 0.488056875 0.3269537578125 0.48536349609375 0.333720482421875 0.495573849609375 0.3508487109375 0.50037151953125 0.36066490625 0.51296774609375 0.371026412109375 0.5075550625 0.370703642578125 0.499313791015625 0.37390894140625 0.508581283203125 0.38051983984375 0.511910017578125 0.409200421875 0.509768634765625 0.42631753125 0.5200882734375 0.43562177734375 0.534127509765625 0.445538123046875 0.53912061328125 0.447040623046875 0.551357484375 0.441909986328125 0.571309552734375 0.444269443359375 0.57930075 0.431270267578125 0.58848767578125 0.422288791015625 0.5826897109375 0.42182139453125 0.604139431640625 0.418081908203125 0.6073588828125 0.42315694921875 0.615016650390625 0.418148701171875 0.61632166015625 0.416011861328125 0.624174859375 0.41896118359375 0.63416385546875 0.43176005859375 0.6401831796875 0.4356108984375 0.665933212890625 0.434052806640625 0.681306177734375 0.446451158203125 0.759832578125 0.441509705078125 0.770100365234375 0.44657362890625 0.783280099609375 0.444770677734375 0.7938526015625 0.43127066796875 0.7989605703125 0.438115384765625 0.8547063125 0.440229986328125 0.857897046875 0.45110344140625 0.851041353515625 0.453462900390625 0.85903255078125 0.468565560546875 0.858558328125 0.470969494140625 0.844461658203125 0.47604453515625 0.852119423828125 0.486895755859375 0.8563076640625 0.503189263671875 0.854307072265625 0.509199177734375 0.861159974609375 0.51407391796875 0.884023990234375 0.525770978515625 0.8894885234375 0.52782990625 0.878194515625 0.525158796875 0.856440078125 0.516922931640625 0.817426953125 0.517957953125 0.809018966796875 0.512304166015625 0.79384143359375 0.523589421875 0.79314585546875 0.521519376953125 0.809961828125 0.536900412109375 0.88191132421875 0.5384807421875 0.855494423828125 0.56505784375 0.84464033984375 0.560238775390625 0.8362610703125 0.545826130859375 0.83112996875
0 0 0.3985771015625 0.045356326171875 0.406076900390625 0.068739248046875 0.38043335546875 0.065311330078125 0.35532146875 0.0470701640625 0.3554909765625 0.022941556640625 0.372255099609375 0 0.374537404296875 0 0.3985771015625
0 0.4827318203125 0.05909197265625 0.475564494140625 0.079294115234375 0.4657371796875 0.07221985546875 0.454507595703125 0.087400181640625 0.443812203125 0.09009355859375 0.4408295234375 0.09667046484375 0.442087166015625 0.10410687109375 0.43359540234375 0.107909830078125 0.426472552734375 0.10602410546875 0.42394615234375 0.096673255859375 0.42061846484375 0.106052822265625 0.421942900390625 0.122452005859375 0.427607806640625 0.1321075703125 0.436856376953125 0.131662064453125 0.4463163671875 0.110488341796875 0.4790814453125 0.10232484765625 0.48670512890625 0.10828952734375 0.49146851953125 0.102184056640625 0.513371259765625 0.09535428515625 0.5213621875 0.08747237109375 0.52571377734375 0.07520678515625 0.52575825390625 0.053118916015625 0.51889137890625 0.050511685546875 0.50954266015625 0.05856031640625 0.501407025390625 0.05403864453125 0.4827318203125 0.05909197265625
0 0.2916173203125 0.253696537109375 0.2960245859375 0.2559156953125 0.2927524140625 0.19559084765625 0.304983662109375 0.1885684375 0.341287927734375 0.192391736328125 0.3674532265625 0.175377537109375 0.38459257421875 0.174653240234375 0.3862174609375 0.168243052734375 0.38270051171875 0.145212322265625 0.370424705078125 0.132228021484375 0.361599056640625 0.13331167578125 0.359807224609375 0.1383622109375 0.365828259765625 0.139693146484375 0.36869966796875 0.146241333984375 0.365127125 0.1508204375 0.353252001953125 0.149518220703125 0.359128328125 0.1384455703125 0.34997991015625 0.13128794921875 0.34864435546875 0.120410734375 0.352728849609375 0.1143886171875 0.34755365625 0.1143339765625 0.343324455078125 0.107952505859375 0.331950166015625 0.110729244140625 0.33389790234375 0.154654904296875 0.288578806640625 0.161599541015625 0.2885232109375 0.189209375 0.2795306171875 0.18893337890625 0.27271941796875 0.200810890625 0.268479095703125 0.19995138671875 0.262335673828125 0.217267509765625 0.25677091796875 0.2000088203125 0.247611380859375 0.19837316796875 0.24401659765625 0.213996208984375 0.212598193359375 0.22751495703125 0.201090396484375 0.25446071875 0.199944103515625 0.275993796875 0.197072693359375 0.269445611328125 0.171608529296875 0.275332515625 0.168369875 0.28263092578125 0.15767448046875 0.2853243046875 0.135404494140625 0.306000671875 0.110274220703125 0.3146068828125 0.10635666796875 0.321988650390625 0.097697962890625 0.324431955078125 0.092244556640625 0.33614275390625 0.080536376953125 0.336200185546875 0.075172001953125 0.345829826171875 0.08695809375 0.349213203125 0.097152654296875 0.342440869140625 0.101893806640625 0.347379328125 0.109539728515625 0.342300076171875 0.1237854296875 0.34607152734375 0.146700953125 0.341877703125 0.154135453125 0.357526666015625 0.16151428125 0.35869088671875 0.170863001953125 0.350642255859375 0.171130013671875 0.302304205078125 0.178864966796875 0.295143794921875 0.184663380859375 0.2806303359375 0.19247624609375 0.276910734375 0.20366135546875 0.283818279296875 0.216048427734375 0.28367748828125 0.216994419921875 0.277350658203125 0.214289955078125 0.272162123046875 0.21897543359375 0.26261583984375 0.2556135859375 0.2691584453125 0.2916173203125 0.253696537109375