1 0.8203125 0.5927734375 0.1025390625 0.1826171875
1 0.7080078125 0.673828125 0.076171875 0.12109375
1 0.09765625 0.3193359375 0.11328125 0.1552734375
1 0.3134765625 0.0224609375 0.048828125 0.044921875
1 0.0986328125 0.1123046875 0.1005859375 0.0634765625
1 0.3759765625 0.1748046875 0.03125 0.056640625
1 0.3427734375 0.1806640625 0.0302734375 0.0595703125
1 0.2607421875 0.1982421875 0.0302734375 0.0517578125
1 0.1640625 0.33984375 0.04296875 0.09765625
1 0.33984375 0.0849609375 0.021484375 0.041015625
1 0.9375 0.5615234375 0.125 0.1748046875
1 0.296875 0.1865234375 0.029296875 0.029296875
0 0.780653951171875 0.917037037109375 0.785558583984375 0.90222222265625 0.8013623984375 0.906666666015625 0.80953678515625 0.899259259765625 0.81662125390625 0.888888888671875 0.82016348828125 0.8644444453125 0.8269754765625 0.853333333984375 0.83623978125 0.85037037109375 0.84332425 0.859259259765625 0.87057220703125 0.823703703125 0.92234332421875 0.77777777734375 0.954495912109375 0.736296296875 0.955858310546875 0.725185185546875 0.953405994140625 0.7155555546875 0.94141689453125 0.70962962890625 0.93542234375 0.681481482421875 0.9163487734375 0.672592591796875 0.89182561328125 0.632592591796875 0.880381470703125 0.62962962890625 0.88119891015625 0.59777777734375 0.87874659375 0.59407407421875 0.87629427734375 0.59777777734375 0.87792915625 0.628888888671875 0.875204359375 0.640740740234375 0.85149863671875 0.6844444453125 0.831335150390625 0.6918518515625 0.811171662109375 0.672592591796875 0.79972751953125 0.6755555546875 0.7858310625 0.68962962890625 0.791008173828125 0.7155555546875 0.766485013671875 0.728888888671875 0.761580380859375 0.728888888671875 0.74359673046875 0.70222222265625 0.740599455078125 0.702962962890625 0.739237056640625 0.7155555546875 0.72942779296875 0.7244444453125 0.721798365234375 0.7244444453125 0.717983650390625 0.7155555546875 0.712534060546875 0.717037037109375 0.710081744140625 0.725185185546875 0.718528611328125 0.73777777734375 0.721798365234375 0.75407407421875 0.7297002734375 0.75777777734375 0.724795640625 0.766666666015625 0.720435966796875 0.799259259765625 0.7291553125 0.84222222265625 0.7291553125 0.8644444453125 0.725613078125 0.88592592578125 0.7190735703125 0.88592592578125 0.711444142578125 0.877037037109375 0.706539509765625 0.85037037109375 0.666212533203125 0.847407408203125 0.66376021875 0.84222222265625 0.66376021875 0.8318518515625 0.66702997265625 0.79037037109375 0.639509537109375 0.751111111328125 0.6269754765625 0.740740740234375 0.620435966796875 0.718518517578125 0.599182560546875 0.73037037109375 0.573569482421875 0.758518517578125 0.5517711171875 0.773333333984375 0.52098092578125 0.811111111328125 0.5198910078125 0.833333333984375 0.5234332421875 0.8444444453125 0.529972751953125 0.8518518515625 0.540326974609375 0.881481482421875 0.551226158203125 0.900740740234375 0.563215259765625 0.936296296875 0.592098091796875 0.986666666015625 0.605177111328125 0.992592591796875 0.710626703125 0.993333333984375 0.733242505859375 0.983703703125 0.750136240234375 0.957037037109375 0.756130791015625 0.940740740234375 0.780653951171875 0.917037037109375
0 0 0.9918518515625 0.0376021796875 0.9918518515625 0.081471388671875 0.9881481484375 0.121798365234375 0.961481482421875 0.13787466015625 0.91037037109375 0.140871935546875 0.893333333984375 0.156130791015625 0.872592591796875 0.168664849609375 0.8755555546875 0.171389646484375 0.887407408203125 0.182288828125 0.90962962890625 0.192098091796875 0.90962962890625 0.259128064453125 0.854814814453125 0.2978201640625 0.838518517578125 0.32724795703125 0.81037037109375 0.3425068125 0.8044444453125 0.35558583203125 0.792592591796875 0.376839236328125 0.758518517578125 0.412261580078125 0.73777777734375 0.424795640625 0.7244444453125 0.43787466015625 0.7244444453125 0.459128064453125 0.74962962890625 0.46212533984375 0.737037037109375 0.462942779296875 0.703703703125 0.48692098046875 0.70222222265625 0.49400544921875 0.7081481484375 0.513623978515625 0.703703703125 0.51662125390625 0.698518517578125 0.517983650390625 0.682962962890625 0.547411443359375 0.66962962890625 0.5659400546875 0.647407408203125 0.582833787109375 0.64 0.592643052734375 0.620740740234375 0.6013623984375 0.619259259765625 0.603542234375 0.607407408203125 0.616076294921875 0.613333333984375 0.6269754765625 0.608888888671875 0.64332425 0.591111111328125 0.661852861328125 0.57777777734375 0.672207083984375 0.576296296875 0.681471388671875 0.562962962890625 0.69891008203125 0.561481482421875 0.701634876953125 0.55407407421875 0.71035422265625 0.55407407421875 0.713623978515625 0.543703703125 0.73542234375 0.5318518515625 0.74959128125 0.512592591796875 0.76920980859375 0.511111111328125 0.79972751953125 0.4918518515625 0.81171662109375 0.4755555546875 0.814713896484375 0.46592592578125 0.822888283203125 0.377037037109375 0.81171662109375 0.36 0.78610354296875 0.34222222265625 0.780653951171875 0.322962962890625 0.778474115234375 0.3318518515625 0.775204359375 0.3318518515625 0.7730245234375 0.312592591796875 0.76920980859375 0.317037037109375 0.76212533984375 0.312592591796875 0.738147138671875 0.2844444453125 0.734604904296875 0.268888888671875 0.7340599453125 0.24962962890625 0.73160762890625 0.2444444453125 0.7291553125 0.246666666015625 0.7269754765625 0.274814814453125 0.7291553125 0.2881481484375 0.721798365234375 0.294814814453125 0.7198910078125 0.2644444453125 0.71389645703125 0.258518517578125 0.714441416015625 0.234814814453125 0.71035422265625 0.22962962890625 0.707356947265625 0.233333333984375 0.7084468671875 0.2481481484375 0.70599455078125 0.263703703125 0.698365123046875 0.238518517578125 0.69291553125 0.2444444453125 0.631880109375 0.19407407421875 0.596457765625 0.1718518515625 0.5702997265625 0.14962962890625 0.54141689453125 0.1155555546875 0.5376021796875 0.121481482421875 0.52724795703125 0.100740740234375 0.482016349609375 0.081481482421875 0.459128064453125 0.078518517578125 0.45149863671875 0.087407408203125 0.416076294921875 0.09777777734375 0.3915531328125 0.11407407421875 0.389100818359375 0.123703703125 0.389100818359375 0.160740740234375 0.408719345703125 0.212592591796875 0.401907357421875 0.223703703125 0.3844686640625 0.216296296875 0.350136240234375 0.22962962890625 0.3234332421875 0.2281481484375 0.309809263671875 0.21037037109375 0.306267029296875 0.21407407421875 0.307356947265625 0.2244444453125 0.302724794921875 0.22962962890625 0.28256130859375 0.21777777734375 0.279564033203125 0.2244444453125 0.27874659375 0.25037037109375 0.266757494140625 0.259259259765625 0.252588556640625 0.237037037109375 0.2482288828125 0.219259259765625 0.235694822265625 0.202962962890625 0.232697546875 0.188888888671875 0.225340599609375 0.173333333984375 0.216076294921875 0.157037037109375 0.21171662109375 0.161481482421875 0.2084468671875 0.1555555546875 0.202997275390625 0.161481482421875 0.17193460546875 0.16592592578125 0.059128064453125 0.202962962890625 0.031335150390625 0.20592592578125 0.0013623984375 0.219259259765625 0 0.3118518515625 0.01171662109375 0.321481482421875 0.0411444140625 0.311111111328125 0.04359673046875 0.307407408203125 0.04713896484375 0.281481482421875 0.05422343359375 0.277037037109375 0.077111716796875 0.271111111328125 0.086376021484375 0.26222222265625 0.1021798359375 0.26222222265625 0.10708446875 0.254814814453125 0.146321525390625 0.2518518515625 0.15667575 0.26962962890625 0.179564033203125 0.260740740234375 0.191008173828125 0.26962962890625 0.207356947265625 0.31407407421875 0.21662125390625 0.32592592578125 0.2198910078125 0.336296296875 0.227520435546875 0.336296296875 0.23160762890625 0.348888888671875 0.232697546875 0.36222222265625 0.232152587890625 0.38592592578125 0.225340599609375 0.397037037109375 0.200817439453125 0.41777777734375 0.183923705078125 0.420740740234375 0.173569482421875 0.438518517578125 0.1446866484375 0.4355555546875 0.114713896484375 0.456296296875 0.059128064453125 0.472592591796875 0.055858310546875 0.482962962890625 0.045504087890625 0.48 0.016076294921875 0.488888888671875 0.007629427734375 0.480740740234375 0.007629427734375 0.47037037109375 0.010899181640625 0.461481482421875 0.009809263671875 0.396296296875 0.004087193359375 0.37037037109375 0 0.371111111328125 0 0.9918518515625
0 0.976839236328125 0.425185185546875 0.9730245234375 0.426666666015625 0.958310626953125 0.413333333984375 0.95286103515625 0.4 0.94141689453125 0.4 0.9305177109375 0.38962962890625 0.925068119140625 0.391111111328125 0.921798365234375 0.407407408203125 0.919346048828125 0.396296296875 0.921525884765625 0.3844444453125 0.92016348828125 0.38222222265625 0.850953677734375 0.327407408203125 0.84495912890625 0.327407408203125 0.839782015625 0.341481482421875 0.839237056640625 0.3681481484375 0.842779291015625 0.383703703125 0.850953677734375 0.385185185546875 0.8623978203125 0.398518517578125 0.874386921875 0.402962962890625 0.91035422265625 0.432592591796875 0.917983650390625 0.419259259765625 0.920435966796875 0.4244444453125 0.91880108984375 0.43777777734375 0.9234332421875 0.447407408203125 0.933787466796875 0.459259259765625 0.941961853515625 0.45777777734375 0.9694822890625 0.48222222265625 0.971662125 0.47777777734375 0.973297001953125 0.4481481484375 0.978201634765625 0.43777777734375 0.976839236328125 0.425185185546875
0 0.819346048828125 0.30222222265625 0.788828337890625 0.277037037109375 0.7773841953125 0.277037037109375 0.774659400390625 0.26962962890625 0.733242505859375 0.2355555546875 0.72942779296875 0.248888888671875 0.725613078125 0.2518518515625 0.725613078125 0.232592591796875 0.585558583984375 0.122962962890625 0.57792915625 0.121481482421875 0.575749318359375 0.1155555546875 0.54850136328125 0.105185185546875 0.543869208984375 0.116296296875 0.563215259765625 0.140740740234375 0.586648501953125 0.161481482421875 0.631880109375 0.191111111328125 0.69182561328125 0.24 0.70708446875 0.272592591796875 0.713623978515625 0.278518517578125 0.72016348828125 0.2755555546875 0.72234332421875 0.29037037109375 0.7269754765625 0.2881481484375 0.72588555859375 0.27037037109375 0.721798365234375 0.272592591796875 0.721525884765625 0.261481482421875 0.72942779296875 0.263703703125 0.73297002734375 0.27777777734375 0.730245232421875 0.28962962890625 0.733242505859375 0.294814814453125 0.738147138671875 0.282962962890625 0.768664849609375 0.3155555546875 0.773569482421875 0.3155555546875 0.776839236328125 0.33037037109375 0.780653951171875 0.3244444453125 0.781743869140625 0.3318518515625 0.82125340625 0.36222222265625 0.826702998046875 0.3518518515625 0.8305177109375 0.319259259765625 0.82806539453125 0.311111111328125 0.819346048828125 0.30222222265625