1 0.75390625 0.26953125 0.109375 0.138671875
1 0.16015625 0.234375 0.115234375 0.126953125
1 0.162109375 0.677734375 0.099609375 0.115234375
1 0.1201171875 0.5654296875 0.12890625 0.16796875
1 0.986328125 0.298828125 0.02734375 0.16015625
1 0.6953125 0.5029296875 0.095703125 0.140625
1 0.8916015625 0.38671875 0.12890625 0.150390625
1 0.61328125 0.3701171875 0.09375 0.1015625
1 0.2568359375 0.775390625 0.12890625 0.15625
1 0.3095703125 0.8525390625 0.1171875 0.154296875
1 0.427734375 0.9599609375 0.1171875 0.080078125
1 0.8271484375 0.685546875 0.095703125 0.1171875
1 0.48828125 0.2333984375 0.0859375 0.087890625
1 0.408203125 0.29296875 0.072265625 0.087890625
1 0.470703125 0.3505859375 0.09375 0.11328125
1 0.8271484375 0.9462890625 0.095703125 0.107421875
1 0.3251953125 0.384765625 0.0859375 0.095703125
0 0.304903126953125 0.730160947265625 0.31379474609375 0.685590068359375 0.30425247265625 0.67295605078125 0.298264775390625 0.679154296875 0.28406939453125 0.678819634765625 0.2762546953125 0.70507208203125 0.277292708984375 0.709817390625 0.28714884765625 0.713556658203125 0.29429690625 0.728157447265625 0.3010130703125 0.733036619140625 0.304903126953125 0.730160947265625
0 0.18611625 0.192287455078125 0.194040330078125 0.1897766484375 0.192269525390625 0.17651655859375 0.197135767578125 0.126455541015625 0.20521678125 0.119497357421875 0.205997125 0.099823125 0.200916447265625 0.0998382265625 0.193869123046875 0.114104353515625 0.184148302734375 0.1187308984375 0.176206931640625 0.131492255859375 0.1623872421875 0.1741935 0.16162419140625 0.183617181640625 0.16625136328125 0.18669365234375 0.18611625 0.192287455078125
0 0.491125712890625 0.977202189453125 0.4962020703125 0.979749724609375 0.50742737890625 0.969089001953125 0.50999149609375 0.9549869453125 0.500606158203125 0.937905552734375 0.506327541015625 0.912413041015625 0.504692056640625 0.907518767578125 0.49184423046875 0.905597302734375 0.48946730859375 0.897313521484375 0.475708142578125 0.90413783984375 0.4719577265625 0.912816689453125 0.471042064453125 0.924125107421875 0.4626515078125 0.937415400390625 0.46054522265625 0.94586325 0.46545167578125 0.960546072265625 0.485290626953125 0.98151569921875 0.491125712890625 0.977202189453125
0 0.669869900390625 0.696817181640625 0.677981173828125 0.671920537109375 0.676206046875 0.6612230859375 0.6780157578125 0.65141943359375 0.68610541796875 0.639335978515625 0.681486890625 0.631134234375 0.66670268359375 0.625525330078125 0.672118845703125 0.603802291015625 0.674704576171875 0.576887044921875 0.666793466796875 0.571709939453125 0.661983421875 0.58845666796875 0.649397587890625 0.608392107421875 0.644910060546875 0.6111188125 0.64593942578125 0.620989396484375 0.633689072265625 0.6192168984375 0.637325783203125 0.589359046875 0.6247831796875 0.583668109375 0.623609849609375 0.57055698828125 0.614359830078125 0.56184141015625 0.614228833984375 0.550912958984375 0.6358978046875 0.4614581640625 0.63428393359375 0.443750703125 0.624720048828125 0.443929873046875 0.61887631640625 0.453368658203125 0.613765375 0.471322224609375 0.5986629765625 0.47717070703125 0.59221744921875 0.489023162109375 0.5807790078125 0.537445548828125 0.592571529296875 0.544872255859375 0.590591916015625 0.566811193359375 0.596244130859375 0.5823208828125 0.596078548828125 0.591893533203125 0.611273037109375 0.6200372421875 0.612708357421875 0.655005265625 0.6186744375 0.661620208984375 0.635739158203125 0.64408333984375 0.64350198046875 0.64858254296875 0.648107537109375 0.664472203125 0.650005013671875 0.69122337890625 0.6608991640625 0.69970795703125 0.669869900390625 0.696817181640625
0 0.262938681640625 0.89210790234375 0.25757439453125 0.883079287109375 0.252192818359375 0.8843012265625 0.238495478515625 0.9430561953125 0.235355505859375 0.944196099609375 0.241826970703125 0.916967818359375 0.243823876953125 0.884778330078125 0.233086658203125 0.87184637890625 0.218442091796875 0.87204065234375 0.21232772265625 0.86474780859375 0.21383653515625 0.8561509921875 0.225214455078125 0.843605533203125 0.225074814453125 0.837802359375 0.1970152109375 0.817987736328125 0.19914743359375 0.7941640625 0.195104765625 0.79892447265625 0.19118876953125 0.817175970703125 0.187743576171875 0.822085345703125 0.1623445 0.81959821875 0.150966578125 0.832143677734375 0.144690955078125 0.83186084765625 0.140373326171875 0.822452265625 0.148475955078125 0.802680896484375 0.157603626953125 0.79534274609375 0.16896425390625 0.79304783984375 0.13701026953125 0.77867152734375 0.14197724609375 0.757477421875 0.144863876953125 0.72935533984375 0.14278352734375 0.72242736328125 0.13411801171875 0.721548666015625 0.11802083203125 0.697025462890625 0.114431671875 0.69869430078125 0.116363734375 0.704944376953125 0.113952224609375 0.71716169921875 0.100136861328125 0.7573003046875 0.0906996484375 0.77097056640625 0.07455058984375 0.777199015625 0.069007755859375 0.78543096484375 0.0629854765625 0.8121303125 0.067900578125 0.821687859375 0.0677393203125 0.82869787109375 0.06503123828125 0.839559390625 0.0557423125 0.85390755078125 0.05483097265625 0.862653333984375 0.048843275390625 0.868851580078125 0.04822851171875 0.878953162109375 0.059393298828125 0.9041693671875 0.062278921875 0.906170693359375 0.11912199609375 0.92034326171875 0.149405892578125 0.871492146484375 0.18436020703125 0.878925376953125 0.19223241015625 0.907166220703125 0.191299455078125 0.92872519140625 0.187820619140625 0.937471751953125 0.252076095703125 0.953492443359375 0.25192780859375 0.952814541015625 0.255538583984375 0.938332515625 0.265874166015625 0.92360438671875 0.275298412109375 0.917622041015625 0.277866853515625 0.900957345703125 0.262938681640625 0.89210790234375
0 0.70660016015625 0.182977103515625 0.700634080078125 0.17636216015625 0.70485097265625 0.156903826171875 0.701749904296875 0.134979990234375 0.692448009765625 0.157016064453125 0.68528266015625 0.152665826171875 0.685164634765625 0.134049462890625 0.6880166796875 0.126428482421875 0.698635869140625 0.120744068359375 0.707357583984375 0.0883084765625 0.715455890625 0.071099744140625 0.7159223671875 0.060320259765625 0.707291435546875 0.0389404609375 0.672590462890625 0.05848940625 0.661059931640625 0.0729196015625 0.65296162890625 0.090128333984375 0.657279255859375 0.0995369140625 0.673105798828125 0.10732848828125 0.678055482421875 0.096384935546875 0.686284783203125 0.090104654296875 0.694627787109375 0.105003376953125 0.694169955078125 0.1106575859375 0.6857923671875 0.116259966796875 0.6848723828125 0.1301310234375 0.668706033203125 0.1466100234375 0.66928621484375 0.157009541015625 0.70121426171875 0.1867616796875 0.70660016015625 0.182977103515625
0 1 0.326171369140625 0.983850431640625 0.327092037109375 0.975865828125 0.365479771484375 0.976136466796875 0.382211400390625 0.970711658203125 0.40905971484375 0.9769959296875 0.40421726953125 0.983920904296875 0.373897416015625 0.98975598828125 0.36958390625 1 0.3739187109375 1 0.351455689453125 0.998752666015625 0.351317306640625 1 0.334207685546875 1 0.326171369140625
0 0.950602072265625 0.371358458984375 0.963340517578125 0.349538283203125 0.98370214453125 0.32641413671875 0.989126951171875 0.299565822265625 0.981237455078125 0.28157552734375 0.95492271875 0.2903968203125 0.943544798828125 0.302942279296875 0.929384 0.282106515625 0.938088423828125 0.2599214765625 0.934215658203125 0.25254659765625 0.934084662109375 0.241618146484375 0.91974099609375 0.240605583984375 0.9161648046875 0.2345865078125 0.89585073046875 0.229521640625 0.892409859375 0.231868380859375 0.88715927734375 0.24401876953125 0.882676068359375 0.244182837890625 0.882401111328125 0.23001384765625 0.880613015625 0.22700430859375 0.874032169921875 0.230490951171875 0.868672205078125 0.21889969921875 0.853111978515625 0.230402392578125 0.85117991796875 0.22415231640625 0.854075193359375 0.190904958984375 0.834349947265625 0.191114333984375 0.824616158203125 0.203428791015625 0.817385962890625 0.2375181171875 0.80808406640625 0.259554193359375 0.79965892578125 0.293345583984375 0.800090818359375 0.303067201171875 0.814595744140625 0.297069751953125 0.82029551171875 0.284390427734375 0.820011904296875 0.27534671484375 0.824813302734375 0.263725259765625 0.82855939453125 0.257609046875 0.833339177734375 0.25880078125 0.83616528515625 0.266555626953125 0.83404170703125 0.28525402734375 0.83746096484375 0.295720474609375 0.84941041796875 0.29869980859375 0.85465235546875 0.291674693359375 0.857957908203125 0.280962142578125 0.863792994140625 0.2766486328125 0.87897451171875 0.31248025390625 0.881033244140625 0.33222141796875 0.90139487109375 0.3090972734375 0.90826796875 0.3095290703125 0.913183068359375 0.319086619140625 0.91090255859375 0.342232390625 0.939987205078125 0.374480234375 0.950602072265625 0.371358458984375
0 0.762801095703125 0.43990161328125 0.7698268046875 0.438448673828125 0.76775078125 0.428958060546875 0.772984072265625 0.427058220703125 0.783472265625 0.41044535546875 0.80397353515625 0.393124384765625 0.799406884765625 0.35417098828125 0.79150009765625 0.346431244140625 0.79539880078125 0.338430296875 0.792746919921875 0.31597752734375 0.797552640625 0.30179343359375 0.79621373046875 0.2982549609375 0.786641197265625 0.303559408203125 0.76178339453125 0.33453553515625 0.748058814453125 0.320858751953125 0.7374439453125 0.323980529296875 0.750871953125 0.336301509765625 0.742180498046875 0.350798638671875 0.742621037109375 0.35539498046875 0.759345951171875 0.362128685546875 0.7705150625 0.38478225 0.76898895703125 0.403629615234375 0.75998363671875 0.427021494140625 0.76325460546875 0.436810041015625 0.756067640625 0.445272990234375 0.758448884765625 0.4509941328125 0.762801095703125 0.43990161328125
0 0.7197744140625 0.434301287109375 0.72442319921875 0.424564568359375 0.730436833984375 0.402990498046875 0.733039857421875 0.36582469921875 0.7186918671875 0.367374775390625 0.7118014765625 0.37719352734375 0.70283073828125 0.380084302734375 0.69835185546875 0.377685734375 0.69657240625 0.369550919921875 0.682076126953125 0.370423095703125 0.67322773828125 0.38936759765625 0.67590555859375 0.396444541015625 0.68995265234375 0.39610130078125 0.70486785546875 0.412638658203125 0.706198119140625 0.421302404296875 0.702870951171875 0.444828146484375 0.7197744140625 0.434301287109375