1 0.6953125 0.8857421875 0.15234375 0.228515625
1 0.34375 0.9296875 0.138671875 0.130859375
1 0.0732421875 0.1123046875 0.119140625 0.224609375
1 0.091796875 0.3271484375 0.115234375 0.107421875
1 0.4404296875 0.2939453125 0.06640625 0.130859375
1 0.216796875 0.337890625 0.072265625 0.099609375
1 0.46875 0.595703125 0.17578125 0.37890625
1 0.3173828125 0.31640625 0.083984375 0.12890625
1 0.19140625 0.5546875 0.08203125 0.130859375
1 0.6162109375 0.236328125 0.087890625 0.142578125
1 0.666015625 0.4462890625 0.166015625 0.1796875
1 0.3984375 0.0869140625 0.2421875 0.173828125
1 0.6875 0.66796875 0.16015625 0.259765625
1 0.92578125 0.923828125 0.11328125 0.15234375
1 0.7978515625 0.8916015625 0.146484375 0.216796875
1 0.97265625 0.05078125 0.0546875 0.05859375
1 0.83984375 0.578125 0.3203125 0.3828125
1 0.0390625 0.5869140625 0.078125 0.138671875
1 0.69140625 0.2412109375 0.068359375 0.08203125
1 0.6806640625 0.1806640625 0.052734375 0.060546875
1 0.5322265625 0.169921875 0.037109375 0.056640625
1 0.580078125 0.154296875 0.068359375 0.08203125
1 0.3271484375 0.525390625 0.095703125 0.134765625
1 0.9169921875 0.79296875 0.123046875 0.150390625
1 0.7041015625 0.1435546875 0.0703125 0.080078125
1 0.5400390625 0.2685546875 0.05859375 0.068359375
1 0.35546875 0.216796875 0.05859375 0.07421875
1 0.2939453125 0.2099609375 0.037109375 0.056640625
0 0.5882869296875 0.753155927734375 0.5896575546875 0.715736765625 0.603958783203125 0.701973619140625 0.598619560546875 0.679924837890625 0.603689376953125 0.662049732421875 0.6032802109375 0.652957888671875 0.57894919140625 0.6553109140625 0.572778296875 0.6434983359375 0.575346494140625 0.617026416015625 0.579584640625 0.609387513671875 0.5886696875 0.605026091796875 0.58884933984375 0.59596510546875 0.57391940625 0.58792633984375 0.57238584765625 0.57212394140625 0.568327353515625 0.570701857421875 0.573017923828125 0.560063197265625 0.57273517578125 0.548559203125 0.545649705078125 0.54713971484375 0.5390263828125 0.538326892578125 0.53662126171875 0.510989640625 0.530839583984375 0.497383380859375 0.531042552734375 0.465345263671875 0.521222328125 0.461202447265625 0.514239705078125 0.470511599609375 0.504692255859375 0.47243001171875 0.4905840234375 0.44871228125 0.492653162109375 0.471194376953125 0.496921224609375 0.479883763671875 0.500766779296875 0.507901201171875 0.50556044921875 0.517827521484375 0.517499677734375 0.571666251953125 0.53988783203125 0.65144971484375 0.54398621875 0.6746428515625 0.538683517578125 0.708227783203125 0.552256169921875 0.725265818359375 0.55759876171875 0.713451943359375 0.577408890625 0.707233826171875 0.586796634765625 0.725261927734375 0.583998921875 0.733581013671875 0.583050806640625 0.751672126953125 0.586330865234375 0.756681576171875 0.5882869296875 0.753155927734375
0 0.523857525390625 0.0785696015625 0.52833516015625 0.09452629296875 0.5254309765625 0.116143056640625 0.527007798828125 0.11985385546875 0.545650267578125 0.119016783203125 0.55054043359375 0.110202666015625 0.553517796875 0.09282259375 0.56777576171875 0.091151048828125 0.581780896484375 0.09430380078125 0.581168765625 0.1172500703125 0.59229303515625 0.119042453125 0.596584416015625 0.104754712890625 0.600200455078125 0.11461931640625 0.60444857421875 0.112423177734375 0.61045316015625 0.1048768515625 0.61181044140625 0.09587758203125 0.62219953515625 0.089165728515625 0.634335126953125 0.071660923828125 0.645858587890625 0.077102390625 0.650399427734375 0.091853009765625 0.662511703125 0.097325333984375 0.667534888671875 0.125404486328125 0.67837640625 0.11569287890625 0.6812905625 0.099518880859375 0.709680076171875 0.0985879375 0.71434733203125 0.11092640625 0.71774383203125 0.108080943359375 0.722624025390625 0.093824060546875 0.709430619140625 0.069549578125 0.698096779296875 0.060489888671875 0.69559516015625 0.051893076171875 0.688319818359375 0.044255470703125 0.684198115234375 0.0440394609375 0.679530861328125 0.031700990234375 0.66859621484375 0.0262903828125 0.665169794921875 0.012807556640625 0.660712111328125 0.007736392578125 0.633573111328125 0.00631409765625 0.631607365234375 0.011048625 0.622838353515625 0.009379671875 0.605383484375 0.01572122265625 0.599222564453125 0.009351408203125 0.59776248046875 0.004437341796875 0.56221764453125 0.002574515625 0.567120509765625 0.0191581875 0.566089240234375 0.027569849609375 0.555194486328125 0.043930294921875 0.55116591015625 0.058836501953125 0.52539445703125 0.060509345703125 0.523857525390625 0.0785696015625
0 1 0.058248052734375 0.9965858828125 0.054364076171875 0.974779798828125 0.04233678515625 0.957937060546875 0.025732064453125 0.8888128671875 0.03783144921875 0.860486560546875 0.037556318359375 0.855586421875 0.040927671875 0.8521366875 0.050421974609375 0.85028708984375 0.0406499453125 0.815547029296875 0.038829296875 0.79758987109375 0.02095678515625 0.793980478515625 0.01472069140625 0.7520961328125 0.012525625 0.749706267578125 0.02207547265625 0.7489557890625 0.012361046875 0.686481408203125 0.009086904296875 0.686230734375 0.010887845703125 0.689520763671875 0.02134005859375 0.70079139453125 0.031605822265625 0.713682107421875 0.03349078125 0.717254884765625 0.05544698828125 0.728462306640625 0.066918826171875 0.7302486953125 0.0778969296875 0.74061447265625 0.094162205078125 0.7616321484375 0.104334095703125 0.760158427734375 0.121188279296875 0.757161119140625 0.12768282421875 0.744217171875 0.132446703125 0.74051460546875 0.146765302734375 0.736998291015625 0.191328333984375 0.729080900390625 0.19030870703125 0.72471633984375 0.200359759765625 0.72486269921875 0.208833138671875 0.75353159375 0.253268845703125 0.766023115234375 0.251504724609375 0.77348808203125 0.255524109375 0.77993175390625 0.273397916015625 0.779120025390625 0.294519646484375 0.765976482421875 0.297458984375 0.75733388671875 0.2933778828125 0.747536978515625 0.2662579375 0.74465611328125 0.2648975703125 0.732982919921875 0.284845380859375 0.72434032421875 0.280764283203125 0.72013546875 0.2708688203125 0.7105248125 0.273993306640625 0.708871439453125 0.299908474609375 0.698156333984375 0.307207935546875 0.689786513671875 0.30918806640625 0.682973572265625 0.303993466796875 0.666573287109375 0.2789462265625 0.659717080078125 0.285843228515625 0.639381345703125 0.2908244140625 0.63418511328125 0.31111166796875 0.625878501953125 0.31188572265625 0.61616474609375 0.29444523046875 0.607122958984375 0.286715048828125 0.603633333984375 0.274438296875 0.598743166015625 0.283252416015625 0.599687912109375 0.29902395703125 0.603367158203125 0.307682486328125 0.60089545703125 0.31541396484375 0.594009333984375 0.30598267578125 0.593633458984375 0.279356466796875 0.591205021484375 0.274996341796875 0.5889329140625 0.284552361328125 0.575978994140625 0.2838734765625 0.57057319140625 0.29689342578125 0.558670486328125 0.29868840625 0.554957947265625 0.3075642421875 0.55905633203125 0.33075737890625 0.55200053125 0.335829841796875 0.540287447265625 0.33400659765625 0.53271601171875 0.343284890625 0.527972205078125 0.360572388671875 0.526508455078125 0.382869333984375 0.526375439453125 0.3459760625 0.524535814453125 0.341646798828125 0.521664921875 0.3457291953125 0.5227992890625 0.357882513671875 0.520600365234375 0.37167522265625 0.49025478125 0.376131810546875 0.486828365234375 0.362648986328125 0.477324177734375 0.352475796875 0.476915013671875 0.343383951171875 0.470617703125 0.3339835234375 0.467051525390625 0.351332736328125 0.4729596171875 0.362526849609375 0.472726732421875 0.378236673828125 0.462011626953125 0.3855361328125 0.445335197265625 0.388290318359375 0.44180230859375 0.38810516796875 0.435032626953125 0.370818966796875 0.42215188671875 0.37437676953125 0.410844736328125 0.308477294921875 0.411583283203125 0.283118876953125 0.4069459453125 0.287108697265625 0.40353947265625 0.2845113984375 0.3991350234375 0.272791396484375 0.396214267578125 0.249659974609375 0.391556984375 0.24276426953125 0.35121152734375 0.252139029296875 0.3480345703125 0.267694560546875 0.354717728515625 0.30916396484375 0.354548048828125 0.32366771484375 0.3503830859375 0.335543306640625 0.3500869921875 0.352459205078125 0.344934021484375 0.360654859375 0.342924720703125 0.37082934375 0.323766615234375 0.37587224609375 0.313756767578125 0.37534765234375 0.3100143125 0.367895197265625 0.285746498046875 0.3690421484375 0.273807271484375 0.315203416015625 0.2559532109375 0.317895884765625 0.25360792578125 0.32321521484375 0.25303568359375 0.3679325390625 0.246598615234375 0.389364150390625 0.2453344609375 0.413485638671875 0.24364119921875 0.417629751953125 0.22755358203125 0.420414796875 0.2233154375 0.42805369921875 0.229476359375 0.434423513671875 0.23633916796875 0.4668319296875 0.2494827109375 0.463892595703125 0.2548119609375 0.480498611328125 0.25303540234375 0.581994005859375 0.2544624921875 0.61109408203125 0.2574165390625 0.61669113671875 0.2660391875 0.609886708984375 0.269202802734375 0.6227510703125 0.268560751953125 0.629369048828125 0.25569995703125 0.643812380859375 0.255839576171875 0.7200110703125 0.258740388671875 0.73225696484375 0.2645553515625 0.728328859375 0.2756164140625 0.7313273203125 0.27907612109375 0.72727578125 0.284315615234375 0.69489692578125 0.288816564453125 0.68787648828125 0.28734621484375 0.670868013671875 0.29720969921875 0.66291923046875 0.289957671875 0.632304494140625 0.292336248046875 0.609450798828125 0.28243287109375 0.59562853125 0.28428583984375 0.57153790234375 0.2805433828125 0.564085447265625 0.278427751953125 0.480526875 0.28593598046875 0.472454658203125 0.285789619140625 0.46398127734375 0.290343802734375 0.45031200390625 0.30988115234375 0.43803265625 0.33055287109375 0.437906630859375 0.334012580078125 0.43385508984375 0.33660072265625 0.41826869921875 0.3484103046875 0.40135150390625 0.370133236328125 0.403699341796875 0.37578189453125 0.380412330078125 0.37917839453125 0.377566865234375 0.394025173828125 0.3759261796875 0.395864798828125 0.380255443359375 0.387009263671875 0.402769697265625 0.387734466796875 0.40583116796875 0.401213994140625 0.40774698828125 0.4150528203125 0.391540833984375 0.42152978125 0.39188027734375 0.42783706640625 0.406723470703125 0.44148626953125 0.394135541015625 0.445544765625 0.395557623046875 0.45492253515625 0.4081429609375 0.47672862109375 0.42017025 0.485717171875 0.43454926953125 0.4862627265625 0.44667173046875 0.48829197265625 0.447382771484375 0.488914076171875 0.429879263671875 0.492164216796875 0.418560421875 0.508777439453125 0.417012310546875 0.525603603515625 0.38886884765625 0.534246197265625 0.392949947265625 0.540280705078125 0.401731912109375 0.561794068359375 0.396812443359375 0.566777361328125 0.40312054296875 0.581308103515625 0.4075102265625 0.5883971953125 0.3849033984375 0.6066305 0.374974482421875 0.73806594140625 0.3455811171875 0.7401151328125 0.357177685546875 0.74556082421875 0.3659287890625 0.7458734921875 0.39376107421875 0.750813521484375 0.412160775390625 0.752157458984375 0.4315813984375 0.755700318359375 0.437209310546875 0.76849790625 0.4239720546875 0.770204513671875 0.391408048828125 0.775274330078125 0.373532943359375 0.77609603125 0.3578539765625 0.7634049140625 0.357793556640625 0.761039681640625 0.352227359375 0.763248578125 0.343877416015625 0.776781341796875 0.339144396484375 0.78121908203125 0.33333003515625 0.803720451171875 0.3320905078125 0.820313728515625 0.3196568671875 0.8285571328125 0.320088884765625 0.832858486328125 0.311243908203125 0.8369735859375 0.272154498046875 0.836308220703125 0.30174960546875 0.831321556640625 0.329304166015625 0.838986119140625 0.335148087890625 0.8448942109375 0.346342201171875 0.848942732421875 0.342321521484375 0.852698533203125 0.32135408203125 0.8675453125 0.319713396484375 0.871657041015625 0.314486642578125 0.87650731640625 0.28390146875 0.874305021484375 0.331556833984375 0.8849336015625 0.348440578125 0.89062215234375 0.346924619140625 0.893842373046875 0.319277486328125 0.898080517578125 0.311638583984375 0.90620748046875 0.319925513671875 0.904923380859375 0.333161474609375 0.908569337890625 0.359354369140625 0.91049548828125 0.3395004296875 0.918056951171875 0.324779373046875 0.938392685546875 0.319798189453125 0.942976787109375 0.322457205078125 0.954530166015625 0.344226962890625 0.955568037109375 0.375120720703125 0.9601953984375 0.36568813671875 0.96694513671875 0.372088810546875 0.970308345703125 0.386777708984375 0.982610244140625 0.3886318125 0.998022521484375 0.40999911328125 1 0.419523943359375 1 0.26287961328125 0.99046794140625 0.249964125 0.986156615234375 0.253366337890625 0.983129388671875 0.243532591796875 0.933000369140625 0.197367513671875 0.9300895859375 0.17967885546875 0.93783069921875 0.1558968125 0.944101462890625 0.115106296875 0.9492444609375 0.101467880859375 0.95479662109375 0.09692130859375 1 0.091014240234375 1 0.058248052734375
0 0.076683609375 0.696713955078125 0.08641070703125 0.6857345546875 0.091746701171875 0.634615259765625 0.08200962890625 0.640151896484375 0.075595875 0.63860637890625 0.067961232421875 0.64909074609375 0.0624623046875 0.646988478515625 0.0559387109375 0.692603294921875 0.059681166015625 0.70005575 0.076683609375 0.696713955078125
0 0.149340830078125 0.57776898828125 0.14886185546875 0.530577798828125 0.1460342265625 0.522568595703125 0.12504646875 0.528724994140625 0.121420455078125 0.513417626953125 0.13127396875 0.500026078125 0.14055861328125 0.497489197265625 0.148605794921875 0.46223401953125 0.169257568359375 0.451222462890625 0.171446517578125 0.431986994140625 0.162551091796875 0.432730189453125 0.16092103515625 0.43566823046875 0.163811875 0.442471359375 0.154726826171875 0.446832779296875 0.1496171171875 0.442936830078125 0.1458313984375 0.4475759765625 0.13691602734375 0.437433646484375 0.129870197265625 0.447948873046875 0.12084835546875 0.45110421875 0.116137837890625 0.4508573515625 0.110755353515625 0.440900171875 0.089957220703125 0.443438349609375 0.07603523828125 0.44996505078125 0.03614220703125 0.456340052734375 0.024701900390625 0.4605780390625 0.021115779296875 0.4670417265625 0.023174943359375 0.48408105859375 0.030796244140625 0.5020165859375 0.03735973046875 0.47817282421875 0.055193845703125 0.464594828125 0.07260544921875 0.47034487890625 0.079817587890625 0.47918855859375 0.086610583984375 0.473497630859375 0.09897569140625 0.474145658203125 0.106839849609375 0.481814123046875 0.11014982421875 0.50315186328125 0.108992140625 0.513975671875 0.100535796875 0.540139005859375 0.080239953125 0.566891244140625 0.074644529296875 0.58352941796875 0.076956525390625 0.595744453125 0.08756853125 0.56788001171875 0.091101419921875 0.5680651640625 0.093423388671875 0.585722962890625 0.0982070859375 0.59020651953125 0.108093888671875 0.55928060546875 0.1192813671875 0.559866916015625 0.1222354140625 0.56546397265625 0.121180826171875 0.596852763671875 0.12289403515625 0.603594177734375 0.137152001953125 0.601922630859375 0.14431090234375 0.6174151484375 0.149340830078125 0.57776898828125
0 0 0.866846849609375 0.007522615234375 0.86724109375 0.011391486328125 0.872281400390625 0.021318181640625 0.863126541015625 0.027099859375 0.87673280078125 0.032442451171875 0.86491892578125 0.04182022265625 0.877504263671875 0.035100404296875 0.887431880859375 0.041713751953125 0.890801939453125 0.042249333984375 0.89748163671875 0.02868328125 0.91974901953125 0.031311314453125 0.92593368359375 0.037778302734375 0.92083036328125 0.0407024296875 0.91009912890625 0.049514703125 0.899676478515625 0.073782515625 0.89852952734375 0.07722887890625 0.922897880859375 0.10934090625 0.918533865234375 0.137773681640625 0.905511322265625 0.145175443359375 0.910736779296875 0.157367640625 0.85272048046875 0.153299173828125 0.845855634765625 0.14440374609375 0.846598830078125 0.142101724609375 0.83982655859375 0.1408642578125 0.807108259765625 0.14618690625 0.784408857421875 0.14097409765625 0.759947927734375 0.135601587890625 0.755433513671875 0.115601837890625 0.7652698515625 0.107178783203125 0.7738988203125 0.10516948046875 0.784073306640625 0.09667324609375 0.788465583984375 0.0920259375 0.787012642578125 0.084414609375 0.7745198828125 0.0752131171875 0.786736212890625 0.070805294921875 0.8088788671875 0.04720944921875 0.819736130859375 0.037725208984375 0.82044846875 0.03488760546875 0.806996501953125 0.03057628125 0.81039871484375 0.0215344921875 0.802668533203125 0 0.81347044140625 0 0.866846849609375
0 0.888582228515625 0.8759244765625 0.89111713671875 0.866986923828125 0.882201763671875 0.85684459375 0.882581009765625 0.8496081484375 0.87790378515625 0.831826916015625 0.864550669921875 0.827498947265625 0.861260640625 0.817046736328125 0.861357138671875 0.798306296875 0.857488265625 0.793265990234375 0.85147370703125 0.7953695546875 0.849401197265625 0.806750115234375 0.850555509765625 0.8297889609375 0.853772357421875 0.836004484375 0.85196265234375 0.8480035078125 0.86231845703125 0.858826021484375 0.864504037109375 0.87345320703125 0.86888854296875 0.874287681640625 0.888582228515625 0.8759244765625
0 0.511417787109375 1 0.50414937109375 0.96159855859375 0.50127187890625 0.92637553515625 0.497918640625 0.917129396484375 0.493933326171875 0.91994400390625 0.490882783203125 0.93308738671875 0.484362560546875 0.944839544921875 0.4763686171875 0.97344588671875 0.4661258828125 0.9886311171875 0.46433738671875 0.998817173828125 0.486907044921875 1 0.511417787109375 1
0 0.61738900390625 1 0.641845458984375 0.993002642578125 0.638675244140625 0.940832861328125 0.623582376953125 0.879572533203125 0.61347940234375 0.86392572265625 0.60130391796875 0.85965947265625 0.598306611328125 0.866154017578125 0.597212134765625 0.87577175390625 0.60257130078125 0.9087060625 0.601939224609375 0.9207668046875 0.593755658203125 0.952991369140625 0.58899190625 0.959393337890625 0.55673351953125 0.955283974609375 0.550100224609375 0.941028388671875 0.55052610546875 0.887837685546875 0.543576771484375 0.879612470703125 0.53162083203125 0.8880562890625 0.54059941015625 0.896992544921875 0.5387165234375 0.904754880859375 0.531251556640625 0.900735498046875 0.528969478515625 0.90484875390625 0.534015978515625 0.90995077734375 0.53641112890625 0.931845265625 0.543623265625 0.9406889453125 0.54404240234375 0.9552235546875 0.547721650390625 0.9638820859375 0.55091518359375 0.993074736328125 0.55094990234375 1 0.61738900390625 1
0 0.882433154296875 1 0.8818722421875 0.99832558984375 0.86729163671875 0.96672208984375 0.85383542578125 0.941829140625 0.846307251953125 0.93901583203125 0.805256537109375 0.956214646484375 0.788011236328125 0.9698235 0.780483060546875 0.96701019140625 0.7483277734375 0.98346580859375 0.7409459609375 0.989125876953125 0.738085041015625 0.9986510390625 0.735218001953125 1 0.882433154296875 1
0 1 0.463799421875 0.963012916015625 0.475285310546875 0.963422080078125 0.484377154296875 0.99898564453125 0.532448013671875 1 0.513092958984375 1 0.463799421875