1 0.7509765625 0.5439453125 0.31640625 0.376953125
1 0.607421875 0.375 0.16796875 0.197265625
1 0.2119140625 0.357421875 0.1484375 0.091796875
1 0.0654296875 0.4970703125 0.130859375 0.267578125
1 0.828125 0.3349609375 0.22265625 0.20703125
1 0.93359375 0.447265625 0.1328125 0.23046875
1 0.7119140625 0.228515625 0.10546875 0.10546875
1 0.3466796875 0.2509765625 0.08984375 0.072265625
1 0.5517578125 0.1572265625 0.083984375 0.068359375
1 0.1513671875 0.265625 0.1484375 0.107421875
1 0.0068359375 0.28515625 0.013671875 0.05859375
0 1 0.626471447265625 0.9955002578125 0.622845015625 0.990238587890625 0.614835314453125 0.987805400390625 0.62059566015625 0.990970685546875 0.6349419296875 0.990310884765625 0.64969023046875 0.9827192109375 0.6694484609375 0.9583837109375 0.674452716796875 0.953218322265625 0.680500228515625 0.95456915625 0.73540432421875 0.950750974609375 0.74375673046875 0.9472111015625 0.7337311953125 0.94498392578125 0.68625868359375 0.941818642578125 0.671912416015625 0.937859490234375 0.663154193359375 0.93458084765625 0.66349879296875 0.91413219921875 0.64240635546875 0.9072243046875 0.626618583984375 0.902667123046875 0.606914001953125 0.901708306640625 0.616189123046875 0.905320478515625 0.66106957421875 0.90103833203125 0.667635875 0.9057535625 0.6757030078125 0.9062244296875 0.685439486328125 0.9037912421875 0.69119983203125 0.88495793359375 0.69073280078125 0.875084216796875 0.6966635546875 0.872066802734375 0.7073782890625 0.871465498046875 0.741080755859375 0.86679495703125 0.73606704296875 0.86059155078125 0.70858438671875 0.854319474609375 0.698846017578125 0.851092421875 0.710194408203125 0.842514322265625 0.707426263671875 0.8395793828125 0.716297462890625 0.83368189453125 0.702238359375 0.808851546875 0.71830383984375 0.8020399296875 0.71657327734375 0.790526890625 0.722676333984375 0.77954648828125 0.712821203125 0.73894493359375 0.720758337890625 0.7355769140625 0.714996099609375 0.73145971484375 0.717875328125 0.724431560546875 0.708828048828125 0.7206064765625 0.709230080078125 0.718637255859375 0.71677653125 0.71460253125 0.717812220703125 0.713440982421875 0.735671373046875 0.69772826953125 0.74649719140625 0.70003101953125 0.784175791015625 0.697724994140625 0.791146017578125 0.694985890625 0.78348280859375 0.689187955078125 0.73883208984375 0.681658048828125 0.7328956640625 0.6625874921875 0.70126079296875 0.6601953671875 0.65747535546875 0.657284408203125 0.645548849609375 0.662532275390625 0.637657798828125 0.66017466015625 0.633624234375 0.656184626953125 0.637713341796875 0.652479802734375 0.63137487890625 0.650324923828125 0.618757283203125 0.645870923828125 0.621060287109375 0.647166541015625 0.612361388671875 0.643124916015625 0.605446703125 0.643619765625 0.594385478515625 0.640798185546875 0.588565806640625 0.6382549140625 0.5643681953125 0.634385142578125 0.561716810546875 0.62960814453125 0.579344337890625 0.622662462890625 0.568453521484375 0.6262710078125 0.56073476953125 0.6250062734375 0.556586337890625 0.617431677734375 0.547596490234375 0.609908671875 0.549610435546875 0.602918302734375 0.535666201171875 0.5931579453125 0.526906087890625 0.584267025390625 0.502764015625 0.579386845703125 0.4983839609375 0.578751029296875 0.492334556640625 0.542159861328125 0.422785677734375 0.53760958203125 0.411031470703125 0.538231595703125 0.401180126953125 0.535193474609375 0.38804373828125 0.522243849609375 0.385735060546875 0.527364552734375 0.376634130859375 0.527440123046875 0.366840220703125 0.523226646484375 0.355662236328125 0.51885512109375 0.356121701171875 0.50715642578125 0.342060708984375 0.505413921875 0.320225423828125 0.49037808984375 0.287554861328125 0.489766251953125 0.26070775390625 0.486810607421875 0.245727830078125 0.48329144140625 0.259553416015625 0.47054455078125 0.24866070703125 0.458904349609375 0.253553880859375 0.45335056640625 0.248021375 0.44515395703125 0.248882873046875 0.43554837109375 0.27313413671875 0.421492060546875 0.255039576171875 0.40943258203125 0.261200064453125 0.403205193359375 0.254515111328125 0.39316652734375 0.264132943359375 0.38952019921875 0.276748646484375 0.375364333984375 0.289245705078125 0.33283134375 0.29983233203125 0.3125236640625 0.295850525390625 0.301484767578125 0.26704123046875 0.30037808203125 0.25125534765625 0.29507172265625 0.24019223046875 0.289652005859375 0.24381998046875 0.293401517578125 0.253211859375 0.28920184375 0.257934625 0.27978519140625 0.257701109375 0.274269193359375 0.247271650390625 0.264065576171875 0.260576552734375 0.259147611328125 0.261093453125 0.2526419140625 0.272786443359375 0.247215294921875 0.268463818359375 0.236540810546875 0.272032244140625 0.234032052734375 0.287586501953125 0.235049361328125 0.297265548828125 0.232533697265625 0.304869431640625 0.246493728515625 0.30890678125 0.252504576171875 0.308275015625 0.255274564453125 0.30309089453125 0.259608302734375 0.3075283828125 0.2768022890625 0.30816771484375 0.286277435546875 0.327355396484375 0.28817798828125 0.337553232421875 0.296247431640625 0.335481853515625 0.31277471484375 0.342919111328125 0.315998494140625 0.376219546875 0.2968352890625 0.3831266640625 0.292501548828125 0.37868917578125 0.29231951953125 0.411124326171875 0.289212728515625 0.4157322265625 0.276098154296875 0.417110623046875 0.270454994140625 0.405471283203125 0.26566419140625 0.4071980625 0.26187689453125 0.402703138671875 0.25759474609375 0.40926944140625 0.265396412109375 0.486125578125 0.259646796875 0.49712748046875 0.2466728359375 0.418368478515625 0.238761439453125 0.40880241015625 0.223550478515625 0.416517376953125 0.231221353515625 0.43956443359375 0.242926953125 0.46157580078125 0.21619640625 0.56469147265625 0.190575818359375 0.638944201171875 0.1719350703125 0.66659158984375 0.165810865234375 0.681914224609375 0.152366390625 0.690666771484375 0.1513251015625 0.7017854296875 0.14460286328125 0.706161703125 0.135200013671875 0.721828935546875 0.10439660546875 0.7336292265625 0.103901755859375 0.744690453125 0.09406582421875 0.745724251953125 0.091601751953125 0.76433192578125 0.07911609375 0.763809353515625 0.082040857421875 0.791636607421875 0.090340646484375 0.8127826953125 0.09443386328125 0.830701169921875 0.10238994921875 0.84332066015625 0.106661921875 0.87345280859375 0.0991905078125 0.886470548828125 0.094980658203125 0.927891765625 0.088131255859375 0.931058158203125 0.083773537109375 0.94741837109375 0.078525671875 0.955309421875 0.06730474609375 0.958935279296875 0.063905841796875 0.96602037109375 0.06644608203125 1 0.526203892578125 1 0.566483232421875 0.995766470703125 0.5581802578125 0.911623544921875 0.5719993203125 0.898550265625 0.578645986328125 0.903967904296875 0.59024840234375 0.9039716875 0.5938260625 0.909100265625 0.603591166015625 0.99186626953125 1 0.9502020234375 1 0.626471447265625
0 0.56195490625 0.272080736328125 0.56685906640625 0.25566308984375 0.5765162421875 0.242415619140625 0.57852325 0.229972212890625 0.59074077734375 0.21217427734375 0.590397072265625 0.2036476796875 0.584709224609375 0.188954919921875 0.5702852265625 0.18313146484375 0.535402404296875 0.192914029296875 0.522294734375 0.202242798828125 0.52318487890625 0.21071196484375 0.52995870703125 0.217339482421875 0.5302784296875 0.24666378515625 0.53440943359375 0.259685306640625 0.54762028515625 0.27236412109375 0.558466625 0.2730589921875 0.56195490625 0.272080736328125