1 0.2412109375 0.6064453125 0.1181640625 0.2119140625
1 0.3046875 0.5947265625 0.08203125 0.1884765625
1 0.1572265625 0.5419921875 0.0703125 0.1171875
1 0.5673828125 0.47265625 0.078125 0.158203125
1 0.044921875 0.4970703125 0.0888671875 0.1806640625
1 0.0693359375 0.3583984375 0.0966796875 0.1142578125
1 0.41015625 0.4140625 0.05078125 0.09765625
1 0.3857421875 0.2763671875 0.0908203125 0.1103515625
1 0.5322265625 0.310546875 0.0634765625 0.10546875
1 0.8857421875 0.3154296875 0.0791015625 0.091796875
1 0.185546875 0.298828125 0.046875 0.0517578125
1 0.2783203125 0.365234375 0.10546875 0.1015625
1 0.1328125 0.3115234375 0.05078125 0.0537109375
1 0.869140625 0.41015625 0.07421875 0.1015625
0 0.796636888671875 0.978260869140625 0.797687861328125 0.934782609375 0.80557015234375 0.9057971015625 0.805044666015625 0.899209486328125 0.800052548828125 0.885375494140625 0.78849185546875 0.87878787890625 0.782974251953125 0.86758893359375 0.772990015625 0.805665349609375 0.764844982421875 0.7852437421875 0.756699947265625 0.776679841796875 0.75512348828125 0.737154150390625 0.753284287109375 0.7325428203125 0.749605884765625 0.733860341796875 0.749343142578125 0.764822134765625 0.75354703125 0.787220025390625 0.74986862890625 0.828063240234375 0.7561744609375 0.86495388671875 0.76300578125 0.886034255859375 0.763531265625 0.911067193359375 0.759327376953125 0.929512515625 0.752758802734375 0.94466403125 0.74540199609375 0.953886693359375 0.742249080078125 0.952569169921875 0.7272727265625 0.904479578125 0.731476615234375 0.855731224609375 0.72595901171875 0.841897232421875 0.72122963671875 0.8392621875 0.71886494921875 0.855731224609375 0.724645296875 0.89525691796875 0.715712033203125 0.965085638671875 0.715712033203125 0.990118576171875 0.717025748046875 0.994729908203125 0.76904887109375 0.997364953125 0.7727272734375 0.98682476953125 0.77640567578125 0.996047431640625 0.780872306640625 0.99670619140625 0.78402522265625 0.994071146484375 0.78849185546875 0.953886693359375 0.79085654296875 0.97299077734375 0.796636888671875 0.978260869140625
0 1 0.611989458984375 0.988702048828125 0.600790513671875 0.961902259765625 0.615283267578125 0.948765107421875 0.616600791015625 0.94088281640625 0.61133069921875 0.9372044140625 0.617918314453125 0.9348397265625 0.611989458984375 0.93589069921875 0.590909091796875 0.924330005859375 0.58036890625 0.922753546875 0.5540184453125 0.936416185546875 0.54216073828125 0.941145560546875 0.51317523046875 0.937729900390625 0.491436099609375 0.91408302734375 0.466403162109375 0.90725170703125 0.47167325390625 0.906200736328125 0.476943345703125 0.901471361328125 0.476943345703125 0.890961638671875 0.459815546875 0.88255386328125 0.466403162109375 0.875197056640625 0.451910408203125 0.854703099609375 0.441370224609375 0.852075669921875 0.4308300390625 0.83946400390625 0.41897233203125 0.828428796875 0.39525691796875 0.823699421875 0.39393939453125 0.819495533203125 0.413702240234375 0.8139779296875 0.384057970703125 0.81502890234375 0.373517787109375 0.813452443359375 0.364295125 0.80793483984375 0.358366271484375 0.80557015234375 0.344532279296875 0.7968996328125 0.330698287109375 0.780609564453125 0.318840580078125 0.776931162109375 0.33465085546875 0.768523384765625 0.33596837890625 0.7485549140625 0.318840580078125 0.74303730859375 0.331357048828125 0.741986337890625 0.368247693359375 0.737256962890625 0.370882740234375 0.737256962890625 0.386693017578125 0.745927482421875 0.39525691796875 0.758013662109375 0.397891962890625 0.759327376953125 0.3932806328125 0.75459800390625 0.374835310546875 0.756437205078125 0.370223978515625 0.772201787109375 0.36758893359375 0.78113505078125 0.379446640625 0.78402522265625 0.35375494140625 0.78638991015625 0.3530961796875 0.78612716796875 0.385375494140625 0.7898055703125 0.39459815625 0.78402522265625 0.40382081640625 0.784550708984375 0.409090908203125 0.79111928515625 0.424242423828125 0.80583289453125 0.438735177734375 0.812138728515625 0.4611330703125 0.81502890234375 0.45783926171875 0.816605359375 0.44466403125 0.816605359375 0.46047430859375 0.812401470703125 0.4762845859375 0.81292695703125 0.492094861328125 0.8187073046875 0.5289855078125 0.823173935546875 0.5428195 0.831581712890625 0.55335968359375 0.83946400390625 0.55204216015625 0.84445612109375 0.5289855078125 0.835260115234375 0.505928853515625 0.830793484375 0.5013175234375 0.82974251171875 0.482872201171875 0.835260115234375 0.47562582421875 0.84314240625 0.478260869140625 0.84918549609375 0.449934123046875 0.854177615234375 0.44400526953125 0.857856017578125 0.44532279296875 0.860220705078125 0.46179183203125 0.87099316796875 0.480895916015625 0.88675775 0.48748353125 0.891749869140625 0.502635046875 0.891487125 0.52964426953125 0.8983184453125 0.530961791015625 0.906200736328125 0.508563900390625 0.91907514453125 0.53030303125 0.918549658203125 0.54347826171875 0.910930111328125 0.55731225390625 0.8983184453125 0.55467720703125 0.896479244140625 0.5513833984375 0.898055701171875 0.53820816796875 0.891487125 0.536231884765625 0.89017341015625 0.54216073828125 0.8959537578125 0.56851119921875 0.8959537578125 0.58036890625 0.8817656328125 0.608036890625 0.8770362578125 0.630434783203125 0.878612716796875 0.64888010546875 0.88255386328125 0.654808958984375 0.886232265625 0.656126482421875 0.8935890703125 0.645586296875 0.897792958984375 0.6469038203125 0.910404625 0.670619236328125 0.918286916015625 0.675889328125 0.922753546875 0.685770751953125 0.922228060546875 0.71607378125 0.910141880859375 0.743741765625 0.910141880859375 0.75823451953125 0.8983184453125 0.8379446640625 0.89464004296875 0.8379446640625 0.894377298828125 0.832015810546875 0.89963216015625 0.804347826171875 0.9012086171875 0.764822134765625 0.8983184453125 0.75889328125 0.88255386328125 0.776021080078125 0.878875458984375 0.77338603515625 0.860746189453125 0.713438734375 0.8528638984375 0.698945982421875 0.852338412109375 0.67391304296875 0.8499737265625 0.66403162109375 0.847346294921875 0.66139657421875 0.844981607421875 0.67654808984375 0.838938517578125 0.683794466796875 0.8310562265625 0.706192357421875 0.822122962890625 0.707509880859375 0.81975827734375 0.7173913046875 0.8234366796875 0.75691699609375 0.834209142578125 0.766798419921875 0.842091435546875 0.790513833984375 0.854703099609375 0.805006587890625 0.8623226484375 0.821475625 0.867577509765625 0.846508564453125 0.874934314453125 0.859683794921875 0.877561744140625 0.8754940703125 0.8765107734375 0.907114625 0.8891224375 0.94532279296875 0.887020494140625 0.97167325390625 0.882291119140625 0.984848484375 0.88281660546875 0.992753623046875 0.896479244140625 0.99802371484375 0.89989490234375 0.994729908203125 0.905149763671875 0.9762845859375 0.9130320546875 0.994729908203125 0.9224908046875 0.994729908203125 0.925643720703125 0.982872201171875 0.929322123046875 0.994729908203125 0.9372044140625 0.994729908203125 0.941408302734375 0.981554677734375 0.945086705078125 0.997364953125 0.94929059375 0.996047431640625 0.954808197265625 0.969038208984375 0.952180767578125 0.924242423828125 0.964266947265625 0.884716732421875 0.98660010546875 0.841897232421875 1 0.843873517578125 1 0.735836626953125 0.996847083984375 0.722661396484375 0.9973725703125 0.708168642578125 1 0.70289855078125 1 0.611989458984375
0 0.364950078125 0.996047431640625 0.36862848046875 0.997364953125 0.431686810546875 0.993412384765625 0.433000525390625 0.982213439453125 0.42879663671875 0.94268774609375 0.435102470703125 0.896574439453125 0.436678927734375 0.855731224609375 0.4442984765625 0.828722001953125 0.4513925390625 0.821475625 0.45507094140625 0.791172595703125 0.46006305859375 0.779973650390625 0.466894376953125 0.774703556640625 0.50630583203125 0.779973650390625 0.51786652734375 0.806324111328125 0.527325275390625 0.806324111328125 0.530740935546875 0.81225296484375 0.533368365234375 0.83596837890625 0.53967419921875 0.843873517578125 0.5386232265625 0.857048748046875 0.541776142578125 0.872859025390625 0.539148712890625 0.886034255859375 0.541776142578125 0.89525691796875 0.54125065625 0.911067193359375 0.531791908203125 0.982213439453125 0.534156595703125 0.993412384765625 0.608250130859375 0.994729908203125 0.610614818359375 0.990118576171875 0.611665791015625 0.963768115234375 0.61692065234375 0.954545455078125 0.620073568359375 0.92028985546875 0.6400420390625 0.871541501953125 0.642143982421875 0.82674571875 0.637414609375 0.791172595703125 0.625591171875 0.76811594140625 0.577246453125 0.747035572265625 0.551497634765625 0.747035572265625 0.5267997890625 0.7325428203125 0.490015763671875 0.733860341796875 0.48423541796875 0.72859025 0.482658958984375 0.71805006640625 0.47950604296875 0.7272727265625 0.471098265625 0.7272727265625 0.4684708359375 0.71805006640625 0.45507094140625 0.698945982421875 0.454545455078125 0.688405796875 0.46032580078125 0.669960474609375 0.460851287109375 0.630434783203125 0.471098265625 0.603425560546875 0.482658958984375 0.602108037109375 0.49632159765625 0.58102766796875 0.50630583203125 0.58234519140625 0.512611666015625 0.590250330078125 0.516552810546875 0.5843214765625 0.51786652734375 0.5678524375 0.519705728515625 0.600131751953125 0.522070416015625 0.603425560546875 0.52548607421875 0.586956521484375 0.529689962890625 0.5816864296875 0.53231739453125 0.557971013671875 0.54361534375 0.5428195 0.547819232421875 0.5428195 0.5557015234375 0.55731225390625 0.56253284375 0.561264822265625 0.57356805078125 0.559947298828125 0.578034681640625 0.5513833984375 0.576983708984375 0.54216073828125 0.56621124609375 0.523056654296875 0.545454544921875 0.46047430859375 0.530740935546875 0.428853755859375 0.529689962890625 0.411725955078125 0.53231739453125 0.391963109375 0.528901734375 0.371541501953125 0.5026274296875 0.36758893359375 0.497898056640625 0.35177865625 0.49054125 0.349143609375 0.4881765625 0.355072462890625 0.486337361328125 0.400527009765625 0.4855491328125 0.361660078125 0.482658958984375 0.347826087890625 0.465843404296875 0.347826087890625 0.46111403125 0.3530961796875 0.459537572265625 0.361001318359375 0.45533368359375 0.347826087890625 0.450867052734375 0.355072462890625 0.449816080078125 0.3656126484375 0.44561219140625 0.373517787109375 0.44561219140625 0.384057970703125 0.441408302734375 0.3932806328125 0.439306357421875 0.4736495390625 0.4419337890625 0.5237154140625 0.43983184375 0.573781291015625 0.436941671875 0.58234519140625 0.434576984375 0.58036890625 0.43352601171875 0.571146244140625 0.4324750390625 0.521080369140625 0.430373095703125 0.51185770703125 0.434576984375 0.497364953125 0.434576984375 0.4486166015625 0.431686810546875 0.428194994140625 0.423279033203125 0.4308300390625 0.40567525 0.451251646484375 0.40436153515625 0.507246376953125 0.3959537578125 0.49802371484375 0.38307934765625 0.521080369140625 0.382028376953125 0.531620552734375 0.38518129296875 0.54347826171875 0.38255386328125 0.548748353515625 0.380977404296875 0.573781291015625 0.370467681640625 0.6106719375 0.37309511328125 0.61989459765625 0.362848134765625 0.627140974609375 0.349710982421875 0.669301712890625 0.3286915390625 0.66534914453125 0.325538623046875 0.66007905078125 0.302417236328125 0.66403162109375 0.2656332109375 0.66007905078125 0.257750919921875 0.670619236328125 0.24251182421875 0.706192357421875 0.1957435625 0.6996047421875 0.188912244140625 0.71673254296875 0.184445611328125 0.712121212890625 0.183920126953125 0.698945982421875 0.181029953125 0.693017126953125 0.17262217578125 0.693017126953125 0.17052023046875 0.6996047421875 0.1547556484375 0.711462451171875 0.151339990234375 0.72661396484375 0.15685759375 0.750988142578125 0.169469259765625 0.7575757578125 0.170782974609375 0.775362318359375 0.16316342578125 0.78392621875 0.153967419921875 0.804347826171875 0.15107724609375 0.818181818359375 0.1400420390625 0.8353096171875 0.13163426171875 0.856389986328125 0.113767734375 0.884057970703125 0.1087756171875 0.904479578125 0.105622701171875 0.9835309609375 0.11008933203125 0.990777337890625 0.127955859375 0.994729908203125 0.27877036328125 0.994729908203125 0.29085654296875 0.9986824765625 0.2921702578125 0.9888010546875 0.2900683125 0.9584980234375 0.284287966796875 0.94532279296875 0.295060431640625 0.942028986328125 0.300052548828125 0.953227931640625 0.29584866015625 0.96245059375 0.29584866015625 0.969038208984375 0.29847608984375 0.990118576171875 0.302679978515625 0.99802371484375 0.32974251171875 0.993412384765625 0.350761955078125 0.996047431640625 0.360746189453125 0.98418972265625 0.364950078125 0.996047431640625
0 0.968733578125 0.320158103515625 0.9684708359375 0.332674572265625 0.9732002109375 0.344532279296875 0.974251181640625 0.355072462890625 0.981082501953125 0.360342556640625 0.9831844453125 0.330039525390625 0.981082501953125 0.3129117265625 0.97714135546875 0.320158103515625 0.968733578125 0.320158103515625
0 0.84682080859375 0.332015810546875 0.843405150390625 0.3353096171875 0.842354177734375 0.345849802734375 0.842354177734375 0.364295125 0.844981607421875 0.3656126484375 0.855754072265625 0.355731224609375 0.865475564453125 0.35375494140625 0.854177615234375 0.33465085546875 0.84682080859375 0.332015810546875
0 0.896741986328125 0.4835309609375 0.89464004296875 0.47035573046875 0.890436154296875 0.480895916015625 0.888596953125 0.465744400390625 0.886232265625 0.465085638671875 0.884393064453125 0.481554677734375 0.8888596953125 0.484848484375 0.893326326171875 0.4986824765625 0.8938518125 0.51317523046875 0.891749869140625 0.522397892578125 0.898055701171875 0.5237154140625 0.898055701171875 0.503952568359375 0.906200736328125 0.50197628515625 0.9059379921875 0.48945981640625 0.896741986328125 0.4835309609375
0 0.9177614296875 0.7826086953125 0.924592748046875 0.781291171875 0.9253809765625 0.789855072265625 0.926957435546875 0.787220025390625 0.921965318359375 0.76811594140625 0.914871255859375 0.7674571796875 0.921965318359375 0.766798419921875 0.923279033203125 0.760869564453125 0.91671045703125 0.74571805078125 0.9127693125 0.747694333984375 0.913820283203125 0.779314888671875 0.908565423828125 0.787220025390625 0.910141880859375 0.7977602109375 0.907514451171875 0.817523056640625 0.9106673671875 0.83596837890625 0.91434576953125 0.81225296484375 0.91434576953125 0.805665349609375 0.9106673671875 0.7977602109375 0.9177614296875 0.7826086953125
0 0.94298476171875 0.955204216796875 0.94324750390625 0.938735177734375 0.9372044140625 0.93148880078125 0.9348397265625 0.934782609375 0.9395691015625 0.940052701171875 0.941145560546875 0.954545455078125 0.9372044140625 0.96047430859375 0.925118234375 0.96179183203125 0.92380451953125 0.969038208984375 0.92879663671875 0.9710144921875 0.93352601171875 0.98682476953125 0.941408302734375 0.96969696875 0.94587493359375 0.9888010546875 0.95270625390625 0.97299077734375 0.953231740234375 0.96245059375 0.94929059375 0.955204216796875 0.94298476171875 0.955204216796875
0 0.953231740234375 0.531620552734375 0.957172884765625 0.52964426953125 0.962165001953125 0.51054018359375 0.950867052734375 0.491436099609375 0.946137677734375 0.492753623046875 0.94219653125 0.51185770703125 0.94797687890625 0.5289855078125 0.948502365234375 0.552700921875 0.943772990234375 0.56587615234375 0.945349447265625 0.577733859375 0.948765107421875 0.5678524375 0.9566473984375 0.561264822265625 0.96111403125 0.5513833984375 0.953231740234375 0.531620552734375
0 0.937992642578125 0.493412384765625 0.9324750390625 0.494071146484375 0.925643720703125 0.484848484375 0.921965318359375 0.47035573046875 0.9177614296875 0.47562582421875 0.91408302734375 0.44927536328125 0.912243826171875 0.452569169921875 0.9127693125 0.465744400390625 0.909090908203125 0.472332015625 0.91171833984375 0.478919630859375 0.910141880859375 0.51185770703125 0.9201261171875 0.53030303125 0.91907514453125 0.54347826171875 0.913294796875 0.563241107421875 0.917235943359375 0.58234519140625 0.92170257421875 0.5816864296875 0.922753546875 0.5566534921875 0.933000525390625 0.545454544921875 0.936416185546875 0.532938076171875 0.937992642578125 0.493412384765625
0 0.833158171875 0.508563900390625 0.83000525390625 0.508563900390625 0.827903310546875 0.517786560546875 0.822911193359375 0.51449275390625 0.8234366796875 0.506587615234375 0.827640568359375 0.5013175234375 0.82501313671875 0.493412384765625 0.825538623046875 0.48550724609375 0.83473462890625 0.47430830078125 0.842091435546875 0.47562582421875 0.8428796640625 0.468379447265625 0.838675775390625 0.463109353515625 0.83709931640625 0.452569169921875 0.83946400390625 0.44532279296875 0.847346294921875 0.44664031640625 0.849710982421875 0.43412384765625 0.847346294921875 0.4308300390625 0.83946400390625 0.441370224609375 0.835260115234375 0.436100130859375 0.83447188671875 0.43280632421875 0.839726748046875 0.423583662109375 0.827903310546875 0.399209486328125 0.823699421875 0.399209486328125 0.81502890234375 0.493412384765625 0.824487650390625 0.54084321484375 0.833946400390625 0.548748353515625 0.83946400390625 0.548089591796875 0.843405150390625 0.531620552734375 0.838938517578125 0.52832674609375 0.833158171875 0.508563900390625
0 0.722543353515625 0.265480896484375 0.7196531796875 0.25559947265625 0.7101944296875 0.251646904296875 0.696531791015625 0.237154150390625 0.6860220703125 0.233201580078125 0.68024172265625 0.243741765625 0.670782974609375 0.243741765625 0.66316342578125 0.236495388671875 0.66290068359375 0.220026349609375 0.646610615234375 0.218708828125 0.6447714140625 0.223320158203125 0.64503415625 0.237154150390625 0.65922228125 0.262187087890625 0.66815554296875 0.27140975 0.67498686328125 0.289855072265625 0.678665265625 0.28458498046875 0.691276931640625 0.287220025390625 0.69942196484375 0.29578392578125 0.70651602734375 0.287220025390625 0.714398318359375 0.28590250390625 0.716763005859375 0.26943346484375 0.722543353515625 0.265480896484375
0 0.935102470703125 0.412384716796875 0.926694693359375 0.4084321484375 0.92170257421875 0.3932806328125 0.922753546875 0.373517787109375 0.916184970703125 0.354413703125 0.9127693125 0.355072462890625 0.907514451171875 0.411725955078125 0.917235943359375 0.438735177734375 0.925118234375 0.44268774609375 0.945086705078125 0.466403162109375 0.95401996875 0.467720685546875 0.983447189453125 0.50065876171875 0.993168681640625 0.506587615234375 1 0.502635046875 0.999211771484375 0.48748353125 0.9566473984375 0.44268774609375 0.935102470703125 0.412384716796875
0 0.81029952734375 0.384057970703125 0.811875984375 0.364295125 0.8045191796875 0.356389986328125 0.806095638671875 0.333992095703125 0.8042564375 0.329380763671875 0.80057803515625 0.32674571875 0.796374146484375 0.33465085546875 0.791382029296875 0.32476943359375 0.796374146484375 0.314888009765625 0.78376248046875 0.30961791796875 0.780609564453125 0.303030302734375 0.777193904296875 0.332674572265625 0.773778244140625 0.33596837890625 0.753284287109375 0.32674571875 0.749605884765625 0.316205533203125 0.747241197265625 0.319499341796875 0.743562794921875 0.331357048828125 0.7414608515625 0.38142292578125 0.738570677734375 0.371541501953125 0.7367314765625 0.373517787109375 0.737519705078125 0.39393939453125 0.759064634765625 0.400527009765625 0.75985286328125 0.3932806328125 0.753021544921875 0.384057970703125 0.755386232421875 0.371541501953125 0.773252759765625 0.36758893359375 0.780609564453125 0.37681159375 0.784813453125 0.346508564453125 0.787178140625 0.359025033203125 0.786652654296875 0.385375494140625 0.78875459765625 0.397233201171875 0.78402522265625 0.40382081640625 0.79374671484375 0.424242423828125 0.8068838671875 0.436100130859375 0.812401470703125 0.45652173828125 0.812401470703125 0.43412384765625 0.816079873046875 0.416996046875 0.815554388671875 0.39459815625 0.81029952734375 0.384057970703125
0 0.609301103515625 0.33992094921875 0.5966894375 0.333333333984375 0.59327377734375 0.29710144921875 0.588544404296875 0.2852437421875 0.5964266953125 0.266798419921875 0.600630583984375 0.248353095703125 0.59800315234375 0.236495388671875 0.604308986328125 0.21936758984375 0.6037835 0.207509880859375 0.611928533203125 0.198945982421875 0.615606935546875 0.180500658203125 0.62217551171875 0.1772068515625 0.611403046875 0.166007904296875 0.60772464453125 0.156785244140625 0.602995271484375 0.155467720703125 0.60036783984375 0.144927537109375 0.596163951171875 0.143610013671875 0.59327377734375 0.1495388671875 0.591171833984375 0.166666666015625 0.594850236328125 0.178524375 0.586179716796875 0.183135705078125 0.581713083984375 0.196969697265625 0.58801891796875 0.237812912109375 0.58118759765625 0.291831357421875 0.576983708984375 0.3102766796875 0.5722543359375 0.315546771484375 0.57856016796875 0.34980237109375 0.576983708984375 0.364295125 0.579085654296875 0.374835310546875 0.57593273828125 0.395915677734375 0.577771939453125 0.397891962890625 0.5846032578125 0.387351779296875 0.594587494140625 0.39525691796875 0.628481345703125 0.397233201171875 0.635838150390625 0.388010541015625 0.63636363671875 0.374835310546875 0.62664214453125 0.371541501953125 0.609301103515625 0.33992094921875
0 0.61981082421875 0.549407115234375 0.623226484375 0.54216073828125 0.6258539140625 0.5013175234375 0.6282186015625 0.494071146484375 0.635575408203125 0.4888010546875 0.64345769921875 0.50329380859375 0.647924330078125 0.5013175234375 0.65107724609375 0.492094861328125 0.65317919140625 0.453886693359375 0.6594850234375 0.440711462890625 0.66053599609375 0.43017127734375 0.65344193359375 0.41765480859375 0.637151865234375 0.412384716796875 0.63189700390625 0.4057971015625 0.5651602734375 0.407114625 0.563321072265625 0.411725955078125 0.564372044921875 0.4183135703125 0.6037835 0.521080369140625 0.60483447265625 0.5513833984375 0.60719916015625 0.561264822265625 0.609038361328125 0.560606060546875 0.61324225 0.547430830078125 0.615606935546875 0.519104083984375 0.61744613671875 0.546113306640625 0.61981082421875 0.549407115234375