1 0.64453125 0.6630859375 0.4375 0.453125
1 0.8955078125 0.6318359375 0.099609375 0.140625
1 0.8974609375 0.0966796875 0.205078125 0.119140625
1 0.4619140625 0.048828125 0.478515625 0.09765625
1 0.7197265625 0.9013671875 0.099609375 0.14453125
1 0.935546875 0.806640625 0.0625 0.07421875
0 0.7473083359375 0.21722225 0.773190001953125 0.226469833984375 0.78319194921875 0.225631455078125 0.78881146875 0.22081107421875 0.790512474609375 0.208707796875 0.7906490546875 0.178432166015625 0.7865923828125 0.148689240234375 0.796781927734375 0.09962991015625 0.81193791015625 0.044536380859375 0.815351724609375 0.0394060078125 0.73754800390625 0.028471408203125 0.729430091796875 0.03967284765625 0.72437809765625 0.058037357421875 0.719189525390625 0.106677498046875 0.72176890625 0.158653416015625 0.7303281015625 0.185663037109375 0.7473083359375 0.21722225
0 0.065356630859375 0 0.014546228515625 0.3615348046875 0.104076130859375 0.369180474609375 0.141144240234375 0.333996955078125 0.153775013671875 0.314453513671875 0.166010951171875 0.309440978515625 0.177611861328125 0.332389962890625 0.19081016015625 0.3263906484375 0.204077537109375 0.331621349609375 0.204766736328125 0.391185833984375 0.209871326171875 0.4076116640625 0.22033718359375 0.403472392578125 0.228654607421875 0.3911769609375 0.237521498046875 0.363250326171875 0.2433976953125 0.3214390078125 0.250099673828125 0.308916541015625 0.25339964453125 0.320600626953125 0.26577373828125 0.338048123046875 0.2642289453125 0.40178676171875 0.27813292578125 0.43179160546875 0.275367521484375 0.48077230078125 0.277395857421875 0.49564376171875 0.287277705078125 0.501520689453125 0.34397293359375 0.50836665234375 0.358477404296875 0.504794970703125 0.36536855859375 0.496787212890625 0.368685005859375 0.484910974609375 0.374217392578125 0.4396852421875 0.37306559375 0.408632685546875 0.373179044921875 0.408745947265625 0.39811231640625 0.390694595703125 0.447011494140625 0.408344673828125 0.45469739453125 0.3770916484375 0.48696966796875 0.3758673671875 0.535227375 0.40172406640625 0.564649205078125 0.409225126953125 0.575218677734375 0.421930876953125 0.582764494140625 0.467872595703125 0.590377810546875 0.472308669921875 0.623958353515625 0.473662015625 0.630540232421875 0.46785485546875 0.63440615234375 0.440347408203125 0.639338048828125 0.428698205078125 0.648443560546875 0.334605294921875 0.6573449921875 0.31229366796875 0.66492376953125 0.311114734375 0.67382677734375 0.341538765625 0.66375890625 0.436618455078125 0.666698580078125 0.468448455078125 0.67515416015625 0.478613056640625 0.749430111328125 0.48344170703125 0.758194962890625 0.491405708984375 0.763093896484375 0.52687716015625 0.786830279296875 0.63343991015625 0.797092056640625 0.701081916015625 0.819160400390625 0.772627287109375 0.82347532421875 0.8181149375 0.831776265625 0.829379833984375 0.84127976171875 0.82622733984375 0.84810183984375 0.806989568359375 0.848496669921875 0.792458662109375 0.84060704296875 0.743102529296875 0.83400080078125 0.5087917109375 0.842969734375 0.44497443359375 0.842058396484375 0.42801589453125 0.838449154296875 0.418532404296875 0.821108625 0.407119107421875 0.782527111328125 0.40618494921875 0.76357113671875 0.3945446171875 0.756541828125 0.38009234375 0.750371259765625 0.347808271484375 0.742001240234375 0.325313359375 0.712905166015625 0.292051375 0.674596810546875 0.230565955078125 0.6746823671875 0.218235640625 0.68581779296875 0.191749857421875 0.68767343359375 0.178546283203125 0.68210493359375 0.165421345703125 0.6296025078125 0.1056626328125 0.23211959765625 0.062047484375 0.233095078125 0.03723934765625 0.225154431640625 0.00582853515625 0.226499466796875 0 0.065356630859375 0
0 0.808893091796875 1 0.811467826171875 0.991464171875 0.82124605859375 0.980496076171875 0.83944533203125 0.974077572265625 0.84518494921875 0.962541884765625 0.849789513671875 0.923917943359375 0.845268931640625 0.89747591015625 0.84822351171875 0.85300992578125 0.846848263671875 0.839352279296875 0.841503478515625 0.836357056640625 0.83657158203125 0.84800626171875 0.820231103515625 0.946692513671875 0.80656889453125 0.95599272265625 0.78984848828125 0.99291389453125 0.7846223515625 1 0.808893091796875 1
0 0.934643369140625 1 0.951426697265625 0.880580416015625 0.93425501171875 0.87968726171875 0.926556134765625 0.887581501953125 0.926608732421875 0.922371841796875 0.91791453515625 0.978373513671875 0.919320791015625 1 0.934643369140625 1
0 0.43748905078125 0.833434001953125 0.43102726953125 0.832525859375 0.422709845703125 0.8448212890625 0.418843927734375 0.872328734375 0.4224021484375 0.899757544921875 0.429964443359375 0.922138939453125 0.428332517578125 0.94547223046875 0.41962026171875 0.972298568359375 0.399719986328125 0.990820349609375 0.46452068359375 0.999927494140625 0.4569120859375 0.947244765625 0.462702724609375 0.917763759765625 0.46234085546875 0.885174013671875 0.458387802734375 0.872276111328125 0.44163128125 0.85084661328125 0.43748905078125 0.833434001953125
0 1 0.3315422421875 0.993041669921875 0.33226414453125 0.980795583984375 0.335033796875 0.972657263671875 0.355445525390625 0.9636678984375 0.363163603515625 0.95246608984375 0.36787631640625 0.936839400390625 0.366578259765625 0.9190272109375 0.36676934765625 0.906216298828125 0.382931794921875 0.890121474609375 0.389651265625 0.87516776953125 0.39293855078125 0.8567096328125 0.393038857421875 0.8410017734375 0.378257216796875 0.8318001796875 0.307806869140625 0.836983423828125 0.2896742578125 0.829027015625 0.275982046875 0.81953115234375 0.2638697421875 0.811311568359375 0.27079783984375 0.801378810546875 0.228985369140625 0.792126359375 0.257323822265625 0.79742928125 0.280522724609375 0.790679498046875 0.2957407109375 0.807118625 0.281884474609375 0.82185180859375 0.28485321875 0.8178096875 0.299553611328125 0.81081233984375 0.316533099609375 0.81713255078125 0.337180548828125 0.82031972265625 0.351998783203125 0.819012212890625 0.370676060546875 0.80838669921875 0.385349380859375 0.800592634765625 0.3986243046875 0.773269013671875 0.405561966796875 0.7743248125 0.430858408203125 0.833229767578125 0.5882290703125 0.852801890625 0.58020196875 0.865779240234375 0.5487944765625 0.868765560546875 0.50879764453125 0.8718060078125 0.477789873046875 0.88038541796875 0.444866123046875 0.8908444921875 0.4454378828125 0.894387384765625 0.476472751953125 0.910865013671875 0.49046448046875 0.93242916015625 0.4916987578125 0.938308326171875 0.524858265625 0.94990446484375 0.564210099609375 0.934629302734375 0.62134087890625 0.959655166015625 0.640126474609375 0.9679132109375 0.66104630078125 0.982588828125 0.658850326171875 0.98748243359375 0.62403051953125 0.98043805078125 0.618797427734375 0.98412449609375 0.5878804453125 0.977255033203125 0.561766912109375 0.964873689453125 0.5420639609375 0.94872478515625 0.53979437890625 0.9334079375 0.461299404296875 0.937875529296875 0.452945830078125 0.95633362109375 0.452845482421875 0.96370230859375 0.43322375390625 0.94417275 0.426886494140625 0.926140087890625 0.433333619140625 0.9071597890625 0.432462375 0.9476927578125 0.41121455859375 0.952655470703125 0.39933801171875 0.975360681640625 0.39714012890625 0.981777580078125 0.412412306640625 0.992306451171875 0.403114294921875 0.99709115625 0.383129412109375 1 0.380443767578125 1 0.3315422421875
0 0.84973010546875 0.70221540625 0.85109901171875 0.72258023828125 0.839137748046875 0.732426302734375 0.838343421875 0.738078224609375 0.844214181640625 0.748989529296875 0.856661314453125 0.750738859375 0.860854712890625 0.758532646484375 0.858427380859375 0.76827773046875 0.88186403515625 0.736990203125 0.89135361328125 0.72967854296875 0.8975771796875 0.730553208984375 0.9055224609375 0.74175606640625 0.90768569140625 0.756468978515625 0.916514005859375 0.7764412734375 0.9239734140625 0.776048734375 0.940128076171875 0.773996458984375 0.944629927734375 0.7645429296875 0.9231327109375 0.7067679140625 0.92379397265625 0.67948395703125 0.881906365234375 0.67647881640625 0.87312240625 0.66371719921875 0.8640299921875 0.6682028984375 0.8573205546875 0.6557328359375 0.847786623046875 0.6558338203125 0.843814994140625 0.684093421875 0.855070640625 0.694320634765625 0.84973010546875 0.70221540625
0 0.422726966796875 0.50407341796875 0.412681984375 0.51786107421875 0.398566658203125 0.531767548828125 0.40050946875 0.557603189453125 0.415871392578125 0.552853359375 0.426579734375 0.56679416796875 0.425329947265625 0.59010845703125 0.43514289453125 0.5707611484375 0.446794576171875 0.559962837890625 0.459597673828125 0.5589986875 0.4612163515625 0.547481197265625 0.469380998046875 0.51822989453125 0.48074703125 0.50946407421875 0.484258017578125 0.498903427734375 0.481998341796875 0.498242166015625 0.48609994140625 0.474981462890625 0.49729633984375 0.47102797265625 0.501396310546875 0.492330611328125 0.494543892578125 0.508639587890625 0.5001345078125 0.530151724609375 0.5091113125 0.520359220703125 0.540174498046875 0.501234935546875 0.5483271328125 0.486490431640625 0.550549884765625 0.45985848046875 0.552644642578125 0.44495349609375 0.56543891796875 0.426025189453125 0.556896599609375 0.425515513671875 0.547952576171875 0.424258513671875 0.54492964453125 0.416924859375 0.55381123046875 0.407809873046875 0.5562124375 0.39432972265625 0.5289995390625 0.393268732421875 0.528961580078125 0.41249532421875 0.503369384765625 0.424210693359375 0.4932947421875 0.41657685546875 0.47791198046875 0.41786935546875 0.465742615234375 0.425140533203125 0.458024427734375 0.429582853515625 0.4446620078125 0.42010518359375 0.442073521484375 0.402469375 0.419639119140625 0.4034617265625 0.422459638671875 0.4266571875 0.41370289453125 0.45651614453125 0.414026990234375 0.493869271484375 0.423298265625 0.50000841015625 0.422726966796875 0.50407341796875