1 0.080078125 0.9326171875 0.140625 0.1337890625
1 0.541015625 0.482421875 0.111328125 0.060546875
1 0.3037109375 0.458984375 0.0830078125 0.07421875
1 0.798828125 0.88671875 0.1474609375 0.1396484375
1 0.521484375 0.388671875 0.0517578125 0.0869140625
1 0.6162109375 0.26953125 0.048828125 0.046875
1 0.0859375 0.4345703125 0.111328125 0.091796875
1 0.5947265625 0.173828125 0.0498046875 0.0556640625
1 0.4912109375 0.2060546875 0.0322265625 0.0419921875
1 0.740234375 0.7431640625 0.11328125 0.1591796875
1 0.5625 0.1875 0.0361328125 0.025390625
0 0.12308164453125 0.33061699609375 0.137814609375 0.33643771875 0.14947820703125 0.35273573828125 0.193063228515625 0.35273573828125 0.202885205078125 0.346915017578125 0.2071823203125 0.3341094296875 0.2206875390625 0.318975552734375 0.2403314921875 0.321303841796875 0.2464702265625 0.317811408203125 0.25168815234375 0.32072176953125 0.250460404296875 0.34284051171875 0.253836708984375 0.345750873046875 0.289441375 0.351571595703125 0.30417433984375 0.351571595703125 0.310313076171875 0.346915017578125 0.31767955859375 0.323632130859375 0.3256599140625 0.321303841796875 0.33026396484375 0.313736904296875 0.326580724609375 0.24621653125 0.333333333984375 0.2240977890625 0.33394720703125 0.200814900390625 0.33701657421875 0.18684516796875 0.34039287890625 0.18160651953125 0.348987109375 0.18160651953125 0.35328422265625 0.166472642578125 0.362492326171875 0.164144353515625 0.365868630859375 0.157741560546875 0.362799263671875 0.1414435390625 0.369551873046875 0.134458673828125 0.3649478203125 0.1315483125 0.360957642578125 0.119324796875 0.36341313671875 0.098370197265625 0.368937998046875 0.08905704296875 0.369551873046875 0.080908033203125 0.36678944140625 0.07450523828125 0.350828728515625 0.069848662109375 0.329957029296875 0.0558789296875 0.280233271484375 0.060535505859375 0.234192755859375 0.05704307421875 0.201657458984375 0.060535505859375 0.17280540234375 0.0558789296875 0.16973603515625 0.061699650390625 0.152547576171875 0.065192083984375 0.072130140625 0.067520373046875 0.0558624921875 0.05995343359375 0.0690607734375 0.037252619140625 0.0359116015625 0.040745052734375 0.01319828125 0.033760185546875 0.0003069375 0.036088474609375 0 0.354481955078125 0.019950890625 0.349243306640625 0.02793124609375 0.35506402734375 0.0365254765625 0.33760186328125 0.0494168203125 0.33061699609375 0.0623081640625 0.331781140625 0.07090239453125 0.324796275390625 0.074585634765625 0.33643771875 0.0819521171875 0.339930150390625 0.086249232421875 0.350407451171875 0.09699201953125 0.355646099609375 0.102516880859375 0.35215366796875 0.103130755859375 0.34284051171875 0.10650705859375 0.33643771875 0.12308164453125 0.33061699609375
0 0.427869859375 0.2438882421875 0.423572744140625 0.2240977890625 0.420503376953125 0.150756693359375 0.42111725 0.080908033203125 0.416820134765625 0.030849826171875 0.413750767578125 0.030849826171875 0.414978513671875 0.03783469140625 0.412216083984375 0.041909197265625 0.408532841796875 0.0267753203125 0.40638428515625 0.047147845703125 0.40822590625 0.097206052734375 0.4045426640625 0.13795110546875 0.4045426640625 0.192665890625 0.401473296875 0.19383003515625 0.4045426640625 0.19615832421875 0.4045426640625 0.217112921875 0.400552486328125 0.2293364375 0.392265193359375 0.231082654296875 0.390423572265625 0.2636786953125 0.392572130859375 0.292200232421875 0.39993861328125 0.28172293359375 0.4045426640625 0.286961583984375 0.405156537109375 0.29860302734375 0.401473296875 0.306752037109375 0.400859423828125 0.3218859140625 0.403928791015625 0.330034923828125 0.405156537109375 0.354481955078125 0.41313689453125 0.356810244140625 0.420503376953125 0.3509895234375 0.431553099609375 0.32072176953125 0.425414365234375 0.29860302734375 0.427869859375 0.2438882421875
0 0 0.621071013671875 0.009208103515625 0.62572758984375 0.00798035546875 0.63271245703125 0.002455494140625 0.639697322265625 0.005524861328125 0.64784633203125 0.00184162109375 0.65483119921875 0.005524861328125 0.660651919921875 0.006752609375 0.675785796875 0.017188458984375 0.687427240234375 0.01841620703125 0.70488940625 0.014119091796875 0.713038416015625 0.012277470703125 0.743306169921875 0.009208103515625 0.744470314453125 0.00828729296875 0.752037251953125 0.00521792578125 0.73806751953125 0.001227748046875 0.744470314453125 0 0.78637951171875 0.003990177734375 0.79627473828125 0.007673419921875 0.778812572265625 0.012277470703125 0.78172293359375 0.01503990234375 0.76484283984375 0.020257826171875 0.767753201171875 0.02793124609375 0.79394644921875 0.030386740234375 0.783469150390625 0.0426642109375 0.778812572265625 0.045733578125 0.7974388828125 0.015653775390625 0.799767171875 0.012277470703125 0.80849825390625 0.014119091796875 0.82828870703125 0.020871701171875 0.8341094296875 0.016881521484375 0.848661234375 0.024248005859375 0.856810244140625 0.0297728671875 0.856810244140625 0.03130755078125 0.8387660078125 0.035297728515625 0.837019791015625 0.033763044921875 0.849243306640625 0.03959484375 0.856810244140625 0.045426642578125 0.848079162109375 0.046961326171875 0.831199068359375 0.0626151015625 0.8294528515625 0.061387353515625 0.798020955078125 0.05432780859375 0.7974388828125 0.0524861875 0.786961583984375 0.059238796875 0.785797439453125 0.061694291015625 0.79394644921875 0.06721915234375 0.7927823046875 0.071516267578125 0.79860302734375 0.074585634765625 0.7974388828125 0.079496623046875 0.783469150390625 0.09361571484375 0.781140861328125 0.097605892578125 0.788707798828125 0.097605892578125 0.795692666015625 0.09392265234375 0.80267753125 0.09085328515625 0.825960419921875 0.074892572265625 0.8341094296875 0.074892572265625 0.839930150390625 0.09085328515625 0.86437718359375 0.1015960703125 0.860302677734375 0.126151013671875 0.862630966796875 0.15316144921875 0.854481955078125 0.155310005859375 0.83294528515625 0.168201349609375 0.796856810546875 0.165131982421875 0.788707798828125 0.166973603515625 0.7805587890625 0.186924494140625 0.7438882421875 0.200122775390625 0.7363213046875 0.203192142578125 0.687427240234375 0.21577655078125 0.684516880859375 0.2200736640625 0.69732246875 0.232965009765625 0.708963912109375 0.23664825 0.717112921875 0.240638427734375 0.70605355078125 0.235727439453125 0.7025611171875 0.23511356640625 0.685098953125 0.2464702265625 0.677532013671875 0.250767341796875 0.66938300390625 0.256599140625 0.6734575078125 0.260896255859375 0.695576251953125 0.257519951171875 0.707799767578125 0.250460404296875 0.714202560546875 0.25138121484375 0.72293364453125 0.243400859375 0.71245634375 0.240638427734375 0.714202560546875 0.241252302734375 0.722351572265625 0.24800491015625 0.739813736328125 0.250767341796875 0.76484283984375 0.2630448125 0.76717112890625 0.265500306640625 0.761350408203125 0.269183548828125 0.761350408203125 0.27440147265625 0.7805587890625 0.2731737265625 0.792200232421875 0.269797421875 0.79860302734375 0.264272560546875 0.79627473828125 0.2630448125 0.785797439453125 0.258747697265625 0.79627473828125 0.24861878515625 0.800349244140625 0.24861878515625 0.8271245625 0.250767341796875 0.831199068359375 0.279005525390625 0.832363212890625 0.2793124609375 0.848079162109375 0.282688765625 0.853317810546875 0.29435236328125 0.848661234375 0.306629833984375 0.837019791015625 0.310313076171875 0.8416763671875 0.31123388671875 0.820139697265625 0.321976671875 0.807916181640625 0.329957029296875 0.807916181640625 0.341620626953125 0.81606519140625 0.3456108046875 0.8341094296875 0.349600982421875 0.837019791015625 0.3717004296875 0.82305005859375 0.375076734375 0.8119906875 0.375690607421875 0.7514551796875 0.378759974609375 0.7363213046875 0.37630448046875 0.73282887109375 0.374462861328125 0.7072176953125 0.37630448046875 0.680442375 0.388275015625 0.678696158203125 0.390423572265625 0.685098953125 0.389195826171875 0.692083818359375 0.392572130859375 0.69615832421875 0.411602208984375 0.676367869140625 0.420196439453125 0.678696158203125 0.423265806640625 0.668218859375 0.43615715234375 0.66356228125 0.451503990234375 0.66938300390625 0.46255371484375 0.682188591796875 0.474831185546875 0.682188591796875 0.479435236328125 0.664144353515625 0.476365869140625 0.64784633203125 0.47882136328125 0.60710128125 0.4732965 0.588474970703125 0.474524248046875 0.57217694921875 0.472682626953125 0.565192083984375 0.474831185546875 0.561117578125 0.484039287109375 0.561117578125 0.48649478125 0.583236322265625 0.48833640234375 0.572759021484375 0.49815837890625 0.572759021484375 0.4996930625 0.536088474609375 0.505831798828125 0.52793946484375 0.49815837890625 0.51571594921875 0.494475138671875 0.521536669921875 0.48219766796875 0.51804423828125 0.479435236328125 0.50349243359375 0.482811541015625 0.499417927734375 0.4901780234375 0.500582072265625 0.491098833984375 0.49650756640625 0.48710865625 0.487776484375 0.482811541015625 0.494761349609375 0.474831185546875 0.494761349609375 0.471147943359375 0.476135041015625 0.467464703125 0.487776484375 0.46224677734375 0.486030267578125 0.46224677734375 0.49883585546875 0.466850828125 0.504074505859375 0.4772866796875 0.504074505859375 0.47544505859375 0.5145518046875 0.45580110546875 0.51571594921875 0.447820748046875 0.5075669375 0.445058318359375 0.49883585546875 0.446286064453125 0.491850990234375 0.457949662109375 0.47671711328125 0.444751380859375 0.469150173828125 0.43891958203125 0.459254947265625 0.43554327734375 0.442374853515625 0.428483732421875 0.439464494140625 0.42909760546875 0.432479626953125 0.42234499609375 0.413853318359375 0.41589932421875 0.401629802734375 0.411909146484375 0.3998835859375 0.40791896875 0.37951105859375 0.405770412109375 0.384749708984375 0.40761203125 0.435972060546875 0.4042357265625 0.4854481953125 0.377225291015625 0.487776484375 0.374462861328125 0.47671711328125 0.372928177734375 0.447031431640625 0.3686310625 0.4610011640625 0.365561693359375 0.4563445859375 0.35512584375 0.45750873046875 0.348987109375 0.444703142578125 0.344689994140625 0.444703142578125 0.343155310546875 0.46973224609375 0.3581952109375 0.472642607421875 0.360957642578125 0.480209546875 0.3588090859375 0.494761349609375 0.345917740234375 0.498253783203125 0.341006751953125 0.4924330625 0.335481890625 0.4924330625 0.3256599140625 0.497089638671875 0.321976671875 0.4901047734375 0.320135052734375 0.499417927734375 0.31399631640625 0.500582072265625 0.31123388671875 0.49883585546875 0.3124616328125 0.491850990234375 0.310313076171875 0.48428405078125 0.309392265625 0.49883585546875 0.306629833984375 0.502910361328125 0.298649478515625 0.49126891796875 0.295580111328125 0.499417927734375 0.290669123046875 0.501746216796875 0.267341927734375 0.502910361328125 0.2630448125 0.48894062890625 0.23664825 0.487776484375 0.2332719453125 0.491850990234375 0.2464702265625 0.5098952265625 0.247391037109375 0.518626310546875 0.240945365234375 0.528521537109375 0.237875998046875 0.528521537109375 0.236034376953125 0.521536669921875 0.234192755859375 0.529685681640625 0.227747083984375 0.536088474609375 0.228054021484375 0.550640279296875 0.22498465234375 0.536670546875 0.21577655078125 0.529685681640625 0.207796193359375 0.5343422578125 0.20257826953125 0.53026775390625 0.203192142578125 0.5023282890625 0.21577655078125 0.500582072265625 0.216390423828125 0.4901047734375 0.188152240234375 0.501746216796875 0.184775935546875 0.513969732421875 0.184469 0.530849826171875 0.158686310546875 0.532013970703125 0.147022712890625 0.523864958984375 0.135359115234375 0.500582072265625 0.12983425390625 0.5075669375 0.12369551953125 0.500582072265625 0.1089625546875 0.505238650390625 0.1086556171875 0.52793946484375 0.100982197265625 0.530849826171875 0.097605892578125 0.52793946484375 0.0957642734375 0.50582072265625 0.10650705859375 0.504074505859375 0.108041744140625 0.5 0.1022099453125 0.487776484375 0.08686310546875 0.48428405078125 0.078268876953125 0.487776484375 0.06783302734375 0.479627474609375 0.045733578125 0.48311990625 0.04419889453125 0.491850990234375 0.04757519921875 0.501746216796875 0.054941681640625 0.506402794921875 0.068446900390625 0.502910361328125 0.07059545703125 0.50582072265625 0.069981583984375 0.512805587890625 0.06721915234375 0.51804423828125 0.054941681640625 0.5145518046875 0.05402087109375 0.529103609375 0.048189072265625 0.53317811328125 0.03161448828125 0.5343422578125 0.028852056640625 0.517462166015625 0.02486187890625 0.51571594921875 0.020871701171875 0.52095459765625 0.019950890625 0.5343422578125 0.011970533203125 0.529685681640625 0 0.533760185546875 0 0.621071013671875
0 0.5690607734375 0.664144353515625 0.576427255859375 0.637369033203125 0.576427255859375 0.615250291015625 0.5785758125 0.608847498046875 0.59023941015625 0.6123399296875 0.60067526171875 0.59604191015625 0.604358501953125 0.610011640625 0.608041744140625 0.606519208984375 0.610804173828125 0.609429568359375 0.609576427734375 0.619906869140625 0.612645794921875 0.626891734375 0.609576427734375 0.63271245703125 0.616022099609375 0.634458673828125 0.620626150390625 0.619906869140625 0.620626150390625 0.602444703125 0.62001227734375 0.591967404296875 0.615715162109375 0.588474970703125 0.6151012890625 0.57916181640625 0.612338857421875 0.576251455078125 0.61019030078125 0.590803259765625 0.604972375 0.594877765625 0.60067526171875 0.594877765625 0.596378146484375 0.578579744140625 0.584714548828125 0.585564609375 0.571823205078125 0.577415599609375 0.55095150390625 0.58440046484375 0.547268263671875 0.576251455078125 0.54112952734375 0.572759021484375 0.537139349609375 0.57450523828125 0.533763044921875 0.5878928984375 0.525782689453125 0.580908033203125 0.520871701171875 0.58440046484375 0.490791896484375 0.58440046484375 0.494168201171875 0.626891734375 0.50460405078125 0.65599534375 0.50460405078125 0.685098953125 0.51780233203125 0.711292201171875 0.526089625 0.716530849609375 0.540515654296875 0.683352736328125 0.551565376953125 0.675203724609375 0.561387353515625 0.677532013671875 0.5690607734375 0.664144353515625
0 0.749232658203125 0.9778812578125 0.724677716796875 0.9778812578125 0.71884591796875 0.9656577421875 0.717618169921875 0.943538998046875 0.7200736640625 0.920256111328125 0.72344996875 0.915017462890625 0.740945365234375 0.9074505234375 0.739103744140625 0.891152501953125 0.729895640625 0.8783469140625 0.725905462890625 0.862630966796875 0.722836095703125 0.87427241015625 0.7200736640625 0.872526193359375 0.717925107421875 0.862630966796875 0.717004296875 0.8783469140625 0.714855740234375 0.881257275390625 0.7108655625 0.8783469140625 0.709944751953125 0.8684516875 0.708103130859375 0.878928986328125 0.701350521484375 0.87660069921875 0.699815837890625 0.869033759765625 0.7071823203125 0.8632130390625 0.6942909765625 0.85506402734375 0.68569674609375 0.796856810546875 0.670042970703125 0.784633294921875 0.662062615234375 0.7706635625 0.658686310546875 0.773573923828125 0.6611418046875 0.795692666015625 0.651933701171875 0.80384167578125 0.655616943359375 0.80849825390625 0.65930018359375 0.8271245625 0.6543891953125 0.848079162109375 0.655616943359375 0.856228171875 0.651319828125 0.8783469140625 0.643646408203125 0.883585564453125 0.63627992578125 0.878928986328125 0.63290362109375 0.871362048828125 0.6347452421875 0.86204889453125 0.630755064453125 0.853317810546875 0.62031921484375 0.853317810546875 0.61694291015625 0.845750873046875 0.620626150390625 0.817811408203125 0.60650705859375 0.791036087890625 0.604358501953125 0.74738067578125 0.58041743359375 0.74272409765625 0.5687538359375 0.72060535546875 0.561387353515625 0.726426076171875 0.550337630859375 0.725261931640625 0.53161448828125 0.738649591796875 0.530386740234375 0.7514551796875 0.540208716796875 0.767753201171875 0.55064456640625 0.80384167578125 0.550030693359375 0.825960419921875 0.5555555546875 0.8341094296875 0.572130140625 0.880675203125 0.57704112890625 0.88183934765625 0.57704112890625 0.867869615234375 0.58041743359375 0.855646099609375 0.583179865234375 0.901629802734375 0.6019030078125 0.937136205078125 0.6154082265625 0.9534342265625 0.637507673828125 0.99650756640625 0.65592387890625 0.99883585546875 0.65991405859375 0.994761349609375 0.661755677734375 0.877182771484375 0.662369552734375 0.869033759765625 0.666973603515625 0.862630966796875 0.66605279296875 0.994761349609375 0.6807857578125 0.998253783203125 0.744321669921875 0.9976717109375 0.753836708984375 0.99126891796875 0.7532228359375 0.98311990625 0.749232658203125 0.9778812578125
0 0.819521177734375 0.6245634453125 0.821976671875 0.6047729921875 0.827808470703125 0.598370197265625 0.834561080078125 0.600698486328125 0.843155310546875 0.626309662109375 0.8453038671875 0.610593712890625 0.862799263671875 0.585564609375 0.894106814453125 0.5925494765625 0.905463474609375 0.602444703125 0.908532841796875 0.621071013671875 0.913750767578125 0.632130384765625 0.927255984375 0.63562281640625 0.945058318359375 0.625145517578125 0.95887047265625 0.588474970703125 0.967771638671875 0.575087310546875 0.977900552734375 0.5803259609375 0.979742173828125 0.60360884765625 0.98496009765625 0.62048894140625 0.993861263671875 0.5803259609375 0.989257212890625 0.56693830078125 0.97206875390625 0.571594876953125 0.966543892578125 0.557625146484375 0.956108041015625 0.555296857421875 0.94935543359375 0.548311990234375 0.89963167578125 0.555296857421875 0.8585021484375 0.549476134765625 0.849907919921875 0.551804423828125 0.84376918359375 0.56228172265625 0.84008594140625 0.556461001953125 0.835788828125 0.56228172265625 0.822897482421875 0.5587892890625 0.816144875 0.5634458671875 0.800184162109375 0.5634458671875 0.796500919921875 0.557625146484375 0.7928176796875 0.5634458671875 0.768876611328125 0.56577415625 0.76519337109375 0.571594876953125 0.744321669921875 0.55995343359375 0.725905462890625 0.56461001171875 0.70564763671875 0.561117578125 0.701657458984375 0.566356228515625 0.696746470703125 0.586146681640625 0.69613259765625 0.602444703125 0.703499080078125 0.617578580078125 0.706261509765625 0.64260768359375 0.72529158984375 0.648428404296875 0.72866789453125 0.65599534375 0.729281767578125 0.667636787109375 0.735727439453125 0.6728754375 0.7400245546875 0.67171129296875 0.75168815234375 0.654249126953125 0.7596685078125 0.650756693359375 0.770104359375 0.656577416015625 0.7728667890625 0.669965076171875 0.777163904296875 0.672293365234375 0.792203806640625 0.657741560546875 0.816144875 0.654249126953125 0.82074892578125 0.640861466796875 0.819521177734375 0.6245634453125
0 0.95580110546875 0.9318975546875 0.952731736328125 0.90861466796875 0.942909759765625 0.8783469140625 0.9441375078125 0.8632130390625 0.9570288515625 0.841094294921875 0.96224677734375 0.8172293359375 0.945058318359375 0.809080326171875 0.925414365234375 0.782305005859375 0.90638428515625 0.783469150390625 0.9042357265625 0.789871943359375 0.90791896875 0.8050058203125 0.90331491796875 0.812572759765625 0.897176181640625 0.812572759765625 0.887354205078125 0.7927823046875 0.8781461015625 0.79394644921875 0.8713934921875 0.78928987109375 0.86709637890625 0.7729918515625 0.855739716796875 0.7607683359375 0.855739716796875 0.75029103515625 0.8523634140625 0.741559953125 0.836095763671875 0.7293364375 0.83364026953125 0.7072176953125 0.836709638671875 0.693247962890625 0.835174953125 0.6903376015625 0.82903621875 0.6903376015625 0.822897482421875 0.700814900390625 0.800184162109375 0.700814900390625 0.785144259765625 0.7072176953125 0.788827501953125 0.71071012890625 0.794966236328125 0.73282887109375 0.796193984375 0.75960419140625 0.80294659375 0.766589056640625 0.80386740234375 0.813736904296875 0.815531 0.8172293359375 0.8253529765625 0.833527357421875 0.84683855078125 0.828870779296875 0.856046654296875 0.833527357421875 0.864027009765625 0.8416763671875 0.878759974609375 0.87427241015625 0.89287906640625 0.87427241015625 0.897483119140625 0.88533178125 0.89993861328125 0.91327124609375 0.90270104296875 0.92083818359375 0.914364640625 0.932479626953125 0.921731123046875 0.946449359375 0.938612646484375 0.949359720703125 0.947206875 0.93771827734375 0.94874155859375 0.9289871953125 0.953038673828125 0.937136205078125 0.95580110546875 0.9318975546875
0 1 0.000582072265625 0.559852669921875 0.000582072265625 0.56077348046875 0.013969732421875 0.565070595703125 0.00349243359375 0.5693677109375 0.00349243359375 0.57704112890625 0.01571594921875 0.579496623046875 0.030849826171875 0.58348680078125 0.034924330078125 0.60988336328125 0.0221187421875 0.650399017578125 0.033760185546875 0.66942909765625 0.02328288671875 0.688459177734375 0.02444703125 0.729588705078125 0.037252619140625 0.745549416015625 0.034924330078125 0.749232658203125 0.029103609375 0.76519337109375 0.032596041015625 0.783609576171875 0.02793946484375 0.80448127734375 0.00582072265625 0.811847759765625 0.017462166015625 0.82044198828125 0.018626310546875 0.82719459765625 0.02561117578125 0.834561080078125 0.013969732421875 0.839472068359375 0.013969732421875 0.844383056640625 0.02561117578125 0.85052179296875 0.012805587890625 0.856046654296875 0.010477298828125 0.861264580078125 0.020372525390625 0.860650705078125 0.036670546875 0.857581337890625 0.04481955859375 0.859116021484375 0.05238649609375 0.86372007421875 0.050640279296875 0.86709637890625 0.033760185546875 0.86985880859375 0.03783469140625 0.86985880859375 0.052968568359375 0.8720073671875 0.05704307421875 0.882750154296875 0.0587892890625 0.892572130859375 0.050640279296875 0.893799876953125 0.029685681640625 0.8984039296875 0.018626310546875 0.90638428515625 0.032596041015625 0.91620626171875 0.017462166015625 0.925414365234375 0.012805587890625 0.94260282421875 0.029103609375 0.945058318359375 0.04540162890625 0.947206875 0.041327125 0.94904849609375 0.01571594921875 0.9573357890625 0.008149009765625 0.970841005859375 0.015133876953125 0.974831185546875 0.022700814453125 0.974217310546875 0.036670546875 0.98496009765625 0.041909197265625 0.98864333984375 0.03026775390625 1 0.01571594921875 1 0.000582072265625
0 0.076427255859375 0 0.071209330078125 0.0145518046875 0.08072437109375 0.03026775390625 0.1154082265625 0.03317811328125 0.14333947265625 0.018626310546875 0.152547576171875 0.018626310546875 0.155310005859375 0.01571594921875 0.155310005859375 0.005238650390625 0.151933701171875 0 0.10712093359375 0 0.105893185546875 0.006984865234375 0.104051564453125 0 0.097912830078125 0 0.09668508203125 0.006984865234375 0.089932474609375 0.00116414453125 0.086249232421875 0.008149009765625 0.08379373828125 0 0.076427255859375 0
0 0.216390423828125 0.036088474609375 0.2200736640625 0.0512223515625 0.23173726171875 0.0512223515625 0.234499693359375 0.03783469140625 0.24155923828125 0.02561117578125 0.252608962890625 0.029103609375 0.262430939453125 0.019790453125 0.27655003125 0.019790453125 0.280540208984375 0.0145518046875 0.27593615625 0.00116414453125 0.2661141796875 0.0023282890625 0.256292203125 0.00582072265625 0.243400859375 0.0221187421875 0.239717619140625 0.0221187421875 0.234499693359375 0.01571594921875 0.232351134765625 0.0023282890625 0.228054021484375 0.00116414453125 0.207796193359375 0.00582072265625 0.19551872265625 0.02328288671875 0.16912216015625 0.0221187421875 0.17065684375 0.054132712890625 0.183548189453125 0.056461001953125 0.1936771015625 0.05471478515625 0.19582566015625 0.03550640234375 0.19920196484375 0.029103609375 0.216390423828125 0.036088474609375
0 0.51780233203125 0.084982537109375 0.51350521875 0.0803259609375 0.50184162109375 0.07916181640625 0.485880908203125 0.08265425 0.480969919921875 0.088474970703125 0.447206875 0.07683352734375 0.437998771484375 0.07916181640625 0.43400859375 0.08905704296875 0.43400859375 0.1123399296875 0.43922651953125 0.13271245703125 0.443523634765625 0.12339930078125 0.464395333984375 0.118742724609375 0.466850828125 0.143189755859375 0.467771638671875 0.119324796875 0.471147943359375 0.114086146484375 0.48649478125 0.111757857421875 0.49815837890625 0.118742724609375 0.49846531640625 0.123981373046875 0.494475138671875 0.12572758984375 0.48864333984375 0.1414435390625 0.504297115234375 0.146682189453125 0.517495396484375 0.1414435390625 0.51442602734375 0.134458673828125 0.51442602734375 0.119324796875 0.51780233203125 0.110593712890625 0.52148557421875 0.116414435546875 0.543585021484375 0.115250291015625 0.548189072265625 0.1123399296875 0.548496009765625 0.10360884765625 0.55402087109375 0.10360884765625 0.5687538359375 0.116414435546875 0.585328421875 0.118742724609375 0.585635359375 0.126309662109375 0.5785758125 0.13038416796875 0.575199509765625 0.14027939453125 0.5785758125 0.145518044921875 0.596378146484375 0.143189755859375 0.624309392578125 0.14726426171875 0.627378759765625 0.1414435390625 0.626151013671875 0.1169965078125 0.61049723828125 0.083818392578125 0.51780233203125 0.084982537109375
0 1 0.18917345703125 0.992940455078125 0.187427240234375 0.98864333984375 0.167636787109375 0.9702271328125 0.1734575078125 0.940147330078125 0.172293365234375 0.937077962890625 0.162980208984375 0.92602823828125 0.1583236328125 0.925414365234375 0.1490104765625 0.931553099609375 0.1490104765625 0.937998771484375 0.14260768359375 0.93554327734375 0.134458673828125 0.940454265625 0.126309662109375 0.93953345703125 0.118742724609375 0.902087169921875 0.116414435546875 0.8984039296875 0.121071013671875 0.8947206875 0.116414435546875 0.890423572265625 0.12805587890625 0.878759974609375 0.13271245703125 0.8652547578125 0.12223515625 0.803253529296875 0.115250291015625 0.7992633515625 0.12048894140625 0.798649478515625 0.1414435390625 0.795273173828125 0.143189755859375 0.769490484375 0.1315483125 0.7661141796875 0.126309662109375 0.763965623046875 0.1047729921875 0.744321669921875 0.089639115234375 0.64978514453125 0.083818392578125 0.64456721875 0.09138533203125 0.650092080078125 0.11466821875 0.655616943359375 0.119324796875 0.651012890625 0.12223515625 0.64456721875 0.1414435390625 0.638428484375 0.149592548828125 0.64333947265625 0.168218859375 0.64333947265625 0.178696158203125 0.640577041015625 0.1827706640625 0.62338858203125 0.18393480859375 0.612338857421875 0.192083818359375 0.609576427734375 0.199650755859375 0.616022099609375 0.2316647265625 0.625230203125 0.23282887109375 0.63014119140625 0.246798603515625 0.64671577734375 0.25261932421875 0.648864333984375 0.259022119140625 0.6476365859375 0.2706635625 0.642111724609375 0.279976716796875 0.639349294921875 0.294528521484375 0.625537138671875 0.29860302734375 0.62676488671875 0.310244470703125 0.632289748046875 0.32305005859375 0.640577041015625 0.3271245625 0.643953345703125 0.333527357421875 0.643646408203125 0.339930150390625 0.630755064453125 0.33643771875 0.627685697265625 0.331781140625 0.62031921484375 0.3387660078125 0.61817065625 0.335855646484375 0.619398404296875 0.327706634765625 0.611111111328125 0.3119906875 0.61019030078125 0.32072176953125 0.61387354296875 0.333527357421875 0.611724984375 0.343422583984375 0.60374462890625 0.342258439453125 0.59699201953125 0.33527357421875 0.594843462890625 0.34051222265625 0.596378146484375 0.35972060546875 0.608041744140625 0.35972060546875 0.61970533984375 0.38649592578125 0.62369551953125 0.387077998046875 0.624923265625 0.410360884765625 0.627071822265625 0.41327124609375 0.638735419921875 0.4121071015625 0.643646408203125 0.400465658203125 0.649171271484375 0.398137369140625 0.65960712109375 0.398137369140625 0.67065684375 0.4121071015625 0.677409453125 0.398137369140625 0.686617556640625 0.394644935546875 0.69766728125 0.41327124609375 0.726519337890625 0.422584400390625 0.734499693359375 0.4365541328125 0.74493554296875 0.4365541328125 0.757213013671875 0.43306169921875 0.76519337109375 0.424912689453125 0.768876611328125 0.4121071015625 0.7731737265625 0.41327124609375 0.776856966796875 0.4074505234375 0.791589931640625 0.40628637890625 0.803253529296875 0.420256111328125 0.82105586328125 0.417927822265625 0.823204419921875 0.412689173828125 0.821362798828125 0.39639115234375 0.823204419921875 0.384749708984375 0.831491712890625 0.37951105859375 0.836095763671875 0.3952270078125 0.8321055859375 0.40628637890625 0.826273787109375 0.410360884765625 0.825046041015625 0.4196740390625 0.8321055859375 0.43073341015625 0.839472068359375 0.43306169921875 0.848066298828125 0.428405123046875 0.85727440234375 0.43538998828125 0.86341313671875 0.448195576171875 0.87016574609375 0.448195576171875 0.888581951171875 0.4412107109375 0.915592388671875 0.442374853515625 0.92234499609375 0.43073341015625 0.927255984375 0.429569265625 0.9376918359375 0.43538998828125 0.9444444453125 0.448195576171875 0.967771638671875 0.451688009765625 0.9736034375 0.491850990234375 0.974217310546875 0.483701978515625 0.980969919921875 0.47555296875 0.984039287109375 0.44761350390625 1 0.42782305078125 1 0.18917345703125
0 0.4966236953125 0.348661234375 0.519030080078125 0.342258439453125 0.533763044921875 0.343422583984375 0.530386740234375 0.327706634765625 0.530693677734375 0.30849825390625 0.546040515625 0.30616996484375 0.553406998046875 0.289871943359375 0.566298341796875 0.28172293359375 0.5755064453125 0.28172293359375 0.581031306640625 0.271245634765625 0.586556169921875 0.271245634765625 0.58410067578125 0.25378346875 0.576734193359375 0.249126892578125 0.558317986328125 0.25261932421875 0.5491098828125 0.247962748046875 0.545426642578125 0.25261932421875 0.525782689453125 0.2561117578125 0.505524861328125 0.25378346875 0.50491098828125 0.244470314453125 0.48158379296875 0.245634458984375 0.47851442578125 0.25727590234375 0.474831185546875 0.249126892578125 0.472989564453125 0.2561117578125 0.466850828125 0.26193248046875 0.451503990234375 0.2607683359375 0.437077962890625 0.2683352734375 0.44536525390625 0.273573923828125 0.45887047265625 0.271245634765625 0.473910375 0.29860302734375 0.477593615234375 0.312572759765625 0.4705340703125 0.3294528515625 0.46531614453125 0.333527357421875 0.46531614453125 0.3416763671875 0.472682626953125 0.357974388671875 0.4769797421875 0.380093130859375 0.476365869140625 0.39639115234375 0.479435236328125 0.41850989453125 0.476365869140625 0.432479626953125 0.47882136328125 0.441792783203125 0.484346224609375 0.44761350390625 0.484039287109375 0.45518044140625 0.491098833984375 0.456926658203125 0.497237568359375 0.4534342265625 0.4996930625 0.432479626953125 0.497851443359375 0.42665890625 0.4966236953125 0.348661234375
0 0.47206875390625 0.19383003515625 0.474524248046875 0.177532013671875 0.470841005859375 0.16472642578125 0.4702271328125 0.149592548828125 0.47513812109375 0.14260768359375 0.475751994140625 0.127473806640625 0.481276857421875 0.1123399296875 0.477900552734375 0.10826542578125 0.476058931640625 0.115250291015625 0.4732965 0.11350407421875 0.477593615234375 0.098370197265625 0.47544505859375 0.083818392578125 0.466236955078125 0.083818392578125 0.451503990234375 0.07450523828125 0.43554327734375 0.07683352734375 0.434622466796875 0.11117578515625 0.431553099609375 0.128637951171875 0.441988951171875 0.149592548828125 0.43431553125 0.15483119921875 0.43400859375 0.16472642578125 0.43922651953125 0.168800931640625 0.44874155859375 0.156577416015625 0.4438305703125 0.148428404296875 0.4441375078125 0.1292200234375 0.451503990234375 0.1245634453125 0.46224677734375 0.1367869609375 0.46040515625 0.156577416015625 0.46224677734375 0.1658905703125 0.457949662109375 0.178696158203125 0.4573357890625 0.225261931640625 0.459791283203125 0.236903376953125 0.46193983984375 0.2270081484375 0.467464703125 0.22817229296875 0.473910375 0.21827706640625 0.47206875390625 0.19383003515625
0 0.552793125 0.161816064453125 0.55432780859375 0.156577416015625 0.55125844140625 0.14260768359375 0.546654388671875 0.137369033203125 0.51841620703125 0.137369033203125 0.5098219765625 0.13271245703125 0.4966236953125 0.1461001171875 0.4963167578125 0.15017462109375 0.5098219765625 0.161816064453125 0.515653775390625 0.156577416015625 0.51442602734375 0.1658905703125 0.510435849609375 0.167636787109375 0.5098219765625 0.172293365234375 0.5233271953125 0.1734575078125 0.525782689453125 0.166472642578125 0.532535296875 0.165308498046875 0.533149171875 0.17694994140625 0.523634130859375 0.175203724609375 0.525168814453125 0.18160651953125 0.527317373046875 0.181024447265625 0.538674033203125 0.17927823046875 0.542050337890625 0.175203724609375 0.54481276953125 0.161816064453125 0.552793125 0.161816064453125
0 0.3910374453125 0.380093130859375 0.38674033203125 0.34982537890625 0.392265193359375 0.3416763671875 0.39656230859375 0.313736904296875 0.391958255859375 0.30151338671875 0.38152240625 0.299185099609375 0.369244935546875 0.2805587890625 0.364333947265625 0.294528521484375 0.359116021484375 0.29860302734375 0.3585021484375 0.306752037109375 0.365561693359375 0.323632130859375 0.37016574609375 0.327706634765625 0.369551873046875 0.334691501953125 0.373848986328125 0.339348080078125 0.3781461015625 0.356810244140625 0.37691835546875 0.380093130859375 0.3713934921875 0.388242142578125 0.37323511328125 0.41850989453125 0.375383671875 0.400465658203125 0.388275015625 0.398137369140625 0.390423572265625 0.39406286328125 0.3910374453125 0.380093130859375
0 0.348373234375 0.35972060546875 0.3419275625 0.356810244140625 0.3449969296875 0.34400465625 0.348680171875 0.34284051171875 0.341620626953125 0.33294528515625 0.33732351171875 0.33527357421875 0.329957029296875 0.33061699609375 0.3321055859375 0.3509895234375 0.326273787109375 0.35739231640625 0.32044198828125 0.3509895234375 0.31737262109375 0.34284051171875 0.31737262109375 0.328870779296875 0.31399631640625 0.325960419921875 0.31062001171875 0.34051222265625 0.304788212890625 0.350407451171875 0.29803560546875 0.351571595703125 0.291896869140625 0.3585564609375 0.285144259765625 0.3585564609375 0.282688765625 0.3538998828125 0.279005525390625 0.35972060546875 0.242786986328125 0.35972060546875 0.2338858203125 0.364959255859375 0.240945365234375 0.380675203125 0.252302025390625 0.389406287109375 0.255985267578125 0.405704306640625 0.25475751953125 0.4196740390625 0.25813382421875 0.424912689453125 0.295580111328125 0.426076833984375 0.304788212890625 0.417927822265625 0.313382443359375 0.428405123046875 0.321976671875 0.429569265625 0.32872928125 0.423748544921875 0.349907919921875 0.431315482421875 0.362799263671875 0.41734575 0.361571515625 0.39173457421875 0.351135666015625 0.37194412109375 0.348373234375 0.35972060546875
0 0.019337015625 0.41559953515625 0.023634130859375 0.443538998046875 0.07090239453125 0.38533178125 0.07888275 0.392316646484375 0.085021486328125 0.389988359375 0.0954573359375 0.395809080078125 0.097912830078125 0.3830034921875 0.107427869140625 0.385913853515625 0.104358501953125 0.39871944140625 0.105893185546875 0.4074505234375 0.121240025390625 0.405122234375 0.13351749609375 0.40861466796875 0.139349294921875 0.4243306171875 0.138735419921875 0.434807916015625 0.1414978515625 0.444703142578125 0.17587476953125 0.45518044140625 0.183855125 0.452852154296875 0.1942909765625 0.445867287109375 0.208410068359375 0.422584400390625 0.21516267578125 0.420256111328125 0.222836095703125 0.410360884765625 0.224677716796875 0.364959255859375 0.22375690625 0.36088475 0.194904849609375 0.35972060546875 0.13290362109375 0.369033759765625 0.07888275 0.367869615234375 0.059852669921875 0.376018626953125 0.054941681640625 0.393480791015625 0.05095150390625 0.388242142578125 0.046961326171875 0.369033759765625 0.02793124609375 0.367869615234375 0.02117863671875 0.374854482421875 0.002762431640625 0.372526193359375 0 0.37427241015625 0.000613873046875 0.462747380859375 0.007673419921875 0.46216530859375 0.017188458984375 0.4511059375 0.017188458984375 0.4243306171875 0.019337015625 0.41559953515625