1 0.6044921875 0.6865234375 0.3515625 0.32421875
1 0.24609375 0.61328125 0.1796875 0.17578125
1 0.7080078125 0.5009765625 0.26171875 0.19140625
1 0.435546875 0.361328125 0.236328125 0.146484375
1 0.4248046875 0.408203125 0.15625 0.109375
1 0.2060546875 0.462890625 0.2265625 0.140625
1 0.05078125 0.572265625 0.1015625 0.1328125
1 0.943359375 0.52734375 0.11328125 0.203125
1 0.8818359375 0.58203125 0.162109375 0.16015625
1 0.943359375 0.384765625 0.109375 0.150390625
1 0.939453125 0.291015625 0.07421875 0.08203125
1 0.7802734375 0.36328125 0.171875 0.15625
1 0.6630859375 0.4111328125 0.11328125 0.0859375
1 0.576171875 0.333984375 0.076171875 0.1015625
1 0.646484375 0.267578125 0.060546875 0.048828125
1 0.669921875 0.236328125 0.103515625 0.0703125
1 0.55859375 0.2626953125 0.080078125 0.0625
1 0.2109375 0.3828125 0.123046875 0.0703125
1 0.8525390625 0.2490234375 0.1015625 0.091796875
1 0.724609375 0.0712890625 0.06640625 0.078125
0 1 0.844519501953125 0.96245887109375 0.84749220703125 0.953760984375 0.8416498984375 0.926682025390625 0.840278 0.921071712890625 0.83020327734375 0.900909314453125 0.82146515234375 0.8988567890625 0.811377763671875 0.881422484375 0.791709296875 0.852749984375 0.790618380859375 0.84059530078125 0.729451083984375 0.836727787109375 0.724601044921875 0.827116794921875 0.724451728515625 0.820676791015625 0.703459333984375 0.791662384765625 0.656943494140625 0.78697153125 0.608597416015625 0.789428423828125 0.60078821875 0.77252678515625 0.522017986328125 0.774357861328125 0.537061744140625 0.773212087890625 0.55385973046875 0.76332989453125 0.55683155859375 0.750796671875 0.5867014296875 0.7491806875 0.599279671875 0.755078287109375 0.626514357421875 0.75176926171875 0.63570313671875 0.76504241015625 0.66593996875 0.765186796875 0.645015900390625 0.773895904296875 0.644709578125 0.777763421875 0.6495596171875 0.77942280078125 0.67139496484375 0.78459021484375 0.691382419921875 0.78414731640625 0.70129515625 0.797004876953125 0.755577201171875 0.796030798828125 0.765583599609375 0.803931173828125 0.80107044921875 0.80146305859375 0.815028275390625 0.804395029296875 0.837868560546875 0.801357203125 0.843936197265625 0.7838843671875 0.81628387890625 0.730357130859375 0.81711686328125 0.726378890625 0.814745009765625 0.71923601171875 0.800637865234375 0.705857009765625 0.799308955078125 0.7011983359375 0.791525095703125 0.67015722265625 0.808062451171875 0.66294215234375 0.80441734375 0.65911316796875 0.80755115625 0.654343767578125 0.802245478515625 0.61366435546875 0.804501037109375 0.55536771875 0.80002834765625 0.538491904296875 0.79439869921875 0.527536130859375 0.8037064765625 0.520221556640625 0.796390923828125 0.506731828125 0.7975401953125 0.50154197265625 0.789849998046875 0.4806157265625 0.79231053125 0.471386658203125 0.7865618828125 0.46357943359375 0.787323841796875 0.46104548046875 0.7791653359375 0.46756402734375 0.75711733203125 0.4646593671875 0.7484095234375 0.45686336328125 0.74302285546875 0.452647587890625 0.725326259765625 0.461440109375 0.708409275390625 0.491773474609375 0.67232743359375 0.511051564453125 0.641882923828125 0.520303072265625 0.63533431640625 0.528403939453125 0.619153953125 0.546497724609375 0.597523580078125 0.552661654296875 0.5952073828125 0.558958755859375 0.578115744140625 0.574817091796875 0.559338201171875 0.60053518359375 0.549886087890625 0.607982923828125 0.54242619921875 0.61246503515625 0.530571912109375 0.620975134765625 0.522924701171875 0.6225911171875 0.510346458984375 0.63248453125 0.501226001953125 0.64069612109375 0.48256745703125 0.640768314453125 0.472105421875 0.6350585 0.4583602578125 0.618946537109375 0.44153194921875 0.611156884765625 0.4035669140625 0.61552826953125 0.3941908125 0.613735724609375 0.38713090625 0.59607996875 0.3724188046875 0.571523744140625 0.385354041015625 0.55406064453125 0.410561197265625 0.539409052734375 0.40822734765625 0.53769356640625 0.41713514453125 0.533123173828125 0.419170357421875 0.512628603515625 0.417866783203125 0.509590779296875 0.42393441796875 0.50908690625 0.4381605625 0.495574736328125 0.451607091796875 0.47293300390625 0.462975419921875 0.462209900390625 0.461178201171875 0.456145470703125 0.467164845703125 0.401888046875 0.460750603515625 0.397091337890625 0.441312447265625 0.392792146484375 0.440226515625 0.393140408203125 0.453073072265625 0.39652649609375 0.459851994140625 0.396149439453125 0.49188105859375 0.4049790078125 0.54195603125 0.409427453125 0.54854762890625 0.417289298828125 0.576050630859375 0.433855380859375 0.576817572265625 0.436981490234375 0.58056901171875 0.4486547421875 0.643665193359375 0.43338855859375 0.658035669921875 0.395365044921875 0.659822919921875 0.386063783203125 0.66453630859375 0.413825076171875 0.815766158203125 0.412801248046875 0.82393733203125 0.405647150390625 0.815978818359375 0.37511923046875 0.667695458984375 0.37051030859375 0.661746822265625 0.361010041015625 0.659119318359375 0.34839637109375 0.5875836484375 0.352297548828125 0.573987798828125 0.3867023046875 0.57652662109375 0.3901991171875 0.580827359375 0.397906837890625 0.576394955078125 0.39910236328125 0.561432193359375 0.396358181640625 0.55208142578125 0.399136025390625 0.542986306640625 0.389465546875 0.488142291015625 0.381122275390625 0.462568173828125 0.3795623984375 0.444403271484375 0.370914263671875 0.440396185546875 0.35852055859375 0.42291225 0.34301683203125 0.421957984375 0.340211677734375 0.416920625 0.338801056640625 0.404261388671875 0.33400921484375 0.411252970703125 0.311389921875 0.410324041015625 0.306537107421875 0.421629029296875 0.3068243984375 0.4387889921875 0.304638705078125 0.443477044921875 0.29678173046875 0.44240378125 0.295597423828125 0.451217916015625 0.280934611328125 0.4550326953125 0.27189333203125 0.462773568359375 0.275505732421875 0.491025859375 0.270802173828125 0.507836515625 0.274708220703125 0.520670404296875 0.286742443359375 0.53145641015625 0.315292998046875 0.541174138671875 0.327160390625 0.58518147265625 0.332399998046875 0.59470689453125 0.3387131875 0.597896365234375 0.324210849609375 0.601068181640625 0.32418840625 0.613365439453125 0.31971751953125 0.61907109765625 0.315047623046875 0.6174358671875 0.312059548828125 0.625338724609375 0.30771060546875 0.6224175703125 0.306885783203125 0.637929634765625 0.31373501953125 0.667455181640625 0.313402845703125 0.674889732421875 0.321811958984375 0.7225801796875 0.3261384609375 0.737798591796875 0.33398421484375 0.745020484375 0.334072498046875 0.754839556640625 0.34542480078125 0.819221662109375 0.357109275390625 0.876169216796875 0.355642548828125 0.894253125 0.3493630234375 0.87261776953125 0.34633155078125 0.8461070390625 0.333706662109375 0.78071999609375 0.329169931640625 0.764309322265625 0.321125169921875 0.749746541015625 0.324013740234375 0.73817323828125 0.316965498046875 0.70130680078125 0.306718955078125 0.6711509609375 0.297496240234375 0.63282394921875 0.29211224609375 0.64422259765625 0.292361005859375 0.6533987109375 0.285134712890625 0.65590223046875 0.277133349609375 0.675753037109375 0.272834158203125 0.67466710546875 0.27127428125 0.656502203125 0.267727716796875 0.650366244140625 0.265630306640625 0.66487337109375 0.270919666015625 0.676234013671875 0.268512525390625 0.685878431640625 0.25574176171875 0.7004235625 0.247851123046875 0.717796185546875 0.240624830078125 0.720299705078125 0.237105578125 0.7282962265625 0.229243734375 0.700793224609375 0.22747362890625 0.681436060546875 0.2229754296875 0.673009240234375 0.2065200703125 0.66976411328125 0.194192205078125 0.674396509765625 0.1886813984375 0.667992232421875 0.182406740234375 0.672786615234375 0.1828159765625 0.681319765625 0.177592458984375 0.692075451171875 0.1695750078125 0.691645150390625 0.166665478515625 0.656507607421875 0.172160197265625 0.642630775390625 0.178224626953125 0.6366441328125 0.17892750390625 0.629758880859375 0.17098224609375 0.618866544921875 0.166678185546875 0.591350875 0.158954375 0.575502169921875 0.15828516015625 0.56394153515625 0.17179733203125 0.550495005859375 0.184977328125 0.54448302734375 0.23403367578125 0.549355697265625 0.245482099609375 0.53197040625 0.24241696484375 0.5239055625 0.241797501953125 0.51418015234375 0.225525060546875 0.4979948046875 0.154744951171875 0.525227208984375 0.11949928515625 0.51791933984375 0.1102814375 0.506022064453125 0.101362103515625 0.505136125 0.090284384765625 0.52307071484375 0.086709025390625 0.561810380859375 0.048220173828125 0.585807623046875 0.0319638203125 0.58990338671875 0.029506927734375 0.597712583984375 0.018241423828125 0.60215765625 0.0159947578125 0.61115911328125 0.0121760859375 0.6127983515625 0.080450185546875 1 0.338939578125 1 0.338736453125 0.992507203125 0.334941130859375 0.977195130859375 0.332246701171875 0.9696795859375 0.328948896484375 0.97271973828125 0.326995873046875 0.966302794921875 0.331356037109375 0.963075318359375 0.32958593359375 0.94371815625 0.33369733984375 0.931314568359375 0.33586058984375 0.938923775390625 0.335505974609375 0.95865558203125 0.344589876953125 1 0.54374433203125 1 1 0.919549814453125 1 0.844519501953125
0 0.808512373046875 0.58943255859375 0.797960966796875 0.58084375 0.801640697265625 0.572204271484375 0.806731046875 0.5762240234375 0.8081094921875 0.548321041015625 0.79423783984375 0.55506964453125 0.788085126953125 0.551237212890625 0.788731900390625 0.57509510546875 0.793567138671875 0.60251711328125 0.808512373046875 0.58943255859375
0 0.623508677734375 0.327629158203125 0.619824080078125 0.30983890234375 0.62263558984375 0.282297896484375 0.61645556640625 0.264332986328125 0.61294753515625 0.266180875 0.603718466796875 0.260432228515625 0.60100159375 0.265213943359375 0.607584498046875 0.32429037109375 0.60953751953125 0.330707314453125 0.6127743515625 0.331980568359375 0.623508677734375 0.327629158203125
0 0.898152673828125 0.207900869140625 0.89482755859375 0.196808541015625 0.878139529296875 0.204668412109375 0.862696779296875 0.199400740234375 0.85817126953125 0.1768414375 0.857463525390625 0.157296953125 0.844798619140625 0.14293416015625 0.83853518359375 0.1415799140625 0.82025361328125 0.14972076953125 0.81913028125 0.15422149609375 0.819428791015625 0.16523283203125 0.82534883203125 0.180170259765625 0.826908708984375 0.198335162109375 0.83128496484375 0.215388794921875 0.889913771484375 0.212426935546875 0.8972893203125 0.21542908203125 0.900553462890625 0.230834814453125 0.898152673828125 0.207900869140625
0 0.7059893515625 0.377625416015625 0.7108036328125 0.358336580078125 0.716004708984375 0.3598781484375 0.72239008984375 0.352605583984375 0.72914130859375 0.31945258203125 0.73478528125 0.3110814140625 0.749138361328125 0.3024039296875 0.75712850390625 0.28870175390625 0.817660583984375 0.29032161328125 0.82509710546875 0.28901035546875 0.828666109375 0.28284905859375 0.813295552734375 0.2671193515625 0.810264080078125 0.24060862109375 0.796686068359375 0.231938818359375 0.793831162109375 0.225066236328125 0.795225697265625 0.21744436328125 0.790058283203125 0.197456904296875 0.784386998046875 0.19169558984375 0.779816607421875 0.1937308046875 0.77610956640625 0.188237806640625 0.766338099609375 0.18873144921875 0.76286859765625 0.198563189453125 0.763947046875 0.2186569765625 0.757561666015625 0.22592954296875 0.753289783203125 0.23897608984375 0.739567384765625 0.251230359375 0.73943421875 0.26600580078125 0.73456531640625 0.2570296796875 0.725844986328125 0.263484630859375 0.716306189453125 0.252873275390625 0.7125879296875 0.253528904296875 0.71040223828125 0.25821695703125 0.712084060546875 0.267755046875 0.7089355078125 0.276300865234375 0.679632326171875 0.271633169921875 0.673136220703125 0.28138391796875 0.653792291015625 0.28971209375 0.653365482421875 0.3199059375 0.648562419921875 0.333046146484375 0.657724162109375 0.37568656640625 0.700306845703125 0.37801273046875 0.7059893515625 0.377625416015625
0 0.878855939453125 0.5395345234375 0.869201546875 0.5049716171875 0.87536548046875 0.502655419921875 0.87911740234375 0.48355390625 0.887085103515625 0.482148984375 0.89312708984375 0.488459599609375 0.89621466796875 0.484227185546875 0.89768139453125 0.466143275390625 0.907841140625 0.427471939453125 0.906911947265625 0.4128838203125 0.90164503125 0.389225919921875 0.905076 0.37141032421875 0.902984943359375 0.353339083984375 0.914306552734375 0.3181508671875 0.908010939453125 0.276234404296875 0.9049955546875 0.27000478125 0.90248891015625 0.275978755859375 0.904259015625 0.295335919921875 0.895776224609375 0.317115611328125 0.882386 0.321935328125 0.8762332890625 0.318102896484375 0.871873125 0.32133037109375 0.86689349609375 0.31483243359375 0.85308281640625 0.31726762890625 0.851959482421875 0.321768359375 0.86224942578125 0.386337787109375 0.860484189453125 0.393410361328125 0.8533076484375 0.397749103515625 0.860301271484375 0.406350578125 0.85724100390625 0.42471547265625 0.85215065234375 0.42069571875 0.8500147109375 0.427218994140625 0.84119487890625 0.43000349609375 0.833304240234375 0.44737612109375 0.82600088671875 0.4339119375 0.824755607421875 0.44703948046875 0.826625216796875 0.470067087890625 0.821462671875 0.4765093671875 0.818784330078125 0.48927493359375 0.807706611328125 0.5072095234375 0.7823206953125 0.509227087890625 0.782569453125 0.51840319921875 0.788207072265625 0.542610400390625 0.791294650390625 0.538377986328125 0.795322642578125 0.542585064453125 0.80870164453125 0.543913974609375 0.81350470703125 0.530773765625 0.83240573828125 0.532358322265625 0.8342207265625 0.52712097265625 0.83887940234375 0.53490483203125 0.872902234375 0.543042984375 0.878855939453125 0.5395345234375