1 0.6630859375 0.6376953125 0.228515625 0.287109375
1 0.453125 0.5205078125 0.267578125 0.275390625
1 0.369140625 0.3173828125 0.392578125 0.404296875
1 0.544921875 0.1005859375 0.2734375 0.201171875
1 0.7880859375 0.4365234375 0.134765625 0.21484375
1 0.6259765625 0.3037109375 0.08984375 0.10546875
1 0.919921875 0.203125 0.126953125 0.125
0 0.704262107421875 0.880034248046875 0.732956427734375 0.829462775390625 0.7383920234375 0.80868034765625 0.7411835078125 0.786152814453125 0.751334765625 0.7687596328125 0.763466537109375 0.713349423828125 0.7738167890625 0.678087083984375 0.7802107265625 0.648521509765625 0.77919091015625 0.642586751953125 0.774829107421875 0.640538775390625 0.77389283203125 0.630782123046875 0.782294486328125 0.6233114375 0.7932811328125 0.567699310546875 0.79074262109375 0.54359251953125 0.76920394140625 0.538515794921875 0.765935642578125 0.530266255859375 0.75470308984375 0.527006779296875 0.752579916015625 0.518959158203125 0.736631701171875 0.51231043359375 0.728136654296875 0.51528858984375 0.7317489609375 0.51656497265625 0.73479855859375 0.52605482421875 0.7538282890625 0.53196802734375 0.7565240234375 0.540116607421875 0.773315125 0.552029455078125 0.7741162421875 0.559204525390625 0.765702376953125 0.5935294296875 0.755769818359375 0.609682298828125 0.75270801171875 0.62704666796875 0.749449568359375 0.627111552734375 0.738371884765625 0.643062505859375 0.73374961328125 0.644165787109375 0.66580423046875 0.754957166015625 0.6777224453125 0.779438978515625 0.68411402734375 0.785042048828125 0.681155466796875 0.815213369140625 0.670181029296875 0.84397127734375 0.6692226875 0.852754419921875 0.685045595703125 0.865135986328125 0.694268072265625 0.88146921875 0.704262107421875 0.880034248046875
0 1 0.489356939453125 0.99878656640625 0.49203391796875 0.983295458984375 0.499533416015625 0.9497183984375 0.5543594296875 0.940950673828125 0.5873430625 0.903510689453125 0.652358373046875 0.897772853515625 0.678203009765625 0.901748876953125 0.689135087890625 0.9011443984375 0.6992595 0.8887127421875 0.7245632734375 0.870410443359375 0.73796145703125 0.854899630859375 0.728832107421875 0.8401481640625 0.728788775390625 0.81871273046875 0.73651900390625 0.805054763671875 0.73027411328125 0.7990268984375 0.734326736328125 0.79739275 0.730201966796875 0.786138134765625 0.745482283203125 0.7559546796875 0.802824994140625 0.74511540625 0.834164482421875 0.74188651953125 0.859172638671875 0.734244212890625 0.875729341796875 0.73896973046875 0.887433013671875 0.76415027734375 0.91872939453125 0.7697186796875 0.93569719140625 0.769114201171875 0.945821603515625 0.763813767578125 0.969185615234375 0.74749948046875 0.98804983984375 0.742821734375 1 0.919549814453125 1 1 0.543744330078125 1 0.489356939453125
0 0.569829185546875 0.473946525390625 0.57088091796875 0.469655912109375 0.566988435546875 0.454901939453125 0.567270966796875 0.433210884765625 0.56994699609375 0.4247306171875 0.568135916015625 0.419935212890625 0.56385765625 0.41406533984375 0.529889673828125 0.399123744140625 0.525225634765625 0.40213797265625 0.51306665625 0.39743626953125 0.519573693359375 0.38899207421875 0.5110270234375 0.385566751953125 0.50832143359375 0.36910375 0.512747064453125 0.350700984375 0.521148720703125 0.343230298828125 0.5234291171875 0.335319708984375 0.535890333984375 0.334959208984375 0.540023580078125 0.329933072265625 0.543866796875 0.30311492578125 0.538713734375 0.302206302734375 0.5267931640625 0.3128931328125 0.51743316796875 0.3291469609375 0.499954048828125 0.331180419921875 0.485878388671875 0.344045 0.480256009765625 0.35584237109375 0.46004923828125 0.35995262109375 0.44646260546875 0.3767400546875 0.4426733671875 0.37479303515625 0.435021205078125 0.3830353125 0.433094669921875 0.392287173828125 0.4446810859375 0.396887919921875 0.448521947265625 0.40523841796875 0.4591819375 0.408396935546875 0.4671658984375 0.420035720703125 0.4763268984375 0.421651052734375 0.4809590234375 0.428862197265625 0.49055742578125 0.427996904296875 0.497189771484375 0.4138198671875 0.500052583984375 0.414324658203125 0.506933189453125 0.42385058203125 0.506068240234375 0.437126251953125 0.5497181640625 0.447380662109375 0.54664650390625 0.456430607421875 0.550706064453125 0.463540791015625 0.5500081953125 0.46917267578125 0.5564734609375 0.46263942578125 0.562688111328125 0.467571861328125 0.564634353515625 0.47494884765625 0.569829185546875 0.473946525390625
0 0 0.919549814453125 0.250557515625 0.963729865234375 0.26389053515625 0.928354029296875 0.264536783203125 0.91631866796875 0.257656177734375 0.906792748046875 0.26262245703125 0.8987163125 0.265684263671875 0.881351943359375 0.2557639140625 0.87065059375 0.259044419921875 0.8520459140625 0.2643645625 0.84531075 0.26131496484375 0.8358208984375 0.266853806640625 0.827845421875 0.27163330078125 0.8107839296875 0.267178109375 0.804243421875 0.265929736328125 0.791234552734375 0.260390896484375 0.799210029296875 0.258486421875 0.789922095703125 0.2525101796875 0.8003781953125 0.24880448046875 0.79460928125 0.24357773046875 0.8058369765625 0.23912018359375 0.834465111328125 0.22977989453125 0.86734778515625 0.21839997265625 0.8883609453125 0.205727552734375 0.93344482421875 0.202958130859375 0.9374325625 0.199168892578125 0.93548554296875 0.197347958984375 0.92237571484375 0.18801987890625 0.928404171875 0.181357974609375 0.9176379375 0.1813063515625 0.911234458984375 0.186272630859375 0.90315802734375 0.18503411328125 0.898463580078125 0.180318451171875 0.89507433203125 0.17386539453125 0.874753361328125 0.17446987109375 0.86462894921875 0.165736416015625 0.85221856640625 0.1681740390625 0.828349763671875 0.162834189453125 0.81845608203125 0.163792529296875 0.8096729375 0.153560087890625 0.795719373046875 0.151478685546875 0.7857608046875 0.150854498046875 0.7792563671875 0.153884390625 0.77211737109375 0.151761216796875 0.76406975 0.1540833828125 0.754248212890625 0.151898732421875 0.731482689453125 0.14356091015625 0.7185026328125 0.13497246875 0.716988259765625 0.126226806640625 0.73143209765625 0.123727708984375 0.740583 0.109204796875 0.74761378125 0.106528767578125 0.756094048828125 0.101427326171875 0.76158890234375 0.10082284765625 0.771713314453125 0.088995669921875 0.786892671875 0.08435369140625 0.771367107421875 0.085791205078125 0.758192392578125 0.076015869140625 0.75838705078125 0.0815326484375 0.768951369140625 0.066125080078125 0.77262897265625 0.0618885859375 0.764848154296875 0.061743572265625 0.753952146484375 0.055216828125 0.745767494140625 0.067714671875 0.664844337890625 0.06100114453125 0.647674626953125 0.04450007421875 0.657553791015625 0.04189773046875 0.653897740234375 0.0445737578125 0.64541747265625 0.041534015625 0.644242046875 0.030820046875 0.669848693359375 0.024708640625 0.677723212890625 0.022959037109375 0.687645708984375 0.017638896484375 0.69438087109375 0.015535431640625 0.70296209765625 0.007529408203125 0.709863107421875 0.0026982890625 0.720521125 0 0.72192866015625 0 0.919549814453125
0 0.919549814453125 1 0.97542334765625 0.68312545703125 0.975277658203125 0.68227763671875 0.97105101953125 0.682811240234375 0.968136583984375 0.67590297265625 0.955186341796875 0.67234062109375 0.954291833984375 0.660673021484375 0.94962779296875 0.66368725 0.94750462109375 0.655639626953125 0.924447248046875 0.632390869140625 0.91709732421875 0.63557094140625 0.90800765234375 0.65698793359375 0.904424904296875 0.6806548203125 0.9058084375 0.6962452734375 0.902611470703125 0.71102805859375 0.899185947265625 0.718736734375 0.891617326171875 0.7231571171875 0.886088337890625 0.739447017578125 0.877499896484375 0.737932642578125 0.86980596484375 0.748085869140625 0.862446189453125 0.742951517578125 0.862040705078125 0.73520676953125 0.854597392578125 0.7338943125 0.84826728515625 0.74300914453125 0.815110275390625 0.74355704296875 0.812122154296875 0.748785091796875 0.803541212890625 0.79075378515625 0.79629453515625 0.806740810546875 0.796149521484375 0.7958448046875 0.80348958984375 0.78435030859375 0.806467857421875 0.770807833984375 0.804460138671875 0.748712947265625 0.799432384765625 0.742071482421875 0.796183791015625 0.750450791015625 0.777537486328125 0.77082212890625 0.771175466796875 0.79016233203125 0.756443705078125 0.80674784765625 0.74750890234375 0.84737526953125 0.75126622265625 0.859547658203125 0.749069365234375 0.86363635546875 0.74488449609375 0.862259013671875 0.74226008984375 0.8771427578125 0.747757162109375 0.871078228515625 0.7478284921875 0.894110552734375 0.7662537421875 0.91014816796875 0.77288373046875 0.9311397734375 0.770092248046875 0.953667306640625 0.771642859375 0.961613970703125 0.766104015625 0.969589447265625 0.76334444921875 0.981891611328125 0.755598896484375 0.985641359375 0.751765763671875 1 0.919549814453125 1
0 0.5449958515625 1 0.538959013671875 0.992202521484375 0.53991735546875 0.98341937890625 0.532112677734375 0.9372825859375 0.533206181640625 0.9310810234375 0.54835563671875 0.895386037109375 0.55376916796875 0.893143404296875 0.56022458203125 0.87829573046875 0.566689849609375 0.871762484375 0.572479306640625 0.852321322265625 0.582421720703125 0.844482876953125 0.597038025390625 0.841944626953125 0.599922900390625 0.823909623046875 0.579718484375 0.79285123046875 0.5669869453125 0.788048568359375 0.54943649609375 0.767049703125 0.5185819453125 0.741147216796875 0.508391271484375 0.725282703125 0.4778389609375 0.6943180078125 0.475538857421875 0.685599751953125 0.477069759765625 0.67691756640625 0.48076560546875 0.67437205859375 0.486813177734375 0.68694828125 0.51524231640625 0.709865353515625 0.518510615234375 0.718114892578125 0.522955955078125 0.716340974609375 0.541349291015625 0.742603962890625 0.579126216796875 0.77612142578125 0.583237400390625 0.7896350859375 0.6024539140625 0.804533349609375 0.610826009765625 0.77211939453125 0.610899693359375 0.75998307421875 0.59759558984375 0.755079455078125 0.5889874453125 0.736936232421875 0.570748978515625 0.729883673828125 0.56791808203125 0.71915351171875 0.556904228515625 0.714653724609375 0.5558327890625 0.70231548828125 0.561686078125 0.6624235859375 0.571014158203125 0.656395130859375 0.580084125 0.6183492890625 0.587996755859375 0.606955751953125 0.5958896796875 0.5789333671875 0.603229748046875 0.567438869140625 0.610778662109375 0.546389638671875 0.602627625 0.542394640625 0.59043673046875 0.547918306640625 0.58651233203125 0.543389705078125 0.580973490234375 0.551365181640625 0.570802525390625 0.552129513671875 0.56912660546875 0.549915693359375 0.575810572265625 0.5421421328125 0.572188412109375 0.53255132421875 0.575655705078125 0.522931703125 0.575073287109375 0.5145163203125 0.57142906640625 0.523465306640625 0.571615849609375 0.532450365234375 0.568055166015625 0.53757745703125 0.562152609375 0.535897240234375 0.562027298828125 0.541630083984375 0.56921014453125 0.546093798828125 0.561857865234375 0.584442513671875 0.55886974609375 0.589670564453125 0.54534694140625 0.58600725390625 0.528575548828125 0.59072325390625 0.5239631328125 0.60014095703125 0.518372666015625 0.601712958984375 0.511823859375 0.612068099609375 0.489919109375 0.63250432421875 0.483942865234375 0.642960423828125 0.47289709765625 0.6486860078125 0.463006310546875 0.662927927734375 0.460465443359375 0.67398977734375 0.449210828125 0.689270095703125 0.444819466796875 0.66227884765625 0.448588998046875 0.64759701953125 0.442927203125 0.6261366953125 0.452682830078125 0.609313189453125 0.42937483984375 0.59753011328125 0.426190080078125 0.585458681640625 0.404381076171875 0.57521879296875 0.4055581171875 0.5651953359375 0.392254015625 0.56029171484375 0.379991791015625 0.542783056640625 0.3706637109375 0.54881151171875 0.363522638671875 0.542436849609375 0.347979908203125 0.54353287109375 0.34100591015625 0.52951441796875 0.3339361640625 0.546172080078125 0.32125624609375 0.547772892578125 0.31890451953125 0.53265116015625 0.324256576171875 0.515690623046875 0.341069740234375 0.509063677734375 0.347358076171875 0.50185979296875 0.351764001953125 0.46682818359375 0.345352712890625 0.444596263671875 0.338044560546875 0.445865390625 0.330267091796875 0.459840509765625 0.317773958984375 0.4704263828125 0.27367442578125 0.489506814453125 0.26823133203125 0.4668061796875 0.25479206640625 0.4593209765625 0.251877630859375 0.45241270703125 0.246859728515625 0.454085666015625 0.244163994140625 0.4459370859375 0.231869853515625 0.438653796875 0.22524971875 0.4259766171875 0.202816529296875 0.409232291015625 0.181341681640625 0.38370482421875 0.164904443359375 0.373133248046875 0.15418062109375 0.390425470703125 0.1515585703125 0.3701405703125 0.152819150390625 0.35629522265625 0.148852982421875 0.353677568359375 0.148177173828125 0.34076965625 0.126368169921875 0.330529765625 0.12318341015625 0.318458333984375 0.114241107421875 0.315602689453125 0.1050603984375 0.29735851171875 0.08810221875 0.293089451171875 0.083199771484375 0.28071514453125 0.061191775390625 0.288344412109375 0.0357286953125 0.2787390859375 0.034667109375 0.27471527734375 0.03163721875 0.2818542734375 0.030778373046875 0.2817028359375 0.01546933984375 0.368524677734375 0.018045873046875 0.368978990234375 0.018149119140625 0.381785943359375 0.032296107421875 0.391953689453125 0.033711556640625 0.39731876953125 0.035731482421875 0.3925594375 0.0426857734375 0.38994904296875 0.0514929140625 0.390223103515625 0.06334965234375 0.399987015625 0.07575924609375 0.393223037109375 0.079902345703125 0.396511328125 0.08990387890625 0.438559423828125 0.086987087890625 0.466819798828125 0.10707840234375 0.476756814453125 0.10819161328125 0.4871841015625 0.14352341796875 0.501087302734375 0.14221121484375 0.508529173828125 0.139296779296875 0.50162090625 0.129000505859375 0.50811808203125 0.146135615234375 0.513057775390625 0.1517457890625 0.528114625 0.169463314453125 0.54146969921875 0.164076986328125 0.60382425 0.172798232421875 0.64308884765625 0.181625078125 0.6599917578125 0.19933510546875 0.629863767578125 0.20452994140625 0.628861443359375 0.2076016015625 0.619811498046875 0.22838093359375 0.615802208984375 0.240874064453125 0.6052163359375 0.244663302734375 0.60716335546875 0.260245447265625 0.639325029296875 0.268042623046875 0.641978755859375 0.277454244140625 0.632128404296875 0.283179869140625 0.633137986328125 0.290964837890625 0.66264593359375 0.294889236328125 0.66717453515625 0.300479701171875 0.665602537109375 0.300155400390625 0.689204537109375 0.2880874609375 0.72416400390625 0.288846806640625 0.733250021484375 0.295810951171875 0.738954048828125 0.304119212890625 0.726990833984375 0.30863823828125 0.7130806015625 0.3124274765625 0.715027619140625 0.3146858125 0.72565682421875 0.31913115234375 0.72388290625 0.320387021484375 0.780374841796875 0.337126498046875 0.78588421484375 0.340259634765625 0.791552169921875 0.342852125 0.786893796875 0.349150314453125 0.788004337890625 0.361933478515625 0.799210478515625 0.4013370546875 0.793369642578125 0.41204866796875 0.802931638671875 0.424893306640625 0.8288556796875 0.42213373828125 0.84115783984375 0.42659878515625 0.856012771484375 0.4262843359375 0.887929197265625 0.42889653515625 0.899899671875 0.42178501953125 0.918468279296875 0.4045246015625 0.919261427734375 0.39678890234375 0.9313256015625 0.40177488671875 0.93987801171875 0.40824765234375 0.97682783203125 0.40675684765625 0.991272021484375 0.456255673828125 1 0.5449958515625 1
0 0.6689515 0.549613267578125 0.668858107421875 0.54512073828125 0.664454537109375 0.54498370703125 0.6645699921875 0.53093644140625 0.668568076171875 0.5233287265625 0.675709150390625 0.529703390625 0.684850447265625 0.514689873046875 0.695593974609375 0.514026498046875 0.698154548828125 0.51959349609375 0.7035164609375 0.510947384765625 0.660274376953125 0.473269078125 0.6497692578125 0.489320990234375 0.625448947265625 0.51508622265625 0.625812662109375 0.52474191796875 0.63590008984375 0.5277994765625 0.65864537109375 0.54779601953125 0.6689515 0.549613267578125
0 0.200976029296875 0 0.20061601953125 0.0015226484375 0.2036656171875 0.0110125 0.197522296875 0.029112388671875 0.19908276171875 0.0453734765625 0.210752712890625 0.046152328125 0.212856181640625 0.037571103515625 0.215989318359375 0.04323905859375 0.22045671875 0.02292534765625 0.2248086640625 0.01665890234375 0.227327470703125 0.02413684765625 0.22620205078125 0.040563779296875 0.233967314453125 0.053442876953125 0.235903701171875 0.052505439453125 0.2401106328125 0.03534298828125 0.2456494765625 0.027367509765625 0.243568072265625 0.01740894140625 0.232385326171875 0 0.200976029296875 0
0 0.24024858203125 0.151744921875 0.244258876953125 0.117282986328125 0.250077896484375 0.12278509765625 0.247691896484375 0.15305737890625 0.252011927734375 0.157016302734375 0.2726044765625 0.144021953125 0.279475228515625 0.145233451171875 0.286014181640625 0.126563884765625 0.293936666015625 0.123484771484375 0.29771605078125 0.1171173671875 0.29590496875 0.112321962890625 0.282382166015625 0.10865865234375 0.27544758203125 0.12789789453125 0.266775603515625 0.130205416015625 0.26337214453125 0.119374296875 0.25358695703125 0.111254529296875 0.251109921875 0.101865638671875 0.233933041015625 0.098836890625 0.222533412109375 0.103221201171875 0.226821525390625 0.117405498046875 0.224988384765625 0.131149888671875 0.232805267578125 0.15043246484375 0.23184692578125 0.159215607421875 0.24024858203125 0.151744921875
0 0.09179772265625 0 0.076073919921875 0.024819025390625 0.073096916015625 0.041702458984375 0.067899728515625 0.077873421875 0.066626939453125 0.118572990234375 0.064044302734375 0.131545787109375 0.06003636328125 0.130839080078125 0.059807810546875 0.123764966796875 0.060582388671875 0.112675869140625 0.046366857421875 0.193296150390625 0.05267187890625 0.196042013671875 0.057554619140625 0.19178747265625 0.06557049609375 0.193200888671875 0.065457396484375 0.17207951171875 0.0671234609375 0.165978908203125 0.0716105703125 0.162294044921875 0.07360843359375 0.1760745078125 0.0693254609375 0.240541921875 0.0722398984375 0.247450189453125 0.075301705078125 0.230085822265625 0.086546466796875 0.206491078125 0.08696416015625 0.187381607421875 0.096990111328125 0.175721267578125 0.111033853515625 0.17308205859375 0.112572255859375 0.207882939453125 0.121025533203125 0.206815732421875 0.131665814453125 0.193345404296875 0.132425162109375 0.202431419921875 0.139431078125 0.206224501953125 0.142898369140625 0.196604880859375 0.1559321484375 0.1963453359375 0.1619919296875 0.182067341796875 0.171892572265625 0.17613984375 0.180918412109375 0.17517359375 0.1882781875 0.1803079453125 0.200292150390625 0.17411364453125 0.206833458984375 0.120275435546875 0.206585197265625 0.0965724765625 0.196819716796875 0.105081556640625 0.19346787890625 0.1006539140625 0.188231275390625 0.10356718359375 0.182756265625 0.09109191796875 0.17831092578125 0.092865833984375 0.1731259453125 0.10218258203125 0.163746244140625 0.1018075625 0.15594906640625 0.099153833984375 0.151660951171875 0.0849695390625 0.15133900390625 0.073402896484375 0.156202037109375 0.052519509765625 0.17008105859375 0.022355447265625 0.176868271484375 0.02738883984375 0.18421583984375 0.05937741015625 0.190285474609375 0.05341383984375 0.189693205078125 0.036684033203125 0.192963857421875 0.009764927734375 0.185166681640625 0.007111201171875 0.18028394140625 0.0113657421875 0.173580265625 0.002510453125 0.15448670703125 0.017047990234375 0.153852666015625 0.0022291328125 0.15439203125 0 0.149476970703125 0 0.146419205078125 0.009231099609375 0.1428068984375 0.00795471484375 0.1436342265625 0 0.133549759765625 0 0.133198640625 0.000505583984375 0.13169583203125 0 0.103986642578125 0 0.103695708984375 0.000418919921875 0.0974188203125 0 0.09179772265625 0