1 0.5185546875 0.556640625 0.1015625 0.1337890625
1 0.4775390625 0.3798828125 0.068359375 0.0947265625
1 0.298828125 0.7890625 0.0732421875 0.0634765625
1 0.4267578125 0.7783203125 0.095703125 0.10546875
1 0.5244140625 0.7421875 0.0625 0.052734375
1 0.6806640625 0.2734375 0.052734375 0.046875
1 0.6494140625 0.09375 0.060546875 0.048828125
1 0.640625 0.1396484375 0.0732421875 0.052734375
1 0.453125 0.279296875 0.0263671875 0.1015625
1 0.51171875 0.220703125 0.044921875 0.0498046875
1 0.6591796875 0.03515625 0.0341796875 0.046875
1 0.7021484375 0.1513671875 0.033203125 0.0361328125
1 0.38671875 0.5830078125 0.064453125 0.080078125
1 0.4140625 0.5263671875 0.060546875 0.0634765625
1 0.5341796875 0.455078125 0.0859375 0.052734375
1 0.5302734375 0.9404296875 0.09765625 0.091796875
1 0.263671875 0.677734375 0.0712890625 0.080078125
1 0.24609375 0.5830078125 0.0322265625 0.095703125
1 0.6796875 0.185546875 0.0458984375 0.0419921875
1 0.5517578125 0.3017578125 0.02734375 0.091796875
1 0.4013671875 0.9345703125 0.0556640625 0.0859375
0 1 0.00052966015625 0.92554858984375 0 0.925809822265625 0.017478814453125 0.9200626953125 0.032309322265625 0.918495296875 0.05561440625 0.9143155703125 0.0651483046875 0.906478578125 0.102224576171875 0.889498431640625 0.106991525390625 0.868599791015625 0.119703390625 0.862591431640625 0.128707626953125 0.859717869140625 0.1398305078125 0.843521421875 0.1588983046875 0.84273772265625 0.170021185546875 0.844566353515625 0.1832627109375 0.8571055390625 0.193855931640625 0.85919540234375 0.19915254296875 0.8599791015625 0.191207626953125 0.867032392578125 0.186440677734375 0.872257052734375 0.1726694921875 0.898902822265625 0.16313559375 0.906478578125 0.175317796875 0.907784744140625 0.184322033203125 0.929728318359375 0.186440677734375 0.936520376953125 0.193855931640625 0.940961337890625 0.206038134765625 0.940961337890625 0.21663135546875 0.944618599609375 0.22616525390625 0.94566353125 0.238877119140625 0.94670846484375 0.293961865234375 0.9440961328125 0.310911017578125 0.95402298828125 0.329978814453125 0.955067919921875 0.376588982421875 0.96159874609375 0.381355931640625 0.96917450390625 0.397775423828125 0.968129572265625 0.40625 0.95715778515625 0.426377119140625 0.956635318359375 0.43802966015625 0.9652560078125 0.44915254296875 0.98406478515625 0.459745763671875 0.992163009765625 0.477224576171875 0.99320794140625 0.484639830078125 0.993730408203125 0.501588982421875 0.985370951171875 0.524894068359375 0.984848484375 0.53336864453125 0.97962382421875 0.5407838984375 0.984848484375 0.5651483046875 0.981713689453125 0.5789194921875 0.97648902734375 0.588453390625 0.97648902734375 0.596927966796875 0.9712643671875 0.612817796875 0.963427376953125 0.621292373046875 0.961337513671875 0.638241525390625 0.97230930078125 0.6710805078125 0.983803552734375 0.683792373046875 0.9832810859375 0.700741525390625 0.985893416015625 0.724046609375 0.97230930078125 0.746292373046875 0.970219435546875 0.76430084765625 0.9712643671875 0.7717161015625 0.9804075234375 0.789194916015625 0.9864158828125 0.795021185546875 0.99164054296875 0.82256355859375 0.99608150390625 0.832627119140625 1 0.833156779296875 1 0.00052966015625
0 0 0.99523305078125 0.00835945703125 0.996292373046875 0.015151515625 0.99311440625 0.019331244140625 0.969809322265625 0.02481713671875 0.95868644140625 0.04597701171875 0.931673728515625 0.051724138671875 0.892478814453125 0.0679205859375 0.84163135546875 0.06844305078125 0.835275423828125 0.060606060546875 0.81726694921875 0.059038662109375 0.795021185546875 0.046238244140625 0.78813559375 0.035005224609375 0.765360169921875 0.03396029296875 0.75476694921875 0.038140021484375 0.740995763671875 0.0376175546875 0.72616525390625 0.035005224609375 0.715572033203125 0.022988505859375 0.69226694921875 0.01724137890625 0.668961865234375 0.0167189140625 0.6520127109375 0.01880877734375 0.636122880859375 0.0287356328125 0.621292373046875 0.038140021484375 0.588453390625 0.039184953125 0.564088982421875 0.04597701171875 0.53336864453125 0.047021943359375 0.509004236328125 0.051201671875 0.492055083984375 0.051201671875 0.465572033203125 0.05485893359375 0.446504236328125 0.05485893359375 0.386122880859375 0.072100314453125 0.361758474609375 0.074190177734375 0.32680084765625 0.07836990625 0.31197033984375 0.086206896484375 0.297139830078125 0.086206896484375 0.270656779296875 0.0888192265625 0.2473516953125 0.09404388671875 0.221927966796875 0.101880876953125 0.20180084765625 0.105538140625 0.1657838984375 0.123824451171875 0.100105931640625 0.1280041796875 0.07256355859375 0.13636363671875 0.03866525390625 0.14524555859375 0.0164194921875 0.145768025390625 0.007944916015625 0.1428944609375 0 0 0.001588982421875 0 0.99523305078125
0 0.400208986328125 0.2473516953125 0.403343783203125 0.25476694921875 0.403343783203125 0.26430084765625 0.408568443359375 0.265360169921875 0.404911181640625 0.25688559375 0.40752351171875 0.24523305078125 0.4020376171875 0.243644068359375 0.400208986328125 0.2473516953125
0 0.3751306171875 0.198622880859375 0.37722048046875 0.210275423828125 0.384535005859375 0.191207626953125 0.38322883984375 0.188559322265625 0.380616509765625 0.1875 0.3751306171875 0.198622880859375
0 0.412225705078125 0.1901483046875 0.419017763671875 0.178495763671875 0.4200626953125 0.164724576171875 0.416144201171875 0.150423728515625 0.404127482421875 0.135593220703125 0.399425287109375 0.1345338984375 0.398641587890625 0.14459745703125 0.39550679296875 0.1520127109375 0.40438871484375 0.172139830078125 0.405433646484375 0.181673728515625 0.409090908203125 0.183792373046875 0.404127482421875 0.1832627109375 0.4020376171875 0.18961864453125 0.398641587890625 0.191207626953125 0.403343783203125 0.195444916015625 0.40438871484375 0.199682203125 0.40125391796875 0.2092161015625 0.402298849609375 0.215572033203125 0.404911181640625 0.21663135546875 0.4067398125 0.201271185546875 0.411442005859375 0.205508474609375 0.41483803515625 0.20180084765625 0.412225705078125 0.1901483046875
0 0.383751306640625 0.34427966015625 0.37643678125 0.340042373046875 0.368599791015625 0.34851694921875 0.36233019921875 0.3463983046875 0.3568443046875 0.354343220703125 0.35318704296875 0.40625 0.357366771484375 0.41366525390625 0.36363636328125 0.397775423828125 0.367554859375 0.371822033203125 0.3855799375 0.36069915234375 0.383751306640625 0.34427966015625