1 0.455078125 0.8291015625 0.22265625 0.25
1 0.6416015625 0.8271484375 0.19921875 0.20703125
1 0.8466796875 0.8251953125 0.20703125 0.212890625
1 0.58984375 0.6240234375 0.212890625 0.216796875
1 0.4072265625 0.6064453125 0.140625 0.181640625
1 0.134765625 0.8134765625 0.16015625 0.236328125
1 0.0625 0.62890625 0.125 0.37109375
1 0.076171875 0.3671875 0.08984375 0.103515625
1 0.271484375 0.3671875 0.08984375 0.1015625
1 0.5068359375 0.466796875 0.0625 0.083984375
1 0.564453125 0.505859375 0.095703125 0.107421875
1 0.755859375 0.6064453125 0.15234375 0.15625
1 0.873046875 0.529296875 0.1171875 0.099609375
1 0.9033203125 0.650390625 0.125 0.125
1 0.9375 0.3916015625 0.087890625 0.068359375
1 0.529296875 0.365234375 0.099609375 0.150390625
1 0.3876953125 0.3134765625 0.11328125 0.0859375
1 0.2724609375 0.2880859375 0.099609375 0.08984375
1 0.0556640625 0.63671875 0.111328125 0.33984375
1 0.076171875 0.3671875 0.08984375 0.099609375
1 0.1298828125 0.2568359375 0.052734375 0.0625
1 0.0703125 0.248046875 0.056640625 0.064453125
1 0.6044921875 0.380859375 0.13671875 0.146484375
1 0.7861328125 0.34765625 0.142578125 0.1328125
1 0.8310546875 0.4287109375 0.109375 0.099609375
1 0.7587890625 0.4189453125 0.068359375 0.078125
1 0.98046875 0.44921875 0.0390625 0.08203125
1 0.662109375 0.2158203125 0.171875 0.1328125
1 0.3974609375 0.142578125 0.08984375 0.0703125
1 0.748046875 0.11328125 0.07421875 0.109375
1 0.150390625 0.1865234375 0.107421875 0.083984375
1 0.33203125 0.4814453125 0.291015625 0.17578125
1 0.412109375 0.224609375 0.04296875 0.044921875
1 0.6513671875 0.5068359375 0.11328125 0.09375
0 1 0.502017640625 0.991072595703125 0.52965622265625 0.98738251171875 0.532073662109375 0.97933840234375 0.526063064453125 0.985774423828125 0.485615505859375 0.9786797265625 0.479174126953125 0.958844400390625 0.524958310546875 0.945749169921875 0.52569827734375 0.94957997265625 0.49795108203125 0.94755499609375 0.491438736328125 0.92514357421875 0.48451594921875 0.92015351171875 0.4752618359375 0.910158822265625 0.48945727734375 0.91255296484375 0.51475155078125 0.92135926953125 0.528962134765625 0.93500158203125 0.535033529296875 0.94480905859375 0.529468857421875 0.960682162109375 0.54010142578125 0.986460998046875 0.5425238359375 0.989785955078125 0.560707734375 0.9986719140625 0.565593236328125 0.998681544921875 0.566680318359375 1 0.561392283203125 1 0.502017640625
0 0.48835494140625 0.62325328125 0.4980734609375 0.623673890625 0.50239028515625 0.618742736328125 0.50895246484375 0.585669083984375 0.5050193671875 0.57667850390625 0.506684474609375 0.56774871875 0.516061724609375 0.559406794921875 0.52436340625 0.544121744140625 0.527497109375 0.531553146484375 0.527951197265625 0.50496652734375 0.5314779296875 0.4818159921875 0.536295341796875 0.466997205078125 0.535631404296875 0.456151732421875 0.54148718359375 0.434916880859375 0.53572529296875 0.42994865234375 0.53885111328125 0.427839740234375 0.51310670703125 0.423064931640625 0.50394625390625 0.41888191796875 0.499807341796875 0.411842509765625 0.493484140625 0.416940916015625 0.484715033203125 0.416089525390625 0.478419728515625 0.431207326171875 0.472311638671875 0.437694359375 0.470118044921875 0.446492376953125 0.4763987890625 0.4640782421875 0.476894111328125 0.490234080078125 0.481776619140625 0.498793880859375 0.47447084375 0.530347140625 0.46816623828125 0.542125142578125 0.462722087890625 0.559457646484375 0.461131373046875 0.595105814453125 0.463076693359375 0.6109432421875 0.471630685546875 0.6104060078125 0.48835494140625 0.62325328125
0 0.486837041015625 0.495383115234375 0.513144361328125 0.4979372890625 0.5206227890625 0.4904569296875 0.527759947265625 0.474214033203125 0.525823927734375 0.461716404296875 0.527035373046875 0.435811525390625 0.526396478515625 0.4362425703125 0.494489345703125 0.436548923828125 0.4813888515625 0.47333235546875 0.48302080078125 0.490426642578125 0.486837041015625 0.495383115234375
0 0.281983400390625 0.4427684140625 0.29644896875 0.4410351171875 0.30022801171875 0.432632396484375 0.3017338046875 0.442352775390625 0.32443999609375 0.44133910546875 0.331113767578125 0.448343029296875 0.347478158203125 0.445748171875 0.357205974609375 0.44950858203125 0.365526255859375 0.440903126953125 0.413403140625 0.45150518359375 0.4272047734375 0.4389264140625 0.4400424296875 0.459482095703125 0.444995296875 0.455377015625 0.458735869140625 0.45880292578125 0.4657933671875 0.45188511328125 0.467046849609375 0.446857673828125 0.4707886953125 0.425095759765625 0.46876371875 0.4185834140625 0.437386677734375 0.416100205078125 0.3960295078125 0.395108771484375 0.387807484375 0.401068740234375 0.370699498046875 0.402143208984375 0.365512919921875 0.398180064453125 0.34343346875 0.396680015625 0.34059453515625 0.40131215625 0.32708767578125 0.40595446875 0.312075025390625 0.40087640234375 0.3080715703125 0.404550701171875 0.3046151953125 0.415036361328125 0.305008224609375 0.40445441796875 0.302150693359375 0.40240696484375 0.295612376953125 0.40611674609375 0.2441715625 0.40530603515625 0.238180328125 0.4158271796875 0.225524623046875 0.422684197265625 0.2234385859375 0.43217652734375 0.22777401171875 0.43392496484375 0.281983400390625 0.4427684140625
0 0.68133108203125 0.662022693359375 0.686892091796875 0.64872430078125 0.6955257421875 0.638861984375 0.699716412109375 0.626556919921875 0.697878650390625 0.6114138046875 0.699525162109375 0.59580442578125 0.696845546875 0.58178640625 0.702172841796875 0.5604197890625 0.707448376953125 0.5583976484375 0.72450056640625 0.53728439453125 0.7303045859375 0.53539401953125 0.7356318828125 0.51402740234375 0.731609826171875 0.51102210546875 0.733490048828125 0.5034809453125 0.7407905625 0.50797115234375 0.74869921484375 0.50326804296875 0.762538044921875 0.504048466796875 0.76886124609375 0.49895005859375 0.79464008203125 0.50137246875 0.81250500390625 0.544541455078125 0.8075986328125 0.5653455234375 0.8094456953125 0.583828435546875 0.826885650390625 0.588176705078125 0.835009416015625 0.58486221875 0.841501236328125 0.56445344921875 0.836169904296875 0.546436802734375 0.82792928125 0.54571717578125 0.824847337890625 0.538941296875 0.827532216796875 0.516915853515625 0.838008892578125 0.4861531875 0.841016439453125 0.466210681640625 0.780867576171875 0.44854390234375 0.75035098828125 0.451615197265625 0.74536092578125 0.442361083984375 0.731405240234375 0.437546548828125 0.7309564140625 0.428089703125 0.727991326171875 0.425347935546875 0.731868626953125 0.414299728515625 0.731840728515625 0.404280333984375 0.7078252578125 0.390282654296875 0.70302241015625 0.3723977734375 0.70250848828125 0.33956233984375 0.692135333984375 0.3316360546875 0.675887798828125 0.3382650234375 0.672754095703125 0.35083362109375 0.67635522265625 0.354401466796875 0.684903953125 0.38990769921875 0.68988471875 0.395822015625 0.685866701171875 0.432199978515625 0.674117943359375 0.461310486328125 0.699101423828125 0.481556982421875 0.699049662109375 0.500901455078125 0.7029031015625 0.519217119140625 0.693366537109375 0.546209203125 0.687562517578125 0.548099578125 0.675982376953125 0.561899724609375 0.67917187890625 0.5693699140625 0.67934453125 0.5934428125 0.67086493359375 0.6206984296875 0.678104384765625 0.6411933125 0.675849734375 0.6659960078125 0.68133108203125 0.662022693359375
0 0.555053005859375 0.830786794921875 0.555156525390625 0.792097845703125 0.561835560546875 0.763058306640625 0.5733971015625 0.74257856640625 0.586277220703125 0.74044997265625 0.60119161328125 0.748173525390625 0.687868171875 0.733739640625 0.68980419140625 0.746237271484375 0.70113605859375 0.757072572265625 0.701486625 0.769174904296875 0.707140626953125 0.78927448828125 0.7141463671875 0.80170115234375 0.7192811875 0.82500876953125 0.718350373046875 0.832119146484375 0.72522066015625 0.8338321015625 0.731006080078125 0.82526212890625 0.73035144140625 0.817756455078125 0.724888689453125 0.828409365234375 0.72276545703125 0.82454250390625 0.728092751953125 0.80317588671875 0.727643927734375 0.793719041015625 0.734538076171875 0.766068126953125 0.74148801953125 0.758456 0.744738578125 0.749921513671875 0.7612105234375 0.74802096875 0.768449978515625 0.7685158515625 0.7875364453125 0.757254740234375 0.80010319140625 0.7563830078125 0.80735720703125 0.74417422265625 0.810865337890625 0.71434408984375 0.814115900390625 0.705809603515625 0.716005181640625 0.67267040625 0.7114732421875 0.6762129375 0.70413026953125 0.694407005859375 0.69497743359375 0.707477353515625 0.679006072265625 0.699490267578125 0.67313695703125 0.67800205859375 0.66358179296875 0.698314546875 0.613081087890625 0.6937332578125 0.594055681640625 0.68898969140625 0.575325046875 0.676309669921875 0.57662098828125 0.64859795703125 0.56710828515625 0.646226173828125 0.562567048828125 0.646428908203125 0.5572025546875 0.65443633203125 0.5360818125 0.655845298828125 0.529192927734375 0.647452748046875 0.521812755859375 0.652287623046875 0.522467396484375 0.659793296875 0.5177482421875 0.671966599609375 0.518197068359375 0.6814234453125 0.51303838671875 0.6874796953125 0.508066921875 0.6849051796875 0.508567509765625 0.67501755078125 0.512337251953125 0.66327503125 0.518669755859375 0.661516423828125 0.51917033984375 0.651628794921875 0.501847240234375 0.65131463671875 0.486039232421875 0.664060654296875 0.48239564453125 0.68317708203125 0.476081740234375 0.69161528515625 0.464796373046875 0.697478974609375 0.457275484375 0.727643609375 0.457401638671875 0.735017517578125 0.462920185546875 0.744403396484375 0.47245148828125 0.753454775390625 0.4888344765625 0.757539513671875 0.5195661796875 0.755856845703125 0.5216987109375 0.76306350390625 0.528470740234375 0.767421943359375 0.53995666015625 0.795650548828125 0.539834541015625 0.827659904296875 0.5494733984375 0.83740559375 0.555053005859375 0.830786794921875
0 0.8906428125 1 0.897458828125 0.97266245703125 0.895025994140625 0.972288732421875 0.877469181640625 0.9639063515625 0.853860078125 0.982049791015625 0.803574486328125 0.978857126953125 0.78685952734375 0.969349654296875 0.782870634765625 0.94032028515625 0.772810849609375 0.931137138671875 0.77007947265625 0.93646359375 0.769784701171875 0.944400048828125 0.76421439453125 0.954358646484375 0.7554452890625 0.95350725390625 0.74933719921875 0.959994287109375 0.7486639609375 0.945809015625 0.7384023984375 0.977960306640625 0.72936641796875 0.995064765625 0.679356998046875 0.977256048828125 0.674671005859375 0.96340527734375 0.676209958984375 0.947101583984375 0.668380962890625 0.942479615234375 0.65487410546875 0.94712192578125 0.639309107421875 0.971275962890625 0.615564546875 0.978705697265625 0.603058857421875 0.96357275390625 0.6009077265625 0.94968649609375 0.595622890625 0.94836883984375 0.58276137109375 0.957177029296875 0.5697643984375 0.95527151171875 0.559428439453125 0.96070441796875 0.553867431640625 0.9740028125 0.5405570859375 0.973354154296875 0.529342076171875 0.966552962890625 0.509942240234375 0.979070931640625 0.4760210390625 0.97328341015625 0.459675248046875 0.982557865234375 0.456172376953125 0.97634453515625 0.446659673828125 0.973972751953125 0.438007423828125 0.977155470703125 0.431281892578125 0.98949601953125 0.452312939453125 1 0.8906428125 1
0 0 0.457984609375 0.002029220703125 0.458611427734375 0.036558564453125 0.455205634765625 0.045683501953125 0.43211589453125 0.0566833984375 0.4375284609375 0.05852116015625 0.45267157421875 0.073730326171875 0.452458669921875 0.08653078515625 0.459655158203125 0.0924330625 0.455119296875 0.09419642578125 0.443544029296875 0.099570220703125 0.438876404296875 0.09756787890625 0.478426916015625 0.102834115234375 0.473064978515625 0.116457830078125 0.472456775390625 0.12197637890625 0.48184265625 0.129590259765625 0.485076 0.1346582109375 0.510490447265625 0.130707060546875 0.544761583984375 0.11766236328125 0.601583802734375 0.112199611328125 0.612236712890625 0.111834482421875 0.632838046875 0.11949486328125 0.6527703828125 0.11479430859375 0.671623279296875 0.1152431328125 0.681080125 0.068132478515625 0.7180613203125 0.059873255859375 0.71066209765625 0.055476771484375 0.7249183359375 0.055504669921875 0.73493773046875 0.06265112890625 0.7220346328125 0.06015346484375 0.73542930859375 0.05437734375 0.747339078125 0.06148134375 0.757120251953125 0.051907580078125 0.7707531484375 0.048773876953125 0.783321744140625 0.053548828125 0.791187232421875 0.052645912109375 0.80831700390625 0.04996103515625 0.830342447265625 0.04492851171875 0.843772607421875 0.044142453125 0.864936490234375 0.03311545703125 0.89139358984375 0.05409428515625 0.887582103515625 0.069620654296875 0.8100742734375 0.07480129296875 0.8031458515625 0.0677329609375 0.840113453125 0.059603931640625 0.879471404296875 0.058777966796875 0.889571875 0.067484544921875 0.889276677734375 0.091384341796875 0.833584826171875 0.104515833984375 0.7850722265625 0.11341537890625 0.784003080078125 0.1365539140625 0.73551952734375 0.1368609296875 0.7301405390625 0.14199884375 0.73030105859375 0.15230207421875 0.713682314453125 0.159583986328125 0.711492923828125 0.163255474609375 0.702395888671875 0.16894263671875 0.696471404296875 0.181116357421875 0.706181611328125 0.195016244140625 0.690957359375 0.2061940546875 0.684399357421875 0.215276533203125 0.683993890625 0.22110844921875 0.692122908203125 0.2209398359375 0.7074332734375 0.21298871875 0.73482065625 0.21639333203125 0.743679470703125 0.2140032265625 0.7577684609375 0.20853117578125 0.765081572265625 0.19798010546875 0.769125853515625 0.1914696875 0.782855029296875 0.17766279296875 0.83147726171875 0.167480888671875 0.85430347265625 0.15533910546875 0.893995919921875 0.15630711328125 0.900244734375 0.166053529296875 0.910684740234375 0.170318595703125 0.925098056640625 0.17645458203125 0.928630419921875 0.18766029296875 0.9320918125 0.195989875 0.92682615625 0.208660142578125 0.88726547265625 0.220451359375 0.83547069140625 0.231858845703125 0.7975976484375 0.234314048828125 0.80688724609375 0.2198007578125 0.86734828125 0.220455396484375 0.874853955078125 0.25161732421875 0.875948537109375 0.26285093359375 0.88942932421875 0.263720685546875 0.898323623046875 0.2556992109375 0.93837588671875 0.262658455078125 0.934103556640625 0.27556243359375 0.902611095703125 0.283560046875 0.891922701171875 0.301098259765625 0.893625486328125 0.304834841796875 0.9079070390625 0.317106818359375 0.91497176171875 0.34327868359375 0.90681223046875 0.347693765625 0.89923558984375 0.349438533203125 0.88098072265625 0.35384431640625 0.870064283203125 0.362815201171875 0.829581240234375 0.3821831015625 0.76766061328125 0.386383072265625 0.758695345703125 0.3973550703125 0.754088515625 0.399960291015625 0.74138815234375 0.41192416015625 0.71366626953125 0.421292107421875 0.701984548828125 0.4298461015625 0.701447314453125 0.432773990234375 0.690829890625 0.403814953125 0.684277087890625 0.390092982421875 0.6875307734375 0.38257735546875 0.681651943359375 0.365371111328125 0.68537189453125 0.344446884765625 0.681489890625 0.3403172734375 0.677790279296875 0.341238787109375 0.667340103515625 0.339232408203125 0.66750735546875 0.33608940625 0.676736154296875 0.33207665234375 0.67707065234375 0.3298086640625 0.6591502890625 0.3136407890625 0.65645417578125 0.30900129296875 0.65930239453125 0.304871681640625 0.65560278515625 0.290129939453125 0.671952130859375 0.255465140625 0.66464421875 0.2019953125 0.6179378984375 0.203730779296875 0.596343234375 0.19774480859375 0.5708209140625 0.2008599140625 0.55157271875 0.1972401875 0.541325279296875 0.20223551171875 0.51453592578125 0.198115201171875 0.51417611328125 0.196501853515625 0.503761421875 0.198031505859375 0.4841179296875 0.19419666796875 0.472481865234375 0.204654744140625 0.435039603515625 0.219316828125 0.428015337890625 0.222530189453125 0.406121658203125 0.220074986328125 0.3968320625 0.207391380859375 0.39366968359375 0.204730365234375 0.386331259765625 0.195863001953125 0.3881253515625 0.19727580078125 0.36444775 0.190138640625 0.380690646484375 0.188866560546875 0.379038490234375 0.2098013125 0.3108335625 0.21792508203125 0.307519078125 0.219903560546875 0.297332435546875 0.2148245390625 0.29406360546875 0.2085013359375 0.29916201171875 0.2049798671875 0.2862690859375 0.211649599609375 0.253889748046875 0.216691423828125 0.24379938671875 0.228280865234375 0.2333390390625 0.23991680078125 0.23957768359375 0.24947196484375 0.2192651953125 0.255641115234375 0.196773484375 0.260486423828125 0.19197409375 0.26451777734375 0.198319189453125 0.26777763671875 0.193124501953125 0.26985437109375 0.18029237109375 0.2662439453125 0.173384728515625 0.2387017421875 0.182537587890625 0.235675595703125 0.19580049609375 0.223146044921875 0.210031421875 0.221480935546875 0.218961205078125 0.208960685546875 0.2365319296875 0.204634560546875 0.2381232890625 0.17926208984375 0.267841998046875 0.168809275390625 0.269240794921875 0.156728548828125 0.292928564453125 0.151523373046875 0.282285826171875 0.147206546875 0.287216984375 0.146804220703125 0.29445912890625 0.151569869140625 0.298984818359375 0.140583310546875 0.3362953125 0.119948591796875 0.36052031640625 0.114621294921875 0.38188693359375 0.103569638671875 0.395818841796875 0.05488809765625 0.399701072265625 0.04414051171875 0.409036322265625 0.036213259765625 0.407059837890625 0.03543246484375 0.392180255859375 0.0271732421875 0.384781033203125 0.021270966796875 0.389316892578125 0.0120570703125 0.418391916015625 0.00481335546875 0.419302408203125 0 0.43860772265625 0 0.457984609375
0 1 0.380085267578125 0.995822099609375 0.376648859375 0.99431630859375 0.366928482421875 0.982357701171875 0.358606900390625 0.978826931640625 0.34237417578125 0.9817455234375 0.328416953125 0.97545548046875 0.3074912890625 0.96793985546875 0.30161245703125 0.95845505078125 0.309260068359375 0.96013349609375 0.34305334375 0.956686421875 0.35687880078125 0.952692265625 0.3638928984375 0.951349826171875 0.37490562109375 0.979494908203125 0.39260291015625 0.98484483984375 0.417299154296875 0.993712203125 0.415505060546875 1 0.382965271484375 1 0.380085267578125