1 0.171875 0.5908203125 0.08203125 0.068359375
1 0.078125 0.630859375 0.0546875 0.0546875
1 0.2978515625 0.546875 0.0703125 0.072265625
1 0.2470703125 0.5810546875 0.060546875 0.052734375
1 0.3623046875 0.50390625 0.095703125 0.080078125
1 0.5224609375 0.4150390625 0.0703125 0.05859375
1 0.46875 0.447265625 0.072265625 0.06640625
1 0.0537109375 0.658203125 0.060546875 0.06640625
0 1 0.48253961328125 0.977859158203125 0.165910818359375 0.976408814453125 0.16689054296875 0.965838298828125 0.18948980859375 0.949933361328125 0.193724861328125 0.922232958984375 0.217521966796875 0.8898500625 0.232277888671875 0.877511322265625 0.244070748046875 0.87326344921875 0.24124491796875 0.86887717578125 0.25092025 0.848941677734375 0.2554371484375 0.780688599609375 0.2930000234375 0.75729555859375 0.291512953125 0.735097724609375 0.307118099609375 0.721020501953125 0.294049552734375 0.71753321484375 0.3021005859375 0.712633416015625 0.289951724609375 0.7065875703125 0.2903744921875 0.699410560546875 0.296341384765625 0.701366349609375 0.32431046875 0.6975233515625 0.341754994140625 0.69146263671875 0.349205263671875 0.585956607421875 0.375320193359375 0.5774311171875 0.38372353515625 0.567354712890625 0.38442814453125 0.55788107421875 0.364791939453125 0.546426447265625 0.38198800390625 0.561945927734375 0.401201443359375 0.566164052734375 0.41808227734375 0.5631262578125 0.4253211640625 0.534447958984375 0.435133724609375 0.516497994140625 0.453564705078125 0.4938655390625 0.4629545 0.479837482421875 0.479549796875 0.4521965703125 0.47523689453125 0.44711375 0.496671705078125 0.436340796875 0.50913579296875 0.3982380234375 0.528975994140625 0.372039369140625 0.530807982421875 0.3645215234375 0.539140861328125 0.3405554609375 0.54393960546875 0.314514626953125 0.576989275390625 0.300842279296875 0.58419108203125 0.28651800390625 0.58206986328125 0.28224038671875 0.593299033203125 0.270691974609375 0.6019137578125 0.253888052734375 0.607773111328125 0.22793645703125 0.598657771484375 0.212821849609375 0.5997146875 0.203614685546875 0.61285000390625 0.18580312109375 0.61877981640625 0.1355595 0.609801705078125 0.112215623046875 0.63797848046875 0.10807640625 0.636706486328125 0.103690134765625 0.6463818203125 0.088219814453125 0.6568322265625 0.0867329375 0.671769841796875 0.07876559375 0.6809148671875 0.05926471484375 0.691647119140625 0.03788695703125 0.690019126953125 0.02726727734375 0.682954546875 0.01196284375 0.688537021484375 0.03374245703125 1 0.51746038671875 1 1 0.96625754296875 1 0.48253961328125
0 0.501828337890625 0.403063119140625 0.504648822265625 0.39271655859375 0.49638526171875 0.383145068359375 0.494681072265625 0.394975005859375 0.488294390625 0.39776376171875 0.479255375 0.384342908203125 0.47217214453125 0.398891138671875 0.46018911328125 0.401290509765625 0.45908769140625 0.392779630859375 0.45093278515625 0.384761978515625 0.421819869140625 0.388359189453125 0.415620751953125 0.408310623046875 0.417048138671875 0.421483015625 0.405065107421875 0.42388238671875 0.39804137109375 0.410320611328125 0.393995935546875 0.41762995703125 0.393269642578125 0.443444439453125 0.362902025390625 0.4580594375 0.33468809375 0.46003234765625 0.331976263671875 0.47193274609375 0.34180561328125 0.482175462890625 0.376870591796875 0.469574146484375 0.397161802734375 0.455663759765625 0.4290505859375 0.46280249609375 0.428769240234375 0.437058474609375 0.443217044921875 0.433706033203125 0.442688642578125 0.41890933984375 0.446734076171875 0.4115999921875 0.453787560546875 0.411106765625 0.45757106640625 0.42177225 0.480638142578125 0.418597806640625 0.490852947265625 0.405392029296875 0.501828337890625 0.403063119140625
0 0.2148681171875 0.426252205078125 0.20331970703125 0.4348669296875 0.1892127421875 0.435853384765625 0.179091716796875 0.4576405 0.205260623046875 0.469863515625 0.217041216796875 0.45732896484375 0.23406244921875 0.454577291015625 0.244385908203125 0.4429253515625 0.258492875 0.441938896484375 0.2682135703125 0.450627775390625 0.2720416953125 0.440210751953125 0.25988597265625 0.41841994140625 0.246569337890625 0.416228259765625 0.232896990234375 0.42343006640625 0.226633837890625 0.42074515625 0.21922464453125 0.430631875 0.2148681171875 0.426252205078125
0 0.56502833984375 0.372880052734375 0.559135771484375 0.353774150390625 0.5460364453125 0.35469014453125 0.540736314453125 0.373017279296875 0.56502833984375 0.372880052734375
0 0 0.303426361328125 0.035153646484375 0.2889212109375 0.10658746484375 0.282364634765625 0.113670693359375 0.267816404296875 0.120832830078125 0.268877015625 0.128133369140625 0.257436458984375 0.208991662109375 0.24085224609375 0.230863533203125 0.22058558203125 0.27836103515625 0.20477274609375 0.27378719921875 0.197285400390625 0.25678083984375 0.19300957421875 0.27349098046875 0.1785688828125 0.315051294921875 0.164732650390625 0.3341175546875 0.147785046875 0.3828400078125 0.13500942578125 0.384870162109375 0.127841001953125 0.336083671875 0.117980279296875 0.327153310546875 0.106113263671875 0.313945328125 0.105475419921875 0.298336609375 0.128426990234375 0.23580341015625 0.160905587890625 0.21777453515625 0.16372772265625 0.1899654765625 0.1859709921875 0.141134369140625 0.1971927734375 0.02412909375 0.261586275390625 0 0.269619318359375 0 0.303426361328125
0 0.0311916640625 0.36258575 0.00868273828125 0.3665018828125 0.011552384765625 0.385819166015625 0.026326154296875 0.38712823828125 0.03419971484375 0.369401869140625 0.0311916640625 0.36258575
0 0 0.465031873046875 0.05429757421875 0.446849005859375 0.1102908203125 0.436687833984375 0.14850225 0.418401470703125 0.18063808984375 0.41459287890625 0.190512056640625 0.403753087890625 0.1755358515625 0.39230883984375 0.1791466640625 0.378784140625 0.15934956640625 0.370799873046875 0.127337255859375 0.36913480078125 0.1299404296875 0.355680564453125 0.155921771484375 0.350740900390625 0.158416291015625 0.335732826171875 0.153610271484375 0.3321653046875 0.133921828125 0.325734873046875 0.073572056640625 0.331516376953125 0.0657282421875 0.3351877421875 0.065713369140625 0.34221524609375 0.070302078125 0.342675087890625 0.07486104296875 0.357189935546875 0.091729001953125 0.373966927734375 0.07996328125 0.379473974609375 0.066043876953125 0.397623109375 0.043875787109375 0.39917325390625 0 0.412877763671875 0 0.465031873046875