1 0.3076171875 0.5966796875 0.2265625 0.1318359375
1 0.6435546875 0.5810546875 0.091796875 0.06640625
1 0.5 0.50390625 0.044921875 0.0869140625
1 0.228515625 0.490234375 0.091796875 0.0927734375
1 0.54296875 0.5859375 0.111328125 0.0791015625
1 0.45703125 0.2900390625 0.0380859375 0.0478515625
1 0.28515625 0.3505859375 0.0537109375 0.0712890625
1 0.3251953125 0.2763671875 0.0439453125 0.0810546875
1 0.244140625 0.0537109375 0.0283203125 0.0478515625
1 0.5947265625 0.7724609375 0.1884765625 0.2373046875
1 0.400390625 0.271484375 0.0361328125 0.0361328125
0 0.84365558984375 0.725891677734375 0.84478851953125 0.755614267578125 0.856873111328125 0.756935271484375 0.862915408203125 0.750330251953125 0.868957703125 0.754293263671875 0.87046827734375 0.762219287109375 0.8738670703125 0.76155878515625 0.88066465234375 0.747027740234375 0.87046827734375 0.72258916796875 0.850075529296875 0.71994716015625 0.84365558984375 0.725891677734375
0 0.803625376953125 0.632100396484375 0.7715256796875 0.6274768828125 0.760951662109375 0.63143989453125 0.76586102734375 0.651915455078125 0.7817220546875 0.671730515625 0.789274923828125 0.706076619140625 0.793051359375 0.7007926015625 0.798338369140625 0.66512549609375 0.8043806640625 0.658520474609375 0.803625376953125 0.632100396484375
0 0.7182779453125 0.795904888671875 0.706948640625 0.7787318359375 0.690332326171875 0.733817701171875 0.6895770390625 0.67305151953125 0.686555890625 0.6664465 0.696752265625 0.665785998046875 0.702039275390625 0.682959048828125 0.70241691796875 0.65984148046875 0.709214501953125 0.630779392578125 0.70128398828125 0.62615587890625 0.64690332421875 0.624834875 0.6363293046875 0.61822985546875 0.631042296875 0.62087186328125 0.624244712890625 0.61426684375 0.623111783203125 0.624174373046875 0.611027189453125 0.637384412109375 0.6117824765625 0.67040951171875 0.608761330078125 0.682298546875 0.600453171875 0.6875825625 0.607250755859375 0.707397623046875 0.643126888671875 0.754293263671875 0.660498490234375 0.759577279296875 0.66540785546875 0.7708058125 0.66540785546875 0.78269484765625 0.691842900390625 0.823645970703125 0.693353474609375 0.830250990234375 0.6895770390625 0.84478203515625 0.69222054296875 0.849405548828125 0.702039275390625 0.850726552734375 0.7058157109375 0.865257595703125 0.7141238671875 0.83487450390625 0.715256796875 0.859313078125 0.730362537109375 0.8672391015625 0.734894259765625 0.8566710703125 0.7326283984375 0.836856009765625 0.720543806640625 0.823645970703125 0.7182779453125 0.795904888671875
0 0.873111783203125 0.94782034375 0.87046827734375 0.943196830078125 0.85913897265625 0.963011888671875 0.84780966796875 0.960369880859375 0.8391238671875 0.94914134765625 0.84063444140625 0.93328930078125 0.83043806640625 0.9141347421875 0.815709970703125 0.905548216796875 0.82439576953125 0.900924703125 0.825528701171875 0.893659181640625 0.815709970703125 0.869881109375 0.808157099609375 0.823645970703125 0.814199396484375 0.77476882421875 0.83157099609375 0.748348744140625 0.82930513671875 0.731175693359375 0.823640482421875 0.71730515234375 0.804003021484375 0.7159841484375 0.799471298828125 0.72258916796875 0.795317220703125 0.720607662109375 0.792673716796875 0.708058125 0.785120845703125 0.7107001328125 0.78323262890625 0.743064728515625 0.777945619140625 0.76155878515625 0.78134441015625 0.767503302734375 0.78889728125 0.767503302734375 0.790785498046875 0.77476882421875 0.785120845703125 0.789960369140625 0.780589123046875 0.785997357421875 0.779456193359375 0.79062087109375 0.792296072265625 0.87384412109375 0.799471298828125 0.8956406875 0.808534744140625 0.89960369921875 0.78738670703125 0.900924703125 0.7775679765625 0.8877146640625 0.747734138671875 0.8778071328125 0.782477341796875 0.88177014453125 0.7817220546875 0.8566710703125 0.7654833828125 0.792602376953125 0.7613293046875 0.795904888671875 0.762084591796875 0.803830912109375 0.7530211484375 0.821003962890625 0.750755287109375 0.84478203515625 0.7386706953125 0.86327608984375 0.74018126953125 0.87120211328125 0.7201661640625 0.871862615234375 0.717900302734375 0.867899603515625 0.70845921484375 0.897622193359375 0.704682779296875 0.94649933984375 0.71676737109375 0.9610303828125 0.724697884765625 0.99603698828125 0.754154078125 0.9973579921875 0.760951662109375 0.984147953125 0.763972810546875 0.9973579921875 0.769637462890625 0.996697490234375 0.862915408203125 0.99603698828125 0.8738670703125 0.97556142578125 0.871601208984375 0.963672390625 0.873111783203125 0.94782034375
0 0.6280211484375 0.487450462890625 0.618580060546875 0.4815059453125 0.6238670703125 0.464332892578125 0.617069486328125 0.411492734375 0.6095166171875 0.38639366015625 0.596676736328125 0.366578599609375 0.594410876953125 0.358652576171875 0.5951661640625 0.32959048828125 0.591012083984375 0.323645970703125 0.5645770390625 0.317040951171875 0.558534744140625 0.322324966796875 0.5419184296875 0.323645970703125 0.467145015625 0.321003962890625 0.440709970703125 0.324966974609375 0.43806646484375 0.32959048828125 0.435800603515625 0.383751650390625 0.42787008984375 0.38441215234375 0.42409365625 0.396301189453125 0.416163142578125 0.400924703125 0.4169184296875 0.433949802734375 0.429003021484375 0.441875826171875 0.431646525390625 0.47027741015625 0.43277945703125 0.453764861328125 0.441465255859375 0.442536328125 0.455060423828125 0.442536328125 0.463368580078125 0.45970937890625 0.467522658203125 0.437912814453125 0.467522658203125 0.41545574609375 0.47092144921875 0.412153236328125 0.4743202421875 0.444517833984375 0.4784743203125 0.45706737109375 0.486027189453125 0.46235138671875 0.51850453125 0.4663143984375 0.524924470703125 0.4920739765625 0.5298338359375 0.494055482421875 0.533610271484375 0.503302509765625 0.55475830859375 0.488771466796875 0.56910876171875 0.487450462890625 0.577039275390625 0.476221927734375 0.581193353515625 0.4610303828125 0.592522658203125 0.4557463671875 0.607250755859375 0.469616908203125 0.610271904296875 0.5184940546875 0.61329305078125 0.52245706640625 0.6280211484375 0.521796564453125 0.637462236328125 0.51453104296875 0.635951662109375 0.50132100390625 0.6280211484375 0.487450462890625
0 1 0.436591810546875 0.995090634765625 0.43328930078125 0.985271904296875 0.4398943203125 0.926359517578125 0.442536328125 0.918051359375 0.4398943203125 0.914652568359375 0.432628798828125 0.917296072265625 0.424042271484375 0.928625376953125 0.416116248046875 0.9988670703125 0.424042271484375 1 0.3335535 0.933157099609375 0.335535005859375 0.909743203125 0.324966974609375 0.9067220546875 0.331571994140625 0.901435044921875 0.328929986328125 0.894637462890625 0.334214001953125 0.884441087890625 0.32298546875 0.894637462890625 0.314398943359375 0.898413896484375 0.321003962890625 0.905966767578125 0.315719947265625 0.911631419921875 0.30184940625 0.910120845703125 0.275429326171875 0.92258308203125 0.27212681640625 0.926359517578125 0.28005283984375 0.93693353515625 0.26155878515625 0.9425981875 0.267503302734375 0.94826283984375 0.28533685546875 0.95657099609375 0.28005283984375 0.967145015625 0.28797886328125 0.999622357421875 0.2840158515625 1 0.171070013671875 0.985271904296875 0.16776750390625 0.969410876953125 0.17833553515625 0.93391238671875 0.17833553515625 0.910498490234375 0.1875825625 0.90219033203125 0.19682958984375 0.894637462890625 0.19682958984375 0.8863293046875 0.18890356640625 0.84780966796875 0.1902245703125 0.837235650390625 0.19682958984375 0.802492447265625 0.20211360546875 0.796450150390625 0.210039630859375 0.75264350390625 0.208718626953125 0.737537763671875 0.210039630859375 0.73149546875 0.215323646484375 0.68693353515625 0.207397623046875 0.671827794921875 0.19947159765625 0.647658609375 0.19815059375 0.639350453125 0.19154557421875 0.60309667578125 0.18361955078125 0.57439576953125 0.1849405546875 0.5777945625 0.2159841484375 0.5849697890625 0.239101716796875 0.58874622265625 0.241743724609375 0.59365558984375 0.22523117578125 0.601586103515625 0.217965654296875 0.61669184375 0.219286658203125 0.632930513671875 0.23844121484375 0.638972810546875 0.251651255859375 0.639728095703125 0.2992073984375 0.64388217578125 0.318361955078125 0.652945619140625 0.314398943359375 0.658987916015625 0.319682958984375 0.68089123828125 0.311756935546875 0.68806646484375 0.2992073984375 0.690332326171875 0.284676353515625 0.6997734140625 0.27476882421875 0.7345166171875 0.27212681640625 0.739425982421875 0.282034345703125 0.742069486328125 0.321003962890625 0.753398791015625 0.313077939453125 0.773791541015625 0.319682958984375 0.780589123046875 0.311756935546875 0.785120845703125 0.331571994140625 0.792673716796875 0.318361955078125 0.796450150390625 0.322324966796875 0.8043806640625 0.30845442578125 0.80589123828125 0.280713341796875 0.80777945703125 0.27476882421875 0.81306646484375 0.2734478203125 0.81495468359375 0.2992073984375 0.828549849609375 0.30317041015625 0.827039275390625 0.3256274765625 0.831193353515625 0.328929986328125 0.832326283203125 0.32166446484375 0.839501509765625 0.313077939453125 0.84365558984375 0.32959048828125 0.839501509765625 0.334214001953125 0.829682779296875 0.330250990234375 0.8206193359375 0.339498017578125 0.812311177734375 0.336856009765625 0.808534744140625 0.3513870546875 0.8002265859375 0.332892998046875 0.7972054375 0.339498017578125 0.785120845703125 0.339498017578125 0.780589123046875 0.348745046875 0.772658609375 0.350726552734375 0.7817220546875 0.377146630859375 0.79569486328125 0.392338177734375 0.798338369140625 0.40752972265625 0.80475830859375 0.414795244140625 0.875755287109375 0.409511228515625 0.879909365234375 0.373183619140625 0.882552869140625 0.36856010546875 0.887462236328125 0.370541611328125 0.8904833828125 0.385072654296875 0.889728095703125 0.40620871875 0.89350453125 0.41677675 0.90936555859375 0.42602377734375 0.905966767578125 0.44385733203125 0.887084591796875 0.4451783359375 0.878776435546875 0.4663143984375 0.874244712890625 0.44914134765625 0.8432779453125 0.44782034375 0.831948640625 0.45178335546875 0.8277945625 0.459048876953125 0.838368580078125 0.47754293359375 0.842900302734375 0.494715984375 0.841389728515625 0.50396301171875 0.83157099609375 0.5184940546875 0.83459214453125 0.550198150390625 0.8595166171875 0.6043593125 0.86329305078125 0.630779392578125 0.87235649609375 0.640026419921875 0.891238669921875 0.69815059375 0.891238669921875 0.720607662109375 0.884441087890625 0.735138705078125 0.887462236328125 0.740422720703125 0.8882175234375 0.76155878515625 0.8965256796875 0.776089828125 0.895770392578125 0.78797886328125 0.8904833828125 0.795904888671875 0.888972810546875 0.806472919921875 0.89199395703125 0.830250990234375 0.888972810546875 0.892338177734375 0.882930513671875 0.905548216796875 0.882930513671875 0.93593130859375 0.8761329296875 0.94649933984375 0.874622357421875 0.988771466796875 0.87953172265625 0.99603698828125 1 0.995376486328125 1 0.93857331640625 0.98829305078125 0.936591810546875 0.975075529296875 0.922721267578125 0.969033232421875 0.87912813671875 0.97280966796875 0.839498017578125 0.99131419921875 0.83223249609375 1 0.822324966796875 1 0.436591810546875
0 0 0.894980185546875 0.023791541015625 0.88639366015625 0.02870090625 0.897622193359375 0.024546828125 0.90752972265625 0 0.914795244140625 0.000377642578125 0.99603698828125 0.67673716015625 0.996697490234375 0.683157099609375 0.99603698828125 0.68504531640625 0.988771466796875 0.6812688828125 0.96235138671875 0.67560423046875 0.955085865234375 0.664274923828125 0.964332892578125 0.661631419921875 0.9610303828125 0.67673716015625 0.9346103046875 0.67673716015625 0.918758255859375 0.6710725078125 0.89696169140625 0.651435044921875 0.883751650390625 0.621223564453125 0.89696169140625 0.61216012109375 0.89431968359375 0.565332326171875 0.82166446484375 0.557024169921875 0.7992073984375 0.541163142578125 0.789960369140625 0.540785498046875 0.76948480859375 0.506042296875 0.714002642578125 0.49848942578125 0.68361955078125 0.499622357421875 0.677675033203125 0.552492447265625 0.65521796484375 0.56495468359375 0.618890357421875 0.56306646484375 0.61558784765625 0.5298338359375 0.611624833984375 0.493580060546875 0.61426684375 0.489425982421875 0.61096433203125 0.485649546875 0.5805812421875 0.482250755859375 0.574636724609375 0.47092144921875 0.56671069921875 0.455060423828125 0.570673712890625 0.447507552734375 0.56406869140625 0.439199396484375 0.5653896953125 0.430135951171875 0.557463671875 0.418051359375 0.55614266796875 0.41389728125 0.560766181640625 0.41389728125 0.57133421484375 0.4191842890625 0.58982826953125 0.41842900390625 0.625495376953125 0.4222054375 0.626816380859375 0.42069486328125 0.61360633984375 0.423338369140625 0.611624833984375 0.4354229609375 0.630118890625 0.447885197265625 0.638705416015625 0.4456193359375 0.649273447265625 0.43806646484375 0.657199470703125 0.436178248046875 0.669749009765625 0.38481873046875 0.677675033203125 0.381419939453125 0.6638044921875 0.37348942578125 0.6538969609375 0.3206193359375 0.6538969609375 0.302492447265625 0.659180978515625 0.25566465234375 0.65521796484375 0.2511329296875 0.664464994140625 0.23829305078125 0.667107001953125 0.233761330078125 0.659180978515625 0.227719033203125 0.665785998046875 0.2201661640625 0.65521796484375 0.173338369140625 0.65521796484375 0.149546828125 0.638705416015625 0.14350453125 0.6043593125 0.132930513671875 0.5911492734375 0.135951662109375 0.566050197265625 0.134441087890625 0.555482166015625 0.14539275 0.5442536328125 0.149924470703125 0.53236459765625 0.15521148046875 0.536327609375 0.16956193359375 0.520475560546875 0.18089123828125 0.517833552734375 0.185800603515625 0.50132100390625 0.1812688828125 0.494715984375 0.182024169921875 0.48811096484375 0.1925981875 0.460369880859375 0.189199396484375 0.4557463671875 0.168806646484375 0.45178335546875 0.16351963671875 0.4610303828125 0.149924470703125 0.463672390625 0.14803625390625 0.470937912109375 0.150302115234375 0.4867899609375 0.146148037109375 0.487450462890625 0.1404833828125 0.455085865234375 0.141616314453125 0.392338177734375 0.1465256796875 0.39960369921875 0.1548338359375 0.445838837890625 0.15823262890625 0.44782034375 0.169939576171875 0.433949802734375 0.172960724609375 0.41677675 0.184290029296875 0.400924703125 0.189199396484375 0.38441215234375 0.2345166171875 0.380449140625 0.250755287109375 0.385072654296875 0.24735649609375 0.391017173828125 0.20430513671875 0.391017173828125 0.196752265625 0.396301189453125 0.184290029296875 0.4194187578125 0.18391238671875 0.4346103046875 0.20128398828125 0.4372523125 0.20430513671875 0.44782034375 0.21563444140625 0.43857331640625 0.236027189453125 0.43593130859375 0.2654833828125 0.43857331640625 0.2715256796875 0.45178335546875 0.277945619140625 0.453764861328125 0.27416918359375 0.465653896484375 0.277945619140625 0.494715984375 0.276435044921875 0.51453104296875 0.264728095703125 0.519154556640625 0.2632175234375 0.52972258984375 0.219410876953125 0.5442536328125 0.21676737109375 0.558124173828125 0.2224320234375 0.569352708984375 0.260196375 0.571994716796875 0.308534744140625 0.5601056796875 0.321374623046875 0.56142668359375 0.325528701171875 0.539630119140625 0.329682779296875 0.53500660546875 0.342145015625 0.556803169921875 0.3451661640625 0.463011888671875 0.280589123046875 0.4610303828125 0.27870090625 0.453764861328125 0.282099697265625 0.4504623515625 0.390105740234375 0.44649933984375 0.40370090625 0.442536328125 0.407854984375 0.436591810546875 0.407854984375 0.40224570703125 0.401435044921875 0.38573315625 0.371223564453125 0.387054162109375 0.33345921484375 0.380449140625 0.25868580078125 0.389696169921875 0.2530211484375 0.385072654296875 0.257552869140625 0.375825626953125 0.25830815625 0.352047556640625 0.262084591796875 0.33751651171875 0.260196375 0.332892998046875 0.2488670703125 0.327608982421875 0.2201661640625 0.327608982421875 0.210725076171875 0.32166446484375 0.2099697890625 0.31638044921875 0.21978851953125 0.30052840234375 0.220543806640625 0.275429326171875 0.2469788515625 0.223910171875 0.252265861328125 0.200132099609375 0.264350453125 0.186922060546875 0.2632175234375 0.17040951171875 0.2428247734375 0.192866578125 0.2201661640625 0.20211360546875 0.211858005859375 0.211360634765625 0.21148036328125 0.24108322265625 0.1824018125 0.29326287890625 0.171827794921875 0.298546896484375 0.152945619140625 0.34214002734375 0.140105740234375 0.3513870546875 0.10611782421875 0.410832232421875 0.091012083984375 0.425363275390625 0.080060423828125 0.42866578515625 0.077039275390625 0.439233818359375 0.0789274921875 0.500660501953125 0.072507552734375 0.461690884765625 0.065709970703125 0.378467634765625 0.07628398828125 0.357331572265625 0.063821751953125 0.3513870546875 0.023791541015625 0.35006605078125 0.02001510546875 0.34346103125 0 0.34015851953125 0.000377642578125 0.409511228515625 0.042673716796875 0.406869220703125 0.055135951171875 0.41281373828125 0.05173716015625 0.424042271484375 0 0.42734478125 0.000377642578125 0.7992073984375 0.00981873046875 0.78533685546875 0.01586102734375 0.76023778125 0.045317220703125 0.707397623046875 0.05589123828125 0.68097754296875 0.05891238671875 0.658520474609375 0.07024169140625 0.625495376953125 0.089879154296875 0.6017173046875 0.094410876953125 0.5700132109375 0.094410876953125 0.50132100390625 0.098564955078125 0.484808455078125 0.10649546875 0.50660501953125 0.105740181640625 0.51453104296875 0.112915408203125 0.517833552734375 0.12235649609375 0.534346103515625 0.125377642578125 0.554161162109375 0.121601208984375 0.617569353515625 0.118957703125 0.624834875 0.109894259765625 0.630118890625 0.10083081640625 0.65257595703125 0.092900302734375 0.658520474609375 0.094410876953125 0.6875825625 0.092145015625 0.704755615234375 0.079682779296875 0.7159841484375 0.054003021484375 0.71202113671875 0.013595166015625 0.795904888671875 0.016616314453125 0.838177013671875 0.01170694921875 0.841479525390625 0.007930513671875 0.83487450390625 0 0.84214002734375 0 0.894980185546875
0 0.560800603515625 0.2681638046875 0.541163142578125 0.2681638046875 0.53436555859375 0.2628797890625 0.526812689453125 0.2681638046875 0.52001510546875 0.26420079296875 0.499622357421875 0.2708058125 0.490558912109375 0.26684280078125 0.47960725 0.293923380859375 0.47960725 0.30317041015625 0.4845166171875 0.307793923828125 0.515105740234375 0.30845442578125 0.5706193359375 0.307793923828125 0.572507552734375 0.296565390625 0.5645770390625 0.26023778125 0.560800603515625 0.2681638046875
0 0.325151056640625 0.26155878515625 0.329682779296875 0.223249669921875 0.355362537109375 0.25363276171875 0.37651057421875 0.245706736328125 0.380287009765625 0.239101716796875 0.388595166015625 0.2628797890625 0.393126888671875 0.25627476953125 0.426359517578125 0.254953765625 0.438444109375 0.2708058125 0.44108761328125 0.268824306640625 0.44108761328125 0.254293263671875 0.445996978515625 0.25099075390625 0.4641238671875 0.25363276171875 0.483761330078125 0.248348744140625 0.492069486328125 0.26023778125 0.501888216796875 0.254953765625 0.565332326171875 0.25363276171875 0.5747734140625 0.24108322265625 0.563444109375 0.185601056640625 0.557024169921875 0.1743725234375 0.48149546875 0.17833553515625 0.47280966796875 0.200132099609375 0.475075529296875 0.21466314453125 0.47092144921875 0.216644650390625 0.467145015625 0.208718626953125 0.463368580078125 0.232496697265625 0.4599697890625 0.23051519140625 0.457326283203125 0.212681638671875 0.449018126953125 0.211360634765625 0.434667673828125 0.217965654296875 0.388595166015625 0.214002642578125 0.381042296875 0.219286658203125 0.31004531640625 0.217965654296875 0.2972054375 0.225891677734375 0.25566465234375 0.221928666015625 0.25 0.2291941875 0.239425982421875 0.263540291015625 0.243957703125 0.278071333984375 0.243957703125 0.293923380859375 0.2345166171875 0.299867900390625 0.2201661640625 0.291941875 0.21676737109375 0.30845442578125 0.219410876953125 0.313077939453125 0.2367824765625 0.310435931640625 0.247734138671875 0.3150594453125 0.2941842890625 0.307793923828125 0.296827794921875 0.30317041015625 0.2960725078125 0.275429326171875 0.325151056640625 0.26155878515625
0 0.4169184296875 0.543593130859375 0.419939576171875 0.5211360625 0.418051359375 0.511228533203125 0.39690332421875 0.515191544921875 0.39350453125 0.5079260234375 0.392749244140625 0.4815059453125 0.396148037109375 0.4768824296875 0.408987916015625 0.47556142578125 0.40823262890625 0.45706737109375 0.40219033203125 0.463672390625 0.3719788515625 0.45970937890625 0.355362537109375 0.4610303828125 0.351208458984375 0.465653896484375 0.351208458984375 0.556803169921875 0.354229607421875 0.562087185546875 0.360649546875 0.5548216640625 0.390105740234375 0.55614266796875 0.405966767578125 0.55217965625 0.4169184296875 0.543593130859375
0 0.802114802734375 0.452443857421875 0.802114802734375 0.439233818359375 0.77416918359375 0.383751650390625 0.773413896484375 0.375825626953125 0.7571752265625 0.348745046875 0.743957703125 0.40224570703125 0.746223564453125 0.4299867890625 0.743202416015625 0.439233818359375 0.74169184375 0.469616908203125 0.7469788515625 0.4815059453125 0.74018126953125 0.4920739765625 0.7386706953125 0.5079260234375 0.749622357421875 0.541611625 0.7654833828125 0.5336856015625 0.77719033203125 0.551519154296875 0.779456193359375 0.515852046875 0.7960725078125 0.5079260234375 0.7960725078125 0.466974900390625 0.802114802734375 0.452443857421875
0 0.65521148046875 0.494055482421875 0.64388217578125 0.491413474609375 0.641238669921875 0.494715984375 0.644259818359375 0.5 0.644259818359375 0.5211360625 0.64803625390625 0.540951123046875 0.65936555859375 0.548877146484375 0.664652568359375 0.544914134765625 0.66389728125 0.525099076171875 0.65936555859375 0.50660501953125 0.65521148046875 0.494055482421875
0 0.776435044921875 0.577939234375 0.7756797578125 0.552840158203125 0.7715256796875 0.54821664453125 0.743957703125 0.548877146484375 0.725075529296875 0.48811096484375 0.726586103515625 0.465653896484375 0.72280966796875 0.451122853515625 0.720543806640625 0.41281373828125 0.709214501953125 0.39696169140625 0.699018126953125 0.36591809765625 0.674848943359375 0.36063408203125 0.67673716015625 0.338837515625 0.67258308203125 0.331571994140625 0.65219033203125 0.339498017578125 0.639350453125 0.332892998046875 0.63368580078125 0.344121533203125 0.634063443359375 0.3540290625 0.655966767578125 0.3540290625 0.6620090625 0.36327608984375 0.67258308203125 0.36459709375 0.676359517578125 0.3778071328125 0.686555890625 0.385072654296875 0.690332326171875 0.40620871875 0.688821751953125 0.461690884765625 0.667673716796875 0.552840158203125 0.685800603515625 0.560766181640625 0.68995468359375 0.61558784765625 0.728851962890625 0.618890357421875 0.754909365234375 0.6169088515625 0.760951662109375 0.590488771484375 0.770770392578125 0.601056802734375 0.776435044921875 0.577939234375
0 0.059290029296875 0.306472919921875 0.050981873046875 0.303830912109375 0.04456193359375 0.283355349609375 0.04456193359375 0.267503302734375 0.039652568359375 0.2575957734375 0.02001510546875 0.2708058125 0.01283987890625 0.288639365234375 0.016238669921875 0.330250990234375 0.0358761328125 0.336856009765625 0.071374623046875 0.335535005859375 0.0777945625 0.342800529296875 0.07930513671875 0.350726552734375 0.07930513671875 0.3203434609375 0.07439576953125 0.326287978515625 0.063821751953125 0.302509908203125 0.059290029296875 0.306472919921875
0 0.162764349609375 0.26023778125 0.15370090625 0.2523117578125 0.134063443359375 0.25891677734375 0.131797583984375 0.28269484765625 0.1219788515625 0.2708058125 0.11518126953125 0.2734478203125 0.09894259765625 0.30845442578125 0.09894259765625 0.31638044921875 0.09478851953125 0.310435931640625 0.089879154296875 0.317701453125 0.09063444140625 0.352047556640625 0.108383685546875 0.36063408203125 0.114803625 0.370541611328125 0.139728095703125 0.32959048828125 0.1404833828125 0.31373844140625 0.161631419921875 0.274108322265625 0.162764349609375 0.26023778125