1 0.10546875 0.4462890625 0.12890625 0.1982421875
1 0.712890625 0.642578125 0.107421875 0.126953125
1 0.6083984375 0.52734375 0.0859375 0.095703125
1 0.7421875 0.390625 0.091796875 0.115234375
1 0.908203125 0.6650390625 0.111328125 0.125
1 0.435546875 0.56640625 0.150390625 0.1640625
1 0.919921875 0.513671875 0.15234375 0.2041015625
1 0.62109375 0.4150390625 0.0810546875 0.1123046875
1 0.8271484375 0.3681640625 0.0859375 0.1279296875
1 0.525390625 0.2412109375 0.119140625 0.1064453125
1 0.359375 0.3173828125 0.1630859375 0.1220703125
1 0.345703125 0.7265625 0.08984375 0.1220703125
1 0.1806640625 0.6611328125 0.1884765625 0.13671875
1 0.818359375 0.7373046875 0.1474609375 0.13671875
1 0.1162109375 0.8154296875 0.2138671875 0.25390625
1 0.1103515625 0.263671875 0.0810546875 0.123046875
1 0.29296875 0.4638671875 0.0673828125 0.0966796875
1 0.2177734375 0.3818359375 0.09765625 0.1005859375
1 0.470703125 0.443359375 0.099609375 0.07421875
1 0.970703125 0.44140625 0.05859375 0.111328125
1 0.3779296875 0.228515625 0.1337890625 0.1142578125
1 0.25390625 0.544921875 0.091796875 0.103515625
1 0.56640625 0.3583984375 0.060546875 0.0576171875
1 0.5185546875 0.357421875 0.03515625 0.0478515625
1 0.234375 0.4755859375 0.0361328125 0.05078125
1 0.216796875 0.2314453125 0.044921875 0.0693359375
1 0.01953125 0.1884765625 0.0302734375 0.0322265625
0 0.022657685546875 0.372241580078125 0.026331904296875 0.3652729375 0.019902021484375 0.362369337890625 0.0150030625 0.369337978515625 0.009185548828125 0.358304296875 0.0140845078125 0.3211382109375 0.01163502734375 0.293263646484375 0.01163502734375 0.2537746796875 0.01530924609375 0.238675958984375 0.013165953125 0.23112659765625 0.00336803515625 0.23112659765625 0 0.23519163671875 0.000612369140625 0.401277583984375 0.0150030625 0.396051103515625 0.0159216171875 0.3885017421875 0.022657685546875 0.38037166015625 0.022657685546875 0.372241580078125
0 0.07501530859375 0.71080139453125 0.07838334375 0.706736353515625 0.07838334375 0.699767712890625 0.07134108984375 0.69454123046875 0.071034904296875 0.684668990234375 0.068279240234375 0.68060394921875 0.019289650390625 0.688734029296875 0.010104103515625 0.695702671875 0.000306185546875 0.696864111328125 0.000612369140625 0.798490126953125 0.00428658984375 0.796167248046875 0.002449478515625 0.74506387890625 0.01439069140625 0.725900115234375 0.07501530859375 0.71080139453125
0 0.751684017578125 0.777003484375 0.733312921875 0.744483158203125 0.721677892578125 0.73519163671875 0.718003673828125 0.727061556640625 0.711879974609375 0.72473867578125 0.70575627734375 0.7131242734375 0.69412125 0.7026713125 0.69259032421875 0.705574912109375 0.695652173828125 0.736933798828125 0.699020208984375 0.74796748046875 0.7247397421875 0.781649244140625 0.76546233984375 0.82288037109375 0.768524189453125 0.811265970703125 0.7752602578125 0.803135888671875 0.7761788125 0.79558652734375 0.751684017578125 0.777003484375
0 0.539497857421875 0.647502904296875 0.541334966796875 0.64053426171875 0.537966931640625 0.63646922265625 0.5327617890625 0.641695703125 0.530006123046875 0.65389082421875 0.52571953515625 0.644599302734375 0.5177587265625 0.65389082421875 0.5140845078125 0.644599302734375 0.51071647265625 0.655632984375 0.50979791796875 0.6724738671875 0.508573177734375 0.664343787109375 0.501837109375 0.6585365859375 0.48285364453125 0.667828107421875 0.46325780859375 0.667828107421875 0.4562155546875 0.676538908203125 0.460195958984375 0.700348431640625 0.47060624609375 0.7061556328125 0.490814451171875 0.703832751953125 0.494488671875 0.7131242734375 0.497550521484375 0.704994193359375 0.503980404296875 0.70092915234375 0.504898958984375 0.68408826953125 0.50979791796875 0.678281068359375 0.5159216171875 0.68060394921875 0.521739130859375 0.691637630859375 0.5223515 0.725319396484375 0.52296387109375 0.696283390625 0.53490508203125 0.693379791015625 0.5401102265625 0.67537746875 0.539497857421875 0.647502904296875
0 0.300673607421875 0.6858304296875 0.305266380859375 0.6794425078125 0.32608695703125 0.678281068359375 0.379056951171875 0.662601626953125 0.375076546875 0.65040650390625 0.36895284765625 0.648083623046875 0.360685853515625 0.63704994140625 0.360073484375 0.610336818359375 0.347213716796875 0.601045296875 0.341702388671875 0.55923344921875 0.3432333125 0.54239256640625 0.3536436015625 0.536585365234375 0.361298224609375 0.539488966796875 0.3609920390625 0.504065041015625 0.33343539453125 0.50522648046875 0.33343539453125 0.556329849609375 0.329454990234375 0.55226480859375 0.328230251953125 0.51509872265625 0.3254745859375 0.506387921875 0.303429271484375 0.511033681640625 0.2939375390625 0.506968640625 0.29332516796875 0.527874564453125 0.298224126953125 0.54181184765625 0.30587875 0.548199767578125 0.31108389453125 0.561556330078125 0.319044703125 0.617305458984375 0.317819962890625 0.632404181640625 0.321494181640625 0.64866434375 0.309552970703125 0.664343787109375 0.279546845703125 0.668989546875 0.27985303125 0.696283390625 0.27648499609375 0.7026713125 0.24770361328125 0.7131242734375 0.23178199609375 0.71080139453125 0.21126760546875 0.71486643359375 0.21218616015625 0.722415794921875 0.226883037109375 0.715447154296875 0.239130435546875 0.725900115234375 0.25229638671875 0.7264808359375 0.267911818359375 0.72473867578125 0.2789344765625 0.7131242734375 0.2985303125 0.709639953125 0.300673607421875 0.6858304296875
0 0.618799755859375 0.6213705 0.6166564609375 0.6114982578125 0.6053276171875 0.593495935546875 0.59185548046875 0.577235771484375 0.571034904296875 0.560975609375 0.56491120703125 0.5505226484375 0.5606246171875 0.5505226484375 0.549295775390625 0.531358884765625 0.549295775390625 0.512775841796875 0.5532761796875 0.507549361328125 0.5624617265625 0.511033681640625 0.567973056640625 0.4901277578125 0.59185548046875 0.480836236328125 0.609001837890625 0.479674796875 0.611145130859375 0.4767711953125 0.610226576171875 0.47270615625 0.59369258984375 0.46806039453125 0.57838334375 0.4494773515625 0.5606246171875 0.439024390625 0.537966931640625 0.414634146484375 0.532455603515625 0.41347270703125 0.529699939453125 0.41753774609375 0.531537048828125 0.43379791015625 0.53031230859375 0.453542392578125 0.52480098046875 0.45470383203125 0.522657685546875 0.470383275390625 0.51714635546875 0.46806039453125 0.494488671875 0.4761904765625 0.491733005859375 0.48141695703125 0.494182486328125 0.50464576171875 0.497550521484375 0.514518001953125 0.501224740234375 0.518002322265625 0.5214329453125 0.518002322265625 0.53306797265625 0.55400696875 0.542865890625 0.5505226484375 0.549601958984375 0.558652728515625 0.561236986328125 0.563298490234375 0.581445193359375 0.59930313671875 0.589406001953125 0.6051103359375 0.60410287890625 0.627177701171875 0.608389466796875 0.628339140625 0.62921004296875 0.663182345703125 0.64788732421875 0.682346109375 0.650949173828125 0.67770034765625 0.648499693359375 0.65331010546875 0.641457439453125 0.63995354296875 0.618799755859375 0.6213705
0 0.426683431640625 0.93443703515625 0.485874125 0.92283011328125 0.484853595703125 0.918961140625 0.49199730078125 0.924764599609375 0.50220259375 0.895747296875 0.48675831640625 0.86647894921875 0.48928352734375 0.858496623046875 0.48652786328125 0.854431583984375 0.471830986328125 0.852108703125 0.46693202734375 0.856754462890625 0.459583587890625 0.84746294140625 0.447948560546875 0.8451400625 0.447030005859375 0.841075021484375 0.45009185546875 0.8352678203125 0.44641763671875 0.83062205859375 0.4393753828125 0.7951981328125 0.43325168359375 0.7882294921875 0.416105328125 0.794036693359375 0.40814451953125 0.785906611328125 0.40447030078125 0.775453650390625 0.39222290234375 0.76616212890625 0.378444580078125 0.787648771484375 0.382731169921875 0.803908935546875 0.38395591015625 0.821330537109375 0.38395591015625 0.829460619140625 0.380587875 0.835848541015625 0.34935701171875 0.8486243828125 0.349663197265625 0.85733518359375 0.341396203125 0.86720742578125 0.313533375 0.877079666015625 0.314145744140625 0.8863711875 0.3254745859375 0.892759109375 0.327617880859375 0.906115671875 0.333741580078125 0.9165686328125 0.3368034296875 0.966510560546875 0.3423147578125 0.96883344140625 0.3441518671875 0.963026240234375 0.343539498046875 0.910761431640625 0.346295162109375 0.897404869140625 0.358307974609375 0.967323314453125 0.426683431640625 0.93443703515625
0 0.886405388671875 0.592334494140625 0.89130434765625 0.5981416953125 0.893447642578125 0.595238095703125 0.8928352734375 0.5813008125 0.895284751953125 0.5708478515625 0.890691978515625 0.5574912890625 0.8815064296875 0.54936120703125 0.871096142578125 0.548199767578125 0.86191059375 0.534262486328125 0.849663197265625 0.5307781640625 0.81720759375 0.502903599609375 0.80220453125 0.497677119140625 0.7985303125 0.480255517578125 0.800673607421875 0.45760743359375 0.812308634765625 0.45760743359375 0.822106552734375 0.466898955078125 0.8349663203125 0.465737513671875 0.83955909375 0.45934959375 0.840171462890625 0.446573751953125 0.831904470703125 0.439024390625 0.823943662109375 0.422764228515625 0.819657072265625 0.422764228515625 0.81475811328125 0.4157955859375 0.804347826171875 0.414634146484375 0.800061236328125 0.407665505859375 0.799755052734375 0.41753774609375 0.795468462890625 0.424506388671875 0.799755052734375 0.43263646875 0.79699938671875 0.440185830078125 0.792712798828125 0.4425087109375 0.78597673046875 0.4355400703125 0.781077771484375 0.4425087109375 0.736987140625 0.441347271484375 0.732394365234375 0.44773519140625 0.7342314765625 0.466318234375 0.742192283203125 0.47793263671875 0.742804654296875 0.483739837890625 0.722290263671875 0.499419279296875 0.720453154296875 0.49128919921875 0.708205755859375 0.49128919921875 0.70300061328125 0.483739837890625 0.704531537109375 0.47502903515625 0.725964482421875 0.4564459921875 0.728720146484375 0.44773519140625 0.725964482421875 0.443670150390625 0.710655236328125 0.441347271484375 0.710042865234375 0.45412311328125 0.68432333203125 0.458768873046875 0.667176974609375 0.4564459921875 0.6650336796875 0.461672474609375 0.667176974609375 0.479674796875 0.682180037109375 0.49186991796875 0.682180037109375 0.498838560546875 0.679424373046875 0.502903599609375 0.6595223515625 0.506968640625 0.66840171484375 0.53193960546875 0.690447029296875 0.55400696875 0.70514390625 0.559814169921875 0.7173913046875 0.577235771484375 0.74678505859375 0.57607433203125 0.753521126953125 0.588850173828125 0.763319044921875 0.5842044140625 0.77005511328125 0.58652729296875 0.7807715859375 0.57897793359375 0.783833435546875 0.526713125 0.7752602578125 0.517421603515625 0.7752602578125 0.5034843203125 0.776791181640625 0.497096400390625 0.78597673046875 0.497096400390625 0.79056950390625 0.50464576171875 0.791794244140625 0.573170732421875 0.796387017578125 0.571428572265625 0.800061236328125 0.577235771484375 0.8049601953125 0.577235771484375 0.81475811328125 0.590011615234375 0.815982853515625 0.608594658203125 0.819657072265625 0.601626015625 0.828230251953125 0.614401857421875 0.836497244140625 0.613821138671875 0.847826087890625 0.6051103359375 0.860073484375 0.603948896484375 0.866809552734375 0.58652729296875 0.886405388671875 0.592334494140625
0 0.588793630859375 0.89663182421875 0.592467849609375 0.87340301953125 0.595835884765625 0.88675958203125 0.600428658203125 0.890824623046875 0.6034905078125 0.886178861328125 0.632271892578125 0.885017421875 0.718003673828125 0.85946573828125 0.720759337890625 0.855400697265625 0.720759337890625 0.848432056640625 0.726883037109375 0.8414634140625 0.728720146484375 0.82636469140625 0.702082056640625 0.790940765625 0.698407837890625 0.790940765625 0.67391304296875 0.764227642578125 0.662278015625 0.744483158203125 0.651255357421875 0.737514517578125 0.6463563984375 0.72473867578125 0.6408450703125 0.72473867578125 0.635946111328125 0.73519163671875 0.629822412109375 0.737514517578125 0.63012859765625 0.728803716796875 0.639314146484375 0.71486643359375 0.632271892578125 0.711962833984375 0.62369871484375 0.69802555078125 0.61573790625 0.696864111328125 0.60777709765625 0.68408826953125 0.606246171875 0.69396051171875 0.61145131640625 0.707317072265625 0.617881201171875 0.713704994140625 0.621555419921875 0.736933798828125 0.6203306796875 0.75203251953125 0.61696264453125 0.757259001953125 0.611145130859375 0.75203251953125 0.61236987109375 0.72996515625 0.609001837890625 0.72473867578125 0.600428658203125 0.723577236328125 0.592467849609375 0.7293844375 0.58266993359375 0.75145180078125 0.578995712890625 0.75145180078125 0.567360685546875 0.737514517578125 0.560318431640625 0.743902439453125 0.562155541015625 0.75667828125 0.560012248046875 0.76190476171875 0.54531537109375 0.75493612109375 0.541641150390625 0.771196283203125 0.533374158203125 0.772938443359375 0.537048376953125 0.781068525390625 0.53368034375 0.786295005859375 0.522045314453125 0.76538908203125 0.507654623046875 0.774099884765625 0.50887936328125 0.810104529296875 0.5027556640625 0.81939605078125 0.50336803515625 0.828687572265625 0.500306185546875 0.8344947734375 0.505817513671875 0.85307781640625 0.516840171875 0.873983740234375 0.520514390625 0.885598142578125 0.520514390625 0.896051103515625 0.52939375390625 0.909407666015625 0.537660748046875 0.9088269453125 0.55633802734375 0.90011614453125 0.561236986328125 0.904761904296875 0.572872015625 0.89663182421875 0.588793630859375 0.89663182421875
0 0.725964482421875 0.980255517578125 0.741886099609375 0.98141695703125 0.745560318359375 0.97444831640625 0.761481935546875 0.973286875 0.765156154296875 0.966318234375 0.781077771484375 0.965156794921875 0.784751990234375 0.95818815234375 0.79699938671875 0.9558652734375 0.80373545703125 0.94425087109375 0.819044703125 0.934959349609375 0.839252908203125 0.93728223046875 0.843539498046875 0.93263646875 0.856399265625 0.93263646875 0.879056951171875 0.9186991875 0.894366197265625 0.9186991875 0.900489896484375 0.904761904296875 0.921310470703125 0.897793263671875 0.94641763671875 0.905923345703125 0.9617268828125 0.916376306640625 0.96968769140625 0.934959349609375 0.9776485 0.93728223046875 0.980710349609375 0.943089431640625 0.991733005859375 0.94076655078125 0.999693814453125 0.94425087109375 1 0.832171892578125 0.97397428125 0.83275261328125 0.975505205078125 0.848432056640625 0.972749541015625 0.855981416015625 0.95744029296875 0.853658537109375 0.894366197265625 0.864111498046875 0.890079607421875 0.86991869921875 0.864972443359375 0.871080138671875 0.85211267578125 0.879210220703125 0.822718921875 0.8815331015625 0.811696263671875 0.8885017421875 0.781077771484375 0.887340302734375 0.7657685234375 0.893147501953125 0.751684017578125 0.8919860625 0.73882425 0.901277583984375 0.684935701171875 0.911730544921875 0.647581138671875 0.925667828125 0.6353337421875 0.945412310546875 0.61328842578125 0.9558652734375 0.6071647265625 0.95470383203125 0.60410287890625 0.960511033203125 0.600428658203125 0.952380953125 0.59001837109375 0.95470383203125 0.583282302734375 0.94773519140625 0.569197794921875 0.94773519140625 0.5606246171875 0.953542392578125 0.540416412109375 0.95470383203125 0.50612369921875 0.9698025546875 0.471830986328125 0.97793263671875 0.42682180078125 0.997096400390625 0.65156154296875 0.99825783984375 0.69350887890625 0.99535423828125 0.703306796875 0.987224158203125 0.710042865234375 0.9895470390625 0.725964482421875 0.980255517578125
0 0.5009185546875 0.385017421875 0.495101041015625 0.3751451796875 0.48285364453125 0.367015099609375 0.470300060546875 0.40011614453125 0.471830986328125 0.409988384765625 0.479485609375 0.412891986328125 0.491426822265625 0.409988384765625 0.4935701171875 0.398954703125 0.499387630859375 0.39372822265625 0.5009185546875 0.385017421875
0 0.447642376953125 0.4024390234375 0.440600123046875 0.403019744140625 0.4357011640625 0.4088269453125 0.42774035546875 0.405342625 0.42406613671875 0.425087107421875 0.439987751953125 0.422764228515625 0.451622779296875 0.412311265625 0.464482546875 0.411149826171875 0.462339251953125 0.379210220703125 0.446111451171875 0.365853658203125 0.39222290234375 0.369337978515625 0.37262706640625 0.372822298828125 0.370483771484375 0.37688733984375 0.37078995703125 0.3821138203125 0.376607470703125 0.387340302734375 0.379363134765625 0.409988384765625 0.39222290234375 0.411149826171875 0.403245560546875 0.426248548828125 0.408756888671875 0.42044134765625 0.4170238828125 0.426829267578125 0.4206981015625 0.41056910546875 0.419779546875 0.391405341796875 0.42774035546875 0.40069686328125 0.447642376953125 0.4024390234375
0 0.035517453125 0.483739837890625 0.039804041015625 0.48838559765625 0.039804041015625 0.45470383203125 0.030924677734375 0.45412311328125 0.038579302734375 0.460511033203125 0.035517453125 0.483739837890625
0 0.0140845078125 0.498838560546875 0.0009185546875 0.470383275390625 0.000612369140625 0.526713125 0.002449478515625 0.5 0.00887936328125 0.495934958984375 0.01255358203125 0.502903599609375 0.0140845078125 0.498838560546875
0 0.032455603515625 0.51161440234375 0.028169013671875 0.49186991796875 0.030006123046875 0.4698025546875 0.027862830078125 0.466898955078125 0.022657685546875 0.483739837890625 0.0232700546875 0.520905923828125 0.030924677734375 0.53193960546875 0.040416412109375 0.531358884765625 0.04347826171875 0.519744482421875 0.0401102265625 0.5133565625 0.03582363671875 0.5168408828125 0.032455603515625 0.51161440234375
0 0.0532761796875 0.551103369140625 0.048683404296875 0.54587688671875 0.03582363671875 0.544715447265625 0.011328841796875 0.54936120703125 0.008266994140625 0.5644599296875 0 0.56736353125 0.000612369140625 0.580139373046875 0.021739130859375 0.578397212890625 0.027250458984375 0.566782810546875 0.051132884765625 0.558652728515625 0.0532761796875 0.551103369140625