1 0.3515625 0.916015625 0.24609375 0.16796875
1 0.20703125 0.8818359375 0.189453125 0.130859375
1 0.1083984375 0.5380859375 0.216796875 0.259765625
1 0.669921875 0.84375 0.45703125 0.3125
1 0.701171875 0.6591796875 0.326171875 0.240234375
1 0.388671875 0.3896484375 0.16015625 0.11328125
1 0.45703125 0.33203125 0.25 0.138671875
1 0.142578125 0.3193359375 0.2421875 0.154296875
1 0.87890625 0.5517578125 0.146484375 0.1171875
1 0.849609375 0.4521484375 0.177734375 0.1171875
1 0.9619140625 0.3759765625 0.076171875 0.083984375
1 0.6123046875 0.291015625 0.142578125 0.087890625
1 0.4248046875 0.2421875 0.130859375 0.09375
1 0.73828125 0.2392578125 0.05859375 0.056640625
1 0.6572265625 0.216796875 0.115234375 0.046875
1 0.64453125 0.0771484375 0.091796875 0.06640625
1 0.5625 0.05859375 0.068359375 0.044921875
0 1 0.420593185546875 0.94034251953125 0.406774029296875 0.924444767578125 0.393015765625 0.924132216796875 0.385165013671875 0.919412396484375 0.400379115234375 0.91543541796875 0.402777248046875 0.921035080078125 0.362451123046875 0.883962626953125 0.359760677734375 0.86090245703125 0.347074767578125 0.862358701171875 0.328572197265625 0.858254880859375 0.319915583984375 0.863483123046875 0.2859974453125 0.86043469140625 0.272375615234375 0.87340175 0.2439945703125 0.86695273828125 0.239380326171875 0.861314537109375 0.24726359375 0.856839294921875 0.245014966796875 0.847145978515625 0.2533336796875 0.819131576171875 0.24997380859375 0.79974494140625 0.266611236328125 0.796325091796875 0.259397392578125 0.786074642578125 0.277328083984375 0.773879857421875 0.285763787109375 0.74233803515625 0.280356751953125 0.733778244140625 0.285672939453125 0.7335631015625 0.29600630078125 0.72784676171875 0.301926880859375 0.703359783203125 0.300614173828125 0.67946847265625 0.322132341796875 0.669549845703125 0.36413521484375 0.639874224609375 0.36626048046875 0.626066921875 0.38927337890625 0.592883146484375 0.40557290625 0.580717794921875 0.4068792421875 0.571562337890625 0.389364548828125 0.551286751953125 0.3915417734375 0.536561064453125 0.407223837890625 0.54308821484375 0.413800771484375 0.5387103828125 0.429736259765625 0.532837767578125 0.43173146484375 0.50914233203125 0.42669484375 0.509279337890625 0.41439879296875 0.50283032421875 0.409784544921875 0.464389931640625 0.4042085625 0.452820248046875 0.4283457734375 0.425772935546875 0.441408794921875 0.412180775390625 0.454088330078125 0.406288892578125 0.43986210546875 0.36853246875 0.435728890625 0.35942571484375 0.4273062578125 0.311087025390625 0.417031552734375 0.309142685546875 0.4075365625 0.302009703125 0.401479548828125 0.314233921875 0.385914474609375 0.31822106640625 0.360165544921875 0.29205359765625 0.348116544921875 0.28184275 0.335567068359375 0.265094587890625 0.33979145703125 0.2363566171875 0.365468982421875 0.243489599609375 0.371525998046875 0.24482810546875 0.381540904296875 0.23207619140625 0.399588587890625 0.195892689453125 0.41135834375 0.21960739453125 0.432616392578125 0.225049720703125 0.451287912109375 0.219724072265625 0.467021935546875 0.220349173828125 0.482723443359375 0.21275646875 0.5044625234375 0.20746025390625 0.51306717578125 0.184468056640625 0.52569475390625 0.178712119140625 0.5620955 0.17080686328125 0.575983826171875 0.1725654921875 0.588682806640625 0.188228833984375 0.59655300390625 0.184906390625 0.607523275390625 0.15369638671875 0.626188421875 0.128681712890625 0.627358322265625 0.12120674609375 0.620579921875 0.100774884765625 0.61883176953125 0.100403466796875 0.62523975390625 0.12936568359375 0.628801091796875 0.131495732421875 0.6350920859375 0.124040033203125 0.64453511328125 0.1095294921875 0.64988381640625 0.10665660546875 0.656408791015625 0.1000218828125 0.654998537109375 0.064043359375 0.67978573046875 0.044715591796875 0.68216441796875 0.013701462890625 0.6742747734375 0.0024352265625 0.666690517578125 0 0.668512572265625 0 0.904892015625 0.000253935546875 0.9049459921875 0.00400496484375 0.8713625546875 0.029264216796875 0.852729923828125 0.098718736328125 0.86619555078125 0.108646466796875 0.86376490234375 0.110864818359375 0.8486677890625 0.09899275 0.84160344921875 0.097810517578125 0.835513919921875 0.09960874609375 0.817732732421875 0.107904689453125 0.8136578515625 0.13736516796875 0.821865947265625 0.134931673828125 0.847296423828125 0.1228444609375 0.850565447265625 0.12118323828125 0.856050583984375 0.120968095703125 0.8663839453125 0.127417107421875 0.87099819140625 0.18183444921875 0.82937210546875 0.2055593203125 0.827279357421875 0.215477947265625 0.785276482421875 0.23341850390625 0.763790830078125 0.250059095703125 0.764733123046875 0.2675105 0.77817293359375 0.273315140625 0.7508642421875 0.26621158984375 0.737677859375 0.267218275390625 0.7236205859375 0.269749177734375 0.716374224609375 0.27804512109375 0.71229934375 0.30769130859375 0.717303447265625 0.312664810546875 0.724198837890625 0.312605943359375 0.738457576171875 0.302541205078125 0.753184275390625 0.294830765625 0.803440833984375 0.299403412109375 0.823873576171875 0.2956019765625 0.846418515625 0.303995328125 0.86052775 0.32043094140625 0.848452607421875 0.40452284375 0.86762428125 0.4491778359375 0.8719264453125 0.45205072265625 0.865401470703125 0.44552357421875 0.85882453515625 0.446842810546875 0.852618015625 0.472502912109375 0.820448029296875 0.48035946484375 0.797467646484375 0.4948700078125 0.7921189453125 0.5032735234375 0.782877380859375 0.513289556640625 0.759058625 0.551857849609375 0.712766333984375 0.553206521484375 0.699430443359375 0.538227150390625 0.693003013671875 0.558679341796875 0.648049572265625 0.574587259765625 0.6384570390625 0.591081740234375 0.61212316015625 0.6215296328125 0.590052556640625 0.640945705078125 0.5662857578125 0.655798232421875 0.561658439453125 0.80547525 0.591527193359375 0.814446060546875 0.549322853515625 0.832738767578125 0.505207787109375 0.828449236328125 0.49975516796875 0.818179521484375 0.501464431640625 0.766264705078125 0.480050505859375 0.7749523984375 0.42286604296875 0.782984494140625 0.42003246484375 0.788983951171875 0.4290920078125 0.804999439453125 0.414332794921875 0.83238873828125 0.40199115625 0.911321431640625 0.41747143359375 0.933961478515625 0.42747326953125 0.938251009765625 0.432925888671875 0.938192140625 0.44718462890625 0.946009095703125 0.454684412109375 0.965649412109375 0.4601564765625 0.96635265234375 0.477820673828125 0.962795794921875 0.482902880859375 0.94099599609375 0.47826919140625 0.921237939453125 0.501314603515625 0.9011775 0.49315846484375 0.888797001953125 0.50479816015625 0.8767097890625 0.50806718359375 0.953561138671875 0.5263485234375 0.9624923515625 0.514624353515625 0.962971341796875 0.503049685546875 0.966684474609375 0.501892857421875 0.9683943984375 0.505499779296875 0.958006947265625 0.535726521484375 0.94840087109375 0.5855801484375 0.9230725859375 0.64182231640625 0.900324966796875 0.63698716015625 0.896172443359375 0.61923848828125 0.854996171875 0.6078914296875 0.837485900390625 0.608710357421875 0.834290296875 0.630735376953125 0.84771601953125 0.63748126171875 0.853246646484375 0.634764673828125 0.859324240234375 0.645786904296875 0.85114497265625 0.684267330078125 0.833800083984375 0.728583861328125 0.820237357421875 0.734134029296875 0.808179578125 0.730273681640625 0.80409502734375 0.73783849609375 0.8102507578125 0.750823416015625 0.8056679453125 0.75374146875 0.80685017578125 0.759831 0.815224259765625 0.7577188046875 0.821126306640625 0.748594232421875 0.821438857421875 0.756444986328125 0.827282037109375 0.761579154296875 0.879411998046875 0.77265971875 0.8912059296875 0.777761369140625 0.893414115234375 0.786015052734375 0.898075064453125 0.7850596875 0.889104255859375 0.827264025390625 0.879459640625 0.844674796875 0.858879548828125 0.941496513671875 0.861693568359375 0.94923027734375 0.87751318359375 0.96102585546875 0.8697053359375 0.993098294921875 0.853358025390625 0.983785328125 0.84302944140625 0.999753330078125 0.839404611328125 0.979522052734375 0.788691294921875 0.98041908203125 0.713393595703125 0.9618192890625 0.684743927734375 0.966108705078125 0.680903955078125 0.9562107890625 0.67579344921875 0.96161144921875 0.674953203125 0.9562433046875 0.65868403125 0.948893025390625 0.627298482421875 0.9474113671875 0.6012872890625 0.939287744140625 0.558156513671875 0.941796494140625 0.55242090625 0.931495646484375 0.546626427734375 0.9354535390625 0.537519673828125 0.927030904296875 0.473068087890625 0.913331296875 0.464664572265625 0.922572861328125 0.454169546875 0.95796628515625 0.444476228515625 0.966284998046875 0.435564287109375 0.99423059765625 0.43075796875 0.99645244921875 0.4474478828125 1 0.904892017578125 1 0.985775708984375 0.61947214453125 0.992059341796875 0.5805887890625 0.99949576953125 0.554924333984375 0.986549041015625 0.536603783203125 0.98850354296875 0.522747974609375 0.996828921875 0.51154372265625 0.996106412109375 0.477658099609375 1 0.4662693671875 1 0.420593185546875
0 0.11650451171875 0.17198207421875 0.147157384765625 0.16292890625 0.158795041015625 0.1641051796875 0.168674068359375 0.15258247265625 0.1716352578125 0.124669390625 0.177009611328125 0.118027423828125 0.149708615234375 0.108980951171875 0.145077099609375 0.1028069453125 0.125485486328125 0.106426939453125 0.121185791015625 0.124325115234375 0.14379640234375 0.141456322265625 0.143082998046875 0.147142923828125 0.08338976953125 0.15067206640625 0.070511013671875 0.157665001953125 0.067032294921875 0.164709896484375 0.11650451171875 0.17198207421875
0 0.23608578515625 0.20129201953125 0.238010853515625 0.194565578125 0.232167673828125 0.189431412109375 0.233486912109375 0.183224892578125 0.236252224609375 0.18186659765625 0.23777644140625 0.188677513671875 0.23806972265625 0.18030683984375 0.24420618359375 0.17707033203125 0.24657064453125 0.189249392578125 0.250889609375 0.187572642578125 0.25328350390625 0.192622333984375 0.245329546875 0.1974186015625 0.245300111328125 0.204547970703125 0.259517375 0.207569943359375 0.32834679296875 0.2053340625 0.369786912109375 0.215439818359375 0.383896603515625 0.22362847265625 0.429186859375 0.220281349609375 0.44543676171875 0.21141019921875 0.441782498046875 0.1983082890625 0.3507920234375 0.178967666015625 0.345867228515625 0.181164333984375 0.347655291015625 0.1867339453125 0.33993574609375 0.19741827734375 0.331981787109375 0.202214544921875 0.322503611328125 0.200199896484375 0.319582021484375 0.197632814453125 0.32503451171875 0.192953537109375 0.32924590625 0.19644346875 0.339281208984375 0.188846140625 0.34105000390625 0.178194322265625 0.306772298828125 0.167016212890625 0.309850166015625 0.173508671875 0.30595132421875 0.177869494140625 0.3078175234375 0.18540179296875 0.31653358984375 0.184010984375 0.309605587890625 0.190971404296875 0.303840544921875 0.187799927734375 0.3053454921875 0.1783894140625 0.290492962890625 0.18301673046875 0.2485251484375 0.175393583984375 0.247606763671875 0.16806275 0.25382136328125 0.1667889296875 0.250958642578125 0.149963107421875 0.24362978515625 0.170460880859375 0.213563474609375 0.162772703125 0.205746521484375 0.155272919921875 0.198525236328125 0.170604013671875 0.188382361328125 0.1833680234375 0.183985259765625 0.183082083984375 0.181454357421875 0.190328443359375 0.201407228515625 0.20365126171875 0.23608578515625 0.20129201953125
0 0.533456943359375 0.2190916796875 0.5078364375 0.2207815 0.5063314921875 0.230192013671875 0.51967907421875 0.234975208984375 0.533456943359375 0.2190916796875
0 0.580514935546875 0.26801576171875 0.598318486328125 0.258826158203125 0.624017130859375 0.25909902734375 0.632576921875 0.253782841796875 0.636163212890625 0.241571265625 0.65283323828125 0.235384189453125 0.65544227734375 0.230100517578125 0.6071817265625 0.221788501953125 0.60186623828125 0.2141717265625 0.57052939453125 0.221782126953125 0.548729595703125 0.217148435546875 0.5425931328125 0.220384943359375 0.53494155859375 0.25638276171875 0.5393873671875 0.265760759765625 0.54636407421875 0.2678923984375 0.580514935546875 0.26801576171875