1 0.4619140625 0.650390625 0.083984375 0.1220703125
1 0.5927734375 0.6689453125 0.0771484375 0.1435546875
1 0.93359375 0.91015625 0.1318359375 0.1796875
1 0.87109375 0.76171875 0.107421875 0.1640625
1 0.390625 0.8876953125 0.1240234375 0.1640625
1 0.525390625 0.9423828125 0.134765625 0.115234375
1 0.2724609375 0.849609375 0.1650390625 0.2138671875
1 0.1669921875 0.8125 0.1171875 0.158203125
1 0.06640625 0.7490234375 0.1328125 0.1611328125
1 0.3642578125 0.6171875 0.0849609375 0.123046875
1 0.27734375 0.5869140625 0.0859375 0.115234375
1 0.21484375 0.556640625 0.1064453125 0.12109375
1 0.68359375 0.4150390625 0.0771484375 0.10546875
1 0.6513671875 0.4765625 0.0830078125 0.0810546875
1 0.63671875 0.537109375 0.06640625 0.083984375
1 0.9091796875 0.4013671875 0.0576171875 0.1201171875
1 0.8515625 0.5693359375 0.0654296875 0.1025390625
1 0.2783203125 0.34765625 0.05859375 0.072265625
1 0.21484375 0.3818359375 0.07421875 0.0732421875
1 0.150390625 0.4091796875 0.0712890625 0.078125
1 0.0830078125 0.4462890625 0.08203125 0.076171875
1 0.02734375 0.4951171875 0.0537109375 0.0966796875
1 0.046875 0.341796875 0.068359375 0.0771484375
1 0.1064453125 0.30859375 0.060546875 0.0771484375
1 0.0302734375 0.2607421875 0.060546875 0.087890625
1 0.0859375 0.2294921875 0.0810546875 0.0712890625
1 0.4013671875 0.2490234375 0.0703125 0.0732421875
1 0.80078125 0.2216796875 0.068359375 0.0771484375
1 0.5615234375 0.4873046875 0.0712890625 0.1025390625
1 0.43359375 0.4482421875 0.05078125 0.0869140625
1 0.51171875 0.4189453125 0.046875 0.048828125
1 0.912109375 0.10546875 0.111328125 0.044921875
1 0.8330078125 0.1162109375 0.0302734375 0.0400390625
1 0.74609375 0.2099609375 0.0439453125 0.0390625
1 0.974609375 0.8046875 0.05078125 0.11328125
1 0.95703125 0.5556640625 0.048828125 0.078125
1 0.888671875 0.5302734375 0.046875 0.0712890625
1 0.8603515625 0.41796875 0.0439453125 0.052734375
1 0.5654296875 0.380859375 0.0439453125 0.037109375
1 0.5419921875 0.5791015625 0.0439453125 0.078125
1 0.34765625 0.193359375 0.046875 0.0654296875
1 0.455078125 0.275390625 0.0283203125 0.060546875
1 0.353515625 0.455078125 0.0849609375 0.0595703125
1 0.2724609375 0.4951171875 0.05078125 0.0556640625
1 0.3427734375 0.54296875 0.04296875 0.0595703125
1 0.4404296875 0.5703125 0.0537109375 0.0556640625
1 0.6015625 0.29296875 0.0283203125 0.048828125
1 0.494140625 0.30859375 0.0390625 0.037109375
1 0.654296875 0.248046875 0.037109375 0.044921875
0 0.18513033203125 0.72921615234375 0.187796208984375 0.7203087890625 0.185426541015625 0.641923990234375 0.18216824609375 0.625890736328125 0.163803318359375 0.622327791015625 0.153139810546875 0.614014251953125 0.12944312890625 0.610451306640625 0.11877962109375 0.599762470703125 0.11492891015625 0.589667458984375 0.11492891015625 0.573040380859375 0.117594787109375 0.566508314453125 0.152251185546875 0.53147268359375 0.151658767578125 0.47921615234375 0.14662322265625 0.46674584375 0.141587677734375 0.47209026171875 0.141587677734375 0.48159144921875 0.13892180078125 0.488123515625 0.133590046875 0.488123515625 0.12944312890625 0.497624703125 0.08027251171875 0.5059382421875 0.07731042578125 0.5273159140625 0.04768957421875 0.5463182890625 0.043542654296875 0.559382421875 0.03613744140625 0.563539193359375 0.034952607421875 0.573040380859375 0.02636255859375 0.591448931640625 0 0.590855107421875 0.000296208984375 0.665083134765625 0.022808056640625 0.657957244140625 0.058945498046875 0.661520189453125 0.079680095703125 0.640142517578125 0.102191943359375 0.638954869140625 0.10722748828125 0.645486935546875 0.1125592421875 0.669239904296875 0.113151658203125 0.684679333984375 0.10959715625 0.695368171875 0.1134478671875 0.70190023828125 0.125888625 0.70902612890625 0.13210900390625 0.74524940625 0.13803317578125 0.747624703125 0.14129146875 0.73990498828125 0.146030806640625 0.73990498828125 0.14958530859375 0.73277909765625 0.18513033203125 0.72921615234375
0 0.20379146875 0.47921615234375 0.21593601953125 0.464370546875 0.23133886328125 0.4703087890625 0.239632701171875 0.4869358671875 0.25325829296875 0.454869359375 0.262736966796875 0.4524940625 0.267476302734375 0.4631828984375 0.28406398046875 0.450118765625 0.29472748828125 0.46199525 0.304206162109375 0.4513064140625 0.30627962109375 0.44121140234375 0.3095379140625 0.440617578125 0.314277251953125 0.427553443359375 0.32257108984375 0.431116388671875 0.337381515625 0.413301662109375 0.3403436015625 0.419239904296875 0.352191943359375 0.419239904296875 0.36877962109375 0.432304037109375 0.38122037890625 0.434679333984375 0.384774880859375 0.423990498046875 0.40343601953125 0.404394298828125 0.4075829375 0.386579572265625 0.405509478515625 0.376484560546875 0.41202606640625 0.372921615234375 0.41676540234375 0.387173396484375 0.4250592421875 0.389548693359375 0.429502369140625 0.374703087890625 0.42831753515625 0.349762470703125 0.4268364921875 0.345605701171875 0.395438388671875 0.339667458984375 0.3711492890625 0.30760094921875 0.364632701171875 0.29216151953125 0.326125591796875 0.27672208984375 0.321090046875 0.2678147265625 0.325829384765625 0.2595011875 0.325236966796875 0.238123515625 0.308945498046875 0.21852731640625 0.273400474609375 0.20071258984375 0.266587677734375 0.185866982421875 0.26481042578125 0.171615201171875 0.25059241796875 0.147862232421875 0.24763033203125 0.114608076171875 0.243187203125 0.109263658203125 0.238744076171875 0.118171021484375 0.24289099609375 0.127672208984375 0.23696682421875 0.147862232421875 0.241113744140625 0.158551068359375 0.2393364921875 0.178741091796875 0.24289099609375 0.2024940625 0.252073458984375 0.20546318359375 0.255035544921875 0.19833729296875 0.257405212890625 0.20783848046875 0.26688388671875 0.21971496484375 0.27458530859375 0.21615201953125 0.276658767578125 0.2203087890625 0.277251185546875 0.25475059375 0.28021326953125 0.27375296875 0.293542654296875 0.28266033203125 0.298281990234375 0.30760094921875 0.3009478671875 0.3010688828125 0.30242891015625 0.28266033203125 0.304502369140625 0.299881234375 0.310426541015625 0.318883611328125 0.31101895703125 0.341448931640625 0.321978673828125 0.346793349609375 0.32701421875 0.362826603515625 0.318424169921875 0.378859857421875 0.28228673046875 0.390736341796875 0.27162322265625 0.402612826171875 0.26688388671875 0.402612826171875 0.263329384765625 0.409738716796875 0.25148104296875 0.402612826171875 0.247926541015625 0.407363419921875 0.23548578125 0.409738716796875 0.227784359375 0.420427552734375 0.2212677734375 0.419239904296875 0.2174170625 0.425771970703125 0.2230450234375 0.433491685546875 0.18809241796875 0.433491685546875 0.1845379140625 0.4394299296875 0.15728673046875 0.450118765625 0.15343601953125 0.47209026171875 0.154028435546875 0.49703087890625 0.1558056875 0.51840855078125 0.15817535546875 0.52790973828125 0.162322275390625 0.53147268359375 0.168542654296875 0.5296912109375 0.1922393359375 0.5035629453125 0.20053317578125 0.5 0.20379146875 0.47921615234375
0 0.8720379140625 0.94358669921875 0.8625592421875 0.934085509765625 0.859004740234375 0.905581947265625 0.855450236328125 0.865201900390625 0.863744076171875 0.856888361328125 0.867298578125 0.840261283203125 0.8634478671875 0.832541568359375 0.8557464453125 0.832541568359375 0.851599525390625 0.827790974609375 0.845971564453125 0.815320666015625 0.843601896484375 0.8010688828125 0.83797393359375 0.79453681640625 0.8308649296875 0.79572446484375 0.823755923828125 0.814726841796875 0.820793837890625 0.81235154296875 0.819905212890625 0.7868171015625 0.81575829296875 0.780878859375 0.813388625 0.76425178125 0.8163507109375 0.75475059375 0.813388625 0.7393111640625 0.80716824609375 0.73634204296875 0.796504740234375 0.71852731640625 0.7923578203125 0.72090261328125 0.78317535546875 0.7155581953125 0.78406398046875 0.70783848046875 0.796504740234375 0.71377672265625 0.81013033203125 0.70427553515625 0.81575829296875 0.671615201171875 0.814573458984375 0.637173396484375 0.818127962890625 0.622921615234375 0.81398104296875 0.613420427734375 0.81575829296875 0.573040380859375 0.8125 0.565320666015625 0.789099525390625 0.55641330078125 0.791469193359375 0.50534441796875 0.80154028515625 0.47921615234375 0.805094787109375 0.45902612890625 0.81101895703125 0.321258908203125 0.803909953125 0.315320666015625 0.81190758203125 0.31116389453125 0.814573458984375 0.3010688828125 0.813388625 0.2844418046875 0.80716824609375 0.28028503515625 0.798874408203125 0.28028503515625 0.7932464453125 0.2915676953125 0.789691943359375 0.323634205078125 0.7846563984375 0.320665083984375 0.7837677734375 0.337885986328125 0.7683649296875 0.358076009765625 0.769549763671875 0.386579572265625 0.762736966796875 0.393111638671875 0.7606635078125 0.400831353515625 0.76866113671875 0.407363419921875 0.7769549765625 0.404988123046875 0.780509478515625 0.408551068359375 0.779620853515625 0.432897861328125 0.787322275390625 0.44121140234375 0.7825829375 0.48396674609375 0.781990521484375 0.53859857421875 0.7778436015625 0.570665083984375 0.7778436015625 0.599168646484375 0.777251185546875 0.605106888671875 0.773696681640625 0.608669833984375 0.772808056640625 0.628266033203125 0.773696681640625 0.596793349609375 0.772808056640625 0.593824228515625 0.7683649296875 0.597980998046875 0.758886255859375 0.845011876953125 0.7547393359375 0.865201900390625 0.7529620859375 0.99109263671875 0.77073459765625 0.99346793359375 0.88210900390625 0.99109263671875 0.875 0.96852731640625 0.875 0.95546318359375 0.8720379140625 0.94358669921875
0 0.511848341796875 0.856888361328125 0.509774880859375 0.69358669921875 0.505627962890625 0.69714964453125 0.501777251953125 0.692992875 0.49940758203125 0.714370546875 0.498815166015625 0.7785035625 0.49081753515625 0.78028503515625 0.486374408203125 0.7785035625 0.488744076171875 0.7630641328125 0.486374408203125 0.7606888359375 0.486374408203125 0.752375296875 0.490521326171875 0.7298099765625 0.485781990234375 0.723871734375 0.486374408203125 0.70724465625 0.484300947265625 0.70308788671875 0.476599525390625 0.70071258984375 0.467120853515625 0.68883610546875 0.459419431640625 0.69596199609375 0.45053317578125 0.69714964453125 0.44460900390625 0.686460806640625 0.431575830078125 0.676959619140625 0.4268364921875 0.675771970703125 0.423874408203125 0.680522564453125 0.4191350703125 0.676959619140625 0.4037322265625 0.646080759765625 0.397808056640625 0.646080759765625 0.38951421875 0.656769595703125 0.37944312890625 0.660332541015625 0.364632701171875 0.653206650390625 0.3450829375 0.653206650390625 0.3308649296875 0.646080759765625 0.32553317578125 0.636579572265625 0.318424169921875 0.643705462890625 0.313684833984375 0.642517814453125 0.31101895703125 0.637173396484375 0.312203791015625 0.630047505859375 0.3077606640625 0.624703087890625 0.288210900390625 0.634204275390625 0.265106634765625 0.625890736328125 0.23548578125 0.622327791015625 0.23133886328125 0.609263658203125 0.22363744140625 0.610451306640625 0.22067535546875 0.597387173828125 0.204087677734375 0.608076009765625 0.199348341796875 0.621140142578125 0.19283175390625 0.622327791015625 0.190165876953125 0.630047505859375 0.19194312890625 0.6918052265625 0.196090046875 0.7013064140625 0.196090046875 0.7084323046875 0.20142180078125 0.7155581953125 0.1999407578125 0.72090261328125 0.196090046875 0.7214964375 0.196090046875 0.730997625 0.201125591796875 0.73396674609375 0.20527251171875 0.74703087890625 0.216528435546875 0.74940617578125 0.222748814453125 0.7559382421875 0.21978673046875 0.771377671875 0.22363744140625 0.78859857421875 0.231931279296875 0.78503562890625 0.243187203125 0.76603325390625 0.263329384765625 0.76484560546875 0.273992890625 0.75296912109375 0.2941350703125 0.75415676953125 0.298874408203125 0.74465558203125 0.30242891015625 0.74465558203125 0.308945498046875 0.75415676953125 0.31486966796875 0.75534441796875 0.31783175390625 0.76365795703125 0.3308649296875 0.76247030859375 0.337381515625 0.76840855078125 0.34567535546875 0.76603325390625 0.349822275390625 0.78028503515625 0.35722748828125 0.785629453125 0.355450236328125 0.8105700703125 0.35870853125 0.818289787109375 0.37351895703125 0.817102138671875 0.429206162109375 0.840855107421875 0.441054501953125 0.834916865234375 0.4490521328125 0.849762470703125 0.449644548828125 0.881828978515625 0.454087677734375 0.900237529296875 0.482819904296875 0.910332541015625 0.4884478671875 0.881235154296875 0.502073458984375 0.859857482421875 0.510367298828125 0.861045130859375 0.511848341796875 0.856888361328125
0 0.751777251953125 0.830760095703125 0.76303317578125 0.621733966796875 0.76303317578125 0.602731591796875 0.756516587890625 0.590855107421875 0.756516587890625 0.582541568359375 0.759478673828125 0.570665083984375 0.768068720703125 0.5581947734375 0.771327013671875 0.56235154296875 0.77251184765625 0.578978623046875 0.774289099609375 0.576603326171875 0.779620853515625 0.46852731640625 0.777547392578125 0.445368171875 0.76688388671875 0.454869359375 0.762144548828125 0.464370546875 0.752073458984375 0.4679334921875 0.747334123046875 0.488123515625 0.741409953125 0.4774346796875 0.73370853125 0.480997625 0.726599525390625 0.4560570078125 0.716528435546875 0.4560570078125 0.716528435546875 0.46674584375 0.708827013671875 0.469121140625 0.706457345703125 0.464370546875 0.702606634765625 0.47565320703125 0.7067535546875 0.49584323046875 0.7067535546875 0.50890736328125 0.70231042578125 0.530878859375 0.671504740234375 0.5285035625 0.6682464453125 0.55047505859375 0.6682464453125 0.56235154296875 0.67120853125 0.571852732421875 0.67061611328125 0.589667458984375 0.67446682421875 0.596199525390625 0.68513033203125 0.597387173828125 0.68601895703125 0.607482185546875 0.6827606640625 0.616389548828125 0.676244076171875 0.612826603515625 0.66972748828125 0.617577197265625 0.664691943359375 0.611045130859375 0.66202606640625 0.596199525390625 0.656398103515625 0.597980998046875 0.6587677734375 0.616983373046875 0.67120853125 0.632422802734375 0.67357819921875 0.650237529296875 0.67209715625 0.654394298828125 0.6673578203125 0.648456056640625 0.6596563984375 0.650831353515625 0.655509478515625 0.672209025390625 0.65136255859375 0.647268408203125 0.647215640625 0.647268408203125 0.64366113671875 0.640142517578125 0.632701421875 0.645486935546875 0.6297393359375 0.7013064140625 0.62440758203125 0.730997625 0.61877962109375 0.74703087890625 0.612263033203125 0.74821852734375 0.5962677734375 0.72684085546875 0.582049763671875 0.72209026171875 0.561315166015625 0.71971496484375 0.556575830078125 0.72684085546875 0.545319904296875 0.675771970703125 0.5423578203125 0.68883610546875 0.531398103515625 0.692992875 0.53021326953125 0.7060570078125 0.519549763671875 0.7298099765625 0.521327013671875 0.75475059375 0.51777251171875 0.761876484375 0.518957345703125 0.841448931640625 0.517180095703125 0.849762470703125 0.518957345703125 0.888954869140625 0.53406398046875 0.908551068359375 0.553613744140625 0.913301662109375 0.56486966796875 0.937054630859375 0.57257108984375 0.942992875 0.57731042578125 0.942992875 0.58323459765625 0.935866982421875 0.5950829375 0.9394299296875 0.59656398046875 0.94952494140625 0.590639810546875 0.95783848046875 0.5912322265625 0.97684085546875 0.588270142578125 0.98277909765625 0.592120853515625 0.9916864609375 0.738151658203125 0.99346793359375 0.74466824609375 0.98277909765625 0.745853080078125 0.96733966796875 0.7470379140625 0.858076009765625 0.751777251953125 0.830760095703125
0 0.724229857421875 0.339667458984375 0.72748815234375 0.330760095703125 0.72067535546875 0.321852732421875 0.7135663515625 0.319477435546875 0.705568720703125 0.330760095703125 0.70290284375 0.346793349609375 0.69460900390625 0.347980998046875 0.69372037890625 0.361638955078125 0.70379146875 0.369952494140625 0.707938388671875 0.362826603515625 0.708827013671875 0.346793349609375 0.7135663515625 0.340855107421875 0.724229857421875 0.339667458984375
0 0.480154029296875 0.366983373046875 0.48904028515625 0.376484560546875 0.500296208984375 0.376484560546875 0.5029620859375 0.359263658203125 0.507701421875 0.354513064453125 0.499703791015625 0.345605701171875 0.486670615234375 0.340855107421875 0.477191943359375 0.347980998046875 0.467120853515625 0.334916865234375 0.459419431640625 0.336104513671875 0.45438388671875 0.353325416015625 0.454976302734375 0.362826603515625 0.449644548828125 0.369952494140625 0.463270142578125 0.379453681640625 0.466528435546875 0.369358669921875 0.4712677734375 0.368171021484375 0.474822275390625 0.375296912109375 0.480154029296875 0.366983373046875
0 0.67209715625 0.330166271484375 0.662618484375 0.318289787109375 0.655509478515625 0.315914490234375 0.647215640625 0.315914490234375 0.643068720703125 0.320665083984375 0.63951421875 0.315914490234375 0.591528435546875 0.317102138671875 0.5749407578125 0.31235154296875 0.569016587890625 0.324228029296875 0.560722748046875 0.325415677734375 0.558353080078125 0.339667458984375 0.545912322265625 0.344418052734375 0.541172986328125 0.342042755859375 0.53791469140625 0.346199525390625 0.541469193359375 0.364014251953125 0.546504740234375 0.366983373046875 0.611670615234375 0.350356294921875 0.619964455078125 0.358669833984375 0.62825829296875 0.356294537109375 0.63122037890625 0.344418052734375 0.63951421875 0.346793349609375 0.6442535546875 0.342042755859375 0.648696681640625 0.346199525390625 0.6566943125 0.369358669921875 0.663507109375 0.373515439453125 0.68690758203125 0.364608076171875 0.687203791015625 0.342636580078125 0.673281990234375 0.342042755859375 0.67209715625 0.330166271484375
0 0.585604265625 0.156769595703125 0.5912322265625 0.165676958984375 0.590639810546875 0.181116388671875 0.5950829375 0.18764845703125 0.600710900390625 0.18824228125 0.601303318359375 0.166864607421875 0.59567535546875 0.162707837890625 0.59271326953125 0.154394298828125 0.585604265625 0.156769595703125
0 0.63595971484375 0.185273158203125 0.625296208984375 0.171021376953125 0.619075830078125 0.172802849609375 0.62055687109375 0.19002375390625 0.63418246484375 0.19714964453125 0.64188388671875 0.21377672265625 0.65432464453125 0.21496437109375 0.658471564453125 0.21971496484375 0.667950236328125 0.21496437109375 0.672393365234375 0.2203087890625 0.671800947265625 0.2131828984375 0.66676540234375 0.21140142578125 0.660841232421875 0.19714964453125 0.63595971484375 0.185273158203125
0 0.520438388671875 0.125890736328125 0.517180095703125 0.118171021484375 0.517180095703125 0.109857482421875 0.522808056640625 0.102137767578125 0.499111375 0.089073634765625 0.489632701171875 0.100950119140625 0.4875592421875 0.095605701171875 0.491113744140625 0.087292162109375 0.487263033203125 0.083135392578125 0.482819904296875 0.086104513671875 0.486670615234375 0.103325416015625 0.508590046875 0.112826603515625 0.511848341796875 0.120546318359375 0.513329384765625 0.138954869140625 0.5299170625 0.134204275390625 0.537618484375 0.153206650390625 0.545912322265625 0.153206650390625 0.55242891015625 0.160332541015625 0.568424169921875 0.161520189453125 0.57257108984375 0.168646080078125 0.575829384765625 0.168052255859375 0.575829384765625 0.158551068359375 0.569016587890625 0.154394298828125 0.563684833984375 0.143705462890625 0.520438388671875 0.125890736328125
0 0.98459715625 0.230997625 1 0.2036817109375 0.999703791015625 0.131828978515625 0.972452607421875 0.130641330078125 0.941646919921875 0.142517814453125 0.8865521328125 0.153206650390625 0.87055687109375 0.150831353515625 0.851599525390625 0.135391923828125 0.792950236328125 0.134204275390625 0.788803318359375 0.140142517578125 0.734300947265625 0.144893111328125 0.718898103515625 0.149643705078125 0.712677724609375 0.157363419921875 0.71593601953125 0.167458431640625 0.724229857421875 0.173396673828125 0.75444312890625 0.173396673828125 0.757405212890625 0.174584322265625 0.76095971484375 0.185273158203125 0.765106634765625 0.184085509765625 0.780509478515625 0.19477434765625 0.8125 0.184085509765625 0.834419431640625 0.20190023828125 0.836196681640625 0.21140142578125 0.8394549765625 0.2108076015625 0.8433056875 0.181710212890625 0.847452607421875 0.176959619140625 0.85811611328125 0.178147267578125 0.87055687109375 0.19121140234375 0.883293837890625 0.2179334921875 0.884478673828125 0.228622328125 0.880924169921875 0.238123515625 0.8865521328125 0.24940617578125 0.89366113671875 0.24940617578125 0.89573459765625 0.23574821875 0.9019549765625 0.22446555859375 0.923281990234375 0.23752969140625 0.9336492890625 0.26425178125 0.93986966796875 0.27197149609375 0.961196681640625 0.28147268359375 0.9691943125 0.280878859375 0.972748814453125 0.261876484375 0.9798578203125 0.2535629453125 0.980450236328125 0.242874109375 0.98459715625 0.230997625