1 0.5791015625 0.5732421875 0.2265625 0.2109375
1 0.7626953125 0.5595703125 0.138671875 0.228515625
1 0.94140625 0.4541015625 0.1171875 0.107421875
1 0.4404296875 0.5341796875 0.119140625 0.23828125
1 0.29296875 0.54296875 0.064453125 0.103515625
1 0.1279296875 0.517578125 0.091796875 0.158203125
1 0.0380859375 0.5068359375 0.076171875 0.150390625
1 0.2099609375 0.53125 0.0703125 0.09765625
1 0.3525390625 0.515625 0.052734375 0.078125
1 0.572265625 0.4501953125 0.087890625 0.05859375
1 0.712890625 0.455078125 0.068359375 0.046875
0 0.982844388671875 1 0.984090185546875 0.9643250078125 0.98228030859375 0.959225181640625 0.983293494140625 0.9491873125 0.977026349609375 0.93889520703125 0.98008900390625 0.87016828125 0.989129921875 0.820005818359375 0.989812953125 0.80044640625 0.962139314453125 0.7864371484375 0.9390740078125 0.763806314453125 0.892510408203125 0.76889577734375 0.87643265234375 0.754903328125 0.8606068515625 0.7526718046875 0.843106017578125 0.760455037109375 0.81205770703125 0.757691931640625 0.68194865625 0.726286421875 0.66857684765625 0.710709591796875 0.641985806640625 0.713138763671875 0.634453521484375 0.701123603515625 0.599199896484375 0.70492914453125 0.594742626953125 0.699736869140625 0.57543191796875 0.702420275390625 0.5630910234375 0.6952738203125 0.530057169921875 0.69244137890625 0.5157892890625 0.6835487578125 0.476254064453125 0.67713153125 0.466015830078125 0.66670075390625 0.45729469140625 0.669753955078125 0.422626626953125 0.656791193359375 0.40205077734375 0.657751544921875 0.39235727734375 0.650697541015625 0.33964364453125 0.64214123828125 0.31628555859375 0.627894556640625 0.27947401171875 0.638361193359375 0.26874959765625 0.6228768125 0.253702755859375 0.617314740234375 0.209786548828125 0.622496654296875 0.179323798828125 0.602965244140625 0.140333310546875 0.59992479296875 0.120653533203125 0.594200935546875 0.113004134765625 0.585539435546875 0.106151427734375 0.5920156328125 0.084855171875 0.594629703125 0.081302841796875 0.591987341796875 0.08069068359375 0.581053275390625 0.0741307578125 0.57914532421875 0.001503123046875 0.571572484375 0 0.573920341796875 0 0.982844388671875 0.491272453125 1 0.982844388671875 1