1 0.7060546875 0.44921875 0.150390625 0.275390625
1 0.4169921875 0.5185546875 0.119140625 0.119140625
1 0.7236328125 0.7451171875 0.203125 0.23046875
1 0.447265625 0.638671875 0.095703125 0.126953125
1 0.4716796875 0.3291015625 0.107421875 0.166015625
1 0.8857421875 0.8955078125 0.169921875 0.208984375
1 0.9482421875 0.181640625 0.103515625 0.125
1 0.7880859375 0.0400390625 0.0703125 0.03125
1 0.68359375 0.0419921875 0.06640625 0.056640625
1 0.556640625 0.53515625 0.125 0.15234375
1 0.8828125 0.1044921875 0.119140625 0.115234375
1 0.46484375 0.4560546875 0.08203125 0.1171875
1 0.609375 0.41015625 0.0703125 0.138671875
1 0.7333984375 0.0400390625 0.064453125 0.04296875
1 0.4951171875 0.2255859375 0.080078125 0.09375
1 0.9736328125 0.361328125 0.052734375 0.1484375
1 0.951171875 0.4931640625 0.09765625 0.134765625
1 0.498046875 0.05078125 0.060546875 0.083984375
1 0.5625 0.05078125 0.0625 0.07421875
1 0.4482421875 0.4921875 0.115234375 0.140625
1 0.6494140625 0.1826171875 0.123046875 0.140625
1 0.3291015625 0.2578125 0.09375 0.09765625
1 0.38671875 0.1025390625 0.162109375 0.16796875
1 0.9072265625 0.3798828125 0.12109375 0.099609375
1 0.7939453125 0.158203125 0.064453125 0.08984375
1 0.6220703125 0.04296875 0.060546875 0.06640625
1 0.6376953125 0.3076171875 0.076171875 0.076171875
1 0.58984375 0.24609375 0.05859375 0.060546875
1 0.48828125 0.1669921875 0.0390625 0.0390625
0 0.0497979765625 0 0 0.47379610546875 0 0.9502020234375 0.378973337890625 0.990033724609375 0.3793092265625 0.9868379609375 0.385832080078125 0.9526280078125 0.392940134765625 0.937219755859375 0.42433289453125 0.9379344140625 0.431922072265625 0.92839265234375 0.4543906171875 0.916537494140625 0.46918766796875 0.9219700078125 0.48077296875 0.90573990625 0.477565478515625 0.866629970703125 0.4658586015625 0.83179642578125 0.463531041015625 0.8121653828125 0.4548192421875 0.80801866796875 0.445648078125 0.818686583984375 0.423344166015625 0.815049921875 0.414979134765625 0.818048001953125 0.409427046875 0.829096298828125 0.38677210546875 0.835762158203125 0.37510448828125 0.859738169921875 0.366141478515625 0.89627650390625 0.352142041015625 0.91806879296875 0.344093498046875 0.942425185546875 0.32773622265625 0.9587999453125 0.314655513671875 0.95096297265625 0.30790274609375 0.938621384765625 0.29234262109375 0.874303234375 0.3002307890625 0.84799134375 0.30894684765625 0.8346907421875 0.313853177734375 0.83326777734375 0.3168004765625 0.8400396875 0.31983009375 0.839065685546875 0.32616229296875 0.817113751953125 0.33174040234375 0.809299259765625 0.342411234375 0.805251099609375 0.344370267578125 0.7970562265625 0.32748408984375 0.78364957421875 0.31926619140625 0.73302739453125 0.30999094921875 0.730760099609375 0.2912758359375 0.741717333984375 0.28055296484375 0.73929788671875 0.26946156640625 0.7090525234375 0.2643731015625 0.68783887109375 0.262881951171875 0.646324478515625 0.27691166796875 0.61031867578125 0.283915646484375 0.58197521484375 0.24209048828125 0.596965619140625 0.228606712890625 0.592963564453125 0.224723185546875 0.5776924765625 0.228246703125 0.53024301171875 0.2339331484375 0.517916408203125 0.238791701171875 0.492578521484375 0.231375673828125 0.451733826171875 0.2325328359375 0.43376146875 0.246345876953125 0.406779880859375 0.25469766796875 0.348206044921875 0.255213330078125 0.322411701171875 0.24207632421875 0.32555444140625 0.238942630859375 0.313593232421875 0.22916025 0.302225646484375 0.19476815234375 0.288271474609375 0.186996841796875 0.275176619140625 0.187295830078125 0.2584064921875 0.18432251171875 0.248400779296875 0.161294787109375 0.244688041015625 0.135883201171875 0.232323974609375 0.141734279296875 0.20450555078125 0.147511560546875 0.14953840234375 0.15491434375 0.134807341796875 0.159369830078125 0.113304369140625 0.146887099609375 0.071927142578125 0.1461718046875 0.0369564296875 0.132692287109375 0.015507056640625 0.127886861328125 0 0.0497979765625 0