1 0.8134765625 0.66015625 0.099609375 0.189453125
1 0.9326171875 0.654296875 0.125 0.203125
1 0.9814453125 0.8349609375 0.037109375 0.201171875
1 0.6826171875 0.865234375 0.119140625 0.193359375
1 0.626953125 0.9248046875 0.111328125 0.134765625
1 0.435546875 0.8642578125 0.13671875 0.14453125
1 0.408203125 0.95703125 0.09765625 0.0859375
1 0.32421875 0.8876953125 0.119140625 0.16015625
1 0.2529296875 0.9560546875 0.080078125 0.087890625
1 0.2255859375 0.8701171875 0.11328125 0.126953125
1 0.1455078125 0.7568359375 0.142578125 0.107421875
1 0.2529296875 0.7216796875 0.091796875 0.119140625
1 0.546875 0.73046875 0.083984375 0.10546875
1 0.8046875 0.4658203125 0.2265625 0.189453125
1 0.3798828125 0.7177734375 0.1171875 0.13671875
1 0.2646484375 0.4248046875 0.119140625 0.0859375
1 0.5576171875 0.4462890625 0.12109375 0.083984375
1 0.83984375 0.9267578125 0.0625 0.068359375
1 0.865234375 0.8173828125 0.10546875 0.1171875
1 0.640625 0.6181640625 0.072265625 0.05078125
1 0.7314453125 0.61328125 0.0625 0.078125
1 0.111328125 0.5888671875 0.0703125 0.076171875
1 0.0478515625 0.6630859375 0.0703125 0.099609375
1 0.1474609375 0.955078125 0.0546875 0.064453125
1 0.55859375 0.6494140625 0.072265625 0.07421875
1 0.1552734375 0.5712890625 0.041015625 0.091796875
1 0.599609375 0.32421875 0.12109375 0.08984375
1 0.357421875 0.3515625 0.072265625 0.04296875
1 0.115234375 0.4677734375 0.052734375 0.044921875
0 0 0.3728834375 0.00496808203125 0.3738401875 0.0159190859375 0.361080818359375 0.02485828515625 0.368551400390625 0.038797361328125 0.364098990234375 0.04815985546875 0.370263380859375 0.056040818359375 0.38099944140625 0.0658516171875 0.403307935546875 0.07074451171875 0.405737037109375 0.074950130859375 0.40327592578125 0.07911823828125 0.374639369140625 0.082688916015625 0.374137544921875 0.1008961328125 0.4108497578125 0.163661798828125 0.38893826171875 0.1675386015625 0.364706099609375 0.190140392578125 0.352802720703125 0.196079017578125 0.3432411953125 0.23399443359375 0.336665830078125 0.241148294921875 0.344387326171875 0.266474171875 0.334594501953125 0.27044313671875 0.315336189453125 0.279118357421875 0.316610369140625 0.284407220703125 0.32833407421875 0.29164073828125 0.3323042734375 0.31850048046875 0.32478928125 0.3288813828125 0.32956384375 0.382429052734375 0.313311302734375 0.39519040625 0.31775131640625 0.404184251953125 0.3040203046875 0.424933552734375 0.30484428515625 0.43322762109375 0.277497916015625 0.437127115234375 0.298767138671875 0.440234671875 0.30144715234375 0.475861794921875 0.3001801875 0.500764380859375 0.2916935546875 0.50831652734375 0.280658564453125 0.52497969140625 0.278316708984375 0.53034821484375 0.2862891171875 0.52925246484375 0.26337915234375 0.531368935546875 0.256848197265625 0.498929025390625 0.25704387890625 0.448264759765625 0.26790437890625 0.39392515234375 0.26556770703125 0.362648142578125 0.276196908203125 0.3585620078125 0.273031072265625 0.295823666015625 0.2843417734375 0.2726939140625 0.28385234765625 0.21369806640625 0.2958837734375 0.156898349609375 0.29763294921875 0 0.3201780546875 0 0.3728834375
0 0.17709329296875 0.445645521484375 0.17763607421875 0.438712384765625 0.17046970703125 0.4222657421875 0.166874021484375 0.4053172734375 0.162999533203125 0.40149834375 0.12678980078125 0.41157409375 0.121274470703125 0.41982942578125 0.11438458984375 0.4183043359375 0.102534662109375 0.426826587890625 0.106078017578125 0.436925556640625 0.1096486953125 0.43642373046875 0.113655171875 0.443340861328125 0.12862516015625 0.44622376953125 0.137287873046875 0.43877280078125 0.1563565 0.45354669140625 0.159663197265625 0.4468484609375 0.164053140625 0.454335048828125 0.17709329296875 0.445645521484375
0 0.840845771484375 0.314960173828125 0.845870654296875 0.3204874765625 0.848925876953125 0.31631798828125 0.8581962109375 0.31750853125 0.86977984375 0.33084096484375 0.887222443359375 0.338363173828125 0.893357896484375 0.347474498046875 0.912070380859375 0.3510781328125 0.942747646484375 0.39663475390625 0.962742517578125 0.40504496484375 0.996898302734375 0.44512590625 0.997237046875 0.445377166015625 0.973704576171875 0.2779349375 0.90270001171875 0.280086412109375 0.8112767578125 0.30103866796875 0.814225 0.3112212734375 0.82689419140625 0.310687435546875 0.83209089453125 0.31743729296875 0.840845771484375 0.314960173828125
0 0.9547453125 0.520865361328125 0.958027 0.496716837890625 0.9699565859375 0.484443287109375 0.93079861328125 0.4843364296875 0.924107875 0.47343309375 0.919217296875 0.44295290234375 0.907342359375 0.434024861328125 0.90213315234375 0.418549857421875 0.876834595703125 0.417741884765625 0.8767697578125 0.40216723828125 0.88437423828125 0.397981748046875 0.87864957421875 0.378839083984375 0.874047984375 0.372005591796875 0.8735200234375 0.35961278515625 0.876998541015625 0.354137107421875 0.854834865234375 0.345408353515625 0.84676726171875 0.352775685546875 0.85026847265625 0.392801392578125 0.86682465625 0.404811630859375 0.870883466796875 0.41857826171875 0.908886412109375 0.4730789296875 0.911807328125 0.493862333984375 0.9185105703125 0.513490814453125 0.93969566796875 0.52173375 0.945275837890625 0.529053064453125 0.9547453125 0.520865361328125
0 0.819436521484375 0.298645185546875 0.825519642578125 0.30090701171875 0.832514189453125 0.3161311015625 0.846029970703125 0.312984880859375 0.852907345703125 0.30578482421875 0.85861950390625 0.31620233984375 0.862785294921875 0.315616875 0.86943620703125 0.328395859375 0.878626880859375 0.333337697265625 0.88244903515625 0.33030712890625 0.894045169921875 0.352364708984375 0.902879705078125 0.346136294921875 0.90773276953125 0.35044104296875 0.910524013671875 0.340075154296875 0.91657980859375 0.352937775390625 0.9236415078125 0.355685421875 0.94786932421875 0.35103372265625 0.951532162109375 0.35550574609375 0.954838859375 0.348807517578125 0.95986374609375 0.354334818359375 0.96572271484375 0.348524591796875 0.968962259765625 0.354302806640625 0.972097138671875 0.3463820234375 0.976870546875 0.3544380703125 0.982557697265625 0.347405291015625 0.983665140625 0.348808025390625 0.97404815625 0.280379634765625 0.937229072265625 0.28396057421875 0.90363876171875 0.28244787890625 0.85339779296875 0.292002189453125 0.851453138671875 0.2997556953125 0.84566132421875 0.29308948046875 0.819436521484375 0.298645185546875
0 1 0.877639384765625 0.99764301171875 0.87575633984375 0.99097959765625 0.85425220703125 0.971965619140625 0.8182767265625 0.97352912109375 0.781902669921875 0.978700814453125 0.77120223046875 0.973822740234375 0.749447185546875 0.961260529296875 0.7356289296875 0.9433149765625 0.733164208984375 0.927934201171875 0.740312638671875 0.916562216796875 0.726327109375 0.906818572265625 0.691542169921875 0.89260301171875 0.681073029296875 0.88720948046875 0.655650326171875 0.888098212890625 0.623111203125 0.884131564453125 0.614318423828125 0.871382716796875 0.618603560546875 0.85989124609375 0.6102449765625 0.838004052734375 0.616437771484375 0.844084859375 0.6467506875 0.850088322265625 0.65276380859375 0.8582082578125 0.6522459765625 0.8520978125 0.66058494921875 0.852466458984375 0.680480349609375 0.861007373046875 0.70670741796875 0.86059658203125 0.716738755859375 0.8663883984375 0.723404974609375 0.86845022265625 0.73807561328125 0.867060853515625 0.747621130859375 0.86169233203125 0.73964872265625 0.825390439453125 0.74475062109375 0.82123715234375 0.754061232421875 0.783745029296875 0.75933040625 0.7796987265625 0.754288923828125 0.767153650390625 0.693093634765625 0.7617976328125 0.693846373046875 0.75710387890625 0.682039029296875 0.753797181640625 0.688737259765625 0.735943791015625 0.691246390625 0.727440390625 0.691194763671875 0.721728232421875 0.680777248046875 0.717482783203125 0.685114009765625 0.702754083984375 0.642926119140625 0.698284484375 0.639190828125 0.6694004296875 0.658210625 0.667667423828125 0.665311037109375 0.670376693359375 0.68674753515625 0.664928515625 0.68252642578125 0.65703273046875 0.691116310546875 0.641387974609375 0.6920683359375 0.630994568359375 0.678568625 0.62444832421875 0.679488640625 0.622635662109375 0.69034034765625 0.628094029296875 0.73133769921875 0.621960890625 0.69417528515625 0.616923501953125 0.6799228359375 0.603619369140625 0.682415958984375 0.5914758203125 0.7233936953125 0.5906542421875 0.74345637109375 0.586090166015625 0.762798322265625 0.605211125 0.7844217109375 0.61122940625 0.771108888671875 0.625248140625 0.7629051796875 0.6262415390625 0.74406505859375 0.63122659375 0.7514680078125 0.634478642578125 0.76597137109375 0.644819716796875 0.77262158203125 0.649976591796875 0.7812470859375 0.64561165625 0.79121079296875 0.62954360546875 0.793469009765625 0.613727029296875 0.793198484375 0.605726580078125 0.788089369140625 0.597487158203125 0.7942341484375 0.570958548828125 0.795469099609375 0.567850994140625 0.7927890859375 0.566463939453125 0.774283513671875 0.562417634765625 0.76924203125 0.5415886796875 0.772169349609375 0.522876193359375 0.76856571484375 0.51762484375 0.783017451171875 0.5086981484375 0.784272015625 0.506345021484375 0.774005771484375 0.510791927734375 0.732239677734375 0.50930020703125 0.70003510546875 0.51180014453125 0.694073609375 0.519959908203125 0.691680126953125 0.524312337890625 0.6729912734375 0.52088846875 0.657265357421875 0.51599557421875 0.654836255859375 0.511498650390625 0.66170176171875 0.507913154296875 0.68152953125 0.498891982421875 0.705861337890625 0.474806345703125 0.750387478515625 0.47126067578125 0.76833959765625 0.464806595703125 0.774233462890625 0.455284787109375 0.775571666015625 0.444639904296875 0.764600701171875 0.439879001953125 0.76526980078125 0.433688900390625 0.7773600703125 0.419406185546875 0.779367375 0.4142344921875 0.790067814453125 0.3886446328125 0.793664234375 0.383221462890625 0.80689341796875 0.36732523046875 0.8103741875 0.36281580078125 0.808514546875 0.353440802734375 0.7936250078125 0.321979470703125 0.794306505859375 0.31885941015625 0.782901345703125 0.31858292578125 0.767979794921875 0.327153478515625 0.755554974609375 0.327870392578125 0.72179330078125 0.322556517578125 0.69261930078125 0.314859876953125 0.69183094140625 0.309464033203125 0.694459328125 0.311764826171875 0.69787607421875 0.314606087890625 0.72241077734375 0.318612564453125 0.72932790625 0.313348708984375 0.73505449609375 0.31248730078125 0.756992822265625 0.303468443359375 0.753273537109375 0.301060666015625 0.764208884765625 0.30558028515625 0.802844765625 0.3008216953125 0.775462775390625 0.29311255078125 0.765949267578125 0.2676523671875 0.800694982421875 0.244442958984375 0.803956853515625 0.2345251796875 0.79600044921875 0.2308896640625 0.78092762890625 0.2121771796875 0.7773239921875 0.198766064453125 0.794169212890625 0.19674175390625 0.805674017578125 0.160439861328125 0.810775916015625 0.138684658203125 0.820066912109375 0.136951654296875 0.82716732421875 0.150041822265625 0.85337838671875 0.170078837890625 0.831861857421875 0.1829995078125 0.828799275390625 0.19164740234375 0.840674251953125 0.190230708984375 0.860820564453125 0.191896564453125 0.86619659765625 0.197914845703125 0.85288377734375 0.20309904296875 0.850908484375 0.23119115625 0.813299474609375 0.2367189921875 0.8137692890625 0.27468442578125 0.842094515625 0.298660765625 0.839971560546875 0.30884483984375 0.826073275390625 0.32923799609375 0.815727 0.338508330078125 0.816917541015625 0.344471962890625 0.8248063125 0.37338102734375 0.823236810546875 0.380786361328125 0.828429560546875 0.40051725390625 0.8306433671875 0.404842359375 0.822555310546875 0.4417393671875 0.8173697734375 0.460003546875 0.8048293046875 0.478213080078125 0.813490427734375 0.495653365234375 0.8490637265625 0.50024244921875 0.847172072265625 0.502040294921875 0.85564630859375 0.511375462890625 0.87241149609375 0.52124091015625 0.8735183984375 0.527812162109375 0.8900486796875 0.531198517578125 0.87959915234375 0.534649708984375 0.884724271484375 0.538589033203125 0.904117845703125 0.538442224609375 0.920345587890625 0.53115405859375 0.937576982421875 0.525028794921875 0.9652418984375 0.5201757265625 0.960937150390625 0.51746414453125 0.9675517421875 0.499610751953125 0.970060873046875 0.490076439453125 0.96267392578125 0.4663765859375 0.97971843359375 0.4618523359375 0.997184734375 0.462067328125 1 0.53496340625 1 0.5682007890625 0.995328791015625 0.574144375 0.97142951171875 0.572769826171875 0.9616490859375 0.582572748046875 0.91913025 0.582468083984375 0.90543125390625 0.58547097265625 0.89441226953125 0.588406708984375 0.895869728515625 0.58943762109375 0.903205046875 0.588775353515625 0.915765130859375 0.584622068359375 0.925075740234375 0.58655190234375 0.936648177734375 0.598957115234375 0.929917935546875 0.6066310625 0.885204908203125 0.63363761328125 0.861462173828125 0.638082203125 0.847747169921875 0.63611254296875 0.838050380859375 0.629857603515625 0.83456600390625 0.60503467578125 0.83930133984375 0.595445712890625 0.85311598828125 0.5943078203125 0.86013276171875 0.59670077734375 0.868523359375 0.590894142578125 0.8811830859375 0.590154533203125 0.869443373046875 0.5930379375 0.8640513359375 0.592509978515625 0.85165852734375 0.59686240625 0.832969673828125 0.634010890625 0.825255392578125 0.646311435546875 0.804826154296875 0.668808560546875 0.779223775390625 0.677643095703125 0.772995359375 0.68998115234375 0.778741564453125 0.69696551171875 0.7571894140625 0.695115333984375 0.7418656796875 0.699901248046875 0.758646875 0.7203990703125 0.76199959765625 0.731942875 0.7772076796875 0.729958392578125 0.7868368359375 0.7132155703125 0.79292998828125 0.71008069140625 0.800850771484375 0.717062732421875 0.807349712890625 0.721823638671875 0.806680611328125 0.729492955078125 0.818069767578125 0.741143740234375 0.8189257578125 0.764338326171875 0.834989830078125 0.774169501953125 0.9308508046875 0.771418087890625 0.939341044921875 0.764448552734375 0.941567251953125 0.763522306640625 0.9479309296875 0.758497421875 0.94240362890625 0.75499158203125 0.958480099609375 0.755819732421875 0.96896066796875 0.812200126953125 0.961036919921875 0.809821634765625 0.94703413671875 0.8108275390625 0.93691916015625 0.792513341796875 0.9145590390625 0.79408934765625 0.886910130859375 0.788720826171875 0.87893772265625 0.79074513671875 0.86743291796875 0.78035173046875 0.853933205078125 0.776915357421875 0.829482142578125 0.783857572265625 0.837856734375 0.7859217109375 0.82447628125 0.796696265625 0.866596541015625 0.801429845703125 0.876528234375 0.826252775390625 0.8717928984375 0.823531001953125 0.84163125390625 0.815664857421875 0.81156925 0.815268884765625 0.80227464453125 0.84915281640625 0.771331853515625 0.85882143359375 0.753765908203125 0.870380056640625 0.749648048828125 0.876779490234375 0.764955775390625 0.900753513671875 0.7908839140625 0.903754087890625 0.80791601953125 0.92734233203125 0.861325791015625 0.9389931171875 0.86218178125 0.94425697265625 0.85645519140625 0.974167306640625 0.900872896484375 0.987140306640625 0.9046598125 0.983661791015625 0.910135490234375 0.989981568359375 0.929194513671875 0.990827384765625 0.93593249609375 1 0.934643369140625 1 0.877639384765625
0 0.156416248046875 0.851235818359375 0.166256685546875 0.834892427734375 0.175514513671875 0.8273578203125 0.190484501953125 0.830240728515625 0.198417796875 0.8478262890625 0.2064057421875 0.84421025390625 0.215307427734375 0.825505392578125 0.221258560546875 0.824669015625 0.235224958984375 0.80961580859375 0.21758321484375 0.811471845703125 0.21106198046875 0.829842154296875 0.2080864140625 0.83026034375 0.198816083984375 0.82906980078125 0.192720458984375 0.818082830078125 0.19828812109375 0.816676994140625 0.20613157421875 0.801237611328125 0.20506083203125 0.79577794140625 0.200471748046875 0.797669595703125 0.19793198046875 0.8055067421875 0.110358205078125 0.81282762890625 0.108453380859375 0.81870548828125 0.111904572265625 0.823830607421875 0.139040798828125 0.831237166015625 0.14983017578125 0.854031482421875 0.156416248046875 0.851235818359375
0 0.086042859375 0.756403294921875 0.0869964296875 0.739438818359375 0.0834007421875 0.7224903515625 0.07555960546875 0.709878642578125 0.074252208984375 0.687621771484375 0.06910783984375 0.687721416015625 0.064028306640625 0.703395705078125 0.044389576171875 0.70615575 0.0453135078125 0.727843162109375 0.038396302734375 0.7369188671875 0.02878233203125 0.733283220703125 0.027930357421875 0.7336982265625 0.038807783203125 0.81109513671875 0.040797134765625 0.81013679296875 0.044066318359375 0.77726312109375 0.046538931640625 0.781902419921875 0.059631419921875 0.780062392578125 0.07687719140625 0.768911751953125 0.086042859375 0.756403294921875
0 0.173778263671875 0.713528720703125 0.171188478515625 0.686465275390625 0.17593687890625 0.67707102734375 0.1762953359375 0.6601901875 0.185050212890625 0.6577130703125 0.199123591796875 0.628307771484375 0.223946521484375 0.62357243359375 0.23614240234375 0.589444197265625 0.265898052734375 0.5852623125 0.257359453125 0.53098415234375 0.2509326953125 0.52627722265625 0.215741369140625 0.534963142578125 0.2268345546875 0.56207821484375 0.23729511328125 0.563101478515625 0.24032301171875 0.5695327890625 0.24012387109375 0.57891103125 0.235878419921875 0.58324779296875 0.20424526953125 0.582706740234375 0.205236353515625 0.59191770703125 0.201030734375 0.5943788203125 0.19928522265625 0.592754083984375 0.200462943359375 0.583861662109375 0.19746237109375 0.5668295546875 0.193759701171875 0.5642331796875 0.194312669921875 0.59407628125 0.188613017578125 0.5923839140625 0.18658870703125 0.60388871875 0.177238716796875 0.6064494765625 0.17427565625 0.615592810546875 0.16000544921875 0.62632526171875 0.146066373046875 0.630777673828125 0.0981933515625 0.63127228515625 0.092745171875 0.627051173828125 0.08560381640625 0.628054826171875 0.081067064453125 0.636795978515625 0.087359515625 0.66645580078125 0.108452451171875 0.6697248828125 0.114627732421875 0.67696055859375 0.117205013671875 0.695298857421875 0.11421462890625 0.715042990234375 0.11855223828125 0.715680080078125 0.119981435546875 0.704258912109375 0.126184041015625 0.700893791015625 0.13529505859375 0.70958692578125 0.143031529296875 0.70849963671875 0.1489951640625 0.716388408203125 0.15740640234375 0.711466181640625 0.166385431640625 0.717061115234375 0.173778263671875 0.713528720703125
0 1 0.622048880859375 0.975975798828125 0.6201110703125 0.96875478515625 0.62486601953125 0.968899279296875 0.6366893671875 0.976832576171875 0.654274927734375 0.983588150390625 0.68075291015625 0.989155814453125 0.67934707421875 1 0.6866472890625 1 0.622048880859375
0 0.320506271484375 0.53769320703125 0.351334978515625 0.510919900390625 0.352988326171875 0.50757078515625 0.348426564453125 0.49886164453125 0.359390076171875 0.494827421875 0.361586205078125 0.484545171875 0.366611087890625 0.49007247265625 0.375789259765625 0.4862891640625 0.377761236328125 0.467934861328125 0.37022391015625 0.45964390625 0.366493919921875 0.467648328125 0.350518029296875 0.474880396484375 0.324504873046875 0.479783005859375 0.321897955078125 0.500096595703125 0.311701376953125 0.505269734375 0.30702012890625 0.5021875390625 0.3035939453125 0.514512712890625 0.30327531640625 0.52951790234375 0.310772814453125 0.53968450390625 0.320506271484375 0.53769320703125