1 0.3203125 0.6298828125 0.0322265625 0.048828125
1 0.205078125 0.77734375 0.0244140625 0.03515625
1 0.1982421875 0.8056640625 0.0244140625 0.02734375
1 0.07421875 0.9296875 0.0205078125 0.0322265625
1 0.474609375 0.4443359375 0.01953125 0.0322265625
1 0.50390625 0.4248046875 0.017578125 0.0283203125
1 0.5732421875 0.28515625 0.017578125 0.0283203125
1 0.41015625 0.4345703125 0.01953125 0.03125
1 0.357421875 0.609375 0.017578125 0.03125
1 0.6494140625 0.1328125 0.01953125 0.03125
1 0.458984375 0.490234375 0.013671875 0.021484375
1 0.55859375 0.3359375 0.0146484375 0.0205078125
1 0.53515625 0.3798828125 0.015625 0.0244140625
1 0.6337890625 0.1845703125 0.0185546875 0.03125
0 1 0.10829015625 0.98439153515625 0.097409326171875 0.9542328046875 0.08808290234375 0.943121693359375 0.089119171875 0.93042328125 0.106735751953125 0.899206349609375 0.098445595703125 0.8822751328125 0.105699482421875 0.8738095234375 0.096373056640625 0.86798941796875 0.096373056640625 0.86243386328125 0.10725388671875 0.863227513671875 0.11606217578125 0.878042328125 0.136787564453125 0.890740740234375 0.135751294921875 0.901322751953125 0.149222798828125 0.924603173828125 0.153367875 0.941534390625 0.16891191796875 0.946560845703125 0.17979274609375 0.948677248046875 0.205699482421875 0.940211640625 0.245077720703125 0.94232804296875 0.2678756484375 0.940211640625 0.2937823828125 0.9444444453125 0.30725388671875 0.94603174609375 0.34145077734375 0.941005291015625 0.35440414453125 0.9335978828125 0.36165803125 0.921428572265625 0.36062176171875 0.9140211640625 0.36683937890625 0.8981481484375 0.3699481875 0.8859788359375 0.3678756484375 0.866931216796875 0.35440414453125 0.847354498046875 0.35025906640625 0.82830687890625 0.337823833984375 0.810846560546875 0.340932642578125 0.80608465625 0.336787564453125 0.8 0.322797927734375 0.800529099609375 0.315544041015625 0.80767195703125 0.302590673828125 0.817195767578125 0.300518134765625 0.82169312109375 0.283419689453125 0.815343916015625 0.276165802734375 0.811375662109375 0.261139896484375 0.8079365078125 0.2595854921875 0.80634920703125 0.245077720703125 0.815343916015625 0.22227979296875 0.8079365078125 0.210880828125 0.804761904296875 0.1787564765625 0.79973544921875 0.178238341796875 0.796560845703125 0.185492228515625 0.76957671875 0.213471501953125 0.76825396875 0.232642486328125 0.77407407421875 0.247150259765625 0.7724867734375 0.2699481875 0.77645502734375 0.2766839375 0.783333333984375 0.27772020703125 0.79232804296875 0.267357513671875 0.796560845703125 0.268393783203125 0.80158730078125 0.278238341796875 0.799206349609375 0.28808290234375 0.79391534375 0.291191708984375 0.789153439453125 0.289119171875 0.78439153515625 0.2787564765625 0.78174603125 0.291191708984375 0.776984126953125 0.292227978515625 0.76825396875 0.30725388671875 0.776719576171875 0.319689119140625 0.780687830078125 0.335751294921875 0.796560845703125 0.334715025390625 0.800793650390625 0.347150259765625 0.8121693125 0.360103626953125 0.807407408203125 0.367357513671875 0.80634920703125 0.392227978515625 0.7944444453125 0.4020725390625 0.78386243359375 0.4020725390625 0.780687830078125 0.3979274609375 0.775661375 0.401554404296875 0.77354497265625 0.407772021484375 0.781481482421875 0.42435233203125 0.78201058203125 0.437823833984375 0.78015873046875 0.442487046875 0.770899470703125 0.446113990234375 0.774603173828125 0.46062176171875 0.774603173828125 0.4699481875 0.769047619140625 0.47979274609375 0.7621693125 0.480829015625 0.751058201171875 0.472538859375 0.737301587890625 0.47150258984375 0.73042328125 0.459067357421875 0.71613756640625 0.450777201171875 0.70582010546875 0.46062176171875 0.69365079296875 0.5 0.694973544921875 0.507772021484375 0.7018518515625 0.51398963671875 0.706613755859375 0.51191709765625 0.712962962890625 0.497409326171875 0.717195767578125 0.494300517578125 0.721428572265625 0.497409326171875 0.725661375 0.508808291015625 0.735185185546875 0.506735751953125 0.7378306875 0.5170984453125 0.742592591796875 0.52020725390625 0.761375662109375 0.551813470703125 0.762962962890625 0.569430052734375 0.760846560546875 0.596373056640625 0.753174603515625 0.60829015625 0.7378306875 0.6062176171875 0.724603173828125 0.629015544921875 0.7177248671875 0.629015544921875 0.7018518515625 0.614507771484375 0.697619046875 0.6020725390625 0.6896825390625 0.5979274609375 0.6798941796875 0.5829015546875 0.677248677734375 0.57357512890625 0.677248677734375 0.561139896484375 0.668783068359375 0.53834196875 0.673280423828125 0.5212435234375 0.678571427734375 0.5170984453125 0.686507935546875 0.51813471484375 0.686772486328125 0.50829015625 0.673280423828125 0.505699482421875 0.671164021484375 0.498445595703125 0.666931216796875 0.499481865234375 0.654761904296875 0.527461140625 0.642857142578125 0.53108808203125 0.64179894140625 0.53834196875 0.649206349609375 0.550777201171875 0.647354498046875 0.557512953125 0.6383597890625 0.565803109375 0.62777777734375 0.56476683984375 0.624338625 0.596373056640625 0.618783068359375 0.59481865234375 0.614814814453125 0.598445595703125 0.61798941796875 0.62227979296875 0.6116402109375 0.672020724609375 0.60767195703125 0.67772020703125 0.597089947265625 0.67979274609375 0.58201058203125 0.70725388671875 0.580687830078125 0.71502590625 0.570634919921875 0.72435233203125 0.55820105859375 0.752849740234375 0.553174603515625 0.782383419921875 0.535449736328125 0.78393782421875 0.530687830078125 0.81191709765625 0.52962962890625 0.836787564453125 0.523015873046875 0.84352331640625 0.519312169921875 0.853886009765625 0.512962962890625 0.858031087890625 0.4981481484375 0.850777201171875 0.4944444453125 0.856994818359375 0.490740740234375 0.856994818359375 0.4761904765625 0.89170984375 0.477248677734375 0.914507771484375 0.474867724609375 0.91813471484375 0.466931216796875 0.91606217578125 0.46005291015625 0.932642486328125 0.451058201171875 0.941968912109375 0.449206349609375 0.94559585546875 0.447089947265625 0.972538859375 0.43386243359375 0.991191708984375 0.443121693359375 0.9937823828125 0.447619046875 0.972538859375 0.454761904296875 0.9699481875 0.45820105859375 0.9766839375 0.4555555546875 0.991191708984375 0.45952380859375 0.99689119140625 0.864814814453125 0.9979274609375 0.87169312109375 0.99689119140625 0.88015873046875 0.988601037109375 0.902910052734375 0.985492228515625 0.91984126953125 0.975129533203125 0.93042328125 0.974093263671875 0.952645501953125 0.986528498046875 0.961111111328125 0.99689119140625 0.97354497265625 0.997409326171875 0.980687830078125 0.995854921875 0.983068783203125 0.990155439453125 0.983068783203125 0.953886009765625 0.984920634765625 0.95025906640625 1 0.9487046640625 1 0.10829015625
0 0.6803897109375 0 0.67785589453125 0.01573230078125 0.682440892578125 0.018223716796875 0.68422394921875 0.032175640625 0.6877900546875 0.038653318359375 0.6877900546875 0.0526052421875 0.68371450390625 0.07452970703125 0.688044783203125 0.090973046875 0.69339395703125 0.094461072265625 0.6928845 0.104426734375 0.685752298828125 0.10940956640625 0.682695611328125 0.1223648828125 0.686516443359375 0.127347712890625 0.69517700390625 0.114392396484375 0.6995072734375 0.1168838125 0.700271447265625 0.126351162109375 0.69365079296875 0.146632125 0.690740740234375 0.16269430078125 0.67962962890625 0.176165802734375 0.671428572265625 0.1766839375 0.67354497265625 0.18186528515625 0.67354497265625 0.193264248046875 0.66428571484375 0.19689119140625 0.65952380859375 0.20932642578125 0.65582010546875 0.210362693359375 0.653439154296875 0.22642487109375 0.647354498046875 0.24145077734375 0.63994708984375 0.24559585546875 0.630952380859375 0.260103626953125 0.62188915625 0.25825948828125 0.63004026953125 0.24430756640625 0.62341749609375 0.233843626953125 0.61450221875 0.2278642265625 0.6116402109375 0.230569947265625 0.60396825390625 0.217616580078125 0.601058201171875 0.237823833984375 0.607407408203125 0.26165803125 0.600529099609375 0.26891191796875 0.603703703125 0.279274611328125 0.598941798828125 0.284455958984375 0.604761904296875 0.289637306640625 0.6079365078125 0.30310880859375 0.60582010546875 0.317616580078125 0.59603174609375 0.32227979296875 0.588624337890625 0.308808291015625 0.582539681640625 0.322797927734375 0.586772486328125 0.34559585546875 0.586772486328125 0.353886009765625 0.582804232421875 0.36269430078125 0.5664021171875 0.36891191796875 0.553174603515625 0.411398962890625 0.545238095703125 0.412435232421875 0.538888888671875 0.426943005859375 0.532539681640625 0.4300518125 0.528042328125 0.447150259765625 0.5224867734375 0.458031087890625 0.5103174609375 0.459067357421875 0.506878306640625 0.478238341796875 0.49365079296875 0.49274611328125 0.49179894140625 0.510880828125 0.484920634765625 0.51813471484375 0.471164021484375 0.5170984453125 0.466931216796875 0.538860103515625 0.441269841796875 0.569430052734375 0.435449736328125 0.597409326171875 0.428835978515625 0.612435232421875 0.40820105859375 0.60932642578125 0.40449735546875 0.581347150390625 0.39973544921875 0.581347150390625 0.39391534375 0.588601037109375 0.391005291015625 0.595336787109375 0.39047619140625 0.606735751953125 0.394708994140625 0.62227979296875 0.395238095703125 0.639896373046875 0.3859788359375 0.67150258984375 0.373280423828125 0.6829015546875 0.361111111328125 0.68393782421875 0.355026455078125 0.7020725390625 0.34417989453125 0.7170984453125 0.330952380859375 0.7129533671875 0.3275132265625 0.70518134765625 0.325661375 0.6829015546875 0.320634919921875 0.715544041015625 0.3103174609375 0.744041451171875 0.298677248046875 0.747150259765625 0.294708994140625 0.734196890625 0.29179894140625 0.733678755859375 0.286507935546875 0.743005181640625 0.281216931640625 0.745077720703125 0.27777777734375 0.763212435546875 0.26560846484375 0.7829015546875 0.250793650390625 0.82227979296875 0.24417989453125 0.83108808203125 0.239417990234375 0.83523316015625 0.22407407421875 0.834196890625 0.21560846484375 0.84766839453125 0.207142857421875 0.851813470703125 0.201058201171875 0.837823833984375 0.20158730078125 0.82227979296875 0.19973544921875 0.820725388671875 0.1883597890625 0.830569947265625 0.1920634921875 0.844041451171875 0.190740740234375 0.853886009765625 0.18439153515625 0.858031087890625 0.17222222265625 0.8487046640625 0.16243386328125 0.86062176171875 0.169312169921875 0.872020724609375 0.170899470703125 0.883419689453125 0.169312169921875 0.89170984375 0.1616402109375 0.896373056640625 0.1542328046875 0.91606217578125 0.139417990234375 0.927461140625 0.1261904765625 0.91502590625 0.114550263671875 0.9212435234375 0.11613756640625 0.934715025390625 0.123280423828125 0.9362694296875 0.124338625 0.9445595859375 0.121957671875 0.948186529296875 0.114550263671875 0.945077720703125 0.114814814453125 0.93730569921875 0.1103174609375 0.9253886015625 0.10608465625 0.9295336796875 0.1018518515625 0.9212435234375 0.0957671953125 0.9300518125 0.102645501953125 0.9362694296875 0.103174603515625 0.94559585546875 0.098677248046875 0.9554404140625 0.0944444453125 0.9554404140625 0.0896825390625 0.941968912109375 0.0822751328125 0.943005181640625 0.077248677734375 0.955958548828125 0.0798941796875 0.9704663203125 0.09179894140625 0.982383419921875 0.0944444453125 0.99170984375 0.106613755859375 0.99170984375 0.11825396875 0.99689119140625 0.37645502734375 0.995854921875 0.381481482421875 0.990155439453125 0.383068783203125 0.961139896484375 0.387037037109375 0.95025906640625 0.39550264453125 0.943005181640625 0.41984126953125 0.944041451171875 0.424338625 0.920725388671875 0.4378306875 0.900518134765625 0.454761904296875 0.899481865234375 0.455026455078125 0.884455958984375 0.46190476171875 0.86683937890625 0.463492064453125 0.846113990234375 0.4677248671875 0.827461140625 0.474867724609375 0.817616580078125 0.4944444453125 0.811398962890625 0.502645501953125 0.791191708984375 0.500529099609375 0.772538859375 0.502380953125 0.75854922265625 0.507142857421875 0.75854922265625 0.513492064453125 0.7512953359375 0.525132275390625 0.749222798828125 0.5322751328125 0.73108808203125 0.53624338671875 0.702590673828125 0.552910052734375 0.69896373046875 0.552380953125 0.689637306640625 0.556613755859375 0.66269430078125 0.56190476171875 0.65854922265625 0.562962962890625 0.645077720703125 0.565343916015625 0.6404145078125 0.58386243359375 0.614507771484375 0.592857142578125 0.60932642578125 0.597089947265625 0.59896373046875 0.60608465625 0.59689119140625 0.61190476171875 0.6 0.616931216796875 0.61502590625 0.613227513671875 0.66891191796875 0.60820105859375 0.67772020703125 0.596560845703125 0.67979274609375 0.580687830078125 0.7129533671875 0.570634919921875 0.72227979296875 0.55767195703125 0.753886009765625 0.553174603515625 0.781347150390625 0.531481482421875 0.783419689453125 0.532804232421875 0.800518134765625 0.52962962890625 0.82642487109375 0.51825396875 0.854922279296875 0.5140211640625 0.858031087890625 0.507142857421875 0.853886009765625 0.49973544921875 0.842487046875 0.4944444453125 0.852849740234375 0.48994708984375 0.85440414453125 0.474603173828125 0.8937823828125 0.4761904765625 0.914507771484375 0.466931216796875 0.9170984453125 0.46005291015625 0.933678755859375 0.455291005859375 0.936787564453125 0.447619046875 0.952849740234375 0.4481481484375 0.966321244140625 0.454761904296875 0.973056994140625 0.45820105859375 0.98186528515625 0.4555555546875 0.992227978515625 0.458465609375 0.9979274609375 0.60026455078125 0.99481865234375 0.870634919921875 0.99689119140625 0.881216931640625 0.989637306640625 0.93042328125 0.976165802734375 0.946296296875 0.982383419921875 0.960582009765625 0.99896373046875 0.969312169921875 0.998445595703125 0.980687830078125 0.99689119140625 0.982539681640625 0.993264248046875 0.98439153515625 0.9512953359375 1 0.9487046640625 0.999206349609375 0.105699482421875 0.95634920703125 0.08808290234375 0.941005291015625 0.090155439453125 0.929365080078125 0.104663212890625 0.914550263671875 0.103626943359375 0.88809523828125 0.091191708984375 0.8701058203125 0.091191708984375 0.86243386328125 0.10103626953125 0.86243386328125 0.116580310546875 0.8701058203125 0.132642486328125 0.891269841796875 0.135751294921875 0.901322751953125 0.149222798828125 0.9224867734375 0.15233160546875 0.939417990234375 0.165803109375 0.94550264453125 0.17564766796875 0.948677248046875 0.204663212890625 0.940211640625 0.245077720703125 0.94179894140625 0.2699481875 0.9396825390625 0.286528498046875 0.940740740234375 0.29896373046875 0.94391534375 0.30725388671875 0.94603174609375 0.33937823828125 0.94550264453125 0.34559585546875 0.9378306875 0.36062176171875 0.921428572265625 0.36165803125 0.909259259765625 0.3678756484375 0.887037037109375 0.36683937890625 0.834656083984375 0.343005181640625 0.82830687890625 0.336787564453125 0.81190476171875 0.339896373046875 0.803703703125 0.3300518125 0.801058201171875 0.322797927734375 0.80211640234375 0.316580310546875 0.807142857421875 0.304663212890625 0.818783068359375 0.300518134765625 0.822751322265625 0.283419689453125 0.81957671875 0.273056994140625 0.815873015625 0.2699481875 0.814814814453125 0.26165803125 0.808465609375 0.25233160546875 0.808465609375 0.245077720703125 0.81428571484375 0.230569947265625 0.815343916015625 0.219170984375 0.807407408203125 0.202590673828125 0.805291005859375 0.1766839375 0.798677248046875 0.176165802734375 0.774867724609375 0.20932642578125 0.76825396875 0.21398963671875 0.7677248671875 0.231606216796875 0.771428572265625 0.244041451171875 0.7724867734375 0.26165803125 0.770899470703125 0.277202072265625 0.77354497265625 0.29274611328125 0.769047619140625 0.294300517578125 0.762962962890625 0.30829015625 0.772751322265625 0.31606217578125 0.780687830078125 0.339896373046875 0.7896825390625 0.335751294921875 0.79841269921875 0.33834196875 0.8 0.3487046640625 0.806878306640625 0.361139896484375 0.80582010546875 0.393264248046875 0.79603174609375 0.4020725390625 0.78809523828125 0.40103626953125 0.780687830078125 0.39481865234375 0.773015873046875 0.399481865234375 0.770899470703125 0.408808291015625 0.780952380859375 0.42435233203125 0.78201058203125 0.435751294921875 0.78015873046875 0.44145077734375 0.767195767578125 0.445077720703125 0.774603173828125 0.46062176171875 0.774603173828125 0.46891191796875 0.77169312109375 0.47772020703125 0.7621693125 0.480829015625 0.748941798828125 0.4704663203125 0.736772486328125 0.4704663203125 0.7298941796875 0.455958548828125 0.720899470703125 0.44766839453125 0.709259259765625 0.451813470703125 0.70582010546875 0.45854922265625 0.70158730078125 0.479274611328125 0.6920634921875 0.49896373046875 0.697619046875 0.51191709765625 0.701322751953125 0.51398963671875 0.71613756640625 0.496373056640625 0.721957671875 0.498445595703125 0.725661375 0.507772021484375 0.735185185546875 0.506735751953125 0.736772486328125 0.51606217578125 0.742592591796875 0.519170984375 0.761375662109375 0.553886009765625 0.76190476171875 0.591191708984375 0.75634920703125 0.6062176171875 0.737301587890625 0.60932642578125 0.731481482421875 0.615544041015625 0.725661375 0.6300518125 0.7140211640625 0.629015544921875 0.690211640625 0.60310880859375 0.676719576171875 0.5766839375 0.67407407421875 0.553886009765625 0.669312169921875 0.53730569921875 0.674338625 0.519170984375 0.6859788359375 0.51813471484375 0.6878306875 0.511398962890625 0.682804232421875 0.505699482421875 0.678571427734375 0.51191709765625 0.674867724609375 0.507772021484375 0.671957671875 0.49896373046875 0.67592592578125 0.491191708984375 0.666931216796875 0.496373056640625 0.658994708984375 0.506735751953125 0.655291005859375 0.527461140625 0.643121693359375 0.527461140625 0.63756613671875 0.515544041015625 0.639153439453125 0.4937823828125 0.642857142578125 0.480310880859375 0.652380953125 0.46891191796875 0.666931216796875 0.423834197265625 0.678835978515625 0.41398963671875 0.680952380859375 0.394300517578125 0.693121693359375 0.361139896484375 0.699470900390625 0.33316062109375 0.7055555546875 0.3212435234375 0.7140211640625 0.31606217578125 0.720634919921875 0.3 0.71957671875 0.281347150390625 0.723280423828125 0.2637305703125 0.738624337890625 0.237823833984375 0.75026455078125 0.201554404296875 0.765079365234375 0.18186528515625 0.77354497265625 0.13834196875 0.782539681640625 0.13108808203125 0.782539681640625 0.117616580078125 0.78624338671875 0.10829015625 0.792592591796875 0.1 0.799206349609375 0.08186528515625 0.808994708984375 0.0699481875 0.811723470703125 0.04364055859375 0.817678291015625 0.01697139453125 0.8263388515625 0.000029759765625 0.750080689453125 0 0.744973544921875 0.030569947265625 0.744973544921875 0.035751294921875 0.741516341796875 0.045373537109375 0.7335978828125 0.059067357421875 0.722418869140625 0.08088098828125 0.713758328125 0.085365525390625 0.70866389453125 0.078389572265625 0.7094280390625 0.059953091796875 0.704078876953125 0.04500459765625 0.70637137109375 0.0250732734375 0.708154427734375 0.00763336328125 0.70127692578125 0 0.6803897109375 0
0 0 0 0 0.87647896484375 0.018783068359375 0.860103626953125 0.026719576171875 0.859067357421875 0.03042328125 0.853886009765625 0.017526345703125 0.881225154296875 0 0.892685662109375 0 1 0.011413013671875 1 0.015744865234375 0.974655447265625 0.025169599609375 0.96468978515625 0.03790570703125 0.955222396484375 0.03790570703125 0.945755046875 0.03306598046875 0.932799673828125 0.02440542578125 0.934792794921875 0.018292087890625 0.9382808203125 0.0167637578125 0.91984430078125 0.022112921875 0.909878638671875 0.020839310546875 0.89891640625 0.013960236328125 0.911122142578125 0.01013940234375 0.903149619140625 0.01243190234375 0.895177078125 0.017526345703125 0.891689111328125 0.023384955078125 0.898166787109375 0.02465856640625 0.886706279296875 0.035611625 0.875744046875 0.0358131171875 0.890430908203125 0.037341447265625 0.905877716796875 0.046511453125 0.90238969140625 0.051096451171875 0.91235535546875 0.0589928359375 0.9626819453125 0.072493111328125 0.947733451171875 0.0643420078125 0.917836462890625 0.069945888671875 0.908867369140625 0.076823390625 0.91235535546875 0.0819178359375 0.933781544921875 0.09159727734375 0.9238158828125 0.086502833984375 0.915345064453125 0.0931256171875 0.904881107421875 0.103059787109375 0.90537940234375 0.103059787109375 0.913850201171875 0.127003681640625 0.89342063671875 0.115286443359375 0.895413740234375 0.097201169921875 0.894417169921875 0.08421033984375 0.886942921875 0.0816631171875 0.877973828125 0.08752174609375 0.86402188671875 0.087250302734375 0.863620404296875 0.101322751953125 0.853886009765625 0.106613755859375 0.846632125 0.11401283203125 0.845087130859375 0.11885255859375 0.856547638671875 0.120211341796875 0.86687930078125 0.13014551171875 0.863391314453125 0.13855134375 0.86687930078125 0.140589119140625 0.874353548828125 0.184146625 0.8290097890625 0.175396826171875 0.820725388671875 0.1761904765625 0.81502590625 0.17037037109375 0.809844560546875 0.16825396875 0.795336787109375 0.16428571484375 0.787564767578125 0.16005291015625 0.79896373046875 0.155291005859375 0.8 0.14841269921875 0.79481865234375 0.14047619140625 0.795854921875 0.13571428515625 0.8020725390625 0.12777777734375 0.79481865234375 0.12592592578125 0.78393782421875 0.13571428515625 0.772020724609375 0.14047619140625 0.774093263671875 0.162698412109375 0.76062176171875 0.174338625 0.76683937890625 0.17592592578125 0.772020724609375 0.175132275390625 0.760103626953125 0.170899470703125 0.752849740234375 0.183068783203125 0.723834197265625 0.187037037109375 0.7170984453125 0.191269841796875 0.72849741015625 0.199470900390625 0.723834197265625 0.199470900390625 0.711398962890625 0.197354498046875 0.70829015625 0.199470900390625 0.7 0.197750609375 0.6928785390625 0.197750609375 0.6804214609375 0.198769501953125 0.672947212890625 0.201322751953125 0.668393783203125 0.20590172265625 0.673943765625 0.209977279296875 0.661486685546875 0.218783068359375 0.653886009765625 0.2250058984375 0.66547296484375 0.210232001953125 0.68540429296875 0.2041186640625 0.69686480078125 0.21303394140625 0.70483732421875 0.22831728125 0.693376853515625 0.244973404296875 0.684740515625 0.246367423828125 0.68241458203125 0.24753875390625 0.68241458203125 0.285375052734375 0.647036486328125 0.284484587890625 0.63548071875 0.304733947265625 0.630593146484375 0.3181088359375 0.6117216171875 0.312413216796875 0.594560859375 0.314288001953125 0.586309146484375 0.321420232421875 0.58282116015625 0.325495783203125 0.5608966953125 0.33386243359375 0.552849740234375 0.395550328125 0.481415384765625 0.389163611328125 0.475841333984375 0.392748369140625 0.464972044921875 0.400135306640625 0.4729445859375 0.403191986328125 0.4674634609375 0.39478614453125 0.45650123828125 0.400644763671875 0.447532134765625 0.401085982421875 0.43131073828125 0.405072822265625 0.423710095703125 0.409148375 0.420720384765625 0.422139212890625 0.435170603515625 0.414752265625 0.450617373046875 0.44633782421875 0.45011909765625 0.451941705078125 0.447627681640625 0.452451162109375 0.453607083984375 0.45066809375 0.4620778828125 0.459838109375 0.48200920703125 0.46289476953125 0.4665624375 0.475630880859375 0.477026376953125 0.47580657421875 0.463278556640625 0.47869030859375 0.475149451171875 0.4838286796875 0.46329950390625 0.491082869140625 0.461521994140625 0.497430275390625 0.447302046875 0.5101250859375 0.458559505859375 0.511031869140625 0.44315458203125 0.51254315625 0.423009662109375 0.503475427734375 0.4360446328125 0.494407697265625 0.423009662109375 0.483224173828125 0.40641976171875 0.46992483203125 0.39753230078125 0.47294741015625 0.391607349609375 0.4835978828125 0.368393783203125 0.487037037109375 0.36891191796875 0.4896825390625 0.35647668359375 0.49179894140625 0.36891191796875 0.497089947265625 0.3699481875 0.5042328046875 0.353886009765625 0.500529099609375 0.3445595859375 0.50582010546875 0.33108808203125 0.498677248046875 0.332642486328125 0.493386244140625 0.343005181640625 0.48624338671875 0.3321243515625 0.4896825390625 0.319170984375 0.497089947265625 0.3212435234375 0.49841269921875 0.30725388671875 0.5116402109375 0.29274611328125 0.508994708984375 0.284455958984375 0.514550263671875 0.27150258984375 0.5224867734375 0.269430052734375 0.524603173828125 0.272538859375 0.532539681640625 0.259067357421875 0.53624338671875 0.264248705078125 0.537037037109375 0.25440414453125 0.541534390625 0.24974093359375 0.555291005859375 0.250777201171875 0.560846560546875 0.246113990234375 0.55634920703125 0.2404145078125 0.560846560546875 0.21502590625 0.559788359375 0.208808291015625 0.55396825390625 0.200518134765625 0.5555555546875 0.194300517578125 0.565873015625 0.180310880859375 0.57592592578125 0.175129533203125 0.5798941796875 0.168393783203125 0.58042328125 0.161139896484375 0.575132275390625 0.1487046640625 0.579365080078125 0.13937823828125 0.5761904765625 0.13316062109375 0.5761904765625 0.123834197265625 0.57962962890625 0.11606217578125 0.583333333984375 0.1170984453125 0.589417990234375 0.1062176171875 0.58756613671875 0.101554404296875 0.57962962890625 0.101554404296875 0.57777777734375 0.09274611328125 0.58386243359375 0.08601036328125 0.591104044921875 0.081736443359375 0.609252017578125 0.094409595703125 0.618422013671875 0.10188383203125 0.62682785546875 0.07796624609375 0.620459798828125 0.0729834140625 0.6112898125 0.065509166015625 0.6047261328125 0.0616330234375 0.6112898125 0.060028060546875 0.617403130859375 0.0635160546875 0.6224582578125 0.059529775390625 0.628316875 0.03810359375 0.618382705078125 0.03062934765625 0.6219488203125 0.019667123046875 0.634175474609375 0.014684296875 0.648439935546875 0.019667123046875 0.651241875 0.018172267578125 0.65378909765625 0.01368772265625 0.649968263671875 0.00820660546875 0.649713546875 0 0.60396825390625 0.00518134765625 0.587037037109375 0.0062176171875 0.581216931640625 0.012435232421875 0.56005291015625 0.014507771484375 0.5637493984375 0 0 0
0 0.633173033203125 0.10265551953125 0.631389984375 0.0976726875 0.628842763671875 0.0966761171875 0.627750474609375 0.104510716796875 0.6268049765625 0.099167533203125 0.620436921875 0.094184701171875 0.61152164453125 0.09268985546875 0.609993314453125 0.10165894921875 0.603370541015625 0.10165894921875 0.6038799765625 0.11062805078125 0.6094838671875 0.119597162109375 0.61788969921875 0.1315559375 0.6265502578125 0.137535337890625 0.64005053515625 0.144013015625 0.6538055390625 0.151487263671875 0.673164423828125 0.16145292578125 0.6764758203125 0.16344606640625 0.68055137109375 0.159958080078125 0.682079701171875 0.14999241796875 0.6833533125 0.137535337890625 0.681315546875 0.1315559375 0.6772399765625 0.135043923828125 0.671381376953125 0.129562826171875 0.6655227578125 0.122088578125 0.6604283125 0.116109158203125 0.65206700390625 0.103579400390625 0.64590914453125 0.111624611328125 0.643361921875 0.111624611328125 0.64005053515625 0.112621181640625 0.6367391484375 0.1096315 0.633173033203125 0.10265551953125
0 0.6657774765625 0.017606375 0.670617201171875 0.017606375 0.6718908125 0.01162697265625 0.670107765625 0.00315615625 0.670617201171875 0.00116303515625 0.66934358984375 0 0.66097676171875 0.0007478671875 0.66272081640625 0.014118388671875 0.658899982421875 0.023585775390625 0.66017359375 0.026575466796875 0.6657774765625 0.017606375
0 0.630116375 0.043018806640625 0.636229701171875 0.048998208984375 0.637758041015625 0.052984470703125 0.64005053515625 0.053981041015625 0.63903165234375 0.057469025390625 0.636229701171875 0.0619535625 0.6311352578125 0.060458716796875 0.62935219921875 0.067434689453125 0.633682478515625 0.072915794921875 0.63979581640625 0.071420951171875 0.644126095703125 0.06593984375 0.647692201171875 0.053482765625 0.65049415234375 0.04451365234375 0.652786646484375 0.04451365234375 0.6538055390625 0.03853426953125 0.654824421875 0.03504628515625 0.648456365234375 0.03853426953125 0.64489026171875 0.03305314453125 0.64590914453125 0.028568607421875 0.647437482421875 0.02258920703125 0.647437482421875 0.016111529296875 0.6425977578125 0.017606375 0.642088310546875 0.024084052734375 0.633929283203125 0.024430279296875 0.631389984375 0.028568607421875 0.63495608984375 0.03404971484375 0.632663595703125 0.040029115234375 0.630116375 0.043018806640625
0 0.63495608984375 0.172742939453125 0.63495608984375 0.162777275390625 0.630625810546875 0.15978756640625 0.62909748046875 0.1558013046875 0.63342776171875 0.151316767578125 0.61763498046875 0.13935796484375 0.6150877578125 0.141849380859375 0.61126692578125 0.138859689453125 0.61177637109375 0.128395732421875 0.6145783125 0.120423208984375 0.60617248046875 0.11344723828125 0.605153587890625 0.122416330078125 0.6031158125 0.126402611328125 0.60540831640625 0.14035453515625 0.607191373046875 0.1468322109375 0.6020969296875 0.157296150390625 0.5924174765625 0.155303029296875 0.58808720703125 0.160285859375 0.5791719296875 0.16626526171875 0.573313314453125 0.175234353515625 0.575860533203125 0.183206876953125 0.57025665625 0.192674263671875 0.5679641484375 0.197657095703125 0.57280387890625 0.203138203125 0.57076609375 0.2076227578125 0.55930359375 0.2066262265625 0.5549733125 0.243997443359375 0.55675637109375 0.265423595703125 0.559558310546875 0.255956208984375 0.562360255859375 0.262433904296875 0.561596091796875 0.269908150390625 0.57127553515625 0.275389259765625 0.582228587890625 0.2813686796875 0.581973869140625 0.289839478515625 0.575860533203125 0.2938257578125 0.57280387890625 0.298310275390625 0.583756927734375 0.30727938671875 0.589360818359375 0.31126566796875 0.591143865234375 0.302296556640625 0.597766650390625 0.29880858984375 0.60566303515625 0.300303416015625 0.60642719921875 0.2933274453125 0.6031158125 0.283860095703125 0.600823318359375 0.278378951171875 0.595983591796875 0.278378951171875 0.5908891484375 0.286849787109375 0.585285255859375 0.280870365234375 0.587323033203125 0.270406427734375 0.592926923828125 0.273894431640625 0.597511921875 0.27638584765625 0.601842201171875 0.26592187109375 0.59954970703125 0.255956208984375 0.5924174765625 0.2589459375 0.587068314453125 0.258447623046875 0.591908041015625 0.245990546875 0.600823318359375 0.244993994140625 0.607700810546875 0.221076408203125 0.610757478515625 0.2066262265625 0.618399146484375 0.20712446484375 0.628842763671875 0.21559528125 0.632408869140625 0.225062669921875 0.6375033125 0.225560943359375 0.64590914453125 0.21559528125 0.652531927734375 0.195663955078125 0.643361921875 0.18769143359375 0.6382674765625 0.188189708984375 0.633682478515625 0.194667384765625 0.626295541015625 0.18918631640625 0.621455814453125 0.183705171875 0.612795255859375 0.178722341796875 0.609993314453125 0.162777275390625 0.619163310546875 0.16078413671875 0.624257755859375 0.171746408203125 0.63444664453125 0.179220654296875 0.659409419921875 0.18918631640625 0.66272081640625 0.183705171875 0.668834154296875 0.18470172265625 0.675966365234375 0.183206876953125 0.6764758203125 0.174237822265625 0.67370498828125 0.168394427734375 0.642852484375 0.15380818359375 0.642852484375 0.16327555078125 0.63903165234375 0.17324121484375 0.63495608984375 0.172742939453125
0 0.536335208984375 0.3952035859375 0.528693541015625 0.39022075390625 0.528450732421875 0.38214599609375 0.5322265625 0.37105326953125 0.5361328125 0.367227978515625 0.541015625 0.369140625 0.541015625 0.35766475 0.5458984375 0.34427623046875 0.5517578125 0.34427623046875 0.5546875 0.33853829296875 0.552734375 0.334713001953125 0.5546875 0.32706241796875 0.564453125 0.311761251953125 0.5625 0.304110669921875 0.564453125 0.281158921875 0.5595703125 0.26777040234375 0.5498046875 0.263945109375 0.5439453125 0.25629452734375 0.5361328125 0.271595693359375 0.5302734375 0.26777040234375 0.5185546875 0.275420984375 0.51171875 0.284984212890625 0.515625 0.292634794921875 0.5146484375 0.298372734375 0.5107421875 0.298372734375 0.5068359375 0.309848607421875 0.5009765625 0.309848607421875 0.4970703125 0.328975064453125 0.4912109375 0.3251497734375 0.48828125 0.3308877109375 0.4912109375 0.340450939453125 0.4970703125 0.332800357421875 0.501953125 0.33853829296875 0.4990234375 0.359577396484375 0.4912109375 0.35575210546875 0.48828125 0.36149004296875 0.4891650234375 0.36668277734375 0.48335298828125 0.363811751953125 0.479277435546875 0.37876024609375 0.4759660390625 0.388725908203125 0.486328125 0.415044123046875 0.484375 0.422694705078125 0.4921875 0.422694705078125 0.499400486328125 0.41331228515625 0.511372451171875 0.420786533203125 0.520542439453125 0.4221108828125 0.530731328125 0.4096538046875 0.536335208984375 0.3952035859375
0 0.405509654296875 0.587710748046875 0.400390625 0.571881072265625 0.4091796875 0.54319138671875 0.4169921875 0.547016677734375 0.4248046875 0.52789021875 0.4345703125 0.53171551171875 0.4404296875 0.504938470703125 0.4501953125 0.504938470703125 0.453125 0.49920053515625 0.453125 0.472423494140625 0.451171875 0.46477291015625 0.4443359375 0.459034974609375 0.4453125 0.472423494140625 0.4384765625 0.474336140625 0.4365234375 0.459034974609375 0.4267578125 0.45520968359375 0.4189453125 0.44373380859375 0.4130859375 0.45520968359375 0.4052734375 0.459034974609375 0.4013671875 0.466685556640625 0.3857421875 0.470510849609375 0.3837890625 0.474336140625 0.3701171875 0.474336140625 0.36328125 0.483899369140625 0.36328125 0.491549951171875 0.3544921875 0.50876376171875 0.3466796875 0.50876376171875 0.34375 0.514501701171875 0.345703125 0.533628158203125 0.341796875 0.541278740234375 0.341796875 0.552754615234375 0.3271484375 0.55849255078125 0.3203125 0.57570636328125 0.3203125 0.58718223828125 0.318359375 0.591007529296875 0.3212890625 0.596745466796875 0.3369140625 0.6005707578125 0.3369140625 0.608221341796875 0.3505859375 0.596745466796875 0.3603515625 0.596745466796875 0.3662109375 0.608221341796875 0.373046875 0.6063086953125 0.3759765625 0.585269591796875 0.3798828125 0.5890948828125 0.384604306640625 0.5890948828125 0.392430134765625 0.602038482421875 0.405509654296875 0.587710748046875
0 0.1982421875 0.765058291015625 0.2041015625 0.765058291015625 0.2109375 0.778446810546875 0.2109375 0.786097392578125 0.20703125 0.789922685546875 0.2080078125 0.79566062109375 0.2177734375 0.79566062109375 0.228515625 0.778446810546875 0.2265625 0.7707962265625 0.2294921875 0.765058291015625 0.2333984375 0.761232998046875 0.2353515625 0.765058291015625 0.2412109375 0.761232998046875 0.2470703125 0.765058291015625 0.25 0.759320353515625 0.2509765625 0.73828125 0.2587890625 0.73063066796875 0.2626953125 0.734455958984375 0.265625 0.7325433125 0.263671875 0.7210674375 0.259765625 0.71341685546875 0.2666015625 0.696203044921875 0.2783203125 0.692377751953125 0.2880859375 0.66942600390625 0.2939453125 0.665600712890625 0.2958984375 0.665600712890625 0.2978515625 0.673251294921875 0.3173828125 0.673251294921875 0.3212890625 0.66942600390625 0.32421875 0.659862775390625 0.3212890625 0.654124837890625 0.3134765625 0.650299546875 0.3095703125 0.642648962890625 0.3056640625 0.642648962890625 0.3046875 0.652212193359375 0.2998046875 0.661775419921875 0.2919921875 0.65795012890625 0.2861328125 0.665600712890625 0.283203125 0.652212193359375 0.2783203125 0.642648962890625 0.2666015625 0.642648962890625 0.2626953125 0.661775419921875 0.2529296875 0.661775419921875 0.2490234375 0.66942600390625 0.2451171875 0.66942600390625 0.2431640625 0.665600712890625 0.2353515625 0.665600712890625 0.2294921875 0.65795012890625 0.2236328125 0.661775419921875 0.2158203125 0.680901876953125 0.2099609375 0.680901876953125 0.2041015625 0.6885524609375 0.1982421875 0.684727169921875 0.1884765625 0.6885524609375 0.185546875 0.709591564453125 0.1796875 0.7210674375 0.181640625 0.728718021484375 0.1787109375 0.734455958984375 0.1728515625 0.734455958984375 0.169921875 0.7440191875 0.166015625 0.747844478515625 0.166015625 0.755495060546875 0.15625 0.7707962265625 0.15625 0.778446810546875 0.146484375 0.789922685546875 0.1494140625 0.79566062109375 0.1552734375 0.79566062109375 0.158203125 0.80139855859375 0.158203125 0.809049142578125 0.1630859375 0.810961787109375 0.16796875 0.820525015625 0.16796875 0.828175599609375 0.171875 0.832000890625 0.1826171875 0.826262953125 0.19921875 0.789922685546875 0.1953125 0.77462151953125 0.1982421875 0.765058291015625