1 0.60546875 0.615234375 0.10546875 0.166015625
1 0.6357421875 0.8134765625 0.17578125 0.216796875
1 0.1416015625 0.92578125 0.2578125 0.1171875
1 0.29296875 0.40234375 0.123046875 0.130859375
1 0.33984375 0.521484375 0.212890625 0.091796875
1 0.5849609375 0.4892578125 0.068359375 0.072265625
1 0.361328125 0.7080078125 0.1171875 0.125
1 0.59765625 0.3095703125 0.060546875 0.076171875
1 0.2119140625 0.390625 0.06640625 0.044921875
1 0.58984375 0.3994140625 0.078125 0.0703125
0 1 0.15455348828125 0.85902547265625 0.14233229296875 0.830771158203125 0.171527015625 0.791864955078125 0.17130006640625 0.80399659375 0.185239984375 0.803485630859375 0.203906529296875 0.809298369140625 0.22301526953125 0.808435552734375 0.241033802734375 0.81212758203125 0.2450324296875 0.81713064453125 0.241641822265625 0.83602459765625 0.255431197265625 0.860085529296875 0.252126427734375 0.86685744921875 0.263197923828125 0.866259724609375 0.28310521875 0.871715806640625 0.2959549296875 0.871108474609375 0.3046401875 0.859439466796875 0.31816262109375 0.846088361328125 0.315982203125 0.842497505859375 0.327575880859375 0.8588657578125 0.3661250078125 0.865121912109375 0.390252029296875 0.875672623046875 0.4040813984375 0.88454123828125 0.4022079140625 0.900827533203125 0.4476088125 0.92852735546875 0.488820548828125 0.941174759765625 0.48970494140625 0.94838529296875 0.500183697265625 0.978856689453125 0.496080373046875 0.994492421875 0.4996673671875 0.9960877578125 0.516610970703125 0.987161201171875 0.553391314453125 0.989450630859375 0.56040890625 0.99651620703125 0.567280935546875 1 0.517460375 1 0.15455348828125
0 0.96625754296875 1 0.978696671875 0.822112166015625 0.977809841796875 0.812075603515625 0.958385712890625 0.79450869921875 0.9558215859375 0.774380306640625 0.938576107421875 0.737016654296875 0.925808318359375 0.698095884765625 0.912466818359375 0.70713750390625 0.909825537109375 0.6994718984375 0.880573611328125 0.691815720703125 0.880448421875 0.648168328125 0.895361240234375 0.62801522265625 0.882617466796875 0.617149544921875 0.886810853515625 0.591259591796875 0.870804056640625 0.564580513671875 0.8702882890625 0.5776360390625 0.8649381796875 0.585989650390625 0.864244083984375 0.595915662109375 0.860209814453125 0.602491056640625 0.85599241015625 0.600325919921875 0.86128487890625 0.52464008984375 0.847813388671875 0.484423296875 0.840091890625 0.492611083984375 0.833589861328125 0.489039373046875 0.831122103515625 0.478892263671875 0.83971121875 0.458296962890625 0.838824388671875 0.448260404296875 0.829425595703125 0.446356357421875 0.82835083203125 0.42196824609375 0.816320365234375 0.423620630859375 0.805682892578125 0.41103201171875 0.802424671875 0.40082962890625 0.80758684765625 0.37812446484375 0.8030223984375 0.380922333984375 0.799518302734375 0.3912752578125 0.789854423828125 0.387482447265625 0.7852755625 0.37344726171875 0.78578652734375 0.35478071875 0.775067095703125 0.349043869140625 0.77557805859375 0.330377326171875 0.761870298828125 0.321937876953125 0.761841478515625 0.288271767578125 0.7582362109375 0.283032388671875 0.760164185546875 0.278179931640625 0.747160126953125 0.271036509765625 0.747492763671875 0.24924044921875 0.735105642578125 0.244633802734375 0.733081302734375 0.239504974609375 0.720260375 0.241102083984375 0.716216494140625 0.2364554453125 0.7345706640625 0.235245255859375 0.736296291015625 0.199208193359375 0.724959921875 0.190934568359375 0.721942771484375 0.154565857421875 0.718342310546875 0.154937498046875 0.717281953125 0.14738244140625 0.707969923828125 0.14423764453125 0.706736046875 0.13916408984375 0.70112084765625 0.145628939453125 0.69973266015625 0.165480958984375 0.691138740234375 0.180465240234375 0.684116140625 0.184338037109375 0.68871421484375 0.220817296875 0.699269728515625 0.24025768359375 0.695500544921875 0.248721845703125 0.70033969140625 0.25903477734375 0.697539296875 0.270683728515625 0.686381251953125 0.265539619140625 0.6853112890625 0.246762525390625 0.681002322265625 0.24022712109375 0.67949855078125 0.227653783203125 0.681513287109375 0.221560578125 0.674119623046875 0.202341287109375 0.67709834375 0.1938218515625 0.673406314453125 0.1898232265625 0.6746305859375 0.1836747421875 0.66197837890625 0.17717933203125 0.647489763671875 0.17990664453125 0.62728477734375 0.1735065 0.615263919921875 0.186380921875 0.574073091796875 0.184747396484375 0.565561130859375 0.19287991015625 0.560635224609375 0.183807728515625 0.4944966328125 0.1754424140625 0.438026728515625 0.17648092578125 0.281688619140625 0.16305506640625 0.27861833203125 0.167204232421875 0.2747816015625 0.199353216796875 0.267233626953125 0.20505950390625 0.2655707421875 0.21180072265625 0.253627037109375 0.212212357421875 0.250556751953125 0.216361525390625 0.248995041015625 0.23869505078125 0.2714702421875 0.229668712890625 0.28464782421875 0.234330634765625 0.288947185546875 0.229644001953125 0.291940318359375 0.23795762109375 0.286946861328125 0.252570263671875 0.27624183984375 0.26366646875 0.25402212109375 0.263359533203125 0.24901425390625 0.26113912109375 0.2480310546875 0.24112127734375 0.243813650390625 0.238956140625 0.240319162109375 0.2605311015625 0.232771189453125 0.266237388671875 0.228394671875 0.28338680859375 0.215838833984375 0.286872681640625 0.2112791875 0.295281568359375 0.209341607421875 0.28891198828125 0.196694201171875 0.288027595703125 0.19451555078125 0.307824341796875 0.19021138671875 0.30689995703125 0.193807046875 0.300917296875 0.187126689453125 0.2942160703125 0.187121888671875 0.288605052734375 0.1761373671875 0.280979439453125 0.1758578671875 0.26225762109375 0.16750982421875 0.256686595703125 0.16811715625 0.248001337890625 0.185054314453125 0.232977060546875 0.18811019140625 0.211994837890625 0.20363994921875 0.1943785078125 0.20705728125 0.1852663359375 0.23340283984375 0.183368140625 0.23673341015625 0.17549671875 0.235494728515625 0.164812146484375 0.220215650390625 0.16748418359375 0.199837140625 0.16356554296875 0.185261763671875 0.167533607421875 0.17603649609375 0.16314805859375 0.155667591796875 0.170451455078125 0.130372783203125 0.168682669921875 0.084786228515625 0.1617544921875 0.06396430078125 0.1528175703125 0.051943443359375 0.165691990234375 0.04166742578125 0.164973421875 0.031555328125 0.150551314453125 0.027612619140625 0.161496978515625 0.022492802734375 0.160877537109375 0.01494419921875 0.268827609375 0.068109052734375 0.27529558984375 0.07689570703125 0.280273876953125 0.08279520703125 0.2981418671875 0.082187875 0.306827125 0.0712465859375 0.349700677734375 0.065366298828125 0.354276759765625 0.063187646484375 0.374073505859375 0.0670628046875 0.386812666015625 0.0607487109375 0.3975925078125 0.063038140625 0.404610099609375 0.06778091796875 0.40494174609375 0.075589177734375 0.39551320703125 0.079382376953125 0.415104138671875 0.0734201328125 0.426531990234375 0.052521052734375 0.43005785546875 0.03602730859375 0.450100412109375 0.022242392578125 0.454123751953125 0.018646732421875 0.460106408203125 0.0017435234375 0.457606064453125 0 0.482539609375 0 0.53231671484375 0.000880384765625 0.53242634375 0.00246611328125 0.53814791015625 0 0.545843693359375 0 0.96625754296875 0.009360302734375 0.966912080078125 0.021166123046875 0.940931029296875 0.035172896484375 0.88829729296875 0.049569947265625 0.88119971484375 0.07293678515625 0.887820955078125 0.104025119140625 0.886254408203125 0.113163626953125 0.89188070703125 0.17058791015625 0.8771939296875 0.19562243359375 0.882684970703125 0.213812685546875 0.8951783203125 0.234808134765625 0.90163373828125 0.24032696484375 0.88518760546875 0.251562162109375 0.8778689296875 0.266937609375 0.88517817578125 0.28145984765625 0.9217279921875 0.257938703125 0.940032326171875 0.25418873046875 0.97094055859375 0.24804816015625 0.979238896484375 0.247744494140625 0.983581525390625 0.482539615234375 1 0.878444767578125 1 0.877584380859375 0.99583035546875 0.878808650390625 0.98968187109375 0.87388274609375 0.98060969140625 0.864970900390625 0.93198401171875 0.81596220703125 0.928556990234375 0.802341208984375 0.9188767890625 0.788729818359375 0.920418623046875 0.7253096640625 0.907256126953125 0.719082330078125 0.91679521484375 0.713105673828125 0.911390013671875 0.688697697265625 0.919657787109375 0.66374993359375 0.91292599609375 0.653377548828125 0.902226142578125 0.563438314453125 0.893443341796875 0.562903333984375 0.884054796875 0.566932802734375 0.8718683828125 0.564455439453125 0.850499236328125 0.5674921015625 0.80707294140625 0.565380998046875 0.80318486328125 0.56896705078125 0.78598016796875 0.559303169921875 0.782187357421875 0.556584736328125 0.786984541015625 0.549287439453125 0.77774653515625 0.5493693984375 0.770894765625 0.55463274609375 0.763781904296875 0.55348562890625 0.757467599609375 0.54952851171875 0.751580208984375 0.54004295703125 0.7509169140625 0.535377337890625 0.73812248046875 0.5258965859375 0.743070203125 0.52292747265625 0.762811673828125 0.51625672265625 0.767332484375 0.51715316015625 0.788591080078125 0.513210453125 0.799536744140625 0.5059179609375 0.795909755859375 0.50678077734375 0.777891224609375 0.5135286796875 0.76090762890625 0.514193955078125 0.717315509765625 0.500664521484375 0.71200557421875 0.495112068359375 0.68917458203125 0.4903788984375 0.700064970703125 0.477644732421875 0.700421328125 0.47429975 0.691459697265625 0.4667613828125 0.70838801953125 0.4169622265625 0.704905724609375 0.4082332109375 0.767259654296875 0.402791537109375 0.771242998046875 0.354746830078125 0.765389748046875 0.345695083984375 0.75852269921875 0.335072021484375 0.7627671328125 0.333221203125 0.755156802734375 0.329355650390625 0.753639677734375 0.316447962890625 0.756477541015625 0.311170203125 0.746757345703125 0.308321775390625 0.702296115234375 0.299800208984375 0.699206591796875 0.291635294921875 0.7023761015625 0.28716241015625 0.709544236328125 0.282154544921875 0.707323826171875 0.2873311328125 0.70145171484375 0.288463837890625 0.690932966796875 0.2953129140625 0.689541673828125 0.293553662109375 0.686301609375 0.27414394140625 0.6855677578125 0.272312337890625 0.7004015 0.276621306640625 0.706936904296875 0.272861728515625 0.7266231015625 0.2748860703125 0.7317519296875 0.269010587890625 0.74193903125 0.256189658203125 0.743536140625 0.245812470703125 0.727225267578125 0.246675283203125 0.70920673828125 0.220850298828125 0.703660423828125 0.2237422578125 0.69638173828125 0.227434287109375 0.700380365234375 0.22962734765625 0.697416673828125 0.22434958984375 0.68769648046875 0.21987190234375 0.68925359765625 0.218917521484375 0.702901861328125 0.20979342578125 0.7141086171875 0.1970592578125 0.714464974609375 0.1936227109375 0.701133076171875 0.1963411484375 0.69633589453125 0.19378662890625 0.687429537109375 0.196239974609375 0.680743591796875 0.154518970703125 0.675332537109375 0.149780998046875 0.680611908203125 0.145327328125 0.7102241171875 0.139803693359375 0.72105923046875 0.13841550390625 0.740911251953125 0.141427849609375 0.771668943359375 0.1628475 0.760698568359375 0.178656755859375 0.761804060546875 0.19790255859375 0.77624144921875 0.19765668359375 0.7967967578125 0.2012571484375 0.7964251171875 0.20519505078125 0.779868435546875 0.215644591796875 0.778105501953125 0.237604025390625 0.78213469140625 0.24384576953125 0.78942865625 0.245171212890625 0.798872478515625 0.25597740625 0.803368578125 0.269222537109375 0.784345673828125 0.290304748046875 0.789560341796875 0.29742851953125 0.80127984765625 0.3010241796875 0.795297189453125 0.3101626875 0.80092348828125 0.314462046875 0.79623685546875 0.317103328125 0.803902462890625 0.322197955078125 0.804882123046875 0.32520549609375 0.830028794921875 0.33179908984375 0.837970775390625 0.313893142578125 0.84981026171875 0.30888047265625 0.841978830078125 0.297380185546875 0.847408744140625 0.268566869140625 0.839159828125 0.2566327734375 0.8507935 0.249518607421875 0.850296029296875 0.219741306640625 0.844473341796875 0.214820203125 0.841012177734375 0.21411169921875 0.8341051328125 0.20216799609375 0.834516767578125 0.19469717578125 0.827760265625 0.15833588671875 0.82521763671875 0.15007460546875 0.818405859375 0.13831403125 0.827558025390625 0.13260246484375 0.82404158984375 0.1275033359375 0.715211833984375 0.12187853125 0.71045464453125 0.089556318359375 0.70694763671875 0.083049486328125 0.697764908203125 0.0831989921875 0.6672283125 0.089864939453125 0.657096486328125 0.105577826171875 0.648220693359375 0.113925869140625 0.653791716796875 0.116909392578125 0.65088330078125 0.116552740234375 0.64462426953125 0.127171 0.634768814453125 0.172314140625 0.636678712890625 0.16633268359375 0.6256624921875 0.1667664921875 0.619458736328125 0.1762472421875 0.61451101171875 0.181785283203125 0.620508953125 0.1817996953125 0.6373420078125 0.1950640390625 0.640763177734375 0.1993730078125 0.647298580078125 0.210526248046875 0.646831671875 0.21157219140625 0.63755367578125 0.2084055390625 0.63172155859375 0.197869236328125 0.634725244140625 0.195493044921875 0.62894840234375 0.2044436171875 0.620223150390625 0.209890095703125 0.62185082421875 0.215235400390625 0.607886193359375 0.2197998515625 0.60508832421875 0.255283916015625 0.608816431640625 0.282506697265625 0.605732759765625 0.34996592578125 0.61793087890625 0.35420254296875 0.642540087890625 0.350963537109375 0.65478177734375 0.356761865234375 0.657057462890625 0.391527818359375 0.64265648828125 0.39563444140625 0.618007287109375 0.3936101015625 0.61287845703125 0.401750998046875 0.581653857421875 0.433629794921875 0.580142587890625 0.4387292265625 0.586733263671875 0.465344673828125 0.592334853515625 0.47472425390625 0.571794826171875 0.50334483203125 0.560081169921875 0.508781701171875 0.55048680859375 0.521515869140625 0.55013044921875 0.539706119140625 0.562623798828125 0.5612173359375 0.55602369140625 0.5612944921875 0.54356090234375 0.55478285546875 0.528767154296875 0.54556719140625 0.53560364453125 0.537305912109375 0.5287918671875 0.510960353515625 0.530690060546875 0.474329171875 0.520647650390625 0.470473228515625 0.5303525625 0.458346392578125 0.52202366015625 0.447993220703125 0.533767880859375 0.44175628125 0.53208493359375 0.43510474609375 0.559049814453125 0.382934201171875 0.5554016953125 0.36272921484375 0.54900155078125 0.286671263671875 0.546176697265625 0.248112107421875 0.5409867421875 0.239060365234375 0.53411969140625 0.222817298828125 0.53921795703125 0.2114809296875 0.53094433203125 0.204265591796875 0.514854556640625 0.204169224609375 0.504873271484375 0.211008693359375 0.49225994140625 0.22250898046875 0.486830029296875 0.231030546875 0.48991955078125 0.233238017578125 0.5037889140625 0.23780246875 0.500991046875 0.237971189453125 0.492898525390625 0.249731763671875 0.483746359375 0.2773979609375 0.485680966796875 0.294513447265625 0.47378620703125 0.154948578125 0.459039607421875 0.158158763671875 0.41313180859375 0.1736113671875 0.407978267578125 0.176840765625 0.38451454296875 0.18631191015625 0.368344783203125 0.199393123046875 0.36302541796875 0.23628458984375 0.369345576171875 0.25145769140625 0.34547021875 0.268664744140625 0.33794572265625 0.344905828125 0.349511111328125 0.347807392578125 0.35345446484375 0.35439137890625 0.35017440625 0.359404048828125 0.358005833984375 0.368706470703125 0.349928595703125 0.368537751953125 0.3580211171875 0.375931416015625 0.37724040625 0.36953055859375 0.38926099609375 0.36980525390625 0.402371798828125 0.377362833984375 0.407887548828125 0.386048318359375 0.397273533203125 0.394830171875 0.39664080078125 0.396054443359375 0.3904923203125 0.3848963984375 0.385348208984375 0.378269181640625 0.338129103515625 0.3610525234375 0.334431560546875 0.3587582890625 0.32180294921875 0.347865333984375 0.318547603515625 0.343903412109375 0.3070491953125 0.33651935546875 0.29905194140625 0.331603056640625 0.301201796875 0.327029 0.292777626953125 0.329641458984375 0.266777125 0.362383072265625 0.247247322265625 0.369497236328125 0.24774479296875 0.37512684375 0.258113 0.38179759375 0.253592189453125 0.379758841796875 0.23163030859375 0.382559236328125 0.21998135546875 0.388188845703125 0.230349564453125 0.396797171875 0.2321983359375 0.40303891796875 0.23949230078125 0.39268574609375 0.251236517578125 0.39233869921875 0.2561995234375 0.39524506640625 0.265753892578125 0.39937090625 0.263548765625 0.402976173828125 0.268788142578125 0.410606103515625 0.256230087890625 0.407694931640625 0.24106469921875 0.410933939453125 0.228823009765625 0.428222947265625 0.21444674609375 0.43533711328125 0.214944216796875 0.4385085703125 0.2263873515625 0.442725974609375 0.22855248828125 0.4406244765625 0.235886447265625 0.443010275390625 0.252885326171875 0.45723860546875 0.253880267578125 0.462501955078125 0.24676740625 0.474705943359375 0.24263351953125 0.484794025390625 0.229000537109375 0.493383140625 0.208405236328125 0.497947591796875 0.2056073671875 0.5159547109375 0.209360185546875 0.5217626484375 0.22285790625 0.5247701875 0.248004580078125 0.53522453125 0.2518526640625 0.54094090234375 0.260980119140625 0.549192576171875 0.256569861328125 0.560962755859375 0.25863973046875 0.574911587890625 0.240912853515625 0.587028814453125 0.238019716796875 0.59511657421875 0.247312998046875 0.602751310546875 0.240365958984375 0.60108842578125 0.2471071796875 0.606279419921875 0.258068125 0.61778931640625 0.26386025 0.6209607734375 0.2753033828125 0.625881876953125 0.278764546875 0.631174044921875 0.30531779296875 0.6231055 0.318468587890625 0.63093297265625 0.331484119140625 0.62787229296875 0.34685532421875 0.6243537890625 0.340375197265625 0.619967666015625 0.346302580078125 0.607580546875 0.34169593359375 0.604071650390625 0.34643783984375 0.59967591796875 0.341143189453125 0.575171572265625 0.339429677734375 0.567508015625 0.31271060546875 0.544758119140625 0.308626140625 0.535450890625 0.311092361328125 0.5405599296875 0.328905076171875 0.53651605078125 0.324258435546875 0.5318744453125 0.339519091796875 0.526606294921875 0.34102093359375 0.52476988671875 0.350243658203125 0.516431451171875 0.35589466796875 0.527155685546875 0.367242537109375 0.529083658203125 0.362390080078125 0.53716180859375 0.360461322265625 0.571238470703125 0.361597376953125 0.57895996875 0.35340958984375 0.58151448828125 0.3623159453125 0.6114653125 0.36565712890625 0.634306775390625 0.374111861328125 0.638991609375 0.4093503671875 0.634345201171875 0.419000005859375 0.633410037109375 0.455092341796875 0.630257791015625 0.46609328125 0.6317615625 0.478666619140625 0.623982123046875 0.521761265625 0.634176181640625 0.52933160546875 0.6381381015625 0.540830013671875 0.652800240234375 0.53562119921875 0.659567357421875 0.54108167578125 0.663866720703125 0.53639504296875 0.664661986328125 0.5420613359375 0.647541697265625 0.548345078125 0.6542220546875 0.5550463046875 0.655205251953125 0.575064150390625 0.653817064453125 0.594916171875 0.64908389453125 0.605806560546875 0.65265043359375 0.66839687109375 0.652052708984375 0.688304166015625 0.64652907421875 0.69913928125 0.64715081640625 0.70728707421875 0.655836302734375 0.69667305859375 0.66691238671875 0.708668939453125 0.67226249609375 0.700315328125 0.680870826171875 0.702164099609375 0.6826348828125 0.711015181640625 0.691421537109375 0.71599346875 0.677906515625 0.727516587890625 0.683637294921875 0.753477099609375 0.696014806640625 0.746861708984375 0.717270541015625 0.749594873046875 0.725170365234375 0.744536599609375 0.7370759453125 0.596997744140625 0.730569109375 0.587815013671875 0.729590712890625 0.5734081875 0.70552017578125 0.565490919921875 0.703491033203125 0.554751072265625 0.706734841796875 0.54812040234375 0.72271762109375 0.546744390625 0.733176767578125 0.5562034921875 0.741601966796875 0.54931173046875 0.76751371484375 0.55361729296875 0.772786669921875 0.557726470703125 0.777452291015625 0.570520904296875 0.781664890625 0.5670750234375 0.790186458984375 0.570164544921875 0.797748841796875 0.581291314453125 0.80039492578125 0.5945679375 0.82050354296875 0.590986796875 0.83008546484375 0.601631376953125 0.83651033984375 0.617665875 0.83625966015625 0.632610166015625 0.829506953125 0.643982744140625 0.817654814453125 0.64876464453125 0.805498859375 0.709008712890625 0.80437095703125 0.72513848046875 0.818700458984375 0.741725724609375 0.81949572265625 0.747392017578125 0.8132635859375 0.751320087890625 0.804472126953125 0.740730783203125 0.7891303046875 0.772698662109375 0.790981123046875 0.7803089921875 0.787380658203125 0.7806806328125 0.791135431640625 0.75538341796875 0.78734703515625 0.7414035078125 0.803349328125 0.660232490234375 0.804824279296875 0.639139716796875 0.798216275390625 0.61436468359375 0.791897375 0.6195335078125 0.779712599609375 0.646111466796875 0.76907962890625 0.741372943359375 0.759955533203125 0.75257969921875 0.756615353515625 0.749229083984375 0.75466816796875 0.731637466796875 0.76009543359375 0.7108210703125 0.77196228125 0.620633146484375 0.761416373046875 0.61241479296875 0.7656193671875 0.597746876953125 0.764467447265625 0.585821552734375 0.751651322265625 0.5930296796875 0.73789492578125 0.732958205078125 0.73219776953125 0.746274822265625 0.730115486328125 0.776052853515625 0.716947509765625 0.78261296875 0.74385687109375 0.8237694296875 0.74815623046875 0.819082798828125 0.75580057421875 0.823357796875 0.75930947265625 0.818615890625 0.770202427734375 0.82187123828125 0.77941808984375 0.815034748046875 0.793472896484375 0.818511193359375 0.804023607421875 0.8323405625 0.78145683984375 0.8369966328125 0.789192748046875 0.8456418984375 0.797444421875 0.841231638671875 0.814400796875 0.848651435546875 0.81986168359375 0.867112162109375 0.81926876171875 0.892630474609375 0.8279785625 0.80783247265625 0.825771091796875 0.793963111328125 0.839464439453125 0.78556950390625 0.85106109765625 0.790120876953125 0.85335052734375 0.797138470703125 0.8471231953125 0.80667755859375 0.8466989921875 0.8241033515625 0.840384896484375 0.83488319140625 0.83347307421875 0.865570326171875 0.84420691796875 0.88814023046875 0.856767560546875 0.890265375 0.8696028984375 0.9055013203125 0.87121264453125 0.939277978515625 0.88055349609375 0.9760888828125 0.879772638671875 0.987255646484375 0.885322189453125 1 0.96625754296875 1
0 0.501840759765625 0.649746912109375 0.51606908984375 0.650741853515625 0.528195923828125 0.65907075390625 0.56156888671875 0.658910783203125 0.5589807421875 0.610727298828125 0.562875416015625 0.543671453125 0.55303801171875 0.542360146484375 0.547871033203125 0.559454291015625 0.534785015625 0.55916263671875 0.526215115234375 0.60220201171875 0.512695287109375 0.60811411328125 0.502612009765625 0.627358115234375 0.49558460546875 0.625619892578125 0.495227953125 0.619360859375 0.49110211328125 0.621565990234375 0.493285568359375 0.60738026171875 0.484325388671875 0.604883478515625 0.481419021484375 0.595329109375 0.48281681640625 0.586699123046875 0.47763542578125 0.58696021484375 0.4715284765625 0.634535677734375 0.472338154296875 0.65703502734375 0.501840759765625 0.649746912109375
0 0.5003132734375 0.506879408203125 0.4960814609375 0.487881216796875 0.5001109296875 0.47569480078125 0.474194376953125 0.46577821875 0.462944767578125 0.45626384375 0.460828861328125 0.44676474609375 0.46784185546875 0.4316699140625 0.492606486328125 0.429661169921875 0.49777826953125 0.41817804296875 0.46527773046875 0.41154151953125 0.4628919296875 0.39454264453125 0.4689409375 0.381874037109375 0.477019087890625 0.379945283203125 0.498072478515625 0.351493837890625 0.501590984375 0.35797396875 0.506945896484375 0.355231375 0.50334062890625 0.349991998046875 0.50587593359375 0.33645428125 0.47117753125 0.327170431640625 0.444215033203125 0.326531849609375 0.439920474609375 0.3368295 0.44677435546875 0.341049224609375 0.446697201171875 0.35351201171875 0.429755236328125 0.36292526953125 0.410017685546875 0.389598498046875 0.409410353515625 0.398283755859375 0.414509783203125 0.404874435546875 0.416365404296875 0.41809578515625 0.425407541015625 0.413740798828125 0.43296992578125 0.42486756640625 0.43501348046875 0.45244046875 0.42553753515625 0.4629992109375 0.429759740234375 0.4707753671875 0.4284583125 0.489386634765625 0.4430481015625 0.502251626953125 0.484330494140625 0.50825541796875 0.5003132734375 0.506879408203125
0 0.55248862109375 0.516138544921875 0.558017056640625 0.51091444921875 0.559038986328125 0.473581359375 0.550151158203125 0.45301076953125 0.55374681640625 0.44702811328125 0.546362759765625 0.439030857421875 0.5449505546875 0.4308277890625 0.54144165625 0.4355696953125 0.5324814765625 0.43307291015625 0.533180375 0.428757919921875 0.543017779296875 0.4300692265625 0.541518810546875 0.423106908203125 0.53308880859375 0.42438765234375 0.535272263671875 0.410201923828125 0.54642550390625 0.409735015625 0.550122337890625 0.41934466015625 0.552031095703125 0.3920481328125 0.5430805234375 0.400773384765625 0.53629899609375 0.378479853515625 0.539711525390625 0.363756662109375 0.529777751953125 0.3524640703125 0.513004509765625 0.353784806640625 0.51125486328125 0.361766779296875 0.513717818359375 0.366302869140625 0.528924544921875 0.38170463671875 0.52393108984375 0.39631728125 0.515327564453125 0.400079525390625 0.512960978515625 0.405524720703125 0.527304892578125 0.438945021484375 0.530312431640625 0.464091693359375 0.5276855625 0.473259142578125 0.519082037109375 0.477021390625 0.51786737109375 0.49439190625 0.519539861328125 0.49887272265625 0.532013744140625 0.502238619140625 0.535450291015625 0.515570517578125 0.55248862109375 0.516138544921875
0 0.497072693359375 0 0.488202353515625 0.004188171875 0.494352533203125 0.007111869140625 0.49593826171875 0.0128334375 0.4819894296875 0.030560314453125 0.48252921484375 0.04555987890625 0.477882806640625 0.055209515625 0.4965068671875 0.061499111328125 0.5065081875 0.04910687890625 0.534608193359375 0.04483773046875 0.53785200390625 0.038207060546875 0.53072823046875 0.026487552734375 0.531248802734375 0.019043044921875 0.5337021484375 0.012357099609375 0.542570763671875 0.010483615234375 0.543356423828125 0.004927873046875 0.532638591796875 0.00106136328125 0.51746038671875 0 0.497072693359375 0
0 0.03374245703125 0 0.02994480078125 0.054309005859375 0.032529220703125 0.05710804296875 0.063622359375 0.061152515625 0.091900693359375 0.0600128828125 0.112703404296875 0.04650573046875 0.139222486328125 0.04212603515625 0.187614240234375 0.043016279296875 0.2078192265625 0.049416421875 0.217227625 0.062542505859375 0.228197734375 0.0533350625 0.231803001953125 0.05857444140625 0.2366325390625 0.057665337890625 0.2403149609375 0.0504419296875 0.296871630859375 0.0481626640625 0.328846794921875 0.056632677734375 0.359954341796875 0.077510201171875 0.375122642578125 0.04802382421875 0.3731850625 0.04165424609375 0.3895872421875 0.017241421875 0.39670140625 0.017738892578125 0.403034716796875 0.029403126953125 0.40838962890625 0.026660533203125 0.410741802734375 0.004382283203125 0.409283759765625 0 0.03374245703125 0
0 1 0.082733224609375 0.997829 0.0884506484375 0.98896038671875 0.0903241328125 0.978935046875 0.0746612734375 0.955558603515625 0.056817994140625 0.926745291015625 0.04856908203125 0.91738012109375 0.085942162109375 0.9339990546875 0.109547 0.944800443359375 0.108432080078125 0.9557705546875 0.099224638671875 0.980178533203125 0.09095686328125 1 0.094768388671875 1 0.082733224609375
0 0.6890615625 0.11361521484375 0.6829885390625 0.0982287265625 0.690358185546875 0.08939292578125 0.693703166015625 0.09835455859375 0.70204160546875 0.092703546875 0.70907861328125 0.1056638046875 0.716443458984375 0.091216984375 0.740234498046875 0.08041243359375 0.815415224609375 0.084422763671875 0.84264761328125 0.092561130859375 0.8477374375 0.087929771484375 0.85362733203125 0.094575724609375 0.880589826171875 0.09521430859375 0.8915599375 0.0860068671875 0.90113225390625 0.08542941015625 0.90279513671875 0.078688189453125 0.901908306640625 0.06865162890625 0.89918506640625 0.06783779296875 0.89269744921875 0.081099134765625 0.890832220703125 0.05665575 0.8865280546875 0.05573136328125 0.883987947265625 0.0636580625 0.87696534765625 0.067530857421875 0.868810041015625 0.08192240234375 0.865638583984375 0.070479267578125 0.859575166015625 0.06631481640625 0.852475412109375 0.082650400390625 0.8479109609375 0.08544826953125 0.84780018359375 0.0586339296875 0.842522423828125 0.048913734375 0.83532149609375 0.049657015625 0.836984380859375 0.042915796875 0.829691890625 0.039288810546875 0.827050609375 0.031623203125 0.822572921875 0.0331803203125 0.820037615234375 0.04671803515625 0.81100028125 0.0566840390625 0.7973840859375 0.052614857421875 0.80421875390625 0.0343905078125 0.799297650390625 0.030929345703125 0.795788751953125 0.03567125390625 0.770580703125 0.032661716796875 0.75916717578125 0.03685087890625 0.73580033984375 0.03022963671875 0.731149126953125 0.034268255859375 0.72931272265625 0.043490978515625 0.725707453125 0.038251599609375 0.70690987109375 0.034443509765625 0.69998844140625 0.053908607421875 0.688994314453125 0.0350609609375 0.686695279296875 0.016821330078125 0.679532927734375 0.011333216796875 0.669564314453125 0.010636142578125 0.66921353125 0.0112350234375 0.66662028515625 0.05967959765625 0.67602868359375 0.0728056796875 0.672625759765625 0.098750908203125 0.6842320234375 0.11452431640625 0.6890615625 0.11361521484375