1 0.4482421875 0.6962890625 0.185546875 0.19921875
1 0.4306640625 0.85546875 0.177734375 0.2890625
1 0.1181640625 0.7353515625 0.23046875 0.37890625
1 0.248046875 0.5419921875 0.060546875 0.08984375
1 0.4541015625 0.5087890625 0.15625 0.15234375
1 0.802734375 0.3935546875 0.123046875 0.119140625
1 0.6005859375 0.3173828125 0.3046875 0.142578125
1 0.224609375 0.3896484375 0.271484375 0.14453125
1 0.0771484375 0.556640625 0.095703125 0.123046875
1 0.953125 0.265625 0.068359375 0.078125
0 1 0.48253962890625 0.998664625 0.463442876953125 0.9894721796875 0.465772771484375 0.9497718984375 0.465617767578125 0.910425232421875 0.4786280625 0.8781686171875 0.463296966796875 0.8688282890625 0.475674572265625 0.843179517578125 0.481864783203125 0.831786220703125 0.497317064453125 0.81967904296875 0.50256035546875 0.733657333984375 0.51297225390625 0.670354595703125 0.53205439453125 0.6545560703125 0.53315913671875 0.647377341796875 0.527798888671875 0.63480126171875 0.55066166796875 0.629485388671875 0.5678873125 0.61945888671875 0.627210765625 0.6151833515625 0.671476490234375 0.604476779296875 0.7008035546875 0.5914179453125 0.71270840625 0.58619075 0.7636356875 0.57387960546875 0.765962125 0.562561134765625 0.786538626953125 0.56315973046875 0.827532404296875 0.566429841796875 0.858080458984375 0.572248982421875 0.86426855859375 0.590508404296875 0.8659228515625 0.597700990234375 0.899860517578125 0.597524734375 0.954098501953125 0.592521462890625 0.959577818359375 0.589360537109375 0.97518721484375 0.5925624765625 0.98448944140625 0.607613310546875 0.99296311328125 1 0.964947908203125 1 0.48253962890625
0 0.3154019375 1 0.3361684375 0.881509697265625 0.359484900390625 0.809532451171875 0.36552075390625 0.72557355859375 0.39913585546875 0.618435541015625 0.48033775 0.603964001953125 0.4852390390625 0.5970262578125 0.481350376953125 0.57384924609375 0.4822272109375 0.56206346484375 0.47969148828125 0.554180208984375 0.391766462890625 0.5779152265625 0.387769166015625 0.569401392578125 0.383153318359375 0.568258607421875 0.37995137890625 0.55895637890625 0.377204484375 0.503457244140625 0.38373030078125 0.475155306640625 0.385150861328125 0.450874259765625 0.391201123046875 0.45631341796875 0.40612946875 0.4508728515625 0.406883810546875 0.425172830078125 0.40437524609375 0.413623779296875 0.405891138671875 0.406922765625 0.410017576171875 0.41322923046875 0.411696974609375 0.445354080078125 0.416775072265625 0.444998984375 0.416421455078125 0.431833685546875 0.412376494140625 0.4145298359375 0.413205662109375 0.3939540390625 0.409065365234375 0.35907015625 0.409867375 0.342160154296875 0.4166586796875 0.354142505859375 0.424116751953125 0.4283644609375 0.42793058984375 0.446417251953125 0.455115759765625 0.445981837890625 0.45860979296875 0.43108192578125 0.4630965 0.434432080078125 0.464999814453125 0.421108962890625 0.451519193359375 0.3986026875 0.44967684375 0.388472609375 0.436250537109375 0.358634744140625 0.434618806640625 0.335299912109375 0.426882494140625 0.31385751171875 0.4317089609375 0.301795544921875 0.428336865234375 0.2697890625 0.423823 0.270104703125 0.42535274609375 0.291981107421875 0.423170640625 0.2972631484375 0.419119025390625 0.29608090625 0.40341583203125 0.314765681640625 0.396434416015625 0.328443896484375 0.3921178671875 0.34779799609375 0.381084837890625 0.360293966796875 0.37905237890625 0.375824453125 0.3717855234375 0.3975831953125 0.358549876953125 0.4029053984375 0.357183634765625 0.41985485546875 0.34930487890625 0.432863037109375 0.345912830078125 0.449221375 0.3400188671875 0.437909052734375 0.32673555859375 0.43444123828125 0.310780732421875 0.441419140625 0.289237892578125 0.441460005859375 0.287076291015625 0.459197861328125 0.2773346796875 0.449620150390625 0.259177240234375 0.449424283203125 0.256614357421875 0.445206822265625 0.2439429453125 0.4504895703125 0.240550896484375 0.466847908203125 0.2354251328125 0.458412986328125 0.231115236328125 0.46164548046875 0.22199937890625 0.489395751953125 0.22165296875 0.520929478515625 0.23104096484375 0.517341888671875 0.24146209375 0.496095357421875 0.26874924609375 0.497118369140625 0.272773703125 0.50196640625 0.274969666015625 0.525261783203125 0.27932723046875 0.5308193046875 0.275064998046875 0.54284181640625 0.2766490625 0.557386630859375 0.268715990234375 0.57772640234375 0.25891341015625 0.591601892578125 0.25469884375 0.612414419921875 0.25016447265625 0.600274248046875 0.250327423828125 0.5782794765625 0.2477373828125 0.577727810546875 0.2502259921875 0.63764168359375 0.2470445625 0.640795267578125 0.243917447265625 0.63661726171875 0.226712216796875 0.690580466796875 0.193287224609375 0.772057921875 0.187950845703125 0.776827751953125 0.178909810546875 0.80970224609375 0.17393369921875 0.811515767578125 0.1540636015625 0.859803087890625 0.14770073828125 0.866110255859375 0.143295509765625 0.851762716796875 0.119482435546875 0.88420461328125 0.114241384765625 0.906554478515625 0.10891165625 0.895202703125 0.0965533984375 0.94955975390625 0.090163375 0.959532716796875 0.08086405859375 0.996821947265625 0.079267265625 1 0.235496681640625 1 0.230528265625 0.95191578515625 0.234817658203125 0.936227478515625 0.2449738515625 0.9355172890625 0.24843407421875 0.94040478125 0.255592849609375 0.994129849609375 0.257884810546875 1 0.3154019375 1
0 0.62112276953125 0.44829630078125 0.620463205078125 0.43075572265625 0.62617315625 0.3907863671875 0.633766470703125 0.385858716796875 0.63177447265625 0.365480193359375 0.61831435546875 0.35542973046875 0.604208529296875 0.35641610546875 0.60498337890625 0.3431718984375 0.601339697265625 0.34782336328125 0.59677816796875 0.339348986328125 0.5839027890625 0.34171487890625 0.582284916015625 0.346957466796875 0.59100004296875 0.35807251171875 0.592278158203125 0.368242044921875 0.590633125 0.377150427734375 0.59226485546875 0.4004852578125 0.58703045703125 0.406713515625 0.588614521484375 0.421258330078125 0.603964654296875 0.450228892578125 0.61445395703125 0.4502281875 0.62112276953125 0.44829630078125
0 0.55017960546875 0.52433670703125 0.553619322265625 0.516768388671875 0.554367013671875 0.507189974609375 0.55790871484375 0.50108008203125 0.557759064453125 0.490831638671875 0.55542730859375 0.485865236328125 0.55270147265625 0.503642544921875 0.5479359765625 0.492251314453125 0.536114240234375 0.489414076171875 0.53402026171875 0.467577126953125 0.538642759765625 0.452598306640625 0.536555431640625 0.414639748046875 0.540246779296875 0.418778298828125 0.543156625 0.452282666015625 0.555379640625 0.477075220703125 0.567962373046875 0.438090833984375 0.580253009765625 0.42330858203125 0.57989939453125 0.41014328515625 0.5686551953125 0.375023376953125 0.538084626953125 0.375695521484375 0.536337609375 0.3831454765625 0.523924482421875 0.384013486328125 0.526596 0.373567767578125 0.5304913125 0.380623173828125 0.533210494140625 0.378967470703125 0.5341893125 0.3686401171875 0.538832318359375 0.366117109375 0.53842438671875 0.36028340234375 0.533577412109375 0.359889556640625 0.533060845703125 0.36871902734375 0.526494015625 0.372109341796875 0.521062302734375 0.359299138671875 0.509879625 0.361546666015625 0.51397890625 0.37151892578125 0.518825876953125 0.371912771484375 0.5196417421875 0.383580185546875 0.50758223046875 0.397613494140625 0.508520587890625 0.4231951484375 0.506188830078125 0.41822874609375 0.50465908203125 0.396352341796875 0.4938161640625 0.38318775 0.484992400390625 0.3867358828125 0.47629112890625 0.404198255859375 0.47705267578125 0.42319726171875 0.479486416015625 0.42962208984375 0.492511443359375 0.437504642578125 0.509132486328125 0.4319457109375 0.5247747109375 0.436714134765625 0.535543357421875 0.50557513671875 0.54161412890625 0.52347010546875 0.546461099609375 0.523863951171875 0.55017960546875 0.52433670703125
0 0.95460391015625 0.315792931640625 0.98173476171875 0.322689107421875 0.988706306640625 0.32103228125 0.986394994140625 0.28797898046875 0.970463404296875 0.291234994140625 0.931123392578125 0.28812368359375 0.935249830078125 0.294430146484375 0.93837029296875 0.314729759765625 0.945956955078125 0.32592371484375 0.95460391015625 0.315792931640625
0 0.881846111328125 0.43885809765625 0.882477962890625 0.39924383984375 0.901314921875 0.36861546484375 0.89650176171875 0.348434216796875 0.89206216796875 0.293053447265625 0.89958065625 0.283001572265625 0.913713640625 0.27834940234375 0.90166743359375 0.260139498046875 0.904468091796875 0.24748641015625 0.889131814453125 0.24709326953125 0.888350314453125 0.276459083984375 0.88535233984375 0.270073708984375 0.883924576171875 0.249655732421875 0.87979813671875 0.24334926953125 0.864203578125 0.24737086328125 0.838772076171875 0.224234716796875 0.829125794921875 0.232237041015625 0.81512860546875 0.218560236328125 0.783885169921875 0.233935015625 0.75829071484375 0.23279363671875 0.755109283203125 0.235947220703125 0.753335107421875 0.247062970703125 0.7586648359375 0.25841474609375 0.755891337890625 0.2674020390625 0.757931 0.296570580078125 0.75625215625 0.32526636328125 0.7187544921875 0.33228512890625 0.713785029296875 0.317977044921875 0.70967909765625 0.324126392578125 0.670801333984375 0.31951719921875 0.66543779296875 0.327952826171875 0.671433740234375 0.34072357421875 0.669761546875 0.35329775 0.660475533203125 0.358343765625 0.647348525390625 0.349002787109375 0.639109501953125 0.364967279296875 0.642665056640625 0.3874348046875 0.655227833984375 0.396815236328125 0.68010840625 0.387747626953125 0.6943095625 0.40434128515625 0.698830080078125 0.387904037109375 0.70585916015625 0.383015841796875 0.71054983203125 0.389282849609375 0.71223587890625 0.405286091796875 0.719591416015625 0.41722898828125 0.73292904296875 0.41336521484375 0.7364707421875 0.4072553203125 0.74615803515625 0.42416462109375 0.750671900390625 0.42384898046875 0.74738128125 0.380845111328125 0.749264091796875 0.355066181640625 0.7600388359375 0.346984947265625 0.76665333203125 0.352384650390625 0.78065717578125 0.34993984765625 0.8019483828125 0.33819211328125 0.825285904296875 0.339491310546875 0.8294733125 0.322344578125 0.82538068359375 0.296250712890625 0.832742873046875 0.29207200390625 0.8396904765625 0.29818119140625 0.84071030859375 0.3127654609375 0.83557789453125 0.320452146484375 0.83726394140625 0.33645538671875 0.84254600390625 0.339017146484375 0.845693626953125 0.355650962890625 0.8568968125 0.365859248046875 0.861703322265625 0.4021621015625 0.86759728515625 0.413474423828125 0.873226314453125 0.4453230859375 0.87804612890625 0.4493827265625 0.881846111328125 0.43885809765625