1 0.685546875 0.2734375 0.103515625 0.123046875
1 0.2900390625 0.1875 0.0771484375 0.1005859375
1 0.814453125 0.115234375 0.0498046875 0.09375
1 0.478515625 0.0751953125 0.1455078125 0.150390625
1 0.267578125 0.494140625 0.1357421875 0.1123046875
1 0.4189453125 0.5322265625 0.06640625 0.18359375
1 0.482421875 0.537109375 0.087890625 0.1748046875
1 0.53515625 0.4169921875 0.1845703125 0.115234375
1 0.7705078125 0.2861328125 0.0439453125 0.10546875
1 0.84765625 0.2744140625 0.064453125 0.10546875
1 0.9130859375 0.26171875 0.0654296875 0.1005859375
1 0.787109375 0.185546875 0.08984375 0.0859375
1 0.46875 0.267578125 0.0654296875 0.091796875
1 0.1650390625 0.515625 0.06640625 0.08984375
1 0.12890625 0.47265625 0.0400390625 0.080078125
1 0.17578125 0.236328125 0.083984375 0.091796875
1 0.0625 0.2255859375 0.09765625 0.115234375
1 0.689453125 0.10546875 0.1005859375 0.0986328125
1 0.3662109375 0.0791015625 0.064453125 0.158203125
1 0.3095703125 0.267578125 0.0283203125 0.0478515625
1 0.3916015625 0.263671875 0.02734375 0.0478515625
1 0.150390625 0.4091796875 0.033203125 0.056640625
1 0.2568359375 0.3818359375 0.068359375 0.0625
0 1 0.39280868359375 0.9974402734375 0.406377205078125 0.991040955078125 0.4097693359375 0.988907849609375 0.368385345703125 0.981655291015625 0.352781546875 0.97184300390625 0.356173677734375 0.961177474609375 0.415196744140625 0.9513651875 0.41180461328125 0.9539249140625 0.407734056640625 0.9539249140625 0.376526458984375 0.9470989765625 0.380597015625 0.9488054609375 0.387381275390625 0.938566552734375 0.43080054296875 0.94923208203125 0.449118046875 0.957764505859375 0.445047490234375 0.977389078125 0.449118046875 0.991467576171875 0.474219810546875 0.9991467578125 0.505427408203125 0.9991467578125 0.524423337890625 0.990187712890625 0.563093623046875 0.980802046875 0.56852103125 0.9244880546875 0.573948439453125 0.90059726953125 0.5698778828125 0.886518771484375 0.552917232421875 0.884812287109375 0.52985074609375 0.890784982421875 0.48778833203125 0.907849830078125 0.456580732421875 0.908703072265625 0.445725916015625 0.906996587890625 0.436227951171875 0.8950511953125 0.42401628125 0.897610921875 0.400949796875 0.89547781640625 0.3921302578125 0.8792662109375 0.389416552734375 0.875 0.40027137109375 0.87116041015625 0.3995929453125 0.867320818359375 0.415196744140625 0.863054607421875 0.413839890625 0.859641638671875 0.40298507421875 0.843430033203125 0.407055630859375 0.831484642578125 0.396200814453125 0.8255119453125 0.40162822265625 0.80588737109375 0.40434192578125 0.788395904296875 0.4226594296875 0.788395904296875 0.441655359375 0.784556314453125 0.449118046875 0.77986348046875 0.4430122109375 0.77901023828125 0.425373134765625 0.769197953125 0.4097693359375 0.764931740234375 0.41926730078125 0.75383958984375 0.42062415234375 0.751706484375 0.43080054296875 0.766211603515625 0.4592944375 0.77474402734375 0.505427408203125 0.78071672265625 0.516282224609375 0.77986348046875 0.5407055625 0.7700511953125 0.556309361328125 0.760665529296875 0.55766621484375 0.75213310546875 0.54816825 0.737627986328125 0.545454544921875 0.733361775390625 0.54002713671875 0.72525597265625 0.54748982421875 0.722269625 0.56037991796875 0.717150169921875 0.56037991796875 0.710324232421875 0.545454544921875 0.70179180859375 0.550881953125 0.681313994140625 0.544097693359375 0.67235494921875 0.486431478515625 0.67576791796875 0.444369064453125 0.659129693359375 0.449118046875 0.65145051171875 0.474898236328125 0.6467576796875 0.47286295703125 0.644197953125 0.453867029296875 0.638651876953125 0.454545455078125 0.631399318359375 0.4606512890625 0.634812287109375 0.46879240234375 0.62841296875 0.48168249609375 0.612201365234375 0.484396201171875 0.60452218359375 0.493894166015625 0.564419794921875 0.49796472265625 0.55332764453125 0.503392130859375 0.55076791796875 0.512890095703125 0.52474402734375 0.51085481640625 0.52047781640625 0.52035278125 0.52303754296875 0.5569877890625 0.532423208984375 0.56784260546875 0.533703072265625 0.575305291015625 0.541808873046875 0.5800542734375 0.534982935546875 0.6180461328125 0.529436859375 0.611940298828125 0.526023890625 0.621438263671875 0.518344708984375 0.62008141015625 0.515358361328125 0.631614654296875 0.5217576796875 0.644504748046875 0.537116041015625 0.641791044921875 0.537542662109375 0.64925373046875 0.533703072265625 0.654002712890625 0.517491466796875 0.660786974609375 0.514078498046875 0.667571234375 0.46885665625 0.671641791015625 0.463737201171875 0.681139755859375 0.44837883984375 0.691994572265625 0.42747440234375 0.699457259765625 0.431740615234375 0.72388059765625 0.438566552734375 0.732021708984375 0.44581911328125 0.770691994140625 0.5217576796875 0.748982361328125 0.564419794921875 0.743554953125 0.5806313984375 0.7449118046875 0.59428327734375 0.77340569921875 0.6224402734375 0.772048845703125 0.64633105859375 0.761194029296875 0.7214163828125 0.743554953125 0.72525597265625 0.748303935546875 0.72610921484375 0.7550881953125 0.714590443359375 0.767978291015625 0.668515357421875 0.781546810546875 0.659129693359375 0.778833107421875 0.62841296875 0.79375848046875 0.57295221875 0.79375848046875 0.57081911328125 0.787652646484375 0.57764505078125 0.78222523828125 0.5763651875 0.772048845703125 0.509812287109375 0.77340569921875 0.486774744140625 0.7829036640625 0.480802046875 0.791044775390625 0.439846416015625 0.79647218359375 0.42022184375 0.808683853515625 0.40315699609375 0.807327001953125 0.39931740625 0.810719130859375 0.4018771328125 0.817503392578125 0.39718430078125 0.820895521484375 0.39377133203125 0.807327001953125 0.388651876953125 0.818181818359375 0.361348123046875 0.819538669921875 0.355802046875 0.82428765234375 0.35537542578125 0.84260515625 0.3515358359375 0.84192673046875 0.348976109375 0.8310719140625 0.347269625 0.856852103515625 0.342576791015625 0.857530529296875 0.335324232421875 0.817503392578125 0.338310580078125 0.80189959375 0.408276451171875 0.781546810546875 0.414675767578125 0.774084125 0.40614334375 0.761872455078125 0.413822525390625 0.748303935546875 0.39931740625 0.74423337890625 0.408703072265625 0.72388059765625 0.4052901015625 0.699457259765625 0.376706484375 0.693351423828125 0.37030716796875 0.680461330078125 0.37372013671875 0.662822251953125 0.389931740234375 0.642469470703125 0.389078498046875 0.630257802734375 0.37457337890625 0.6180461328125 0.3758532421875 0.613297150390625 0.389078498046875 0.611261873046875 0.381399318359375 0.60583446484375 0.382252560546875 0.5976933515625 0.37798634765625 0.592265943359375 0.369880546875 0.52103120703125 0.34598976171875 0.544097693359375 0.2734641640625 0.56037991796875 0.276023890625 0.56852103125 0.283276451171875 0.571913162109375 0.284129693359375 0.593622794921875 0.2943686015625 0.604477611328125 0.291382251953125 0.61872455859375 0.269197953125 0.6282225234375 0.264078498046875 0.643147896484375 0.243600681640625 0.651289009765625 0.232508533203125 0.6689280859375 0.217150169921875 0.671641791015625 0.212883958984375 0.681139755859375 0.20435153515625 0.682496607421875 0.20093856640625 0.693351423828125 0.188139931640625 0.69606512890625 0.183873720703125 0.708276796875 0.17022184375 0.719131615234375 0.157423208984375 0.720488466796875 0.15315699609375 0.732700134765625 0.140358361328125 0.743554953125 0.1258532421875 0.7449118046875 0.119880546875 0.767978291015625 0.09684300390625 0.772048845703125 0.09385665625 0.761872455078125 0.10622866796875 0.75305291796875 0.114761091796875 0.739484396484375 0.133532423828125 0.7245590234375 0.140358361328125 0.725915875 0.14974402734375 0.710990501953125 0.15315699609375 0.712347353515625 0.165102388671875 0.69742198046875 0.1710750859375 0.69742198046875 0.215443685546875 0.654002712890625 0.220563140625 0.654002712890625 0.262372013671875 0.61736770703125 0.27218430078125 0.599050203125 0.25127986328125 0.594301220703125 0.25042662109375 0.571234736328125 0.233361775390625 0.5698778828125 0.22610921484375 0.574626865234375 0.231655291015625 0.57801899609375 0.234641638671875 0.58819538671875 0.2282423203125 0.603799185546875 0.1744880546875 0.610583447265625 0.16894198046875 0.593622794921875 0.17918088671875 0.578697421875 0.159982935546875 0.57666214453125 0.154436859375 0.581411126953125 0.161262798828125 0.60583446484375 0.15315699609375 0.62008141015625 0.110494880859375 0.62008141015625 0.107508533203125 0.5963365 0.09684300390625 0.594301220703125 0.09684300390625 0.586160109375 0.093003412109375 0.58683853515625 0.091723548828125 0.59565807421875 0.066979521484375 0.594301220703125 0.063993173828125 0.599050203125 0.066552900390625 0.60719131640625 0.063566552734375 0.61872455859375 0.057167236328125 0.5963365 0.05162116015625 0.592944369140625 0.04991467578125 0.584803255859375 0.04394198046875 0.59565807421875 0.02986348046875 0.5963365 0.032423208984375 0.61668928125 0.027730375 0.621438263671875 0 0.622116689453125 0 0.760515603515625 0.008105802734375 0.767978291015625 0.04650170703125 0.770691994140625 0.05503412890625 0.788331072265625 0.061860068359375 0.79375848046875 0.074658703125 0.79240162890625 0.0789249140625 0.7829036640625 0.090870306640625 0.77340569921875 0.090443685546875 0.810719130859375 0.093003412109375 0.817503392578125 0.089163822265625 0.819538669921875 0.086604095703125 0.81411126171875 0.083191126953125 0.820895521484375 0.067832763671875 0.8236092265625 0.04479522265625 0.8439620078125 0.031996587890625 0.846675712890625 0.0268771328125 0.856173677734375 0 0.859565806640625 0 0.9925373125 0.00383958984375 0.994572591796875 1 0.993894166015625 1 0.39280868359375