1 0.5458984375 0.9169921875 0.251953125 0.166015625
1 0.423828125 0.7255859375 0.1357421875 0.2001953125
1 0.263671875 0.8466796875 0.1982421875 0.2373046875
1 0.0966796875 0.4267578125 0.154296875 0.16015625
1 0.947265625 0.501953125 0.10546875 0.1943359375
1 0.880859375 0.3681640625 0.189453125 0.166015625
1 0.80078125 0.279296875 0.1005859375 0.12109375
1 0.7548828125 0.1962890625 0.0791015625 0.1416015625
1 0.3857421875 0.1376953125 0.1259765625 0.1162109375
1 0.203125 0.1484375 0.09375 0.103515625
1 0.0927734375 0.162109375 0.1201171875 0.1259765625
1 0.38671875 0.05078125 0.1484375 0.087890625
1 0.3955078125 0.50390625 0.279296875 0.1787109375
1 0.1181640625 0.2763671875 0.0947265625 0.0771484375
1 0.0810546875 0.7099609375 0.109375 0.111328125
1 0.8818359375 0.2099609375 0.0830078125 0.064453125
1 0.9814453125 0.248046875 0.03125 0.0458984375
0 0.97958612890625 0.86175115234375 0.968959732421875 0.836405529296875 0.9647651015625 0.834677419921875 0.96588366796875 0.849654376953125 0.986577181640625 0.888824884765625 0.984899328125 0.91301843359375 0.978467560546875 0.921658986328125 0.956096197265625 0.9239631328125 0.94602908203125 0.910138248046875 0.920861296875 0.858294931640625 0.904921701171875 0.832373271484375 0.902684564453125 0.816244240234375 0.905480984375 0.796658986328125 0.90911633203125 0.791474654296875 0.886744966796875 0.783410138671875 0.856823265625 0.7275345625 0.858780759765625 0.7027649765625 0.875559283203125 0.700460830078125 0.890100671875 0.71198156640625 0.895973154296875 0.711405529296875 0.8917785234375 0.708525345703125 0.86968680078125 0.66301843359375 0.86968680078125 0.65380184375 0.87583892578125 0.646889400390625 0.878355705078125 0.634792626953125 0.93540268359375 0.623271888671875 0.944910513671875 0.616359447265625 0.960011185546875 0.617511521484375 0.967561521484375 0.6065668203125 0.957214765625 0.597926267578125 0.945469798828125 0.60368663671875 0.916387025390625 0.6002304140625 0.903523490234375 0.608294931640625 0.847035794921875 0.610599078125 0.831935123046875 0.588709677734375 0.82857941796875 0.588709677734375 0.82410514453125 0.60138248828125 0.79949664453125 0.60368663671875 0.794463087890625 0.599078341796875 0.76901566015625 0.55011520703125 0.77069351171875 0.528225806640625 0.772651005859375 0.523041474609375 0.783277404296875 0.516129033203125 0.793903802734375 0.514976958984375 0.80397091796875 0.524193548828125 0.81180089453125 0.521889400390625 0.815995525390625 0.507488478515625 0.796140939453125 0.503456220703125 0.7941834453125 0.489055298828125 0.780480984375 0.45161290234375 0.773210291015625 0.45161290234375 0.768736017578125 0.466589861328125 0.764821029296875 0.465437787109375 0.7452460859375 0.42626728125 0.742729306640625 0.427995392578125 0.744966443359375 0.452188939453125 0.741331095703125 0.4608294921875 0.728467560546875 0.46198156640625 0.7150447421875 0.44585253515625 0.710290828125 0.426843318359375 0.697986578125 0.407258064453125 0.69519015625 0.388824884765625 0.701621923828125 0.38018433203125 0.711689037109375 0.38133640625 0.718959732421875 0.384792626953125 0.722315435546875 0.392857142578125 0.7242729296875 0.387672810546875 0.723713646484375 0.375 0.718400447265625 0.365207373046875 0.710011185546875 0.366359447265625 0.7027404921875 0.354838708984375 0.69826621875 0.35368663671875 0.68903803125 0.340437787109375 0.686521251953125 0.32488479296875 0.682606263671875 0.349078341796875 0.66694630859375 0.344470046875 0.656040267578125 0.323156681640625 0.655480984375 0.312788017578125 0.6602348984375 0.300691244140625 0.664709171875 0.2972350234375 0.670861296875 0.299539169921875 0.673378076171875 0.293202765625 0.671979865234375 0.28801843359375 0.66247203515625 0.2891705078125 0.658836689453125 0.285138248046875 0.655201341796875 0.271889400390625 0.643456375 0.28571428515625 0.63171141015625 0.283410138671875 0.627516779296875 0.277073732421875 0.62416107421875 0.257488478515625 0.625279642578125 0.233294931640625 0.622203580078125 0.229262671875 0.61213646484375 0.23041474609375 0.60151006640625 0.218894009765625 0.600391498046875 0.209677419921875 0.596476509765625 0.2315668203125 0.595637583984375 0.206797234375 0.591442953125 0.1947004609375 0.585570470703125 0.195276498046875 0.5808165546875 0.233870966796875 0.582214765625 0.194124423828125 0.580536912109375 0.177995392578125 0.582774048828125 0.161866359375 0.57941834375 0.14228110546875 0.572986578125 0.134792626953125 0.565156599609375 0.14055299609375 0.559004474609375 0.125576037109375 0.54949664453125 0.12211981640625 0.545302013671875 0.100806451171875 0.539149888671875 0.08928571484375 0.539149888671875 0.07891705078125 0.54362416015625 0.065092166015625 0.533836689453125 0.062211982421875 0.53131991015625 0.072004607421875 0.5318791953125 0.088133640625 0.52516778515625 0.09735023046875 0.527964205078125 0.10541474609375 0.52516778515625 0.11578341015625 0.530201341796875 0.121543779296875 0.530201341796875 0.130760369140625 0.524049216796875 0.137672810546875 0.52516778515625 0.167626728515625 0.522371365234375 0.186059908203125 0.524608501953125 0.203341013671875 0.52964205859375 0.21831797265625 0.5441834453125 0.241359447265625 0.547539150390625 0.279377880859375 0.553131990234375 0.2908986171875 0.555369126953125 0.316244240234375 0.5592841171875 0.325460830078125 0.562080537109375 0.342741935546875 0.56040268359375 0.378456220703125 0.54809843359375 0.395737328125 0.546979865234375 0.419930875 0.558165548828125 0.42914746484375 0.559843400390625 0.442972349609375 0.558165548828125 0.47638248828125 0.56935123046875 0.490207373046875 0.600391498046875 0.607142857421875 0.603467560546875 0.60541474609375 0.604026845703125 0.59504608203125 0.60290827734375 0.538594470703125 0.60906040234375 0.52131336328125 0.610178970703125 0.47638248828125 0.608501119140625 0.46025345703125 0.6051454140625 0.452188939453125 0.610178970703125 0.436059908203125 0.61185682421875 0.370391705078125 0.600950783203125 0.364055298828125 0.600111857421875 0.3565668203125 0.612975390625 0.3485023046875 0.614093958984375 0.293202765625 0.61661073828125 0.284562212890625 0.619966443359375 0.284562212890625 0.623042505859375 0.295506912109375 0.62136465234375 0.307027650390625 0.6219239375 0.3485023046875 0.633109619140625 0.3565668203125 0.631152125 0.364055298828125 0.622203580078125 0.36981566796875 0.61968680078125 0.38421658984375 0.619127517578125 0.4383640546875 0.6236017890625 0.445276498046875 0.624720357421875 0.469470046875 0.623881431640625 0.475806451171875 0.619966443359375 0.468894009765625 0.61800894921875 0.4775345625 0.610738255859375 0.68145161328125 0.6202460859375 0.692972349609375 0.622483220703125 0.7091013828125 0.635906041015625 0.7540322578125 0.64541387109375 0.797811060546875 0.66554809765625 0.840437787109375 0.66554809765625 0.8646313359375 0.648210291015625 0.8773041484375 0.6510067109375 0.899193548828125 0.6630313203125 0.941244240234375 0.670861296875 0.938940091796875 0.68819910546875 0.9447004609375 0.702181208984375 0.996543779296875 0.77516778515625 0.998271888671875 0.999720357421875 0.995391705078125 1 0.895737328125 0.9846196875 0.866359447265625 0.97958612890625 0.86175115234375
0 0.4801454140625 0 0.4770693515625 0.0120967734375 0.4770693515625 0.074308755859375 0.486577181640625 0.09735023046875 0.48713646484375 0.11347926171875 0.48406040234375 0.11866359375 0.478187919921875 0.119239630859375 0.477628634765625 0.145737328125 0.48238255078125 0.150921658203125 0.48685682421875 0.142857142578125 0.498042505859375 0.145161291015625 0.511185681640625 0.161866359375 0.513982103515625 0.159562212890625 0.515100671875 0.149193548828125 0.513422818359375 0.129608294921875 0.5167785234375 0.116935484375 0.517897091796875 0.091589861328125 0.51286353515625 0.081221197265625 0.518456375 0.073156681640625 0.513422818359375 0.063940091796875 0.524049216796875 0.057027650390625 0.521252796875 0.0489631328125 0.522371365234375 0.03974654296875 0.5153803125 0.03801843359375 0.509507830078125 0.019009216796875 0.502516779296875 0.012672810546875 0.497483220703125 0 0.4801454140625 0
0 0.805089486328125 0.991935484375 0.800615212890625 0.985023041015625 0.792225951171875 0.985023041015625 0.78747203515625 0.9775345625 0.79026845703125 0.963709677734375 0.787751677734375 0.956221197265625 0.7849552578125 0.9527649765625 0.7760067109375 0.956221197265625 0.77348993359375 0.93951612890625 0.7788031328125 0.930875576171875 0.783836689453125 0.930875576171875 0.78411633203125 0.937211982421875 0.786073826171875 0.937788017578125 0.783557046875 0.9222350234375 0.779921701171875 0.919354837890625 0.77656599609375 0.9239631328125 0.773210291015625 0.91474654296875 0.766219240234375 0.91301843359375 0.773210291015625 0.911290322265625 0.77656599609375 0.905529953125 0.786633109375 0.905529953125 0.783557046875 0.888824884765625 0.781040267578125 0.884792626953125 0.77656599609375 0.891705068359375 0.7698545859375 0.884792626953125 0.760906041015625 0.88824884765625 0.757270693359375 0.880760369140625 0.759507830078125 0.870391705078125 0.763982103515625 0.8646313359375 0.754194630859375 0.8525345625 0.74916107421875 0.857142857421875 0.7455257265625 0.8485023046875 0.7486017890625 0.837557603515625 0.7530760625 0.844470046875 0.75671141015625 0.840437787109375 0.7513982109375 0.821428572265625 0.7452460859375 0.82258064453125 0.742729306640625 0.816244240234375 0.75363534765625 0.809907833984375 0.7544742734375 0.795506912109375 0.750279642578125 0.78571428515625 0.7452460859375 0.7891705078125 0.738255033203125 0.78398617578125 0.741331095703125 0.77995391796875 0.75363534765625 0.781105990234375 0.75671141015625 0.775921658203125 0.75671141015625 0.760944701171875 0.752516779296875 0.755760369140625 0.741331095703125 0.76958525390625 0.737416107421875 0.754608294921875 0.733780759765625 0.766705068359375 0.73713646484375 0.78398617578125 0.72958612890625 0.790322580078125 0.727628634765625 0.78398617578125 0.7332214765625 0.76555299609375 0.72315436328125 0.751728111328125 0.72958612890625 0.744239630859375 0.733501119140625 0.744239630859375 0.737416107421875 0.75115207421875 0.74916107421875 0.745391705078125 0.752516779296875 0.75 0.756431767578125 0.746543779296875 0.764821029296875 0.74884792578125 0.77069351171875 0.74366359375 0.76146532421875 0.737327189453125 0.7575503359375 0.741935484375 0.754194630859375 0.73847926171875 0.74916107421875 0.741935484375 0.745805369140625 0.737327189453125 0.741331095703125 0.7396313359375 0.737975390625 0.724654376953125 0.730704697265625 0.726958525390625 0.725671140625 0.737327189453125 0.720078298828125 0.724654376953125 0.71252796484375 0.719470046875 0.716442953125 0.711405529296875 0.7150447421875 0.7027649765625 0.707214765625 0.70391705078125 0.706935123046875 0.695276498046875 0.702460849609375 0.692972349609375 0.70050335546875 0.670506912109375 0.6904362421875 0.6658986171875 0.686241611328125 0.67108294921875 0.696868009765625 0.692972349609375 0.69742729296875 0.711405529296875 0.70357941796875 0.7252304140625 0.704697986328125 0.735599078125 0.710850111328125 0.74481566796875 0.713646533203125 0.767857142578125 0.721476509765625 0.78398617578125 0.72035794140625 0.79205069140625 0.7332214765625 0.822004607421875 0.736017896484375 0.838133640625 0.740492169921875 0.843894009765625 0.744966443359375 0.871543779296875 0.75 0.8853686640625 0.74916107421875 0.89631336328125 0.7393736015625 0.889976958984375 0.738255033203125 0.86578341015625 0.731543625 0.8485023046875 0.730425056640625 0.838133640625 0.725671140625 0.830645162109375 0.721476509765625 0.832373271484375 0.71868008984375 0.80011520703125 0.713926173828125 0.7891705078125 0.710011185546875 0.802995392578125 0.70805369140625 0.80011520703125 0.709172259765625 0.775921658203125 0.705257271484375 0.767857142578125 0.6996644296875 0.73675115234375 0.69826621875 0.733870966796875 0.69435123046875 0.73847926171875 0.689317673828125 0.724654376953125 0.68232662109375 0.719470046875 0.686521251953125 0.7108294921875 0.6907158828125 0.712557603515625 0.68680089453125 0.695276498046875 0.68288590625 0.69182027734375 0.682606263671875 0.68548387109375 0.67925055859375 0.706221197265625 0.674776287109375 0.699308755859375 0.669463087890625 0.702188939453125 0.675055927734375 0.719470046875 0.67449664453125 0.7275345625 0.68232662109375 0.74481566796875 0.68232662109375 0.750576037109375 0.684843400390625 0.743087556640625 0.6873601796875 0.74366359375 0.68903803125 0.759792626953125 0.685682326171875 0.769009216796875 0.69295301953125 0.80011520703125 0.69826621875 0.811059908203125 0.703020134765625 0.80817972265625 0.700782998046875 0.816244240234375 0.704138703125 0.83698156640625 0.709172259765625 0.841589861328125 0.710011185546875 0.8502304140625 0.7119686796875 0.8485023046875 0.712248322265625 0.839861751953125 0.719798658203125 0.840437787109375 0.718959732421875 0.85944700390625 0.713087248046875 0.851958525390625 0.713646533203125 0.86578341015625 0.72035794140625 0.879608294921875 0.7178411640625 0.891705068359375 0.70637583984375 0.86578341015625 0.70357941796875 0.840437787109375 0.69826621875 0.830645162109375 0.69435123046875 0.83525345703125 0.691834451171875 0.832373271484375 0.68959731640625 0.822004607421875 0.6907158828125 0.807027650390625 0.682606263671875 0.782258064453125 0.68064876953125 0.80011520703125 0.678691275390625 0.80414746484375 0.67617449609375 0.80011520703125 0.67617449609375 0.78398617578125 0.679530201171875 0.77361751171875 0.673378076171875 0.767857142578125 0.675615212890625 0.759792626953125 0.6722595078125 0.749423962890625 0.671700224609375 0.73444700390625 0.66694630859375 0.717741935546875 0.664429529296875 0.719470046875 0.662751677734375 0.730990783203125 0.661633109375 0.719470046875 0.66387024609375 0.71025345703125 0.65771812109375 0.703341013671875 0.6599552578125 0.695276498046875 0.655480984375 0.675691244140625 0.651286353515625 0.671658986328125 0.647371365234375 0.67511520703125 0.643456375 0.655529953125 0.639821029296875 0.675691244140625 0.642058166015625 0.687211982421875 0.64093959765625 0.69182027734375 0.6356263984375 0.700460830078125 0.631152125 0.69354838671875 0.626957494140625 0.705645162109375 0.627796419921875 0.7108294921875 0.63954138671875 0.706221197265625 0.642897091796875 0.718894009765625 0.649049216796875 0.715437787109375 0.655480984375 0.719470046875 0.652964205078125 0.729262671875 0.647371365234375 0.7315668203125 0.643456375 0.72004608203125 0.63954138671875 0.733870966796875 0.63478747265625 0.735599078125 0.643456375 0.74078341015625 0.647371365234375 0.736175115234375 0.655201341796875 0.73847926171875 0.65771812109375 0.75288018359375 0.654921701171875 0.760944701171875 0.652404921875 0.764976958984375 0.643456375 0.763824884765625 0.643176734375 0.769009216796875 0.6571588359375 0.7724654375 0.658836689453125 0.78398617578125 0.656599552734375 0.80011520703125 0.65911633203125 0.8076036875 0.669742728515625 0.800691244140625 0.673378076171875 0.804723501953125 0.673378076171875 0.880760369140625 0.66750559375 0.892857142578125 0.66079418359375 0.884792626953125 0.658277404296875 0.888824884765625 0.65911633203125 0.902073732421875 0.67142058203125 0.900921658203125 0.672818791015625 0.90495391796875 0.673937359375 0.9141705078125 0.670861296875 0.922811060546875 0.66694630859375 0.920506912109375 0.664988814453125 0.92914746484375 0.6876398203125 0.93317972265625 0.69435123046875 0.9447004609375 0.69826621875 0.93548387109375 0.702181208984375 0.93548387109375 0.705536912109375 0.9423963125 0.71560402734375 0.937788017578125 0.7211968671875 0.9447004609375 0.725671140625 0.94354838671875 0.725671140625 0.96198156640625 0.7211968671875 0.949308755859375 0.71728187890625 0.949308755859375 0.713926173828125 0.956221197265625 0.7027404921875 0.949308755859375 0.696868009765625 0.961405529296875 0.704697986328125 0.96831797265625 0.706096197265625 0.995391705078125 0.77824384765625 0.995391705078125 0.780480984375 0.991935484375 0.783277404296875 0.995391705078125 0.796979865234375 0.99481566796875 0.81935123046875 0.99366359375 0.8157158828125 0.985023041015625 0.8123601796875 0.983870966796875 0.805089486328125 0.991935484375
0 0.655201341796875 0 0.65324384765625 0.009792626953125 0.64569351171875 0.020737328125 0.628355705078125 0.02764976953125 0.597595078125 0.025345623046875 0.58780760546875 0.045506912109375 0.588926173828125 0.075460830078125 0.5959172265625 0.087557603515625 0.597874720703125 0.062788017578125 0.600950783203125 0.059907833984375 0.603467560546875 0.065092166015625 0.60430648828125 0.1129032265625 0.6082214765625 0.095622119140625 0.631152125 0.0841013828125 0.638982103515625 0.089861751953125 0.65911633203125 0.088709677734375 0.66694630859375 0.0841013828125 0.6904362421875 0.086405529296875 0.69295301953125 0.082373271484375 0.69435123046875 0.06682027734375 0.70050335546875 0.080645162109375 0.707214765625 0.07258064453125 0.714485458984375 0.07373271875 0.72175615234375 0.088709677734375 0.72623042578125 0.087557603515625 0.741331095703125 0.069124423828125 0.744966443359375 0.073156681640625 0.748042505859375 0.08525345703125 0.75083892578125 0.08525345703125 0.772651005859375 0.0760368671875 0.781040267578125 0.081797234375 0.808445189453125 0.06682027734375 0.8185123046875 0.07488479296875 0.859899328125 0.0760368671875 0.8705257265625 0.088709677734375 0.882829978515625 0.094470046875 0.888982103515625 0.10944700390625 0.8979306484375 0.11866359375 0.913590603515625 0.1002304140625 0.9376398203125 0.1002304140625 0.95749440625 0.1226958515625 0.955257271484375 0.145737328125 0.958333333984375 0.15668202734375 0.970078298828125 0.1658986171875 0.989653244140625 0.163594470703125 0.992729306640625 0.167626728515625 1 0.159562212890625 0.999720357421875 0 0.655201341796875 0