1 0.560546875 0.4990234375 0.044921875 0.0771484375
1 0.84375 0.46484375 0.0556640625 0.0966796875
1 0.7978515625 0.4658203125 0.029296875 0.06640625
1 0.4658203125 0.7099609375 0.099609375 0.1103515625
1 0.36328125 0.8671875 0.0673828125 0.1240234375
1 0.1708984375 0.26953125 0.08203125 0.080078125
1 0.958984375 0.86328125 0.08203125 0.1650390625
1 0.822265625 0.5244140625 0.0498046875 0.0478515625
1 0.7705078125 0.650390625 0.07421875 0.0595703125
1 0.79296875 0.7041015625 0.0439453125 0.0771484375
1 0.8408203125 0.8203125 0.0546875 0.08984375
1 0.8984375 0.9580078125 0.0888671875 0.083984375
1 0.5859375 0.810546875 0.044921875 0.080078125
1 0.4951171875 0.939453125 0.0576171875 0.1201171875
1 0.1162109375 0.7099609375 0.0673828125 0.080078125
1 0.201171875 0.7197265625 0.064453125 0.08203125
1 0.2353515625 0.6669921875 0.0380859375 0.0625
1 0.302734375 0.529296875 0.033203125 0.0625
1 0.029296875 0.947265625 0.0576171875 0.1044921875
1 0.859375 0.240234375 0.1298828125 0.0859375
1 0.982421875 0.478515625 0.0341796875 0.0771484375
1 0.7216796875 0.34765625 0.0361328125 0.0537109375
1 0.751953125 0.41015625 0.0341796875 0.048828125
1 0.90625 0.595703125 0.0517578125 0.06640625
1 0.9658203125 0.7197265625 0.068359375 0.1240234375
1 0.9208984375 0.765625 0.09375 0.0986328125
1 0.7353515625 0.5244140625 0.0595703125 0.0849609375
1 0.66796875 0.3701171875 0.048828125 0.056640625
1 0.6572265625 0.31640625 0.037109375 0.0576171875
1 0.732421875 0.279296875 0.041015625 0.072265625
1 0.662109375 0.45703125 0.052734375 0.078125
1 0.3896484375 0.4560546875 0.03515625 0.0615234375
1 0.439453125 0.2734375 0.048828125 0.060546875
1 0.259765625 0.189453125 0.0341796875 0.044921875
1 0.228515625 0.232421875 0.08203125 0.056640625
1 0.5302734375 0.28515625 0.021484375 0.0283203125
1 0.3994140625 0.029296875 0.0341796875 0.0380859375
1 0.814453125 0.3837890625 0.0478515625 0.052734375
1 0.9482421875 0.37109375 0.0302734375 0.03125
1 0.8720703125 0.623046875 0.033203125 0.0400390625
1 0.4736328125 0.5341796875 0.0283203125 0.0595703125
1 0.2392578125 0.5234375 0.0224609375 0.04296875
1 0.322265625 0.3427734375 0.0283203125 0.0400390625
1 0.59375 0.302734375 0.041015625 0.04296875
1 0.0263671875 0.8154296875 0.052734375 0.052734375
1 0.4814453125 0.3564453125 0.0283203125 0.04296875
1 0.4169921875 0.3583984375 0.0244140625 0.0341796875
1 0.7900390625 0.1708984375 0.037109375 0.0498046875
1 0.7451171875 0.2099609375 0.0283203125 0.048828125
1 0.41796875 0.8642578125 0.03125 0.076171875
1 0.7861328125 0.923828125 0.083984375 0.0888671875
1 0.8212890625 0.0595703125 0.0224609375 0.0380859375
1 0.4775390625 0.064453125 0.01953125 0.029296875
1 0.505859375 0.052734375 0.01953125 0.0224609375
0 0.023722626953125 0.471991701171875 0.0367570390625 0.460580912109375 0.041970802734375 0.4512448125 0.049270072265625 0.446058091796875 0.05839416015625 0.421680498046875 0.063347236328125 0.414937759765625 0.084202294921875 0.414937759765625 0.093326380859375 0.399896265625 0.10088633984375 0.370331951171875 0.107142857421875 0.36929460546875 0.121741396484375 0.35477178515625 0.14363920703125 0.352697095703125 0.157194994140625 0.3381742734375 0.1590198125 0.327282158203125 0.15771637109375 0.3132780078125 0.1452033359375 0.325726140625 0.13790406640625 0.320539419921875 0.1222627734375 0.31846473046875 0.117309697265625 0.30653526953125 0.121480708984375 0.278526970703125 0.126955162109375 0.265560166015625 0.13477580859375 0.264522822265625 0.154327423828125 0.249481328125 0.15224191796875 0.22354771875 0.1449426484375 0.214211619140625 0.145724712890625 0.20643153515625 0.167101146484375 0.189834025390625 0.172314912109375 0.189834025390625 0.1848279453125 0.216804978515625 0.18873826953125 0.20591286328125 0.190823775390625 0.18101659765625 0.195255474609375 0.172199169921875 0.21141814453125 0.175311203125 0.224973931640625 0.172199169921875 0.239051095703125 0.178423236328125 0.24556830078125 0.15715767578125 0.249478623046875 0.154564314453125 0.254692388671875 0.15663900390625 0.25990615234375 0.164937759765625 0.270855056640625 0.1628630703125 0.278675703125 0.179460580078125 0.285974974609375 0.177385892578125 0.29379562109375 0.197095435546875 0.29666319140625 0.19450207421875 0.297445255859375 0.1867219921875 0.301616267578125 0.1867219921875 0.301094890625 0.196058091796875 0.313086548828125 0.20020746875 0.32273201171875 0.2110995859375 0.320646505859375 0.21939833984375 0.324296142578125 0.226659751953125 0.320646505859375 0.233921162109375 0.321689259765625 0.24221991796875 0.319082376953125 0.249481328125 0.320646505859375 0.259854771484375 0.317778935546875 0.26763485546875 0.31412930078125 0.2614107890625 0.31100104296875 0.2634854765625 0.305787279296875 0.278008298828125 0.290667361328125 0.279045642578125 0.2872784140625 0.271265560546875 0.2867570390625 0.2619294609375 0.283107404296875 0.258817427734375 0.28519291015625 0.248443984375 0.28232533984375 0.224066390625 0.279457767578125 0.24429460546875 0.272158498046875 0.250518671875 0.273201251953125 0.266078837890625 0.277372263671875 0.28060166015625 0.27685088671875 0.289937759765625 0.28232533984375 0.29356846484375 0.286496349609375 0.301867220703125 0.304744525390625 0.297717841796875 0.310479666015625 0.29253112109375 0.31360792578125 0.297717841796875 0.320385818359375 0.29979253125 0.32559958203125 0.309128630859375 0.333420228515625 0.30497925390625 0.34202294140625 0.28267634765625 0.343065693359375 0.25674273828125 0.34515119921875 0.250518671875 0.343065693359375 0.24429460546875 0.344369134765625 0.239626556640625 0.350104275390625 0.2385892109375 0.351407716796875 0.246369294921875 0.347236705078125 0.250518671875 0.35688216796875 0.259336099609375 0.36522419140625 0.252074689453125 0.368352451171875 0.24481327734375 0.380344109375 0.2385892109375 0.384254431640625 0.233921162109375 0.381647548828125 0.2110995859375 0.383993744140625 0.20643153515625 0.392335765625 0.198132779296875 0.400156412109375 0.20539419140625 0.40458811328125 0.195539419921875 0.40458811328125 0.1872406640625 0.40771637109375 0.177904564453125 0.415797705078125 0.175311203125 0.416579771484375 0.171680498046875 0.40797705859375 0.16804979296875 0.4064129296875 0.1628630703125 0.4006777890625 0.158713693359375 0.392335765625 0.1618257265625 0.388164755859375 0.14315352734375 0.375391033203125 0.164419087890625 0.377476537109375 0.17997925390625 0.37643378515625 0.1882780078125 0.378519291015625 0.19346473046875 0.37669447265625 0.20539419140625 0.373044837890625 0.204356845703125 0.368352451171875 0.2136929453125 0.35688216796875 0.2116182578125 0.35114702734375 0.215767634765625 0.341762251953125 0.209543568359375 0.337591240234375 0.2126556015625 0.33368091796875 0.197614107421875 0.3326381640625 0.170643154296875 0.334723669921875 0.150933609375 0.3381126171875 0.14937759375 0.337591240234375 0.14522821484375 0.334462982421875 0.14522821484375 0.32977059375 0.154564314453125 0.32559958203125 0.14937759375 0.324296142578125 0.159232365234375 0.312565171875 0.175311203125 0.307872783203125 0.16804979296875 0.2984880078125 0.167012447265625 0.28388946875 0.154564314453125 0.270333681640625 0.154564314453125 0.264859228515625 0.147821576171875 0.263816474609375 0.1374481328125 0.266684044921875 0.127593361328125 0.270855056640625 0.124481328125 0.28284671484375 0.127593361328125 0.302137642578125 0.120331951171875 0.30813347265625 0.12603734375 0.3096976015625 0.148858921875 0.31360792578125 0.14522821484375 0.315954119140625 0.140560166015625 0.311783107421875 0.133298755859375 0.311783107421875 0.127074689453125 0.314911365234375 0.11773858984375 0.30526590234375 0.1130705390625 0.303441083984375 0.10632780078125 0.309176224609375 0.09284232421875 0.309176224609375 0.07520746875 0.31386861328125 0.047199169921875 0.31960375390625 0.03163900390625 0.32507820703125 0.026970955078125 0.328988529296875 0.03163900390625 0.33368091796875 0.052385892578125 0.33368091796875 0.079356845703125 0.335766423828125 0.0886929453125 0.342805005859375 0.09336099609375 0.346193951171875 0.085580912109375 0.34202294140625 0.06898340234375 0.345933263671875 0.058091287109375 0.355578728515625 0.054460580078125 0.3553180390625 0.034232365234375 0.36209593359375 0.034232365234375 0.36470281640625 0.04460580859375 0.368873826171875 0.039419087890625 0.37486965625 0.0389004140625 0.374348279296875 0.004668048828125 0.371480708984375 0 0.29118873828125 0.003112033203125 0.27997914453125 0.03060166015625 0.278675703125 0.040456431640625 0.266684044921875 0.03008298828125 0.2583420234375 0.04253112109375 0.22288842578125 0.046680498046875 0.226277373046875 0.051348546875 0.22575599609375 0.072095435546875 0.223409802734375 0.075726140625 0.192127216796875 0.08091286328125 0.18065693359375 0.091286306640625 0.172314912109375 0.090248962890625 0.161366005859375 0.102697095703125 0.12904066796875 0.1120331953125 0.121741396484375 0.120331951171875 0.11757038671875 0.11825726171875 0.109749740234375 0.122406638671875 0.10688216796875 0.12603734375 0.105839416015625 0.140560166015625 0.10245046875 0.147302904296875 0.094108447265625 0.140041494140625 0.0826381640625 0.15767634765625 0.071689259765625 0.1628630703125 0.059176224609375 0.152489626953125 0.051876955078125 0.158713693359375 0.04666319140625 0.16908713671875 0.03806048046875 0.1633817421875 0.033368091796875 0.141597509765625 0.03545359765625 0.12603734375 0.043013556640625 0.121369294921875 0.048748697265625 0.125518671875 0.051616267578125 0.11981327734375 0.050834203125 0.115145228515625 0.0424921796875 0.115145228515625 0.0195516171875 0.10477178515625 0.0002606875 0.10580912890625 0 0.11981327734375 0.01120959375 0.13070539453125 0.014598541015625 0.139522822265625 0.0198123046875 0.185165974609375 0.016423357421875 0.2012448125 0.008081333984375 0.20020746875 0 0.209024896484375 0.000521376953125 0.495331951171875 0.002085505859375 0.484958505859375 0.00964546484375 0.46887966796875 0.016423357421875 0.466804978515625 0.023722626953125 0.471991701171875
0 0.4176225234375 0.172717841796875 0.4121480703125 0.154564314453125 0.403806048828125 0.160788380859375 0.400938478515625 0.148858921875 0.4116266953125 0.133817427734375 0.415797705078125 0.134854771484375 0.415797705078125 0.124481328125 0.44290928125 0.123443984375 0.4460375390625 0.11825726171875 0.44316996875 0.101141078125 0.452294056640625 0.089211619140625 0.459854013671875 0.071058091796875 0.46141814453125 0.05549792578125 0.459332638671875 0.039937759765625 0.46480708984375 0.033195021484375 0.4747132421875 0.040456431640625 0.47601668359375 0.03060166015625 0.48123044921875 0.023340248046875 0.482273201171875 0.017116181640625 0.47836287890625 0.00518672265625 0.470542232421875 0.00726141015625 0.4632429609375 0.002074689453125 0.444994787109375 0.004149376953125 0.43873826953125 0.01970954296875 0.4343065703125 0.023340248046875 0.4348279453125 0.040975103515625 0.441084462890625 0.051348546875 0.44160583984375 0.05653526953125 0.43899895703125 0.0617219921875 0.4405630859375 0.071058091796875 0.433785193359375 0.08143153515625 0.43326381640625 0.0886929453125 0.43587069921875 0.095954357421875 0.431960375 0.10684647265625 0.426225234375 0.102697095703125 0.424139728515625 0.09439833984375 0.418143900390625 0.0876556015625 0.4121480703125 0.051867220703125 0.40484880078125 0.05497925390625 0.400156412109375 0.06950207421875 0.39598540234375 0.06846473046875 0.382950990234375 0.076763486328125 0.375912408203125 0.0866182578125 0.37330552734375 0.103215767578125 0.377215849609375 0.107883818359375 0.383993744140625 0.107883818359375 0.39598540234375 0.089211619140625 0.401459853515625 0.09491701171875 0.399895724609375 0.11773858984375 0.39363920703125 0.12603734375 0.39311783203125 0.1374481328125 0.3892075078125 0.13174273828125 0.384515119140625 0.133817427734375 0.37956204296875 0.15612033203125 0.380604796875 0.164419087890625 0.37486965625 0.170643154296875 0.37643378515625 0.1882780078125 0.381647548828125 0.19450207421875 0.380865484375 0.20643153515625 0.384515119140625 0.20746887890625 0.392857142578125 0.199170125 0.4004171015625 0.209024896484375 0.403023982421875 0.203838173828125 0.402502607421875 0.19346473046875 0.40458811328125 0.1862033203125 0.4176225234375 0.172717841796875
0 0.95307612109375 0.94450207421875 0.95046923828125 0.921680498046875 0.942648591796875 0.890560166015625 0.935610009765625 0.88278008203125 0.925703857421875 0.857883818359375 0.92022940625 0.85632780078125 0.918665275390625 0.851141078125 0.91918665234375 0.834543568359375 0.915015640625 0.82002074609375 0.9092805 0.814834025390625 0.905891552734375 0.7987551875 0.90224191796875 0.809128630859375 0.898331595703125 0.804460580078125 0.89311783203125 0.78163900390625 0.8863399375 0.773340248046875 0.874348279296875 0.728734439453125 0.855839416015625 0.6877593359375 0.84827945703125 0.677904564453125 0.84515119921875 0.659232365234375 0.830552658203125 0.629149376953125 0.82794577734375 0.616701244140625 0.824035453125 0.6109958515625 0.820385818359375 0.61721991796875 0.818039625 0.614626556640625 0.818039625 0.59387966796875 0.79718456640625 0.55757261328125 0.79405630859375 0.535788380859375 0.78415015625 0.5119294609375 0.772158498046875 0.490145228515625 0.766423357421875 0.472510373046875 0.745046923828125 0.434128630859375 0.733315955078125 0.404564314453125 0.723670490234375 0.39263485546875 0.72002085546875 0.37603734375 0.714025025390625 0.370331951171875 0.711157455078125 0.3625518671875 0.706465068359375 0.339730291015625 0.69186652734375 0.3262448125 0.69186652734375 0.296161826171875 0.687695515625 0.26919087109375 0.681960375 0.189315353515625 0.679874869140625 0.11773858984375 0.67466110546875 0.0866182578125 0.6736183515625 0.065871369140625 0.67466110546875 0.047199169921875 0.6845672578125 0.0140041484375 0.682742439453125 0.008298755859375 0.675964546875 0.010373443359375 0.6676225234375 0.024896265625 0.659801876953125 0.029045642578125 0.6564129296875 0.04304979296875 0.6564129296875 0.06794605859375 0.66058394140625 0.203838173828125 0.664754953125 0.220435685546875 0.662669447265625 0.251556015625 0.671011470703125 0.304460580078125 0.678310740234375 0.33143153515625 0.6816996875 0.3381742734375 0.689781021484375 0.34284232421875 0.689781021484375 0.360477177734375 0.692648591796875 0.373443984375 0.703597498046875 0.378630705078125 0.712460896484375 0.40560166015625 0.71611053125 0.40560166015625 0.718196037109375 0.4004149375 0.720542232421875 0.40508298828125 0.7189781015625 0.4133817421875 0.72002085546875 0.427904564453125 0.727320125 0.45591286328125 0.75729926953125 0.524896265625 0.759124087890625 0.523340248046875 0.760688216796875 0.496369294921875 0.76277372265625 0.497406638671875 0.761730970703125 0.52645228125 0.763816474609375 0.550311203125 0.777632951171875 0.56950207421875 0.78519291015625 0.56898340234375 0.786235662109375 0.585580912109375 0.79092805078125 0.59491701171875 0.79666319140625 0.633298755859375 0.807872783203125 0.66804979296875 0.811783107421875 0.6374481328125 0.8151720546875 0.627593361328125 0.81699687109375 0.629149376953125 0.812304484375 0.67997925390625 0.80839416015625 0.679460580078125 0.807612095703125 0.6882780078125 0.823514078125 0.74481327734375 0.828988529296875 0.73080912890625 0.831595412109375 0.70487551953125 0.835766423828125 0.702800830078125 0.833159541015625 0.751556015625 0.8495828984375 0.760373443359375 0.855578728515625 0.771265560546875 0.8550573515625 0.80549792578125 0.869134515625 0.848029044921875 0.86757038671875 0.86877593359375 0.87486965625 0.88226141015625 0.881647548828125 0.90715767578125 0.893899896484375 0.915975103515625 0.92049009375 0.91908713671875 0.935349322265625 0.960062240234375 0.9400417109375 0.966286306640625 0.943691345703125 0.98080912890625 0.94447341015625 0.996887966796875 0.9629822734375 0.997406638671875 0.9687174140625 0.991182572265625 0.962460896484375 0.959024896484375 0.956986443359375 0.954356845703125 0.95307612109375 0.94450207421875
0 0.29666319140625 0.732883818359375 0.301355578125 0.71836099609375 0.31360792578125 0.704356845703125 0.32559958203125 0.70020746875 0.33394160546875 0.702282158203125 0.337330552734375 0.710062240234375 0.337330552734375 0.732883818359375 0.3435870703125 0.72977178515625 0.34515119921875 0.716286306640625 0.350364962890625 0.7110995859375 0.346715328125 0.702800830078125 0.35192909375 0.695539419921875 0.346193951171875 0.6882780078125 0.347236705078125 0.665456431640625 0.333159541015625 0.65508298828125 0.3326381640625 0.633298755859375 0.34202294140625 0.622925310546875 0.34775808203125 0.595954357421875 0.35349322265625 0.585580912109375 0.35662148046875 0.54512448046875 0.36496350390625 0.527489626953125 0.366006255859375 0.5140041484375 0.3636600625 0.5124481328125 0.3605318046875 0.51970954296875 0.358967673828125 0.514522822265625 0.353232533203125 0.5114107890625 0.35062565234375 0.514522822265625 0.332898853515625 0.5134854765625 0.32794577734375 0.50674273828125 0.333159541015625 0.484958505859375 0.33081334765625 0.48132780078125 0.328988529296875 0.48184647265625 0.327163712890625 0.495850623046875 0.31673618359375 0.497925310546875 0.320125130859375 0.517116181640625 0.31647549609375 0.540975103515625 0.327424400390625 0.559647302734375 0.328988529296875 0.573132779296875 0.326120958984375 0.5881742734375 0.314650677734375 0.59439833984375 0.307351408203125 0.589211619140625 0.295881126953125 0.5632780078125 0.284932220703125 0.553941908203125 0.28232533984375 0.546680498046875 0.279197080078125 0.54979253125 0.269290927734375 0.54979253125 0.26303441015625 0.54460580859375 0.255213763671875 0.54979253125 0.25443169921875 0.547199169921875 0.253388947265625 0.5389004140625 0.2588633984375 0.53112033203125 0.26303441015625 0.5363070546875 0.286496349609375 0.5373443984375 0.29092805078125 0.515041494140625 0.290406673828125 0.50570539453125 0.293534931640625 0.500518671875 0.292231490234375 0.49896265625 0.280239833984375 0.49896265625 0.28519291015625 0.508817427734375 0.28284671484375 0.51763485546875 0.278675703125 0.51867219921875 0.27685088671875 0.509854771484375 0.278415015625 0.497406638671875 0.276590197265625 0.491701244140625 0.270333681640625 0.490663900390625 0.266944734375 0.499481328125 0.266684044921875 0.5114107890625 0.26277372265625 0.50778008203125 0.2588633984375 0.489626556640625 0.25703858203125 0.501556015625 0.244004171875 0.54304979296875 0.23435870703125 0.55497925390625 0.226277373046875 0.5389004140625 0.226798748046875 0.53060166015625 0.230969759765625 0.515041494140625 0.2413972890625 0.495331951171875 0.241918666015625 0.48184647265625 0.238269029296875 0.47562240625 0.251042751953125 0.46784232421875 0.236444212890625 0.4636929453125 0.22862356640625 0.478215767578125 0.220802919921875 0.48029045703125 0.216371220703125 0.476659751953125 0.216371220703125 0.460062240234375 0.213503650390625 0.45539419140625 0.192127216796875 0.453319501953125 0.18065693359375 0.4387966796875 0.176485921875 0.44294605859375 0.15771637109375 0.441908712890625 0.15797705859375 0.448651453125 0.1618873828125 0.452282158203125 0.163712201171875 0.460062240234375 0.157194994140625 0.4626556015625 0.156934306640625 0.4382780078125 0.150156412109375 0.42997925390625 0.154327423828125 0.4237551875 0.154066736328125 0.403526970703125 0.14624608984375 0.404564314453125 0.14311783203125 0.4128630703125 0.1332116796875 0.4139004140625 0.12956204296875 0.42012448046875 0.124348279296875 0.421161826171875 0.125391033203125 0.425311203125 0.132950990234375 0.42997925390625 0.11809176171875 0.43257261328125 0.115745568359375 0.440352697265625 0.11809176171875 0.448132779296875 0.121741396484375 0.441908712890625 0.130083419921875 0.441908712890625 0.132950990234375 0.445539419921875 0.12956204296875 0.45020746875 0.125391033203125 0.446058091796875 0.1220020859375 0.451763486328125 0.123044837890625 0.4610995859375 0.12095933203125 0.47562240625 0.125391033203125 0.491701244140625 0.12930135546875 0.483921162109375 0.124608966796875 0.47562240625 0.12904066796875 0.464730291015625 0.13190823828125 0.46836099609375 0.1332116796875 0.48029045703125 0.137382689453125 0.46784232421875 0.14937434765625 0.466804978515625 0.16084462890625 0.478215767578125 0.166579771484375 0.476141078125 0.169447341796875 0.4870331953125 0.168404587890625 0.509854771484375 0.165015640625 0.523858921875 0.156673619140625 0.528008298828125 0.150938478515625 0.5373443984375 0.14051094921875 0.545643154296875 0.13790406640625 0.553941908203125 0.1277372265625 0.566908712890625 0.127476537109375 0.570539419921875 0.132950990234375 0.5762448125 0.13607925 0.591804978515625 0.14077163671875 0.602178423828125 0.137382689453125 0.608921162109375 0.12486965625 0.60684647265625 0.125651720703125 0.61773858984375 0.1220020859375 0.63226141015625 0.126955162109375 0.633817427734375 0.13216892578125 0.621369294921875 0.141553701171875 0.61825726171875 0.149635037109375 0.603215767578125 0.153023982421875 0.58195020703125 0.157194994140625 0.5860995859375 0.167101146484375 0.575726140625 0.176485921875 0.58195020703125 0.18065693359375 0.59336099609375 0.186913451171875 0.596473029296875 0.19186652734375 0.6135892109375 0.19186652734375 0.63018672265625 0.18873826953125 0.640560166015625 0.1903023984375 0.647821576171875 0.188477580078125 0.6504149375 0.1843065703125 0.646265560546875 0.18065693359375 0.6504149375 0.178310740234375 0.660269708984375 0.18013555859375 0.667012447265625 0.1905630859375 0.664937759765625 0.192127216796875 0.65767634765625 0.21193951953125 0.664937759765625 0.2244525546875 0.6390041484375 0.250521376953125 0.63174273828125 0.2528675703125 0.639522822265625 0.250782064453125 0.6613070546875 0.264598541015625 0.664937759765625 0.267987486328125 0.66960580859375 0.26538060546875 0.690352697265625 0.262252345703125 0.695539419921875 0.263816474609375 0.702800830078125 0.26016683984375 0.710062240234375 0.26538060546875 0.714211619140625 0.26590198046875 0.727697095703125 0.272158498046875 0.74429460546875 0.27111574609375 0.75778008203125 0.267987486328125 0.7629668046875 0.27111574609375 0.76919087109375 0.27971845703125 0.75622406640625 0.29535975 0.753112033203125 0.29718456640625 0.749481328125 0.29666319140625 0.732883818359375
0 0.9520333671875 0.94450207421875 0.95568300390625 0.9372406640625 0.948383732421875 0.928941908203125 0.948905109375 0.920643154296875 0.94473409765625 0.9133817421875 0.94473409765625 0.90612033203125 0.941084462890625 0.901970955078125 0.937174140625 0.8879668046875 0.9316996875 0.88122406640625 0.92492179296875 0.859439833984375 0.918143900390625 0.851141078125 0.91918665234375 0.84284232421875 0.917101146484375 0.827282158203125 0.909801876953125 0.81794605859375 0.9064129296875 0.7987551875 0.901199166015625 0.808091287109375 0.89885297265625 0.804460580078125 0.89807090625 0.79460580859375 0.894160583984375 0.796161826171875 0.890250259765625 0.778008298828125 0.886600625 0.779045642578125 0.878519291015625 0.772302904296875 0.87486965625 0.7370331953125 0.86757038671875 0.728734439453125 0.85948905078125 0.70020746875 0.8547966640625 0.7012448125 0.850364962890625 0.69450207421875 0.851668404296875 0.6867219921875 0.846715328125 0.6872406640625 0.844629822265625 0.66960580859375 0.8381126171875 0.6628630703125 0.835505734375 0.652489626953125 0.828727841796875 0.648340248046875 0.827685087890625 0.6369294609375 0.82559958203125 0.648340248046875 0.81986444140625 0.64937759375 0.81647549609375 0.65612033203125 0.818039625 0.664419087890625 0.814389990234375 0.68205394140625 0.817518248046875 0.6872406640625 0.81986444140625 0.70020746875 0.823514078125 0.68257261328125 0.835766423828125 0.690352697265625 0.8378519296875 0.702800830078125 0.83680917578125 0.71836099609375 0.84254431640625 0.726659751953125 0.838894681640625 0.74221991796875 0.834202294921875 0.749481328125 0.83967674609375 0.75726141015625 0.849061521484375 0.758298755859375 0.85662148046875 0.765041494140625 0.859749740234375 0.7878630703125 0.857142857421875 0.803423236328125 0.861835244140625 0.8127593359375 0.865484880859375 0.83039419140625 0.874348279296875 0.849066390625 0.871220021484375 0.875 0.87643378515625 0.8864107890625 0.87643378515625 0.898858921875 0.88764337890625 0.9118257265625 0.894421271484375 0.909751037109375 0.901199166015625 0.914937759765625 0.914233576171875 0.9139004140625 0.921011470703125 0.91804979296875 0.9405630859375 0.96732365234375 0.944212720703125 0.99429460546875 0.959332638671875 0.996369294921875 0.966631908203125 0.991182572265625 0.964025025390625 0.966286306640625 0.960114703125 0.953319501953125 0.9520333671875 0.94450207421875
0 0.69316996875 0.99273858984375 0.72601668359375 0.99481327734375 0.727841501953125 0.991182572265625 0.7247132421875 0.976659751953125 0.7241918671875 0.960062240234375 0.729666318359375 0.9512448125 0.733837330078125 0.9512448125 0.73722627734375 0.9362033203125 0.706725755859375 0.93257261328125 0.70333680859375 0.914419087890625 0.70281543359375 0.896784232421875 0.70620437890625 0.8869294609375 0.710375390625 0.8890041484375 0.714025025390625 0.884854771484375 0.7187174140625 0.890041494140625 0.721845671875 0.884854771484375 0.725495306640625 0.884854771484375 0.72575599609375 0.860477177734375 0.73409801953125 0.850103734375 0.73461939453125 0.827282158203125 0.732533888671875 0.82002074609375 0.73409801953125 0.810684646484375 0.73149113671875 0.804460580078125 0.732533888671875 0.796161826171875 0.728102189453125 0.779045642578125 0.693691345703125 0.776970955078125 0.686913451171875 0.7634854765625 0.6843065703125 0.773858921875 0.677007298828125 0.778008298828125 0.642596455078125 0.779045642578125 0.632690302734375 0.774896265625 0.631647548828125 0.764522822265625 0.619655890625 0.7614107890625 0.60922836328125 0.754149376953125 0.607142857421875 0.74896265625 0.607664234375 0.758298755859375 0.595672576171875 0.758298755859375 0.592805005859375 0.765041494140625 0.595672576171875 0.773858921875 0.601668404296875 0.78060166015625 0.605839416015625 0.796161826171875 0.607403544921875 0.846991701171875 0.597236705078125 0.85684647265625 0.590458810546875 0.852697095703125 0.5763816484375 0.853734439453125 0.571689259765625 0.857883818359375 0.569082376953125 0.852697095703125 0.568039625 0.8609958515625 0.57273201171875 0.859958505859375 0.581334724609375 0.87396265625 0.582898853515625 0.88122406640625 0.581334724609375 0.89470954296875 0.580031283203125 0.898340248046875 0.57273201171875 0.9004149375 0.56960375390625 0.91804979296875 0.56074035546875 0.91804979296875 0.55839416015625 0.93205394140625 0.551876955078125 0.940871369140625 0.549270072265625 0.941908712890625 0.54666319140625 0.935684646484375 0.5367570390625 0.929460580078125 0.53415015625 0.91908713671875 0.521897810546875 0.921680498046875 0.52398331640625 0.928941908203125 0.521897810546875 0.935165974609375 0.52398331640625 0.9610995859375 0.52137643359375 0.96836099609375 0.52137643359375 0.983921162109375 0.530500521484375 0.99377593359375 0.602971845703125 0.99377593359375 0.62043795703125 0.997406638671875 0.62643378515625 0.99273858984375 0.655630865234375 0.996887966796875 0.6592805 0.99377593359375 0.69316996875 0.99273858984375
0 0 0.7754149375 0.00391032421875 0.778008298828125 0.008081333984375 0.790456431640625 0.011730970703125 0.784232365234375 0.017987486328125 0.7873443984375 0.0252867578125 0.775933609375 0.036235662109375 0.78008298828125 0.03571428515625 0.7873443984375 0.0315432734375 0.78215767578125 0.030239833984375 0.7889004140625 0.03571428515625 0.7883817421875 0.039363919921875 0.79356846484375 0.044577685546875 0.79460580859375 0.051094890625 0.7889004140625 0.0424921796875 0.78008298828125 0.050834203125 0.779045642578125 0.055787279296875 0.7868257265625 0.05265901953125 0.79512448046875 0.051094890625 0.8137966796875 0.03571428515625 0.8495850625 0 0.850103734375 0.0002606875 0.9367219921875 0.00391032421875 0.935684646484375 0.008081333984375 0.925311203125 0.0310218984375 0.89937759375 0.03571428515625 0.898340248046875 0.04718456640625 0.909751037109375 0.0479666328125 0.89470954296875 0.05813347265625 0.88278008203125 0.059176224609375 0.872406638671875 0.061783107421875 0.879668048828125 0.067518248046875 0.877593361328125 0.074817517578125 0.8879668046875 0.078988529296875 0.8869294609375 0.08680917578125 0.896265560546875 0.09202294140625 0.908713693359375 0.096976017578125 0.9133817421875 0.09515119921875 0.922199169921875 0.117309697265625 0.951763486328125 0.114442126953125 0.9616182578125 0.109749740234375 0.9626556015625 0.08680917578125 0.940871369140625 0.0826381640625 0.949170125 0.074296142578125 0.9512448125 0.07247132421875 0.960062240234375 0.069082376953125 0.9636929453125 0.0599582890625 0.96732365234375 0.068561001953125 0.977178423828125 0.078988529296875 0.98132780078125 0.084202294921875 0.99273858984375 0.09254431640625 0.995850623046875 0.321949947265625 0.995850623046875 0.334202294921875 0.96836099609375 0.33107403515625 0.957987552734375 0.33680917578125 0.951763486328125 0.32977059375 0.94294605859375 0.323253388671875 0.951763486328125 0.3266423359375 0.960580912109375 0.31360792578125 0.964730291015625 0.301616267578125 0.960580912109375 0.301876955078125 0.948651453125 0.305787279296875 0.93257261328125 0.307612095703125 0.94242738671875 0.310479666015625 0.94502074609375 0.31986444140625 0.9387966796875 0.3321167890625 0.921680498046875 0.328988529296875 0.916493775390625 0.330552658203125 0.90612033203125 0.328988529296875 0.872925310546875 0.334723669921875 0.8635892109375 0.344108447265625 0.827282158203125 0.35688216796875 0.80497925390625 0.3605318046875 0.803941908203125 0.36235662109375 0.796161826171875 0.360271115234375 0.78163900390625 0.357403544921875 0.78112033203125 0.355578728515625 0.773340248046875 0.356100103515625 0.741182572265625 0.358446298828125 0.740663900390625 0.359749740234375 0.747406638671875 0.3607924921875 0.78060166015625 0.36522419140625 0.7873443984375 0.36809176171875 0.753630705078125 0.381647548828125 0.726659751953125 0.382690302734375 0.69450207421875 0.393899896484375 0.684647302734375 0.40198123046875 0.699688796875 0.398331595703125 0.74221991796875 0.40771637109375 0.7629668046875 0.408237748046875 0.78060166015625 0.403023982421875 0.80757261328125 0.39937434765625 0.8117219921875 0.404327423828125 0.814315353515625 0.4061522421875 0.822095435546875 0.400156412109375 0.823651453125 0.391814390625 0.81742738671875 0.387382689453125 0.823132779296875 0.392075078125 0.84284232421875 0.391032326171875 0.859439833984375 0.392335765625 0.864107884765625 0.397028154296875 0.866182572265625 0.400156412109375 0.877593361328125 0.40198123046875 0.85529045703125 0.405630865234375 0.839730291015625 0.41058394140625 0.82987551953125 0.421272158203125 0.82002074609375 0.431438998046875 0.78112033203125 0.433785193359375 0.7868257265625 0.432742439453125 0.81794605859375 0.431438998046875 0.821576763671875 0.42726798828125 0.8112033203125 0.422836287109375 0.827282158203125 0.426225234375 0.8360995859375 0.43065693359375 0.839730291015625 0.4343065703125 0.8615145234375 0.432221064453125 0.898858921875 0.429353494140625 0.904564314453125 0.418665275390625 0.90612033203125 0.417101146484375 0.94450207421875 0.4121480703125 0.953319501953125 0.398331595703125 0.945539419921875 0.400938478515625 0.9362033203125 0.396767466796875 0.928941908203125 0.397028154296875 0.91804979296875 0.388686130859375 0.925311203125 0.384515119140625 0.92012448046875 0.378258603515625 0.927385892578125 0.3720020859375 0.924273859375 0.364181439453125 0.929460580078125 0.35636079296875 0.925311203125 0.349061521484375 0.93049792578125 0.34827945703125 0.9372406640625 0.3550573515625 0.948651453125 0.36470281640625 0.978215767578125 0.36757038671875 0.96836099609375 0.367049009765625 0.959024896484375 0.373044837890625 0.939834025390625 0.384515119140625 0.94294605859375 0.3863399375 0.960062240234375 0.384254431640625 0.96732365234375 0.384254431640625 0.98080912890625 0.380865484375 0.98236514453125 0.3779979140625 0.991182572265625 0.380344109375 0.99377593359375 0.460375390625 0.996369294921875 0.46767466015625 0.99221991796875 0.46767466015625 0.97562240625 0.46454640234375 0.96836099609375 0.4629822734375 0.952800830078125 0.469238791015625 0.94242738671875 0.4687174140625 0.933091287109375 0.465067779296875 0.928941908203125 0.468196037109375 0.922717841796875 0.47028154296875 0.860477177734375 0.473670490234375 0.85477178515625 0.48722627734375 0.851659751953125 0.489051095703125 0.84387966796875 0.48123044921875 0.804460580078125 0.48175182421875 0.78060166015625 0.47888425390625 0.774896265625 0.45907194921875 0.775933609375 0.45594369140625 0.764522822265625 0.435088634765625 0.765560166015625 0.419447341796875 0.746887966796875 0.416579771484375 0.7380705390625 0.41605839453125 0.71836099609375 0.42075078125 0.68101659765625 0.40797705859375 0.664937759765625 0.404327423828125 0.653526970703125 0.388686130859375 0.6628630703125 0.379822732421875 0.659751037109375 0.37643378515625 0.666493775390625 0.375391033203125 0.69346473046875 0.36522419140625 0.699170125 0.357403544921875 0.685684646484375 0.35114702734375 0.68153526953125 0.348540146484375 0.66908713671875 0.336027111328125 0.659751037109375 0.330031283203125 0.647821576171875 0.32950990625 0.640560166015625 0.3326381640625 0.63018672265625 0.341501564453125 0.621887966796875 0.34827945703125 0.589730291015625 0.351407716796875 0.585580912109375 0.350364962890625 0.57002074609375 0.35662148046875 0.554460580078125 0.3607924921875 0.528526970703125 0.365484880859375 0.523340248046875 0.3665276328125 0.508817427734375 0.369395203125 0.504149376953125 0.375651720703125 0.503112033203125 0.381647548828125 0.50778008203125 0.387382689453125 0.550311203125 0.388686130859375 0.551867220703125 0.391293013671875 0.54356846484375 0.3946819609375 0.546161826171875 0.393899896484375 0.552904564453125 0.3863399375 0.559647302734375 0.39077163671875 0.573651453125 0.396767466796875 0.564834025390625 0.39624608984375 0.553423236328125 0.399635037109375 0.528008298828125 0.404327423828125 0.535269708984375 0.40797705859375 0.526970955078125 0.431438998046875 0.528008298828125 0.4345672578125 0.51867219921875 0.43925964453125 0.51867219921875 0.44316996875 0.5389004140625 0.439520333984375 0.546161826171875 0.437434828125 0.57002074609375 0.429353494140625 0.5860995859375 0.423879041015625 0.590767634765625 0.42179353515625 0.608402490234375 0.4230969765625 0.61825726171875 0.4460375390625 0.621369294921875 0.4517726796875 0.63174273828125 0.454900939453125 0.624481328125 0.458029197265625 0.628630705078125 0.466892595703125 0.629668048828125 0.471063607421875 0.620331951171875 0.482012513671875 0.626556015625 0.4856621484375 0.623443984375 0.490875912109375 0.625518671875 0.5002606875 0.61825726171875 0.5143378515625 0.59854771875 0.53519291015625 0.60684647265625 0.53858185546875 0.615663900390625 0.54118873828125 0.634336099609375 0.53858185546875 0.647821576171875 0.53858185546875 0.6633817421875 0.533368091796875 0.676867220703125 0.53388946875 0.689315353515625 0.529197080078125 0.702800830078125 0.529197080078125 0.7131742734375 0.53415015625 0.715767634765625 0.54092805078125 0.727178423828125 0.55709071875 0.7136929453125 0.5599582890625 0.72562240625 0.562043794921875 0.72562240625 0.564650677734375 0.702800830078125 0.557351408203125 0.69346473046875 0.555787279296875 0.684128630859375 0.55709071875 0.675311203125 0.561783107421875 0.676348546875 0.564911365234375 0.66908713671875 0.570385818359375 0.67997925390625 0.568821689453125 0.6882780078125 0.576120958984375 0.699688796875 0.57950990625 0.71887966796875 0.588894681640625 0.720954357421875 0.597236705078125 0.715767634765625 0.600364962890625 0.71991701171875 0.604535974609375 0.71784232421875 0.616006255859375 0.723029044921875 0.618352451171875 0.716286306640625 0.62043795703125 0.677904564453125 0.625391033203125 0.676348546875 0.627476537109375 0.66908713671875 0.631647548828125 0.675311203125 0.63764337890625 0.665456431640625 0.635557873046875 0.65508298828125 0.641814390625 0.627074689453125 0.6394681953125 0.620331951171875 0.62956204296875 0.622406638671875 0.62669447265625 0.650933609375 0.623044837890625 0.65612033203125 0.624087591796875 0.6633817421875 0.619655890625 0.673236513671875 0.61809176171875 0.67012448046875 0.611835244140625 0.671161826171875 0.610271115234375 0.68049792578125 0.60401459765625 0.68257261328125 0.587069865234375 0.666493775390625 0.584984359375 0.650933609375 0.580291970703125 0.646784232421875 0.580291970703125 0.63226141015625 0.5769030234375 0.622406638671875 0.564911365234375 0.621369294921875 0.55709071875 0.614107884765625 0.554744525390625 0.609439833984375 0.554744525390625 0.59387966796875 0.552919708984375 0.5881742734375 0.548748697265625 0.589211619140625 0.545099060546875 0.582987552734375 0.53415015625 0.5860995859375 0.52971845703125 0.571058091796875 0.517987486328125 0.553941908203125 0.505474453125 0.55497925390625 0.502346193359375 0.56742738671875 0.498175181640625 0.559128630859375 0.494525546875 0.559128630859375 0.482533888671875 0.5881742734375 0.4627215859375 0.590248962890625 0.45594369140625 0.5860995859375 0.453597498046875 0.571058091796875 0.45568300390625 0.5378630703125 0.44994786328125 0.50674273828125 0.452554744140625 0.500518671875 0.453597498046875 0.464211619140625 0.45907194921875 0.466804978515625 0.4627215859375 0.4616182578125 0.46767466015625 0.4621369296875 0.470802919921875 0.4382780078125 0.467935349609375 0.434647302734375 0.450729927734375 0.43049792578125 0.440823775390625 0.440871369140625 0.435610009765625 0.43257261328125 0.431438998046875 0.434647302734375 0.429614181640625 0.447614107421875 0.426485921875 0.451763486328125 0.4288321171875 0.4616182578125 0.40771637109375 0.46836099609375 0.406673619140625 0.495331951171875 0.404066736328125 0.500518671875 0.40510948828125 0.50778008203125 0.4006777890625 0.5114107890625 0.394421271484375 0.5 0.388686130859375 0.496887966796875 0.37617309765625 0.497925310546875 0.372523462890625 0.49273858984375 0.3605318046875 0.496887966796875 0.3607924921875 0.47562240625 0.357924921875 0.465767634765625 0.330291970703125 0.4616182578125 0.3263816484375 0.495331951171875 0.31647549609375 0.498443984375 0.3211678828125 0.510892115234375 0.320646505859375 0.5368257265625 0.330031283203125 0.5637966796875 0.32794577734375 0.5886929453125 0.317778935546875 0.59854771875 0.306308654296875 0.591286306640625 0.297705943359375 0.577282158203125 0.29379562109375 0.5632780078125 0.28284671484375 0.553941908203125 0.267726798828125 0.55497925390625 0.26303441015625 0.545643154296875 0.25677789453125 0.55497925390625 0.2531282578125 0.55497925390625 0.25156412890625 0.550829875 0.25 0.55497925390625 0.23696558984375 0.559128630859375 0.229144943359375 0.55497925390625 0.2247132421875 0.54304979296875 0.2247132421875 0.528526970703125 0.227320125 0.523340248046875 0.226798748046875 0.5129668046875 0.232012513671875 0.504668048828125 0.233055265625 0.497406638671875 0.23175182421875 0.49377593359375 0.218196037109375 0.49273858984375 0.219499478515625 0.484958505859375 0.21584984375 0.476659751953125 0.21611053125 0.466804978515625 0.2015119921875 0.4626556015625 0.188477580078125 0.464730291015625 0.185088634765625 0.4610995859375 0.1843065703125 0.45020746875 0.181960375 0.452800830078125 0.18326381640625 0.4616182578125 0.172836287109375 0.4626556015625 0.167101146484375 0.46784232421875 0.17049009375 0.47354771875 0.17153284765625 0.483921162109375 0.171011470703125 0.52437759375 0.16631908203125 0.53060166015625 0.1678832109375 0.5389004140625 0.165015640625 0.545643154296875 0.16084462890625 0.54460580859375 0.154066736328125 0.55601659765625 0.14363920703125 0.55497925390625 0.1363399375 0.5612033203125 0.13764337890625 0.571058091796875 0.135557873046875 0.579356845703125 0.1394681953125 0.590248962890625 0.145724712890625 0.5995850625 0.15172054296875 0.58039419140625 0.156673619140625 0.572614107421875 0.16918665234375 0.570539419921875 0.17492179296875 0.573651453125 0.18065693359375 0.5860995859375 0.18899895703125 0.5881742734375 0.200729927734375 0.598029044921875 0.201251302734375 0.61981327734375 0.1960375390625 0.629149376953125 0.19447341015625 0.640560166015625 0.1962982265625 0.6504149375 0.200729927734375 0.646784232421875 0.19760166796875 0.651970955078125 0.198383732421875 0.65663900390625 0.212460896484375 0.65663900390625 0.21558915625 0.654564314453125 0.221845671875 0.6390041484375 0.2301876953125 0.63174273828125 0.247914494140625 0.628630705078125 0.25443169921875 0.634336099609375 0.2528675703125 0.65612033203125 0.254692388671875 0.659751037109375 0.261991658203125 0.660788380859375 0.2700729921875 0.670643154296875 0.267466111328125 0.6862033203125 0.26147028125 0.696058091796875 0.24270073046875 0.697095435546875 0.239311783203125 0.710062240234375 0.23149113671875 0.721473029296875 0.221063607421875 0.750518671875 0.219760166015625 0.76763485546875 0.216631908203125 0.766597509765625 0.21193951953125 0.752074689453125 0.207768509765625 0.75726141015625 0.182221064453125 0.75 0.1733576640625 0.733402490234375 0.163972888671875 0.73236514453125 0.161105318359375 0.720435685546875 0.14937434765625 0.702282158203125 0.141814390625 0.71836099609375 0.140250259765625 0.74221991796875 0.137382689453125 0.754149376953125 0.113399375 0.75622406640625 0.10662148046875 0.74896265625 0.0769030234375 0.741701244140625 0.07846715234375 0.7012448125 0.08941605859375 0.69502074609375 0.094108447265625 0.6867219921875 0.107664234375 0.68153526953125 0.117309697265625 0.6633817421875 0.106100103515625 0.6369294609375 0.07950990625 0.6379668046875 0.075860271484375 0.647302904296875 0.062825859375 0.65767634765625 0.057351408203125 0.671680498046875 0.058915537109375 0.67997925390625 0.05656934375 0.683609958984375 0.04666319140625 0.68153526953125 0.0252867578125 0.69398340234375 0.026590197265625 0.70487551953125 0.02398331640625 0.715248962890625 0.020855056640625 0.71836099609375 0.020855056640625 0.72562240625 0.008081333984375 0.7365145234375 0.005735140625 0.733921162109375 0.005213763671875 0.71836099609375 0.002085505859375 0.7110995859375 0.005735140625 0.699688796875 0.011730970703125 0.6887966796875 0.0200729921875 0.6877593359375 0.01876955078125 0.678941908203125 0.02685088671875 0.664937759765625 0.039885296875 0.65663900390625 0.042231490234375 0.640560166015625 0.047705943359375 0.633817427734375 0.04979144921875 0.625518671875 0.067257560546875 0.609439833984375 0.061522419921875 0.60529045703125 0.0596976015625 0.59232365234375 0.050312826171875 0.59232365234375 0.047445255859375 0.596991701171875 0.04405630859375 0.620331951171875 0.0310218984375 0.624481328125 0.0258081328125 0.634854771484375 0.01850886328125 0.629668048828125 0 0.640560166015625 0 0.7754149375
0 0.47888425390625 0.3360995859375 0.485401458984375 0.321058091796875 0.483315955078125 0.30757261328125 0.476538060546875 0.29408713671875 0.4747132421875 0.275933609375 0.46584984375 0.28008298828125 0.469760166015625 0.2889004140625 0.4687174140625 0.300311203125 0.466631908203125 0.303423236328125 0.4632429609375 0.2863070546875 0.453597498046875 0.31794605859375 0.455161626953125 0.329356845703125 0.45307612109375 0.352178423828125 0.457768509765625 0.359439833984375 0.459332638671875 0.371887966796875 0.46480708984375 0.36825726171875 0.46715328515625 0.3635892109375 0.46767466015625 0.349066390625 0.47888425390625 0.3360995859375
0 0.36470281640625 0.49896265625 0.3832116796875 0.49221991796875 0.373044837890625 0.477178423828125 0.368352451171875 0.478215767578125 0.36470281640625 0.470954357421875 0.35922836328125 0.46836099609375 0.3610531796875 0.453319501953125 0.36470281640625 0.465767634765625 0.368352451171875 0.4636929453125 0.370177267578125 0.4610995859375 0.366006255859375 0.457987552734375 0.366006255859375 0.448651453125 0.372523462890625 0.441908712890625 0.37669447265625 0.447095435546875 0.381126173828125 0.4372406640625 0.375651720703125 0.434647302734375 0.372523462890625 0.42012448046875 0.368873826171875 0.43049792578125 0.363138685546875 0.43257261328125 0.353232533203125 0.43257261328125 0.351407716796875 0.422717841796875 0.364181439453125 0.41804979296875 0.368352451171875 0.410788380859375 0.37356621484375 0.410788380859375 0.377215849609375 0.4004149375 0.38764337890625 0.4004149375 0.389989572265625 0.395746888671875 0.390250259765625 0.390041494140625 0.382950990234375 0.390041494140625 0.380083419921875 0.384336099609375 0.38190823828125 0.378630705078125 0.39051094921875 0.375 0.39051094921875 0.35529045703125 0.387382689453125 0.351141078125 0.39077163671875 0.3495850625 0.391553701171875 0.34284232421875 0.388686130859375 0.3371369296875 0.37617309765625 0.3381742734375 0.36522419140625 0.351659751953125 0.355839416015625 0.347510373046875 0.354535974609375 0.351141078125 0.35922836328125 0.35736514453125 0.357664234375 0.36773858984375 0.36235662109375 0.37396265625 0.361574556640625 0.384854771484375 0.34541188671875 0.384854771484375 0.34541188671875 0.370331951171875 0.336027111328125 0.36929460546875 0.327424400390625 0.375 0.334723669921875 0.399896265625 0.3323774765625 0.404564314453125 0.326120958984375 0.40663900390625 0.32533889453125 0.416493775390625 0.32977059375 0.410788380859375 0.341501564453125 0.410269708984375 0.34254431640625 0.41856846484375 0.346193951171875 0.421680498046875 0.340458810546875 0.435165974609375 0.34515119921875 0.45695020703125 0.3435870703125 0.476659751953125 0.34541188671875 0.48236514453125 0.354535974609375 0.482883818359375 0.35062565234375 0.495850623046875 0.34541188671875 0.49377593359375 0.33941605859375 0.500518671875 0.341240875 0.508298755859375 0.349843587890625 0.515041494140625 0.341501564453125 0.523340248046875 0.357664234375 0.52645228125 0.36392075 0.523340248046875 0.35922836328125 0.515041494140625 0.36496350390625 0.50778008203125 0.36470281640625 0.49896265625
0 0.607142857421875 0.403526970703125 0.624608966796875 0.396784232421875 0.62382690234375 0.391078837890625 0.604535974609375 0.38070539453125 0.600364962890625 0.383817427734375 0.59827945703125 0.374481328125 0.585766423828125 0.370331951171875 0.581334724609375 0.353215767578125 0.583420228515625 0.3366182578125 0.574035453125 0.321058091796875 0.572992701171875 0.297199169921875 0.570646505859375 0.29356846484375 0.547705943359375 0.2873443984375 0.54144942578125 0.29253112109375 0.537799791015625 0.30705394140625 0.517987486328125 0.30705394140625 0.515119916015625 0.31898340234375 0.51120959375 0.323651453125 0.491918666015625 0.327800830078125 0.490875912109375 0.335062240234375 0.485401458984375 0.335580912109375 0.491918666015625 0.3360995859375 0.494525546875 0.347510373046875 0.50443169921875 0.35477178515625 0.51147028125 0.366701244140625 0.502346193359375 0.377593361328125 0.4997393125 0.373443984375 0.4911366015625 0.377074689453125 0.499217935546875 0.384854771484375 0.501824818359375 0.392116181640625 0.508081333984375 0.38174273828125 0.516423357421875 0.38070539453125 0.517205421875 0.3874481328125 0.511991658203125 0.397821576171875 0.521897810546875 0.397821576171875 0.5200729921875 0.414937759765625 0.530500521484375 0.417012447265625 0.53415015625 0.4128630703125 0.53441084375 0.421680498046875 0.5424921796875 0.43049792578125 0.5539624609375 0.43049792578125 0.552919708984375 0.41908713671875 0.545099060546875 0.422199169921875 0.53806048046875 0.40612033203125 0.540667361328125 0.398858921875 0.53232533984375 0.390560166015625 0.539363919921875 0.364107884765625 0.553441083984375 0.35684647265625 0.56100104296875 0.366701244140625 0.557872783203125 0.378112033203125 0.566214806640625 0.390560166015625 0.5766423359375 0.420643154296875 0.576120958984375 0.42997925390625 0.582898853515625 0.43101659765625 0.5935870703125 0.424273859375 0.596715328125 0.415975103515625 0.600364962890625 0.415975103515625 0.607142857421875 0.403526970703125
0 0.28806048046875 0.497925310546875 0.293274244140625 0.49896265625 0.290406673828125 0.50778008203125 0.29431699609375 0.509336099609375 0.295099060546875 0.499481328125 0.299270072265625 0.49221991796875 0.295881126953125 0.48236514453125 0.287539103515625 0.489626556640625 0.27424400390625 0.483921162109375 0.27685088671875 0.46939833984375 0.2872784140625 0.452800830078125 0.2956204375 0.42997925390625 0.29431699609375 0.42012448046875 0.283368091796875 0.429460580078125 0.28415015625 0.4372406640625 0.282064650390625 0.4382780078125 0.2815432734375 0.426867220703125 0.27424400390625 0.416493775390625 0.2752867578125 0.3884854765625 0.2812825859375 0.377593361328125 0.290145986328125 0.373443984375 0.297705943359375 0.385373443359375 0.297705943359375 0.404045642578125 0.302137642578125 0.40560166015625 0.3094369140625 0.3879668046875 0.318561001953125 0.375 0.311522419921875 0.370331951171875 0.30709071875 0.35736514453125 0.308654849609375 0.32520746875 0.2979666328125 0.321576763671875 0.29431699609375 0.316390041015625 0.290145986328125 0.320539419921875 0.28832116796875 0.3127593359375 0.2927528671875 0.309128630859375 0.300573513671875 0.310165974609375 0.306308654296875 0.30497925390625 0.310479666015625 0.30705394140625 0.31074035546875 0.297199169921875 0.306308654296875 0.295643154296875 0.300573513671875 0.301867220703125 0.28519291015625 0.297199169921875 0.286496349609375 0.284232365234375 0.2979666328125 0.291493775390625 0.30239833203125 0.28163900390625 0.301094890625 0.278008298828125 0.289624609375 0.272821576171875 0.2870177265625 0.276970955078125 0.281803962890625 0.274896265625 0.278675703125 0.28112033203125 0.275026068359375 0.26970954296875 0.270855056640625 0.26867219921875 0.2700729921875 0.273340248046875 0.273201251953125 0.277489626953125 0.273722626953125 0.285788380859375 0.2700729921875 0.296161826171875 0.267987486328125 0.329356845703125 0.266684044921875 0.33091286328125 0.263816474609375 0.322095435546875 0.263816474609375 0.308609958984375 0.259384775390625 0.302904564453125 0.256256517578125 0.316390041015625 0.251042751953125 0.31846473046875 0.244004171875 0.304460580078125 0.244004171875 0.296161826171875 0.2468717421875 0.291493775390625 0.263555787109375 0.290456431640625 0.264859228515625 0.272302904296875 0.26303441015625 0.26867219921875 0.260688216796875 0.273340248046875 0.262252345703125 0.28267634765625 0.25990615234375 0.2883817421875 0.257820646484375 0.2883817421875 0.255474453125 0.277489626953125 0.252085505859375 0.273858921875 0.24296141796875 0.2868257265625 0.242440041015625 0.302385892578125 0.23983316015625 0.3117219921875 0.241918666015625 0.31794605859375 0.240615224609375 0.324688796875 0.2356621484375 0.321058091796875 0.238269029296875 0.3127593359375 0.2359228359375 0.310165974609375 0.232273201171875 0.3112033203125 0.2275808125 0.320539419921875 0.223931177734375 0.31846473046875 0.221324296875 0.309128630859375 0.217935349609375 0.3127593359375 0.221584984375 0.327282158203125 0.221584984375 0.346991701171875 0.2184567265625 0.351141078125 0.220802919921875 0.36721991796875 0.226277373046875 0.366701244140625 0.221063607421875 0.359439833984375 0.223409802734375 0.353734439453125 0.2270594375 0.358921162109375 0.232273201171875 0.358921162109375 0.24270073046875 0.3495850625 0.246611052734375 0.352178423828125 0.2411366015625 0.3609958515625 0.233837330078125 0.3609958515625 0.2299270078125 0.365663900390625 0.233576642578125 0.375 0.232012513671875 0.38018672265625 0.233055265625 0.390560166015625 0.230969759765625 0.409232365234375 0.226798748046875 0.414419087890625 0.228102189453125 0.41908713671875 0.23123044921875 0.41804979296875 0.23149113671875 0.422717841796875 0.221584984375 0.42997925390625 0.22601668359375 0.433609958984375 0.232012513671875 0.43205394140625 0.233576642578125 0.441390041015625 0.232012513671875 0.453838173828125 0.2275808125 0.454356845703125 0.2244525546875 0.4626556015625 0.22028154296875 0.4626556015625 0.219499478515625 0.448651453125 0.216631908203125 0.440871369140625 0.212460896484375 0.446058091796875 0.208289884765625 0.44294605859375 0.202554744140625 0.447095435546875 0.200729927734375 0.445539419921875 0.2017726796875 0.4372406640625 0.197862357421875 0.434647302734375 0.18899895703125 0.440871369140625 0.18326381640625 0.439834025390625 0.182481751953125 0.445539419921875 0.188477580078125 0.460580912109375 0.193691345703125 0.45746887890625 0.2017726796875 0.465248962890625 0.204118873046875 0.49481327734375 0.2075078203125 0.49221991796875 0.2043795625 0.484958505859375 0.20620437890625 0.48029045703125 0.21193951953125 0.477178423828125 0.219238791015625 0.48029045703125 0.22002085546875 0.484958505859375 0.218196037109375 0.4875518671875 0.20855057421875 0.49221991796875 0.216631908203125 0.495850623046875 0.219760166015625 0.5124481328125 0.223931177734375 0.509336099609375 0.226798748046875 0.515041494140625 0.22601668359375 0.523858921875 0.23983316015625 0.502593361328125 0.242179353515625 0.484439833984375 0.255213763671875 0.476141078125 0.258081333984375 0.483921162109375 0.26120959375 0.510892115234375 0.26120959375 0.517116181640625 0.257559958984375 0.523340248046875 0.265119916015625 0.53008298828125 0.267205421875 0.539419087890625 0.27163712109375 0.5389004140625 0.272158498046875 0.53163900390625 0.274504693359375 0.529045642578125 0.278936392578125 0.535788380859375 0.28806048046875 0.497925310546875
0 0.595672576171875 0.51867219921875 0.616006255859375 0.53008298828125 0.6279979140625 0.53008298828125 0.63190823828125 0.523340248046875 0.62382690234375 0.510373443359375 0.608706986328125 0.5114107890625 0.5993222109375 0.49273858984375 0.5883733046875 0.485477177734375 0.583420228515625 0.49221991796875 0.578727841796875 0.535788380859375 0.563086548828125 0.5389004140625 0.56386861328125 0.547717841796875 0.57273201171875 0.55497925390625 0.577163712890625 0.554460580078125 0.5821167890625 0.545643154296875 0.588894681640625 0.546680498046875 0.5907195 0.53267634765625 0.595672576171875 0.51867219921875
0 0.510688216796875 0.5622406640625 0.51564129296875 0.55757261328125 0.51564129296875 0.547199169921875 0.5195516171875 0.535269708984375 0.5310218984375 0.533195021484375 0.538842544921875 0.5373443984375 0.541710115234375 0.533713693359375 0.540145986328125 0.517116181640625 0.531803962890625 0.500518671875 0.530500521484375 0.49273858984375 0.5028675703125 0.49273858984375 0.498175181640625 0.489626556640625 0.4916579765625 0.49221991796875 0.492179353515625 0.510892115234375 0.489051095703125 0.522302904296875 0.4911366015625 0.540975103515625 0.488008341796875 0.547199169921875 0.4911366015625 0.550311203125 0.494525546875 0.56846473046875 0.49869655859375 0.5612033203125 0.500521376953125 0.57002074609375 0.5026068828125 0.57002074609375 0.501042751953125 0.548236513671875 0.502346193359375 0.54460580859375 0.509384775390625 0.547199169921875 0.510688216796875 0.5622406640625
0 0.4770594375 0.420643154296875 0.47836287890625 0.426348546875 0.482794578125 0.425829875 0.485401458984375 0.421680498046875 0.483576642578125 0.409751037109375 0.479405630859375 0.4118257265625 0.4770594375 0.420643154296875
0 0.533628779296875 0.408713693359375 0.534932220703125 0.40508298828125 0.526329509765625 0.3879668046875 0.52163712109375 0.39522821484375 0.516944734375 0.39522821484375 0.51016683984375 0.3879668046875 0.508081333984375 0.39419087109375 0.50391032421875 0.396265560546875 0.501824818359375 0.38278008203125 0.497653806640625 0.378630705078125 0.49035453515625 0.379668048828125 0.482533888671875 0.385892115234375 0.48123044921875 0.39263485546875 0.4859228359375 0.398858921875 0.48435870703125 0.40715767578125 0.48852971875 0.4133817421875 0.48748696484375 0.421680498046875 0.494786236328125 0.435165974609375 0.513295099609375 0.417012447265625 0.517987486328125 0.422199169921875 0.52997914453125 0.40145228125 0.533628779296875 0.408713693359375
0 0.533107404296875 0.101659751953125 0.519030240234375 0.09439833984375 0.515119916015625 0.098029044921875 0.514598541015625 0.11773858984375 0.509384775390625 0.133298755859375 0.51277372265625 0.142116181640625 0.517726798828125 0.14367219921875 0.526068822265625 0.129149376953125 0.52997914453125 0.109958505859375 0.53545359765625 0.109439833984375 0.533107404296875 0.101659751953125
0 0.530239833984375 0.0368257265625 0.5224191875 0.03163900390625 0.528675703125 0.02437759375 0.51850886328125 0.01763485546875 0.502346193359375 0.01867219921875 0.495046923828125 0.023858921875 0.494525546875 0.03215767578125 0.509124087890625 0.033195021484375 0.515119916015625 0.0378630703125 0.516162669921875 0.07002074609375 0.511991658203125 0.0866182578125 0.516423357421875 0.09336099609375 0.520333681640625 0.09284232421875 0.5224191875 0.0886929453125 0.523461939453125 0.065871369140625 0.530239833984375 0.05653526953125 0.530239833984375 0.0368257265625
0 0.578727841796875 0.065871369140625 0.57820646484375 0.060684646484375 0.569082376953125 0.04253112109375 0.564911365234375 0.040456431640625 0.56074035546875 0.029045642578125 0.55709071875 0.03112033203125 0.551094890625 0.049273859375 0.546402501953125 0.05549792578125 0.542231490234375 0.0762448125 0.543534931640625 0.090248962890625 0.557351408203125 0.09284232421875 0.56100104296875 0.0886929453125 0.565954119140625 0.071576763671875 0.577424400390625 0.071576763671875 0.578727841796875 0.065871369140625