1 0.828125 0.787109375 0.32421875 0.35546875
1 0.1396484375 0.462890625 0.248046875 0.17578125
1 0.677734375 0.4462890625 0.150390625 0.125
1 0.697265625 0.306640625 0.12109375 0.08203125
1 0.55859375 0.2451171875 0.07421875 0.09765625
1 0.943359375 0.25390625 0.11328125 0.078125
1 0.8935546875 0.5380859375 0.212890625 0.205078125
1 0.1318359375 0.2705078125 0.087890625 0.109375
1 0.6650390625 0.244140625 0.064453125 0.052734375
1 0.7412109375 0.2109375 0.09375 0.060546875
1 0.8271484375 0.220703125 0.052734375 0.064453125
0 0.680181349609375 1 0.6843666640625 0.957879474609375 0.68143255078125 0.95132025390625 0.677147841796875 0.950945390625 0.674137478515625 0.932920365234375 0.6940769921875 0.920913888671875 0.695110044921875 0.915274705078125 0.693029060546875 0.9082171640625 0.699227375 0.8743820546875 0.685685166015625 0.850279001953125 0.683803166015625 0.840947044921875 0.6842053203125 0.820928751953125 0.6763704765625 0.81795146484375 0.675494103515625 0.831052791015625 0.672636236328125 0.835959369140625 0.654705642578125 0.828088123046875 0.655937681640625 0.820174521484375 0.66115594921875 0.816047408203125 0.66642070703125 0.786714275390625 0.671975576171875 0.784908439453125 0.6594389921875 0.783238671875 0.658035396484375 0.765354220703125 0.6514748984375 0.7447267734375 0.64673503125 0.74030139453125 0.64544998828125 0.72414618359375 0.640453951171875 0.713395869140625 0.640883529296875 0.665305103515625 0.646461646484375 0.6508962578125 0.650627798828125 0.649541876953125 0.6560069296875 0.63740744921875 0.66029163671875 0.6377823125 0.66773269140625 0.629838970703125 0.66255673046875 0.6242295234375 0.656550880859375 0.606515384765625 0.650422298828125 0.60254146484375 0.64786709375 0.588566955078125 0.643563322265625 0.585325642578125 0.641761751953125 0.571990025390625 0.624622919921875 0.570490572265625 0.6182191015625 0.557325265625 0.60663095703125 0.569489435546875 0.604901455078125 0.583089080078125 0.6096603828125 0.59038091015625 0.606902009765625 0.59415028125 0.598332591796875 0.5934005546875 0.596270669921875 0.5892094609375 0.602759099609375 0.5829016484375 0.602227693359375 0.567385330078125 0.5815387265625 0.563283453125 0.5779927734375 0.545211572265625 0.579806890625 0.512138806640625 0.58836142578125 0.494552623046875 0.58771146484375 0.477307064453125 0.589838939453125 0.459158583984375 0.582719609375 0.4510872890625 0.5632942890625 0.39552987890625 0.548022576171875 0.38502647265625 0.543179033203125 0.39720776171875 0.538519599609375 0.38877872265625 0.5386613984375 0.377904955078125 0.546955580078125 0.369463296875 0.548287111328125 0.360412486328125 0.5462251875 0.356221396484375 0.52460266015625 0.356621494140625 0.518634939453125 0.3446402578125 0.51361147265625 0.361962412109375 0.51402432421875 0.375749490234375 0.508649376953125 0.3724144609375 0.506663701171875 0.379689171875 0.50274535546875 0.418307404296875 0.49653216015625 0.4338066015625 0.499584830078125 0.442095068359375 0.4962908671875 0.445817578125 0.490062791015625 0.4429808671875 0.4927830390625 0.43347859765625 0.49106190234375 0.416139322265625 0.493900705078125 0.40836629296875 0.4957529453125 0.3810264296875 0.488614552734375 0.37008868359375 0.494935607421875 0.32251335546875 0.49287368359375 0.318322265625 0.485811541015625 0.3188503203125 0.4808345625 0.31096645703125 0.4783979140625 0.29872119140625 0.47433125390625 0.298938359375 0.47476083203125 0.250847595703125 0.477646125 0.217868546875 0.46828494921875 0.210747029296875 0.458108765625 0.209856728515625 0.4232108984375 0.22628408203125 0.40759421484375 0.244398322265625 0.4051915078125 0.253355416015625 0.402238330078125 0.2439297421875 0.39650353515625 0.250876447265625 0.39060369921875 0.2812999296875 0.38765703515625 0.321149087890625 0.3773009296875 0.325399654296875 0.371007302734375 0.344902513671875 0.3762827578125 0.349374751953125 0.37915550390625 0.362804083984375 0.368898890625 0.36591744140625 0.36316827734375 0.3573946875 0.358206181640625 0.367846732421875 0.36046291015625 0.385232869140625 0.368947712890625 0.40545571484375 0.36825126171875 0.413416173828125 0.360312744140625 0.427045556640625 0.348231318359375 0.42942630859375 0.332741556640625 0.418330869140625 0.32840384375 0.3938871953125 0.3296358828125 0.385973591796875 0.33791100390625 0.374665484375 0.3456463515625 0.378779978515625 0.34729542578125 0.3691839921875 0.343887091796875 0.35570780078125 0.332938208984375 0.351312158203125 0.33010776953125 0.328146267578125 0.321637845703125 0.32625933203125 0.318680486328125 0.332303119140625 0.317088599609375 0.350498455078125 0.313813701171875 0.357087416015625 0.310331451171875 0.396889716796875 0.311478876953125 0.408449234375 0.3095926953125 0.414586736328125 0.303644033203125 0.405471947265625 0.304344666015625 0.38204202734375 0.299577373046875 0.4056891171875 0.285391716796875 0.413615337890625 0.2808127109375 0.401182638671875 0.28066021484375 0.378251037109375 0.276563794921875 0.341796384765625 0.27283373828125 0.344334830078125 0.27001399609375 0.35497430859375 0.266264875 0.354646302734375 0.26337306640625 0.33835051953125 0.255775333984375 0.338831716796875 0.07516855859375 0.335683783203125 0.07116260546875 0.370746044921875 0.0391410625 0.375825326171875 0.03177239453125 0.33762198828125 0.00816648046875 0.384826224609375 0 0.4781695234375 0 0.482374568359375 0.004113751953125 0.494319970703125 0.0901664609375 0.404986796875 0.1396309375 0.42512855078125 0.2007692421875 0.409493279296875 0.199840107421875 0.446138033203125 0.25760899609375 0.45358344921875 0.25960955078125 0.4646446484375 0.2569 0.5079522890625 0.251937904296875 0.5184043359375 0.243904076171875 0.517701466796875 0.23598462109375 0.534197298828125 0.228861107421875 0.54159546484375 0.16325894921875 0.54502332421875 0.15622005078125 0.53294837109375 0.1445133515625 0.543383296875 0.051458560546875 0.539825708984375 0.01855055078125 0.533508892578125 0.014303966796875 0.5388669296875 0.011014185546875 0.52711998046875 0 0.529497806640625 0 0.958165587890625 0.0259930546875 0.960439685546875 0.080136189453125 0.965176595703125 0.0796937109375 0.9542517109375 0.08319083984375 0.9327853203125 0.085949212890625 0.929015951171875 0.085225337890625 0.9650488828125 0.085586208984375 0.96565341015625 0.437032697265625 0.996400994140625 0.446582078125 0.875196716796875 0.4459702421875 0.863684056640625 0.466082677734375 0.652303837890625 0.457180841796875 0.633763375 0.4401224375 0.628260263671875 0.443515892578125 0.62340054296875 0.4592850703125 0.62821790625 0.469300392578125 0.637115525390625 0.470329263671875 0.64694580078125 0.439647337890625 0.99147313671875 0.441150693359375 0.996761271484375 0.47109042578125 0.999380658203125 0.475635447265625 0.978005947265625 0.4800387109375 0.980110052734375 0.480352017578125 1 0.680181349609375 1
0 0.75342076953125 0.38237005078125 0.755525 0.37682458203125 0.76296187109375 0.384350703125 0.77101894140625 0.372450560546875 0.77557888671875 0.38201680859375 0.780900828125 0.36128302734375 0.779018828125 0.3519510703125 0.783127796875 0.34199733984375 0.7767811640625 0.33743138671875 0.768724091796875 0.349331525390625 0.76803182421875 0.34182252734375 0.770235544921875 0.33513984765625 0.767538541015625 0.332039109375 0.7620831640625 0.33270773828125 0.75997893359375 0.33825320703125 0.7476222734375 0.33144257421875 0.740456453125 0.348577298828125 0.746722654296875 0.357146912109375 0.746538548828125 0.377757240234375 0.750425287109375 0.3826809375 0.75342076953125 0.38237005078125
0 1 0.30016505859375 0.995555130859375 0.298130060546875 0.89135247265625 0.29245125 0.87546055859375 0.30137410546875 0.860701189453125 0.30352056640625 0.815176162109375 0.29953764453125 0.8119245078125 0.29352359375 0.80980121484375 0.296202615234375 0.803365787109375 0.32657923828125 0.799680369140625 0.384125416015625 0.8150748203125 0.380888603515625 0.8343941328125 0.388308390625 0.839100056640625 0.37153141015625 0.8451291484375 0.376642537109375 0.861296296875 0.37691106640625 0.856812603515625 0.37881062109375 0.854191845703125 0.38717568359375 0.8555191953125 0.393594333984375 0.859566794921875 0.390510712890625 0.860657033203125 0.39347087890625 0.859206947265625 0.400792447265625 0.856490880859375 0.3948252578125 0.851571091796875 0.395540744140625 0.84798283203125 0.387205419921875 0.83770715625 0.387452328125 0.836019958984375 0.3913154140625 0.844508947265625 0.396068798828125 0.853927310546875 0.411789669921875 0.864440095703125 0.41500124609375 0.880821111328125 0.431331267578125 0.8850867578125 0.428839681640625 0.88840814453125 0.39704469921875 0.896909677734375 0.355389703125 0.8951885390625 0.338050427734375 0.902568224609375 0.336977197265625 0.903161 0.34562340625 0.897062173828125 0.378321306640625 0.8901822890625 0.438452787109375 0.906961275390625 0.450233974609375 0.91231716015625 0.4507025546875 0.9173025 0.427647498046875 0.921824318359375 0.431480845703125 0.930573658203125 0.427089705078125 0.931255228515625 0.400793333984375 0.9369709609375 0.390980177734375 0.938998943359375 0.373968908203125 0.94582816015625 0.35451290625 0.95519351953125 0.34616496484375 0.96162058203125 0.346727259765625 0.965625875 0.353380201171875 0.96570212109375 0.364846001953125 0.96796303125 0.36676267578125 0.9771526484375 0.348086140625 0.981337865234375 0.349598212890625 0.99334304296875 0.33575166015625 0.997092162109375 0.336079666015625 1 0.338635640625 1 0.30016505859375