1 0.236328125 0.560546875 0.1279296875 0.125
1 0.1640625 0.8681640625 0.2236328125 0.2626953125
1 0.3662109375 0.517578125 0.1064453125 0.0830078125
1 0.4775390625 0.4990234375 0.111328125 0.0849609375
1 0.5888671875 0.44140625 0.0341796875 0.048828125
1 0.046875 0.6162109375 0.09375 0.189453125
1 0.1943359375 0.435546875 0.1201171875 0.091796875
0 1 0.48268449609375 0.991231265625 0.483032701171875 0.983604857421875 0.481639873046875 0.9779224375 0.47780955859375 0.907939015625 0.462488349609375 0.90435012109375 0.466666853515625 0.900261779296875 0.466504263671875 0.893732978515625 0.45935445703125 0.8515706796875 0.4506699140625 0.831675392578125 0.45432399609375 0.777225130859375 0.4421437265625 0.77324995703125 0.43132712890625 0.740650833984375 0.43097891015625 0.741248984375 0.443862666015625 0.7196335078125 0.455542021484375 0.710444314453125 0.455353576171875 0.6945026171875 0.4677222890625 0.678795810546875 0.47990255859375 0.66675392578125 0.47990255859375 0.66361256640625 0.484774666015625 0.646858638671875 0.48842874609375 0.635863875 0.50304506640625 0.603926701171875 0.52131546875 0.58298429296875 0.543239951171875 0.564136125 0.552984166015625 0.5576528359375 0.55897972265625 0.54972736328125 0.55654225390625 0.539409291015625 0.55619405078125 0.543446798828125 0.570470634765625 0.548691099609375 0.58038976953125 0.5476338515625 0.604246986328125 0.554363021484375 0.615041447265625 0.55570884765625 0.59763097265625 0.562041884765625 0.578562728515625 0.56884816796875 0.5834348359375 0.5730366484375 0.595615103515625 0.575298234375 0.61747891796875 0.578887119140625 0.61921996484375 0.581279724609375 0.613300400390625 0.580980642578125 0.60006844140625 0.5866630625 0.579175873046875 0.59031413671875 0.58465286328125 0.600261779296875 0.61023142578125 0.60383447265625 0.623458037109375 0.609516892578125 0.61510100390625 0.618489126953125 0.61823489453125 0.620582638671875 0.63460073046875 0.628807185546875 0.63529715234375 0.63045210546875 0.641564919921875 0.630900708984375 0.650618375 0.6325456171875 0.650270158203125 0.638228037109375 0.644698837890625 0.64376091015625 0.650270158203125 0.64951643359375 0.66128166796875 0.65287958203125 0.68270401953125 0.646073298828125 0.703410474609375 0.646596859375 0.72777101171875 0.63324607421875 0.739342265625 0.6232984296875 0.768574908203125 0.597643978515625 0.788063337890625 0.5730366484375 0.820950060546875 0.579105646484375 0.82880878125 0.58239547265625 0.82288923046875 0.587928345703125 0.82532669921875 0.59346121875 0.8239338828125 0.595405208984375 0.82880878125 0.59854548828125 0.835424765625 0.595255673828125 0.838906861328125 0.590919091796875 0.844478208984375 0.56361256640625 0.833130328125 0.557591623046875 0.861753958984375 0.545811517578125 0.87941534765625 0.52958115234375 0.8952496953125 0.517539267578125 0.89403166796875 0.513874345703125 0.90499391015625 0.50078533984375 0.91108404296875 0.49554973828125 0.9403166875 0.475654451171875 0.9573690625 0.47041884765625 0.976857490234375 0.459424083984375 0.976857490234375 0.454712041015625 0.96711327734375 0.441361255859375 0.98599269140625 0.4399636171875 1 1 1 1 0.48268449609375
0 0.3111514140625 0.505595673828125 0.311600029296875 0.4979350625 0.3080111328125 0.495149390625 0.304870853515625 0.491667294921875 0.304870853515625 0.48574773046875 0.305169923828125 0.48226563671875 0.303076400390625 0.481221009765625 0.30158102734375 0.48609593359375 0.299038900390625 0.48400668359375 0.295898619140625 0.480872791015625 0.294104166015625 0.48609593359375 0.29470231640625 0.505595673828125 0.292160189453125 0.505595673828125 0.29230972265625 0.49062265625 0.291562037109375 0.48435488671875 0.2876740703125 0.48470310546875 0.2852814765625 0.493060125 0.284683326171875 0.505943904296875 0.282739337890625 0.50524745703125 0.282440267578125 0.500024314453125 0.2821681015625 0.489577021484375 0.27885137109375 0.48818519921875 0.27225130859375 0.48172959765625 0.273767103515625 0.472515771484375 0.273916638671875 0.46137306640625 0.273767103515625 0.45197140625 0.271673580078125 0.44291796484375 0.2625654453125 0.440925701171875 0.258638744140625 0.4464068203125 0.25628272265625 0.46041412890625 0.245287958984375 0.465286236328125 0.241361255859375 0.4744214375 0.2422416640625 0.492014515625 0.24926991015625 0.491318068359375 0.27645877734375 0.52300613671875 0.282739337890625 0.52962212109375 0.307712064453125 0.525791822265625 0.31130094921875 0.513952693359375 0.3111514140625 0.505595673828125
0 0.478511607421875 0.5338601953125 0.420042537109375 0.495905353515625 0.4192948515625 0.52202106640625 0.406434650390625 0.528637052734375 0.404789732421875 0.536994072265625 0.395219357421875 0.54221721484375 0.395518427734375 0.5780828046875 0.4018324609375 0.5749086484375 0.42225130859375 0.5749086484375 0.442473123046875 0.57111861328125 0.471204189453125 0.574299634765625 0.4837696328125 0.5682095 0.48481675390625 0.5535931796875 0.481937171875 0.53958587109375 0.478511607421875 0.5338601953125
0 0 0.546396767578125 0.064974767578125 0.529848212890625 0.06632060546875 0.520446552734375 0.0684141171875 0.51452698828125 0.0767882109375 0.505125341796875 0.083367841796875 0.510696689453125 0.083367841796875 0.49502726171875 0.0815733984375 0.480750677734375 0.078010470703125 0.4744214375 0.075130890625 0.4677222890625 0.068139650390625 0.47083527734375 0.063089005859375 0.46285018359375 0.061709544921875 0.45063912890625 0.063354451171875 0.436014328125 0.05841973046875 0.428701927734375 0.054681298828125 0.432184021484375 0.052438240234375 0.43183581640625 0.051989623046875 0.42556804296875 0.04705490234375 0.424523416015625 0.04738219921875 0.43483556640625 0.0467558203125 0.445764189453125 0.041222947265625 0.447853455078125 0.0356900625 0.447853455078125 0.03284886328125 0.454817646484375 0.036138677734375 0.4596925703125 0.034792841796875 0.4635228828125 0.029858119140625 0.463174666015625 0.0261196875 0.457603318359375 0.026867375 0.469094228515625 0.030157189453125 0.47431737109375 0.030007654296875 0.484415453125 0.02748691015625 0.49573690625 0.024325234375 0.506700853515625 0.01281087109375 0.51819177734375 0.002343263671875 0.521325654296875 0 0.51827040234375 0 0.546396767578125
0 0.0410994765625 0.76370280078125 0.0444796796875 0.778263919921875 0.0739385234375 0.7622462734375 0.079842931640625 0.736906212890625 0.0840314140625 0.733252130859375 0.095026177734375 0.734470158203125 0.097944509765625 0.741432421875 0.097944509765625 0.753619755859375 0.10108480078125 0.74909303515625 0.10422508203125 0.752575130859375 0.104524150390625 0.77416412109375 0.111851478515625 0.77068202734375 0.11319731640625 0.755012599609375 0.10871119921875 0.742128845703125 0.111701943359375 0.734120029296875 0.107664431640625 0.72471837109375 0.10628272265625 0.713154689453125 0.10628272265625 0.692448234375 0.1 0.675395859375 0.100523560546875 0.666869671875 0.09554973828125 0.665042630859375 0.096335078125 0.675395859375 0.0945026171875 0.67844092578125 0.0589005234375 0.688185140625 0.01335078515625 0.7028014609375 0.000261779296875 0.70645554296875 0 0.748477466796875 0.00811518359375 0.752740560546875 0.015706806640625 0.775274056640625 0.0196565 0.78940661328125 0.024890302734375 0.785576314453125 0.026535208984375 0.766076599609375 0.034293193359375 0.758830693359375 0.0410994765625 0.76370280078125
0 0.463109267578125 0.46212903125 0.46370740625 0.4419328828125 0.4689412109375 0.4454149765625 0.4689412109375 0.45829873046875 0.477225130859375 0.46285018359375 0.48665258203125 0.4695373125 0.4981669453125 0.4695373125 0.500858619140625 0.462573123046875 0.505344736328125 0.45560893359375 0.514616064453125 0.45665355859375 0.52074706640625 0.455260728515625 0.528223927734375 0.4451626484375 0.53779432421875 0.439939505859375 0.540575916015625 0.4336175390625 0.550504990234375 0.43401994140625 0.5633651796875 0.43645741015625 0.56884816796875 0.4336175390625 0.576141046875 0.423158830078125 0.576888732421875 0.417239279296875 0.579131791015625 0.410623294921875 0.5732984296875 0.409866017578125 0.528223927734375 0.41939516015625 0.5228406015625 0.42252903125 0.521793822265625 0.43715383203125 0.52029844921875 0.435064580078125 0.521046134765625 0.42252903125 0.519102169921875 0.420091568359375 0.50811518359375 0.421437271484375 0.453664921875 0.403166869140625 0.414727560546875 0.3912436171875 0.41361256640625 0.39768575 0.413089005859375 0.41352009765625 0.420942408203125 0.435444580078125 0.4196335078125 0.447015833984375 0.3929319375 0.4506699140625 0.378272251953125 0.439707673828125 0.3552356015625 0.44457978125 0.345287958984375 0.423873326171875 0.337958115234375 0.432399513671875 0.322774869140625 0.437271619140625 0.32041884765625 0.445188794921875 0.319895287109375 0.4719853828125 0.324869109375 0.483556638671875 0.353141361328125 0.47015834375 0.35732984375 0.46285018359375 0.362041884765625 0.47015834375 0.38664921484375 0.47015834375 0.40287958203125 0.484774666015625 0.4162303671875 0.489037759765625 0.417801046875 0.470767357421875 0.432198953125 0.45188794140625 0.459424083984375 0.455542021484375 0.463109267578125 0.46212903125
0 0.24554973828125 0.721680876953125 0.228272251953125 0.693666259765625 0.22774869140625 0.685140072265625 0.23298429296875 0.658343484375 0.230684904296875 0.651221962890625 0.223208041015625 0.65296301171875 0.22006775 0.651570140625 0.22275942578125 0.639034603515625 0.233507853515625 0.6218026796875 0.239358068359375 0.61500814453125 0.223357564453125 0.5874996015625 0.21701570703125 0.5834348359375 0.206544501953125 0.58465286328125 0.202094240234375 0.610840439453125 0.198304041015625 0.618009927734375 0.197257275390625 0.655790662109375 0.194640373046875 0.6484782578125 0.195163765625 0.621056759765625 0.1876963359375 0.59805115625 0.1767015703125 0.58465286328125 0.15994764453125 0.585870888671875 0.158638744140625 0.573081607421875 0.16335078515625 0.5621193671875 0.16439790625 0.546285017578125 0.16858638671875 0.530450669921875 0.16858638671875 0.5085261875 0.17251308984375 0.499390986328125 0.1767015703125 0.506699146484375 0.1803664921875 0.499390986328125 0.197643978515625 0.49695493359375 0.23347382421875 0.493564783203125 0.2397543828125 0.493564783203125 0.23960484765625 0.483814919921875 0.240053453125 0.471975791015625 0.235340314453125 0.4677222890625 0.223821990234375 0.46894031640625 0.219118240234375 0.470931166015625 0.2123036640625 0.47015834375 0.172774869140625 0.47563946484375 0.17251308984375 0.484774666015625 0.16675392578125 0.475030451171875 0.16012894921875 0.476945595703125 0.1492127265625 0.471722453125 0.136502060546875 0.47102603125 0.134259001953125 0.467892154296875 0.136502060546875 0.462320794921875 0.13590391015625 0.4525709296875 0.131716875 0.447347787109375 0.120950185546875 0.4487406328125 0.120950185546875 0.448740630859375 0.11701570703125 0.448233861328125 0.11664976953125 0.4417623125 0.120388201171875 0.434798115234375 0.1169488515625 0.42609287890625 0.117696537109375 0.4184322734375 0.10782708203125 0.418084076171875 0.10334096484375 0.422958994140625 0.10109790625 0.42992318359375 0.099452986328125 0.442110515625 0.0948173359375 0.450467548828125 0.10049975390625 0.449771126953125 0.1037895703125 0.458476365234375 0.10992059375 0.48285103125 0.106806283203125 0.48416565234375 0.102094240234375 0.489037759765625 0.100212685546875 0.50076818359375 0.091090927734375 0.50285743359375 0.08346451953125 0.497286087890625 0.08301590234375 0.509821623046875 0.0903432421875 0.523401798828125 0.096335078125 0.54141291015625 0.098717314453125 0.5463836484375 0.097670556640625 0.554044232421875 0.097905759765625 0.565773447265625 0.097905759765625 0.575517662109375 0.09214659765625 0.592570037109375 0.094240837890625 0.653471376953125 0.1029143828125 0.674277470703125 0.112335220703125 0.655125921875 0.107998650390625 0.649902779296875 0.1066528125 0.638411869140625 0.107400498046875 0.624831693359375 0.110690314453125 0.6098586875 0.116492146484375 0.61023142578125 0.120942408203125 0.62058465234375 0.120877865234375 0.6422815390625 0.116840353515625 0.64889751953125 0.118634806640625 0.657602755859375 0.12389678515625 0.664199212890625 0.124616296875 0.678147115234375 0.11534498046875 0.689986244140625 0.114148689453125 0.70252178125 0.11998064453125 0.70461103125 0.127008890625 0.703914623046875 0.1307473203125 0.71227164453125 0.1249153671875 0.7293339140625 0.121727748046875 0.739342265625 0.11884816796875 0.748477466796875 0.121727748046875 0.756394640625 0.123719076171875 0.762762021484375 0.15994764453125 0.74056029296875 0.177225130859375 0.7283800234375 0.185863875 0.738733251953125 0.18821989453125 0.761266748046875 0.20078533984375 0.758830693359375 0.204973822265625 0.762484775390625 0.2089005234375 0.772838001953125 0.210471205078125 0.791108404296875 0.21675392578125 0.794762484375 0.2337696328125 0.7844092578125 0.23560209375 0.775274056640625 0.239005236328125 0.77466504296875 0.247643978515625 0.749695494140625 0.24554973828125 0.721680876953125
0 0.376578962890625 0.42328786328125 0.38285951953125 0.42003789453125 0.391000990234375 0.416787947265625 0.390768380859375 0.412454677734375 0.395188041015625 0.408121408203125 0.407981783203125 0.4097463828125 0.411238357421875 0.41407965234375 0.412168814453125 0.393496595703125 0.40402734375 0.391871642578125 0.39239666796875 0.382121759765625 0.3835573671875 0.378871802734375 0.375881115234375 0.369663591796875 0.3693679296875 0.3707469140625 0.368902708984375 0.378871802734375 0.366576576171875 0.382121759765625 0.368437490234375 0.38537170703125 0.369600556640625 0.38699669140625 0.368437490234375 0.392413283203125 0.367041794921875 0.397829875 0.356341578125 0.3989131875 0.35238715625 0.396746552734375 0.354713291015625 0.392954943359375 0.35983078125 0.38699669140625 0.354945900390625 0.388080001953125 0.3470370390625 0.391871642578125 0.344943513671875 0.396204890625 0.3468044296875 0.399454849609375 0.3435478359375 0.403246466796875 0.3393608046875 0.4070380859375 0.34610658203125 0.408663060546875 0.34773488671875 0.4064964140625 0.350061021484375 0.4037881171875 0.35238715625 0.403246466796875 0.354015443359375 0.4070380859375 0.36471566015625 0.408121408203125 0.368838052734375 0.401721865234375 0.368437490234375 0.403246466796875 0.371926693359375 0.408663060546875 0.366576576171875 0.413538001953125 0.35727203515625 0.42328786328125 0.376578962890625 0.42328786328125
0 0.34238476953125 0.37066055078125 0.342152158203125 0.36524395703125 0.345408751953125 0.363618984375 0.34750227734375 0.366868953125 0.34820010546875 0.37120222265625 0.345176140625 0.376618814453125 0.3472696484375 0.37770213671875 0.35238715625 0.378785439453125 0.352852375 0.371743873046875 0.353084986328125 0.36578562890625 0.345176140625 0.3609106875 0.332809767578125 0.3594532421875 0.331451943359375 0.3701188984375 0.3393608046875 0.373910517578125 0.34238476953125 0.37066055078125
0 0.275411962890625 0.44159280078125 0.27657503125 0.456759255859375 0.283320826171875 0.454592611328125 0.289136162109375 0.457842578125 0.29216014453125 0.4486343671875 0.298440701171875 0.445384419921875 0.302627751953125 0.44971769140625 0.3077452421875 0.44159280078125 0.31611932421875 0.44050948046875 0.318445458984375 0.44375942578125 0.31774762890625 0.431842939453125 0.313793189453125 0.426967998046875 0.30960615625 0.4307596171875 0.302627751953125 0.43238458984375 0.2965798046875 0.43238458984375 0.287042638671875 0.42913464453125 0.29029923046875 0.434551236328125 0.2858795703125 0.438884505859375 0.28099469140625 0.442134453125 0.2779707265625 0.438884505859375 0.275411962890625 0.44159280078125
0 0.386396658203125 0.5829577421875 0.393424904296875 0.5780828046875 0.393574439453125 0.5411726171875 0.370545712890625 0.549877853515625 0.36964848046875 0.578779212890625 0.372788771484375 0.58435055859375 0.386396658203125 0.5829577421875