1 0.091796875 0.390625 0.0654296875 0.0546875
1 0.4521484375 0.4560546875 0.0595703125 0.0458984375
1 0.7919921875 0.57421875 0.12109375 0.1396484375
1 0.486328125 0.4091796875 0.2236328125 0.0771484375
1 0.236328125 0.404296875 0.078125 0.0546875
1 0.931640625 0.6513671875 0.115234375 0.1337890625
1 0.9716796875 0.5263671875 0.056640625 0.046875
1 0.884765625 0.5166015625 0.080078125 0.0625
1 0.974609375 0.576171875 0.0498046875 0.0673828125
1 0.0673828125 0.447265625 0.1005859375 0.0517578125
1 0.287109375 0.451171875 0.048828125 0.041015625
1 0.3330078125 0.451171875 0.0244140625 0.041015625
1 0.671875 0.466796875 0.07421875 0.037109375
0 0.523175279296875 0.988822845703125 0.52503995703125 0.998882017578125 0.537293552734375 0.9941482890625 0.545018646484375 0.96515420703125 0.552210974609375 0.956278466796875 0.5655301015625 0.9574618984375 0.57192328125 0.968112787109375 0.577250931640625 0.970479650390625 0.61188066015625 0.947994443359375 0.65929675 0.931426396484375 0.907032498046875 0.87580509375 0.913958443359375 0.866337638671875 0.919286095703125 0.86515420703125 0.92461374609375 0.84503586328125 0.933137986328125 0.83675183984375 0.93793287109375 0.839118705078125 0.9416622265625 0.83201811328125 0.9571124140625 0.84030213671875 0.965903037109375 0.85509503515625 0.9712306875 0.87521337890625 0.9712306875 0.884680833984375 0.968833244140625 0.892373142578125 0.9637719765625 0.892964857421875 0.9643047421875 0.901248880859375 0.975759189453125 0.9278761015625 0.9997336171875 0.945627580078125 1 0.77698852734375 0.98854555078125 0.76929621875 0.984283431640625 0.78349740234375 0.980554076171875 0.76692935546875 0.976824720703125 0.779947107421875 0.965103888671875 0.796515154296875 0.95285029296875 0.798882017578125 0.92408098046875 0.823734087890625 0.891049546875 0.81663349609375 0.867075119140625 0.82255065625 0.8265849765625 0.819000361328125 0.82285562109375 0.82018379296875 0.81592967578125 0.833201544921875 0.7978156640625 0.8343849765625 0.7823654765625 0.82846781640625 0.773308470703125 0.83675183984375 0.758391048828125 0.839118705078125 0.737613212890625 0.833201544921875 0.729355353515625 0.820775509765625 0.729355353515625 0.7959234375 0.737613212890625 0.768112787109375 0.74986680859375 0.752728171875 0.75679275390625 0.75036130859375 0.773841236328125 0.75864533203125 0.7962173671875 0.747994443359375 0.80740543359375 0.759828763671875 0.81592967578125 0.759828763671875 0.824453916015625 0.745627580078125 0.838838572265625 0.739710419921875 0.85109216796875 0.742077283203125 0.856952583984375 0.749177875 0.875066595703125 0.751544740234375 0.88492275 0.7343849765625 0.88705380859375 0.727284384765625 0.88678742578125 0.71604178125 0.891049546875 0.720775509765625 0.898774640625 0.707166041015625 0.882525306640625 0.682905685546875 0.87240276953125 0.680538822265625 0.867607884765625 0.67343823046875 0.862280234375 0.67343823046875 0.83617474609375 0.652136455078125 0.830847095703125 0.65331988671875 0.8265849765625 0.646219294921875 0.81592967578125 0.643852431640625 0.8116675546875 0.627284384765625 0.7967501328125 0.627284384765625 0.788225892578125 0.60953290625 0.754661693359375 0.58349740234375 0.748801279296875 0.5811305390625 0.737613212890625 0.590597994140625 0.734416623046875 0.588231130859375 0.729621736328125 0.562195626953125 0.707778369140625 0.55036130859375 0.697123068359375 0.553911603515625 0.674214171875 0.539710419921875 0.6529035703125 0.53497669140625 0.628396376953125 0.51604178125 0.61241342578125 0.512491484375 0.60069259375 0.503024029296875 0.592168353515625 0.506574326171875 0.585242408203125 0.50184059765625 0.57671816796875 0.505390892578125 0.53303143359375 0.5042074609375 0.441928609375 0.497106869140625 0.436068193359375 0.503024029296875 0.30820458203125 0.5042074609375 0.301811400390625 0.500657166015625 0.292221630859375 0.505390892578125 0.2607884921875 0.5077577578125 0.190996271484375 0.505390892578125 0.164890783203125 0.508941189453125 0.1451784765625 0.5042074609375 0.137719765625 0.51367491796875 0.1020245078125 0.51840864453125 0.0876398515625 0.512491484375 0.07698455078125 0.49355657421875 0.06526371875 0.4876394140625 0.049280767578125 0.49355657421875 0.037559935546875 0.519592076171875 0.024240810546875 0.52669266796875 0 0.5308346796875 0.0002663828125 0.998882017578125 0.281033564453125 0.998882017578125 0.28662759765625 0.992373142578125 0.290356953125 0.9308346796875 0.298082044921875 0.908941189453125 0.32312200390625 0.886455982421875 0.340170484375 0.882905685546875 0.35135855078125 0.888822845703125 0.357485349609375 0.913083201171875 0.364944060546875 0.927284384765625 0.365219185546875 0.937982697265625 0.36486551171875 0.952923470703125 0.363732369140625 0.953319890625 0.362280234375 0.96515420703125 0.363878529296875 0.9876394140625 0.367341501953125 0.998882017578125 0.509323388671875 0.999473734375 0.516249333984375 0.99355657421875 0.51731486328125 0.9710713671875 0.5218433671875 0.965745923828125 0.524240810546875 0.9710713671875 0.523175279296875 0.988822845703125
0 0.97895578125 0.617751478515625 0.953915822265625 0.60236686328125 0.9488545546875 0.594674556640625 0.950985615234375 0.5852071015625 0.9491209375 0.57988165625 0.935269046875 0.56923076953125 0.93153969140625 0.56923076953125 0.9211507734375 0.58402366796875 0.92408098046875 0.60236686328125 0.9848161953125 0.637869822265625 0.98907831640625 0.65088757421875 1 0.653846154296875 0.9997336171875 0.62248520703125 0.986947255859375 0.621301775390625 0.984283431640625 0.62603550390625 0.97895578125 0.617751478515625
0 0.91096725390625 0.58104958203125 0.90430998046875 0.570405125 0.8473628125 0.533727810546875 0.835641982421875 0.53254437890625 0.789005974609375 0.4988509765625 0.780234416015625 0.48402366796875 0.760522109375 0.486390533203125 0.7530633984375 0.482840236328125 0.746137453125 0.468639052734375 0.737613212890625 0.4650887578125 0.733883857421875 0.4532544375 0.7222325859375 0.457393111328125 0.7083854609375 0.454436328125 0.708651748046875 0.466854828125 0.638084630859375 0.46626345703125 0.639682373046875 0.476907892578125 0.664624400390625 0.47928994140625 0.67794352734375 0.489940828125 0.69126265234375 0.486390533203125 0.70564730859375 0.499408283203125 0.708044751953125 0.496449705078125 0.70591369140625 0.4881656796875 0.7099094296875 0.47928994140625 0.71310601953125 0.497041419921875 0.733883857421875 0.497041419921875 0.7530633984375 0.51242603515625 0.787160361328125 0.52899408203125 0.790356953125 0.527810650390625 0.792488013671875 0.52071005859375 0.7962173671875 0.52071005859375 0.794885455078125 0.531952662109375 0.79994672265625 0.537278107421875 0.8122003203125 0.542011833984375 0.819126265625 0.550295857421875 0.827650505859375 0.54911242578125 0.82924880078125 0.556213017578125 0.847895578125 0.56568047265625 0.8548215234375 0.57751479296875 0.878795951171875 0.60236686328125 0.89451251953125 0.602958580078125 0.907565263671875 0.598816568359375 0.929607625 0.606477859375 0.925613259765625 0.581640884765625 0.91096725390625 0.58104958203125
0 0.139584443359375 0.436094673828125 0.14091635546875 0.437869822265625 0.143047416015625 0.43076923046875 0.14944059765625 0.431952662109375 0.171283962890625 0.421301775390625 0.189397974609375 0.429585798828125 0.19579115625 0.441420119140625 0.2032498671875 0.43313609375 0.21337240234375 0.441420119140625 0.219765583984375 0.441420119140625 0.222695791015625 0.436094673828125 0.222695791015625 0.430177515625 0.2176345234375 0.416568046875 0.196323921875 0.41065088671875 0.19259456640625 0.396449705078125 0.186201384765625 0.39408283984375 0.17767714453125 0.398816568359375 0.169152904296875 0.41065088671875 0.153169951171875 0.41420118359375 0.14890783203125 0.409467455078125 0.137187 0.418934912109375 0.081246669921875 0.41065088671875 0.072456046875 0.4183431953125 0.07698455078125 0.42248520703125 0.11161427734375 0.42603550390625 0.11960575390625 0.42011834375 0.120937666015625 0.42662721875 0.11933937109375 0.44082840234375 0.121736814453125 0.446153845703125 0.125199787109375 0.445562130859375 0.132924880859375 0.440236685546875 0.136654236328125 0.421301775390625 0.142248267578125 0.42662721875 0.139584443359375 0.436094673828125
0 0.37266915234375 0.407100591796875 0.374533830078125 0.400591716796875 0.371870005859375 0.39230769140625 0.374533830078125 0.37573964453125 0.3694725625 0.370414201171875 0.359882791015625 0.370414201171875 0.341236015625 0.386982248046875 0.327916888671875 0.378698224609375 0.321523708984375 0.37988165625 0.312999466796875 0.38934911328125 0.297016515625 0.37988165625 0.2746403828125 0.381065087890625 0.27197655859375 0.396449705078125 0.261587640625 0.4017751484375 0.262919552734375 0.409467455078125 0.266648908203125 0.40591716015625 0.2674480546875 0.411242603515625 0.262919552734375 0.41065088671875 0.259190197265625 0.427218935546875 0.236547681640625 0.436094673828125 0.247469365234375 0.44733727734375 0.25652637109375 0.4485207109375 0.26451784765625 0.431952662109375 0.2751731484375 0.436686390625 0.287426744140625 0.429585798828125 0.309802876953125 0.437869822265625 0.314064998046875 0.44733727734375 0.318060734375 0.44911242578125 0.325785828125 0.43431952734375 0.349760255859375 0.42603550390625 0.357218966796875 0.4082840234375 0.37266915234375 0.407100591796875
0 0.494405966796875 0.436094673828125 0.505061267578125 0.439644970703125 0.507192328125 0.436094673828125 0.50399573828125 0.427810650390625 0.49680341015625 0.418934912109375 0.494405966796875 0.436094673828125
0 0.55540766015625 0.444373673828125 0.5167211171875 0.4449692421875 0.518114107421875 0.452657697265625 0.5223762265625 0.462125154296875 0.529035791015625 0.454432845703125 0.542887681640625 0.454432845703125 0.5455515078125 0.448515685546875 0.55540766015625 0.444373673828125
0 0.639682373046875 0.429599375 0.631592796875 0.42662470703125 0.6246668515625 0.419524115234375 0.61401155078125 0.41715725 0.598407265625 0.4089018984375 0.5965432265625 0.420137658203125 0.606764837890625 0.433334919921875 0.607618369140625 0.430175001953125 0.62093749609375 0.427808138671875 0.6246668515625 0.444376185546875 0.63425662109375 0.45502707421875 0.63994866015625 0.447931416015625 0.639682373046875 0.429599375
0 0.600692423828125 0.469228255859375 0.604688162109375 0.468636541015625 0.60522092578125 0.4390507421875 0.6059071328125 0.436510287109375 0.598673552734375 0.4420178515625 0.592548861328125 0.4461573515625 0.586690466796875 0.457984482421875 0.597075810546875 0.46212398046875 0.600692423828125 0.469228255859375
0 0.39051678125 0.411242603515625 0.388652103515625 0.4 0.388368857421875 0.430776677734375 0.37719765625 0.436094673828125 0.38012786328125 0.443786982421875 0.382791689453125 0.44260355078125 0.389966599609375 0.447334677734375 0.400618240234375 0.447334677734375 0.41526424609375 0.46507537109375 0.42434736328125 0.44260355078125 0.425117025390625 0.434324830078125 0.43074054296875 0.431952662109375 0.472296216796875 0.431952662109375 0.4786893984375 0.441420119140625 0.487480021484375 0.444378697265625 0.490143845703125 0.436094673828125 0.4871628203125 0.42900261328125 0.391031767578125 0.42900261328125 0.39051678125 0.411242603515625
0 0.6081513046875 0.968047337890625 0.596114037109375 0.9737328125 0.5795448203125 0.98583708984375 0.569603294921875 0.998467693359375 0.622861498046875 1 0.625228529296875 0.978995560546875 0.628305658203125 0.977416701171875 0.628068958984375 0.961102169921875 0.6081513046875 0.968047337890625
0 0.729621736328125 0.930177515625 0.722163025390625 0.939644970703125 0.671816728515625 0.949704142578125 0.678476291015625 0.963313609375 0.6877996796875 0.963905326171875 0.687266916015625 0.99585798828125 0.68913159375 0.998816568359375 0.726158763671875 0.999408283203125 0.729621736328125 0.99763313671875 0.730420884765625 0.991124259765625 0.7314864140625 0.949704142578125 0.729621736328125 0.930177515625
0 0.782988001953125 0.98579881640625 0.779791412109375 0.99408283984375 0.7848526796875 0.999408283203125 0.843456833984375 0.99585798828125 0.85450580859375 0.986646220703125 0.869029556640625 0.974556212890625 0.879951240234375 0.953846154296875 0.88208230078125 0.94082840234375 0.880217623046875 0.936686390625 0.8716933828125 0.936686390625 0.865300201171875 0.94260355078125 0.855710431640625 0.940236685546875 0.852247458984375 0.931360947265625 0.85970616796875 0.91597633203125 0.854644900390625 0.91065088671875 0.747026361328125 0.93313609375 0.735039146484375 0.939644970703125 0.7334408515625 0.99763313671875 0.768070580078125 1 0.77393099609375 0.996449705078125 0.77366461328125 0.9852071015625 0.78112332421875 0.98402366796875 0.782988001953125 0.98579881640625