1 0.94140625 0.9677734375 0.1015625 0.064453125
1 0.7236328125 0.509765625 0.10546875 0.087890625
1 0.1103515625 0.93359375 0.171875 0.123046875
1 0.45703125 0.4326171875 0.0625 0.11328125
1 0.1943359375 0.822265625 0.140625 0.201171875
1 0.4287109375 0.529296875 0.109375 0.064453125
1 0.3505859375 0.294921875 0.05859375 0.056640625
1 0.4990234375 0.2255859375 0.033203125 0.044921875
1 0.3740234375 0.18359375 0.05078125 0.048828125
1 0.4130859375 0.208984375 0.046875 0.03125
0 1 0.081387404296875 0.968156771484375 0.0845320546875 0.957245298828125 0.0804549921875 0.896493205078125 0.079394560546875 0.879726107421875 0.075215287109375 0.873983517578125 0.06863737890625 0.8600764140625 0.068394630859375 0.8482521328125 0.07466590625 0.819796396484375 0.06898707421875 0.786013525390625 0.0748750625 0.701152201171875 0.070802734375 0.64301142578125 0.087925361328125 0.6402800390625 0.097594189453125 0.64151787890625 0.11057113671875 0.650897626953125 0.11850806640625 0.654240896484375 0.136703900390625 0.6471403984375 0.14500093359375 0.642061943359375 0.14232121875 0.639398376953125 0.148104630859375 0.6402066875 0.185689228515625 0.661629748046875 0.19577967578125 0.6609811875 0.211962529296875 0.6634638984375 0.216540236328125 0.67313753515625 0.2076403515625 0.681430654296875 0.214910544921875 0.68417761328125 0.225322767578125 0.68303873828125 0.2486225 0.689196787109375 0.273345138671875 0.688563798828125 0.309609044921875 0.6820370078125 0.326984830078125 0.67296671875 0.32229213671875 0.671426455078125 0.284694763671875 0.65920932421875 0.271526171875 0.664204388671875 0.25801025390625 0.669705337890625 0.257458505859375 0.669795765625 0.252277947265625 0.65711092578125 0.24493109375 0.654009296875 0.233864916015625 0.65560884375 0.226119630859375 0.653058310546875 0.225427345703125 0.64772414453125 0.25837035546875 0.648735916015625 0.28429869921875 0.63165232421875 0.298251376953125 0.632226029296875 0.307330130859375 0.62772127734375 0.313729171875 0.628272376953125 0.3241030625 0.621949046875 0.329822591796875 0.618734380859375 0.325232111328125 0.616809806640625 0.309652107421875 0.618612810546875 0.290250568359375 0.6155634296875 0.255217919921875 0.60580640234375 0.247922173828125 0.60265955859375 0.2394462734375 0.6117142734375 0.224057916015625 0.612898361328125 0.198167900390625 0.610996390625 0.1812927578125 0.6045670625 0.172111794921875 0.6033744375 0.156544568359375 0.612467330078125 0.15994212109375 0.612980251953125 0.1515301015625 0.603132796875 0.1494149140625 0.60074051171875 0.139656650390625 0.60574814453125 0.020554919921875 0.603181400390625 0.001724875 0.599226955078125 0.001655849609375 0.59652664453125 0.003552017578125 0.592618205078125 0.01773466796875 0.589246794921875 0.08504359375 0.581678591796875 0.099162365234375 0.58216187109375 0.113421677734375 0.585731208984375 0.118666115234375 0.588342525390625 0.136849173828125 0.58540064453125 0.17955044921875 0.57522966015625 0.21694340234375 0.575645119140625 0.2350881328125 0.573381439453125 0.23893522265625 0.57695077734375 0.244179662109375 0.57681513671875 0.251950498046875 0.57174521875 0.290728025390625 0.573262873046875 0.3296205390625 0.569995962890625 0.34899652734375 0.569724681640625 0.364538201171875 0.585307689453125 0.39460748828125 0.587692939453125 0.42574194140625 0.57694825 0.454056142578125 0.56046097265625 0.475792435546875 0.553376046875 0.504170517578125 0.54771684765625 0.513788240234375 0.533342037109375 0.51936723046875 0.534225203125 0.531690220703125 0.54298603125 0.533138677734375 0.551256544921875 0.54170401171875 0.545439099609375 0.5603877109375 0.5210585859375 0.57291748828125 0.515006537109375 0.56309534375 0.52477059765625 0.549014900390625 0.5212464765625 0.54118018359375 0.5228234140625 0.5347300390625 0.513911373046875 0.520971369140625 0.496631357421875 0.52520411328125 0.49558291015625 0.54332329296875 0.502102666015625 0.547323697265625 0.503891603515625 0.570674537109375 0.4961721875 0.57248309375 0.488339736328125 0.580767349609375 0.48787203125 0.58658908984375 0.483480314453125 0.586512431640625 0.487079291015625 0.56908554296875 0.478386283203125 0.563751669921875 0.477979361328125 0.5870641796875 0.482167619140625 0.59879709375 0.481715484375 0.6246998828125 0.484930150390625 0.629290365234375 0.495245310546875 0.625583814453125 0.49926678125 0.604925462890625 0.504390453125 0.6050148984375 0.51257054296875 0.618760791015625 0.510572611328125 0.691275826171875 0.504083998046875 0.727437521484375 0.505344443359375 0.739119330078125 0.51000040625 0.745030501953125 0.519493189453125 0.746491734375 0.55059691796875 0.726306107421875 0.5688957421875 0.726625513671875 0.59335261328125 0.75166755859375 0.599185630859375 0.75306490625 0.60409026953125 0.744729546875 0.602784611328125 0.73563801953125 0.606979900390625 0.725994740234375 0.620109841796875 0.7288149921875 0.624063494140625 0.7120420625 0.624146884765625 0.728237693359375 0.63124034765625 0.741316849609375 0.636576015625 0.77120726953125 0.628985205078125 0.786621181640625 0.624096138671875 0.815037591796875 0.6279905078125 0.8436073203125 0.62934991796875 0.891565810546875 0.6376430390625 0.89883600390625 0.645739734375 0.896386263671875 0.65361036328125 0.906887919921875 0.667879177734375 0.8864084375 0.68480451953125 0.881521732421875 0.700039890625 0.889560873046875 0.70983509765625 0.915642529296875 0.718550712890625 0.919681265625 0.7206109296875 0.9274904296875 0.73260903125 0.9322342265625 0.750575787109375 0.930604537109375 0.76262613671875 0.911381865234375 0.773582822265625 0.9128686484375 0.7800191875 0.900673421875 0.775634501953125 0.87922057421875 0.771197572265625 0.8817341953125 0.763281732421875 0.873822818359375 0.750748103515625 0.878786181640625 0.74824278515625 0.875503615234375 0.745035154296875 0.849536943359375 0.748966201171875 0.834059150390625 0.7681326171875 0.82662049609375 0.7617032890625 0.817439533203125 0.7601559921875 0.801218349609375 0.737488056640625 0.79952714453125 0.733744900390625 0.7832676328125 0.7357217265625 0.774881166015625 0.74896469921875 0.771225720703125 0.75144741015625 0.77580342578125 0.745501359375 0.7808817734375 0.747184298828125 0.78933212109375 0.76080455078125 0.785035494140625 0.75364326953125 0.77584175390625 0.756042587890625 0.764223828125 0.75185433203125 0.7524909140625 0.762463380859375 0.731947548828125 0.748956162109375 0.72976848046875 0.736942490234375 0.704943630859375 0.73473959765625 0.726281494140625 0.728371052734375 0.73459130078125 0.7238733359375 0.719614150390625 0.724853962890625 0.70538039453125 0.717096369140625 0.688403041015625 0.7153300390625 0.6637570625 0.725358345703125 0.655511134765625 0.731146150390625 0.659498763671875 0.737846759765625 0.653138052734375 0.7482453125 0.6656271328125 0.749679578125 0.688324015625 0.773924451171875 0.683565076171875 0.800984103515625 0.685332935546875 0.80278007421875 0.687307587890625 0.790691548828125 0.68774434765625 0.77995389453125 0.694682359375 0.77835434765625 0.702427642578125 0.78174283203125 0.718033201171875 0.77787960546875 0.72962557421875 0.7921639921875 0.729227140625 0.794956162109375 0.737049083984375 0.795491689453125 0.72734192578125 0.799551341796875 0.725469486328125 0.803098072265625 0.732009064453125 0.811104341796875 0.7347398828125 0.8145676796875 0.725083830078125 0.8110435546875 0.717249111328125 0.820988470703125 0.692807552734375 0.814920849609375 0.662904357421875 0.8206478671875 0.64940121484375 0.825839357421875 0.64560523046875 0.83989767578125 0.658158193359375 0.837430537109375 0.673661537109375 0.8321712265625 0.68134294140625 0.826663240234375 0.70327087890625 0.83020997265625 0.709810458984375 0.83073846484375 0.72147948828125 0.841295263671875 0.724902595703125 0.85456084375 0.719952009765625 0.866891009765625 0.726644904296875 0.874700853515625 0.7196557890625 0.8789865703125 0.704831953125 0.882533302734375 0.711371533203125 0.884442306640625 0.706870484375 0.877778375 0.669183677734375 0.88093225390625 0.656283384765625 0.88803275 0.647986353515625 0.901140083984375 0.65210174609375 0.918872234375 0.6219662109375 0.9198076484375 0.610322732421875 0.924380220703125 0.6000382734375 0.914381552734375 0.585612869140625 0.915143146484375 0.562954318359375 0.9103289375 0.56610912109375 0.9052434453125 0.584805595703125 0.87141536328125 0.59328386328125 0.8569119453125 0.585257501953125 0.852617689453125 0.558624095703125 0.839268716796875 0.547379048828125 0.8359184140625 0.550559404296875 0.835285423828125 0.586823310546875 0.81949191796875 0.58978646875 0.813100767578125 0.59939141796875 0.809214935546875 0.6122789296875 0.809788642578125 0.62135768359375 0.80492921875 0.627102765625 0.795714751953125 0.588723669921875 0.783475013671875 0.576850216796875 0.796822482421875 0.525261833984375 0.794430197265625 0.5155035703125 0.774554435546875 0.52163430859375 0.769159484375 0.537086548828125 0.766012638671875 0.5286106484375 0.771339771484375 0.517043826171875 0.769815080078125 0.499527501953125 0.760541330078125 0.506491068359375 0.76457133984375 0.52728995703125 0.762655298828125 0.553167193359375 0.760014341796875 0.55765546484375 0.74320203125 0.556066470703125 0.740387251953125 0.54953966796875 0.735150548828125 0.555925931640625 0.73080404296875 0.55325899609375 0.726947853515625 0.5434751796875 0.734357810546875 0.538422384765625 0.7274607734375 0.53506316015625 0.723778404296875 0.536294419921875 0.71017372265625 0.560672095703125 0.707758830078125 0.55220897265625 0.70873945703125 0.53797521484375 0.704173921875 0.526883482421875 0.690840521484375 0.535719486328125 0.680615787109375 0.534245478515625 0.678133076171875 0.5296677734375 0.67595128515625 0.48687706640625 0.677709080078125 0.4700658046875 0.690552166015625 0.4683466796875 0.707274048828125 0.47511623046875 0.713333134765625 0.4635621875 0.719943318359375 0.462382033203125 0.725640693359375 0.471550220703125 0.76523397265625 0.468354720703125 0.77026721484375 0.47362471484375 0.77514924609375 0.4665844921875 0.777887666015625 0.43553947265625 0.79237551171875 0.42348478515625 0.801098162109375 0.406147330078125 0.755143375 0.396276447265625 0.7614893125 0.38926177734375 0.788639390625 0.38584908203125 0.786473173828125 0.363139421875 0.7883821796875 0.358638376953125 0.8073677421875 0.36156083984375 0.818414857421875 0.3578670625 0.834556 0.3769340546875 0.83116048046875 0.382704689453125 0.8223544375 0.38384651171875 0.8230185703125 0.387744705078125 0.86125394140625 0.399424146484375 0.813209296875 0.404415427734375 0.815601580078125 0.41417369140625 0.812772732421875 0.45039926953125 0.81733826953125 0.461491 0.829691041015625 0.466888755859375 0.84017298828125 0.49557346875 0.86638765234375 0.503804251953125 0.8699343828125 0.510343830078125 0.877457373046875 0.498815337890625 0.887017974609375 0.49639115234375 0.910350041015625 0.501980548828125 0.913013607421875 0.496197138671875 0.913443134765625 0.47158948828125 0.922188390625 0.45295689453125 0.952266283203125 0.449595302734375 0.9548846328125 0.446402169921875 0.954756029296875 0.432796818359375 0.96784075390625 0.43820734765625 0.97673722265625 0.431884966796875 0.980555234375 0.42288287109375 0.990893001953125 0.41788118359375 0.991360708984375 0.412059443359375 0.986682138671875 0.407443408203125 0.9719978671875 0.409778162109375 0.972510787109375 0.401366142578125 0.984599314453125 0.4009293828125 0.98726287890625 0.395145970703125 0.98227484765625 0.38728569921875 0.99760768359375 0.368768091796875 1 0.3691696328125 1 0.081387404296875
0 0.972040552734375 0.61706436328125 0.96367257421875 0.63505577734375 0.949629830078125 0.64258386328125 0.9422354453125 0.6677177109375 0.938130580078125 0.672180427734375 0.93177610546875 0.637737857421875 0.92024571484375 0.6271723203125 0.926598685546875 0.598781462890625 0.931080828125 0.5936775625 0.929284857421875 0.591702912109375 0.89861065625 0.587280888671875 0.88239465625 0.5934755078125 0.84213724609375 0.5927728125 0.832531431640625 0.597787279296875 0.831618625 0.6081356171875 0.827958859375 0.608071736328125 0.82663059375 0.60027534765625 0.825295294921875 0.6138551484375 0.830970064453125 0.624318474609375 0.8312498828125 0.650234041015625 0.83887887109375 0.653606041015625 0.840539201171875 0.66335152734375 0.830616892578125 0.686497947265625 0.82741780078125 0.701988515625 0.829078130859375 0.711734001953125 0.820385123046875 0.70640012890625 0.8120171484375 0.724391544921875 0.796155822265625 0.73124012109375 0.79851846484375 0.763669712890625 0.826913416015625 0.751857775390625 0.837824890625 0.755934837890625 0.840149353515625 0.76957851953125 0.83550896484375 0.78374839453125 0.836588552734375 0.8057913203125 0.8556801171875 0.823614275390625 0.86405662890625 0.847080099609375 0.87305909765625 0.8556582109375 0.877594994140625 0.8894212734375 0.890982142578125 0.919452232421875 0.894702693359375 0.9370068828125 0.90865501171875 0.93465935546875 0.919098779296875 0.94455815625 0.93939703515625 0.935195958984375 0.944301671875 0.92686059765625 0.946436748046875 0.909408154296875 0.958570486328125 0.906381115234375 0.9550307890625 0.87846534375 0.94183303125 0.87953051171875 0.937886412109375 0.87492725390625 0.9398702734375 0.84516459765625 0.9440429609375 0.8368164609375 0.955995845703125 0.844150537109375 0.953060998046875 0.86547562109375 0.965639837890625 0.857921982421875 0.977283265625 0.8620118203125 0.986927259765625 0.875783263671875 0.99228553515625 0.904378544921875 0.987222650390625 0.9217798828125 0.99268728125 0.923308849609375 0.99350813671875 0.876281998046875 0.9905870234375 0.875847146484375 0.993747939453125 0.84157066796875 0.99405362890625 0.84503076171875 0.997645087890625 0.639276263671875 0.9928220859375 0.621961474609375 0.98958481640625 0.6186661328125 0.985057458984375 0.626360314453125 0.980665740234375 0.62628365625 0.977141615234375 0.6184489375 0.972040552734375 0.61706436328125
0 0.415370990234375 0.902081669921875 0.417332244140625 0.87361415234375 0.427209337890625 0.85305801171875 0.431162990234375 0.836285078125 0.45013298046875 0.8191264921875 0.45290958203125 0.8068673828125 0.4438166875 0.803469830078125 0.442578849609375 0.7904928828125 0.4365875859375 0.79816151171875 0.4285361015625 0.79802097265625 0.396511029296875 0.78709769921875 0.383683513671875 0.808897873046875 0.373345744140625 0.8138995625 0.35801994921875 0.81104098046875 0.3520738984375 0.816119330078125 0.34939626171875 0.864655119140625 0.332041390625 0.89414947265625 0.336848564453125 0.912370861328125 0.3358679375 0.926604619140625 0.328080703125 0.932298595703125 0.317833361328125 0.932119728515625 0.315169796875 0.937903138671875 0.31711698046875 0.952188001953125 0.307043458984375 0.963024208984375 0.293626666015625 0.955664580078125 0.29380751953125 0.94530346484375 0.288819490234375 0.937443193359375 0.28805639453125 0.89726831640625 0.294583185546875 0.87989253125 0.29897490234375 0.879969189453125 0.303208373046875 0.889111822265625 0.308777142578125 0.88467465625 0.303457046875 0.8748652890625 0.298265556640625 0.878661271484375 0.29285503125 0.874032462890625 0.291721689453125 0.813122576171875 0.282628796875 0.8097250234375 0.27798137109375 0.84527108984375 0.268617193359375 0.857415212890625 0.253487822265625 0.86427656640625 0.248666576171875 0.88880755859375 0.24336205078125 0.8990792421875 0.240601025390625 0.9314193984375 0.23274596875 0.940998794921875 0.226912951171875 0.9396014453125 0.224091138671875 0.95445083203125 0.217790416015625 0.95887522265625 0.21425071875 0.930959453125 0.208063029296875 0.928908146484375 0.207821388671875 0.921778490234375 0.201746734375 0.913251486328125 0.200826890625 0.944976013671875 0.20366427734375 0.950207677734375 0.18873133203125 0.966788966796875 0.184000513671875 0.986139400390625 0.189365822265625 0.993358490234375 0.19326914453125 0.99472215625 0.276279888671875 0.996171115234375 0.276640537109375 0.94306051171875 0.28060976171875 0.94636862890625 0.281892814453125 0.956755298828125 0.28214659765625 0.99627351953125 0.366475822265625 0.997745490234375 0.3759078203125 0.981715951171875 0.37936262109375 0.93060265625 0.383309236328125 0.935205916015625 0.385339814453125 0.96568641015625 0.394039857421875 0.94964409375 0.415370990234375 0.902081669921875
0 0 0.959668693359375 0.0007550703125 0.955734623046875 0.007900779296875 0.9448473125 0.024690484375 0.9477314453125 0.041358615234375 0.915634037109375 0.055514396484375 0.901630251953125 0.089139017578125 0.90480823828125 0.1055584765625 0.886957365234375 0.11877884375 0.88459705859375 0.115767638671875 0.868350322265625 0.11569128125 0.8307785 0.124632962890625 0.821865837890625 0.124972064453125 0.802438748046875 0.129770703125 0.779202892578125 0.127310599609375 0.773330048828125 0.119659001953125 0.7712531875 0.134411095703125 0.765033015625 0.097458775390625 0.763740244140625 0.08741489453125 0.75190512109375 0.078586248046875 0.754342083984375 0.07828532421875 0.792555087890625 0.057187294921875 0.805789927734375 0.05299200390625 0.81543320703125 0.0527659375 0.828384599609375 0.036814185546875 0.840413734375 0.0313514140625 0.85975139453125 0.01451649609375 0.859457541015625 0.007657638671875 0.8748842265625 0 0.88048344140625 0 0.959668693359375
0 0.4544935546875 0.779041048828125 0.463925552734375 0.763011509765625 0.470897443359375 0.741109123046875 0.472058923828125 0.71651425 0.482184693359375 0.68171157421875 0.486666837890625 0.676607673828125 0.4905823125 0.641048830078125 0.452543365234375 0.63908932421875 0.440741693359375 0.644065462890625 0.4340481171875 0.629049984375 0.435028744140625 0.614816224609375 0.430417994140625 0.606314771484375 0.424826619140625 0.612047078125 0.424555337890625 0.627588751953125 0.42071471875 0.637885986328125 0.41592311328125 0.6397456484375 0.406452939453125 0.636989279296875 0.401510123046875 0.626538728515625 0.37648808203125 0.633875173828125 0.36273922265625 0.624566447265625 0.345149748046875 0.625554955078125 0.336456740234375 0.620221080078125 0.333083828125 0.624696576171875 0.326889103515625 0.644021458984375 0.33457887890625 0.664884228515625 0.33937901953125 0.70448180859375 0.3554438046875 0.685976974609375 0.35646964453125 0.6691529375 0.361509921875 0.65304673828125 0.3651696875 0.65311062109375 0.3729951015625 0.6662025546875 0.386260681640625 0.661251970703125 0.39011687109375 0.67103578515625 0.390993001953125 0.70473496484375 0.402916248046875 0.734740369140625 0.418641931640625 0.735662630859375 0.43456404296875 0.74630482421875 0.446751533203125 0.78214474609375 0.4544935546875 0.779041048828125
0 0 0.650408087890625 0.030735021484375 0.643386439453125 0.044800373046875 0.634563212890625 0.059945318359375 0.647782908203125 0.071958990234375 0.672607755859375 0.0840319453125 0.6520899453125 0.09354733203125 0.652256037109375 0.10001483984375 0.680222912109375 0.096196828125 0.689225005859375 0.09698956640625 0.7067285546875 0.132719619140625 0.715125427734375 0.14637805078125 0.729614712890625 0.15003781640625 0.72967859375 0.15986969921875 0.711712732421875 0.174553970703125 0.709377978515625 0.19355510546875 0.7323814921875 0.2027158203125 0.731893626953125 0.206337404296875 0.713171595703125 0.213460509765625 0.70357942578125 0.2317819375 0.702603693359375 0.2351548515625 0.698128197265625 0.237825451171875 0.67096859765625 0.247612119140625 0.655593015625 0.24799643359375 0.633575642578125 0.24498523046875 0.61732890625 0.236314828125 0.61069989453125 0.206968892578125 0.614074259765625 0.193152212890625 0.608650953125 0.171057986328125 0.616038501953125 0.148480478515625 0.609166740234375 0.119111935546875 0.613836244140625 0.095070521484375 0.6069389296875 0.0694295625 0.607786900390625 0.064464138671875 0.598631490234375 0.05060224609375 0.5957984609375 0 0.59651940625 0 0.650408087890625
0 1 0.008651369140625 0.901235958984375 0.006927435546875 0.90321491796875 0.00890528125 0.900747779296875 0.024408625 0.903207884765625 0.030281470703125 0.916360431640625 0.03180658203125 0.947185845703125 0.048538818359375 0.995253099609375 0.042252396484375 1 0.04417409375 1 0.017301083984375 0.999719671875 0.017067447265625 1 0.016406490234375 1 0.008651369140625
0 0.008651369140625 0 0.00822787890625 0.02426173046875 0.0167676796875 0.01739966796875 0.022661482421875 0.036287787109375 0.02234498828125 0.054419740234375 0.03167951953125 0.06494694921875 0.047186171875 0.0574444140625 0.049411673828125 0.034811412109375 0.055267294921875 0.034913623046875 0.05759176171875 0.0485573046875 0.059832833984375 0.04600535546875 0.058843669921875 0.018781873046875 0.065280033203125 0.006586646484375 0.075436947265625 0.011946072265625 0.079625203125 0.023678984375 0.085729501953125 0.009534662109375 0.09229447265625 0.010944787109375 0.10089705078125 0.02145921875 0.112011986328125 0.013880025390625 0.11784500390625 0.015277375 0.124636041015625 0.00373610546875 0.141999451171875 0.0156989921875 0.153868943359375 0.006837435546875 0.16192042578125 0.006977974609375 0.17602395703125 0.01694066015625 0.1680558671875 0.032995751953125 0.192300740234375 0.028236810546875 0.200925927734375 0.037456103515625 0.229494701171875 0.036659240234375 0.253098046875 0.02670696484375 0.27802966015625 0.024551080078125 0.29774717578125 0.027486318359375 0.307126923828125 0.03542324609375 0.313163400390625 0.025164341796875 0.329953103515625 0.028048474609375 0.335876546875 0.024265265625 0.36805987109375 0.026122564453125 0.392033462890625 0.036905296875 0.394078109375 0.024633412109375 0.4049966171875 0.00733428515625 0.41307070703125 0.006179685546875 0.419122755859375 0.016001828125 0.419779150390625 0 0.008651369140625 0
0 0.4733860859375 0 0.4724493203125 0.002034005859375 0.46279829296875 0.00963875 0.45855778515625 0.021872306640625 0.463923095703125 0.029091396484375 0.495729138671875 0.031589873046875 0.504867248046875 0.032397146484375 0.512722302734375 0.022817751953125 0.51523465625 0.00472412890625 0.513540201171875 0.000160181640625 0.504363419921875 0 0.4733860859375 0