1 0.66796875 0.4267578125 0.11328125 0.2412109375
1 0.412109375 0.5185546875 0.09765625 0.099609375
1 0.7119140625 0.6943359375 0.1650390625 0.193359375
1 0.451171875 0.6240234375 0.0771484375 0.107421875
1 0.4443359375 0.3408203125 0.083984375 0.1435546875
1 0.9052734375 0.86328125 0.1884765625 0.2724609375
1 0.884765625 0.1611328125 0.12890625 0.1015625
1 0.7041015625 0.0302734375 0.060546875 0.0595703125
1 0.6083984375 0.0546875 0.056640625 0.056640625
1 0.5400390625 0.51953125 0.1005859375 0.12890625
1 0.794921875 0.0986328125 0.0986328125 0.0947265625
1 0.44921875 0.45703125 0.064453125 0.1005859375
1 0.5771484375 0.4013671875 0.05078125 0.1220703125
1 0.654296875 0.0390625 0.0546875 0.064453125
1 0.4560546875 0.2451171875 0.0654296875 0.078125
1 0.97265625 0.25 0.0546875 0.09765625
1 0.939453125 0.322265625 0.1044921875 0.130859375
1 0.921875 0.4453125 0.12890625 0.11328125
1 0.4423828125 0.0859375 0.048828125 0.0712890625
1 0.5009765625 0.080078125 0.0517578125 0.0625
1 0.943359375 0.087890625 0.064453125 0.0537109375
1 0.4384765625 0.4912109375 0.09375 0.1181640625
1 0.591796875 0.19140625 0.099609375 0.1181640625
1 0.30859375 0.2900390625 0.076171875 0.0810546875
1 0.345703125 0.1435546875 0.134765625 0.140625
1 0.84375 0.345703125 0.1025390625 0.080078125
1 0.7197265625 0.1552734375 0.0517578125 0.076171875
1 0.552734375 0.0673828125 0.0498046875 0.056640625
1 0.59375 0.3046875 0.0625 0.0634765625
1 0.54296875 0.2548828125 0.048828125 0.05078125
1 0.443359375 0.1923828125 0.033203125 0.03125
0 0 0.997072599609375 0.424121935546875 0.99941451953125 0.428098078125 0.9923887578125 0.428098078125 0.9818501171875 0.423459244140625 0.96428571484375 0.423459244140625 0.9455503515625 0.426110005859375 0.91393442578125 0.431080185546875 0.899297423828125 0.45957587890625 0.89695550390625 0.46554009375 0.887587822265625 0.4847581171875 0.874707259765625 0.498674619140625 0.878220140625 0.50762094140625 0.862412177734375 0.50099403515625 0.827283373046875 0.48707753515625 0.796838408203125 0.483101392578125 0.77927400390625 0.474817759765625 0.776346603515625 0.4675281640625 0.78688524609375 0.4469847578125 0.78571428515625 0.439695162109375 0.789227166015625 0.43571901953125 0.79976580859375 0.415838302734375 0.807962529296875 0.407554671875 0.830796251953125 0.402915837890625 0.86475409765625 0.3923127890625 0.885831380859375 0.387342611328125 0.90866510546875 0.37408880078125 0.925058548828125 0.3614976796875 0.919203748046875 0.354208083984375 0.90866510546875 0.3339960234375 0.851873537109375 0.338634857421875 0.827283373046875 0.345261763671875 0.814402810546875 0.349569251953125 0.812646369140625 0.352882703125 0.818501171875 0.355533466796875 0.8173302109375 0.359178263671875 0.796838408203125 0.363485751953125 0.789227166015625 0.372763419921875 0.784543326171875 0.373757455078125 0.776932083984375 0.35719019140625 0.766393443359375 0.34493041796875 0.721311474609375 0.33631544140625 0.720140515625 0.3204108671875 0.7318501171875 0.310470509765625 0.73067915625 0.297548044921875 0.704332552734375 0.290921140625 0.685597189453125 0.285619615234375 0.648126462890625 0.294897283203125 0.614168619140625 0.298542080078125 0.587822013671875 0.2620941015625 0.605386416015625 0.249502982421875 0.60304449609375 0.244532802734375 0.589578455078125 0.243207421875 0.546252927734375 0.247183564453125 0.534543326171875 0.24917163671875 0.51112412109375 0.238568587890625 0.47482435546875 0.2379058984375 0.4584309140625 0.247846255859375 0.4326697890625 0.249834328125 0.37880562109375 0.247846255859375 0.355386416015625 0.236249171875 0.35948477734375 0.232273029296875 0.34894613671875 0.222332669921875 0.339578455078125 0.1898608359375 0.3302107734375 0.181577203125 0.319086650390625 0.180251822265625 0.30386416796875 0.176607025390625 0.295081966796875 0.155400927734375 0.2939110078125 0.131212724609375 0.2851288046875 0.133863486328125 0.259367681640625 0.133863486328125 0.209016392578125 0.139165009765625 0.19496487109375 0.14115308203125 0.175058548828125 0.12591119921875 0.13875878125 0.121935056640625 0.107142857421875 0.1076872109375 0.088992974609375 0.099403578125 0.069672130859375 0.0941020546875 0.04976580859375 0.09343936328125 0.021662763671875 0.090457255859375 0.0128805625 0.06063618359375 0.0011709609375 0.000331345703125 0.0011709609375 0 0.276932083984375 0.003313453125 0.302693208984375 0 0.319086650390625 0 0.997072599609375