1 0.3486328125 0.7119140625 0.08984375 0.142578125
1 0.20703125 0.7236328125 0.103515625 0.107421875
1 0.7001953125 0.865234375 0.140625 0.1611328125
1 0.626953125 0.7294921875 0.1025390625 0.125
1 0.7333984375 0.755859375 0.0751953125 0.10546875
1 0.0810546875 0.71875 0.111328125 0.1083984375
1 0.431640625 0.451171875 0.0693359375 0.0947265625
1 0.3876953125 0.5859375 0.06640625 0.0859375
1 0.3095703125 0.5478515625 0.0732421875 0.0966796875
1 0.1572265625 0.5341796875 0.0615234375 0.072265625
1 0.6044921875 0.634765625 0.060546875 0.0712890625
1 0.6015625 0.56640625 0.0595703125 0.072265625
1 0.6455078125 0.41796875 0.0478515625 0.0859375
1 0.541015625 0.2578125 0.0595703125 0.0625
1 0.15234375 0.3916015625 0.0595703125 0.064453125
1 0.0634765625 0.5595703125 0.11328125 0.08203125
1 0.103515625 0.337890625 0.0703125 0.0869140625
1 0.04296875 0.287109375 0.0654296875 0.0830078125
1 0.2431640625 0.4892578125 0.0478515625 0.05859375
1 0.3037109375 0.4423828125 0.0439453125 0.048828125
1 0.6962890625 0.5380859375 0.046875 0.0625
1 0.2197265625 0.3798828125 0.048828125 0.0283203125
1 0.1787109375 0.3447265625 0.0439453125 0.04296875
1 0.703125 0.12890625 0.0771484375 0.0595703125
1 0.626953125 0.154296875 0.052734375 0.0400390625
1 0.564453125 0.162109375 0.029296875 0.0283203125
1 0.603515625 0.4287109375 0.0380859375 0.041015625
1 0.7236328125 0.6796875 0.0771484375 0.044921875
1 0.7783203125 0.9619140625 0.0810546875 0.0751953125
1 0.1279296875 0.9609375 0.115234375 0.078125
1 0.173828125 0.6572265625 0.0595703125 0.0576171875
1 0.2939453125 0.6376953125 0.0458984375 0.076171875
1 0.400390625 0.521484375 0.0712890625 0.0517578125
1 0.44921875 0.248046875 0.033203125 0.044921875
1 0.4873046875 0.259765625 0.0390625 0.0380859375
0 0.832501560546875 0.848 0.820648783203125 0.836571427734375 0.806300685546875 0.835428572265625 0.77199001953125 0.83771428515625 0.76543980078125 0.844 0.764815970703125 0.852 0.77354959375 0.885142857421875 0.77230193359375 0.91371428515625 0.769494697265625 0.921142857421875 0.806924515625 0.932571427734375 0.814098564453125 0.954857142578125 0.8153462265625 0.98 0.820024953125 0.995428572265625 0.861509669921875 0.997142857421875 0.87429819140625 0.993142857421875 0.872738615234375 0.97771428515625 0.847161572265625 0.90571428515625 0.832501560546875 0.848
0 0.7199001875 0.223428572265625 0.72083593359375 0.184 0.685901435546875 0.17371428515625 0.618527759765625 0.195428572265625 0.597317529296875 0.195428572265625 0.582969431640625 0.187428572265625 0.572988146484375 0.19771428515625 0.563630693359375 0.19771428515625 0.533686837890625 0.187428572265625 0.528384279296875 0.196 0.526824703125 0.224 0.534934498046875 0.22628571484375 0.55676855859375 0.219428572265625 0.573611978515625 0.227428572265625 0.58109794140625 0.21371428515625 0.59232688671875 0.214857142578125 0.606051154296875 0.228571427734375 0.622894572265625 0.270857142578125 0.62788521484375 0.256 0.637242669921875 0.25371428515625 0.6534622578125 0.259428572265625 0.66531503515625 0.28571428515625 0.690580162109375 0.288571427734375 0.700561447265625 0.268 0.70555208984375 0.242857142578125 0.711478478515625 0.230857142578125 0.7199001875 0.223428572265625
0 0.039613224609375 0.50628571484375 0.042732376953125 0.52571428515625 0.060823455078125 0.521142857421875 0.09451029296875 0.53371428515625 0.100124765625 0.516571427734375 0.109482220703125 0.513142857421875 0.121958828125 0.484571427734375 0.146288208984375 0.478857142578125 0.151590767578125 0.46 0.14878353125 0.451428572265625 0.14441671875 0.45371428515625 0.141921396484375 0.444571427734375 0.14004990625 0.448 0.129444791015625 0.444571427734375 0.12570180859375 0.45028571484375 0.120711166015625 0.432 0.099500935546875 0.425142857421875 0.078290705078125 0.40571428515625 0.067061759765625 0.38171428515625 0.045227697265625 0.37828571484375 0.028384279296875 0.369142857421875 0.015907673828125 0.37371428515625 0.011852775390625 0.365142857421875 0.011852775390625 0.359428572265625 0.0155957578125 0.35371428515625 0.0131004375 0.32971428515625 0.0090455390625 0.324571427734375 0.000311916015625 0.323428572265625 0.00124766015625 0.445142857421875 0.02121023046875 0.46 0.02121023046875 0.469142857421875 0.0134123515625 0.48571428515625 0 0.496571427734375 0.000623830078125 0.556 0.01216469140625 0.536 0.020274484375 0.540571427734375 0.033374921875 0.532571427734375 0.039613224609375 0.50628571484375
0 0.6709295078125 0.963428572265625 0.6846537734375 0.974857142578125 0.69026824609375 0.98628571484375 0.698378041015625 0.979428572265625 0.705864005859375 0.99428571484375 0.730817216796875 0.993142857421875 0.734872115234375 0.975428572265625 0.734872115234375 0.938857142578125 0.732688708984375 0.931428572265625 0.72645040625 0.928 0.658452900390625 0.93371428515625 0.64348097265625 0.921142857421875 0.63568309375 0.893142857421875 0.626325638671875 0.884 0.621958828125 0.83371428515625 0.628197130859375 0.82 0.62757330078125 0.805142857421875 0.615408609375 0.80228571484375 0.608234560546875 0.784571427734375 0.600436681640625 0.774857142578125 0.59232688671875 0.777142857421875 0.587336244140625 0.79428571484375 0.57891453515625 0.762857142578125 0.579538365234375 0.738857142578125 0.577043044921875 0.728571427734375 0.56799750390625 0.728 0.56113537109375 0.718857142578125 0.545851529296875 0.711428572265625 0.56113537109375 0.70628571484375 0.568309419921875 0.696571427734375 0.570804740234375 0.644 0.567061759765625 0.613142857421875 0.568309419921875 0.58571428515625 0.5664379296875 0.57771428515625 0.56113537109375 0.571428572265625 0.547411103515625 0.571428572265625 0.542108546875 0.56628571484375 0.54335620703125 0.55028571484375 0.54086088671875 0.535428572265625 0.546475359375 0.501142857421875 0.551466001953125 0.48971428515625 0.55208983203125 0.46 0.549282595703125 0.451428572265625 0.543044291015625 0.45828571484375 0.535870244140625 0.45428571484375 0.539301310546875 0.435428572265625 0.550842171875 0.431428572265625 0.55021833984375 0.41428571484375 0.5533374921875 0.404 0.5533374921875 0.351428572265625 0.549594509765625 0.344571427734375 0.555208982421875 0.336571427734375 0.5558328125 0.32971428515625 0.551777916015625 0.316571427734375 0.533686837890625 0.313142857421875 0.52994385546875 0.321142857421875 0.519650654296875 0.32171428515625 0.52121023046875 0.326857142578125 0.53025576953125 0.333142857421875 0.531503431640625 0.356 0.53025576953125 0.36628571484375 0.519338740234375 0.38171428515625 0.51528384375 0.39371428515625 0.517155333984375 0.42 0.528384279296875 0.434857142578125 0.5308796015625 0.455428572265625 0.541484716796875 0.466857142578125 0.535870244140625 0.476 0.533998751953125 0.626857142578125 0.53212726171875 0.631428572265625 0.532751091796875 0.65428571484375 0.529631939453125 0.66 0.528384279296875 0.67371428515625 0.528384279296875 0.818857142578125 0.524641296875 0.863428572265625 0.529631939453125 0.988 0.53680598828125 0.99771428515625 0.54772301953125 0.997142857421875 0.576107298828125 0.995428572265625 0.611665626953125 0.95771428515625 0.6266375546875 0.96228571484375 0.6709295078125 0.963428572265625
0 0.259201498046875 0.93371428515625 0.270430443359375 0.929142857421875 0.27199001953125 0.91828571484375 0.26575171484375 0.83371428515625 0.262944478515625 0.82971428515625 0.254834685546875 0.832 0.249220212890625 0.856 0.237991265625 0.856 0.235184029296875 0.847428572265625 0.235184029296875 0.832571427734375 0.23892701171875 0.810857142578125 0.23674360546875 0.80228571484375 0.231441048828125 0.79828571484375 0.233936369140625 0.792571427734375 0.23237679296875 0.782857142578125 0.2111665625 0.774857142578125 0.20118527734375 0.78628571484375 0.191827822265625 0.78628571484375 0.184965689453125 0.774857142578125 0.1512788515625 0.77028571484375 0.144728634765625 0.752571427734375 0.138178416015625 0.744 0.125077978515625 0.74628571484375 0.116344353515625 0.763428572265625 0.105115408203125 0.769142857421875 0.097005615234375 0.769142857421875 0.09014348046875 0.761142857421875 0.060823455078125 0.768 0.038365564453125 0.761142857421875 0.02776044921875 0.769142857421875 0.02089831640625 0.769142857421875 0.018091080078125 0.757142857421875 0.0199625703125 0.748 0.015907673828125 0.744 0.0131004375 0.748 0.01216469140625 0.77028571484375 0.007174048828125 0.77028571484375 0.0046787265625 0.76228571484375 0 0.772 0.001559576171875 0.79771428515625 0.025265126953125 0.80228571484375 0.031191515625 0.81428571484375 0.02776044921875 0.828571427734375 0 0.83028571484375 0.000311916015625 0.894857142578125 0.00530255859375 0.892571427734375 0.01091703125 0.875428572265625 0.018402994140625 0.876571427734375 0.02339363671875 0.889142857421875 0.031503431640625 0.883428572265625 0.038365564453125 0.892571427734375 0.046475359375 0.886857142578125 0.0533374921875 0.886857142578125 0.05895196484375 0.892571427734375 0.063942607421875 0.88571428515625 0.07205240234375 0.886857142578125 0.078290705078125 0.90171428515625 0.08421709375 0.906857142578125 0.08359326171875 0.935428572265625 0.0864005 0.939428572265625 0.113849033203125 0.931428572265625 0.14753587109375 0.934857142578125 0.15689332421875 0.942857142578125 0.1731129140625 0.944 0.179975046875 0.942857142578125 0.182782283203125 0.932 0.189332501953125 0.924571427734375 0.198378041015625 0.94 0.204928259765625 0.988571427734375 0.237055521484375 0.99028571484375 0.240798501953125 0.986857142578125 0.2464129765625 0.970857142578125 0.252651279296875 0.94571428515625 0.259201498046875 0.93371428515625
0 0.518402994140625 0.965142857421875 0.517155333984375 0.863428572265625 0.51902682421875 0.828 0.517155333984375 0.813142857421875 0.51902682421875 0.618857142578125 0.5134123515625 0.605142857421875 0.5134123515625 0.596 0.515907673828125 0.575428572265625 0.526824703125 0.571428572265625 0.529008109375 0.565142857421875 0.529631939453125 0.480571427734375 0.526824703125 0.475428572265625 0.506238302734375 0.489142857421875 0.49875233984375 0.513142857421875 0.490642544921875 0.50628571484375 0.48752339453125 0.510857142578125 0.48315658203125 0.507428572265625 0.47878976953125 0.484571427734375 0.468808484375 0.486857142578125 0.467248908203125 0.504571427734375 0.46319401171875 0.50171428515625 0.455708046875 0.508571427734375 0.454148470703125 0.514857142578125 0.460386775390625 0.525142857421875 0.461634435546875 0.533142857421875 0.4597629453125 0.564 0.424828447265625 0.572 0.424828447265625 0.604 0.4357454765625 0.611428572265625 0.439176544921875 0.623428572265625 0.44541484765625 0.63028571484375 0.44541484765625 0.640571427734375 0.44323144140625 0.646857142578125 0.429507173828125 0.649142857421875 0.422956955078125 0.66 0.420461634765625 0.688571427734375 0.421709294921875 0.704571427734375 0.41890205859375 0.71428571484375 0.412975669921875 0.71028571484375 0.411416095703125 0.689142857421875 0.401434810546875 0.68228571484375 0.39238926953125 0.685142857421875 0.39238926953125 0.74228571484375 0.3886462890625 0.768571427734375 0.38084841015625 0.788571427734375 0.3665003125 0.787428572265625 0.352776044921875 0.774857142578125 0.331565814453125 0.77371428515625 0.320336869140625 0.774857142578125 0.31877729296875 0.783428572265625 0.314098564453125 0.788571427734375 0.31004366796875 0.776571427734375 0.311915158203125 0.772 0.310667498046875 0.75828571484375 0.30536494140625 0.750857142578125 0.298502806640625 0.752 0.28976918359375 0.77028571484375 0.280723642578125 0.775428572265625 0.27448533984375 0.808571427734375 0.279475982421875 0.818857142578125 0.275733 0.834857142578125 0.28134747265625 0.95371428515625 0.2978789765625 0.969142857421875 0.322208359375 0.966857142578125 0.331565814453125 0.985142857421875 0.344042419921875 0.99771428515625 0.349344978515625 0.99371428515625 0.352776044921875 0.977142857421875 0.36774797265625 0.976 0.36993137890625 0.97771428515625 0.369307548828125 0.992571427734375 0.373674361328125 0.99828571484375 0.5043668125 0.99771428515625 0.5177791640625 0.99371428515625 0.521522146484375 0.97771428515625 0.518402994140625 0.965142857421875
0 0.998128509765625 0.682857142578125 0.993761697265625 0.676 1 0.669142857421875 0.999688083984375 0.16 0.98533998828125 0.17371428515625 0.948533998046875 0.196571427734375 0.857454771484375 0.265142857421875 0.832501560546875 0.294857142578125 0.810667498046875 0.336 0.80318153515625 0.342857142578125 0.800374298828125 0.352571427734375 0.8022457890625 0.38571428515625 0.80099812890625 0.453142857421875 0.818465376953125 0.474857142578125 0.871490955078125 0.62 0.91578290625 0.71028571484375 0.922645041015625 0.719428572265625 0.96319401171875 0.818857142578125 0.985028072265625 0.86 0.992514037109375 0.805142857421875 0.991266375 0.797142857421875 0.99875233984375 0.712571427734375 0.998128509765625 0.682857142578125
0 0.611665626953125 0.347428572265625 0.606986900390625 0.368571427734375 0.603867748046875 0.370857142578125 0.60542732421875 0.38171428515625 0.613849033203125 0.381142857421875 0.62133499609375 0.370857142578125 0.62570180859375 0.352571427734375 0.62351840234375 0.34628571484375 0.611665626953125 0.347428572265625
0 0.69868995703125 0.367428572265625 0.7024329375 0.359428572265625 0.69463505859375 0.34628571484375 0.693075484375 0.367428572265625 0.687149095703125 0.368 0.688084841796875 0.341142857421875 0.685277603515625 0.334857142578125 0.65907673046875 0.344 0.65533375 0.352 0.650655021484375 0.352571427734375 0.6578290703125 0.361142857421875 0.6709295078125 0.36228571484375 0.673736744140625 0.367428572265625 0.67217716796875 0.374857142578125 0.6999376171875 0.391428572265625 0.70305676953125 0.388 0.70118527734375 0.381142857421875 0.70305676953125 0.37428571484375 0.69868995703125 0.367428572265625
0 0.42326887109375 0.390857142578125 0.415159076171875 0.374857142578125 0.405177791015625 0.369142857421875 0.390829693359375 0.372571427734375 0.386774796875 0.388 0.398315658203125 0.40228571484375 0.408608857421875 0.42228571484375 0.43200249609375 0.411428572265625 0.43418590234375 0.40171428515625 0.431690580078125 0.39028571484375 0.42326887109375 0.390857142578125
0 0.215533375 0.444571427734375 0.2180286953125 0.452571427734375 0.233000623046875 0.451428572265625 0.23643169140625 0.439428572265625 0.235184029296875 0.423428572265625 0.23237679296875 0.41828571484375 0.220524017578125 0.416 0.210542732421875 0.422857142578125 0.194946974609375 0.41828571484375 0.179663130859375 0.431428572265625 0.179663130859375 0.44628571484375 0.177167810546875 0.453142857421875 0.1890205859375 0.45771428515625 0.1955708046875 0.446857142578125 0.2043044296875 0.448 0.211790392578125 0.44228571484375 0.215533375 0.444571427734375
0 0.3665003125 0.411428572265625 0.372738615234375 0.408 0.379288833984375 0.388 0.373986275390625 0.371428572265625 0.34092326953125 0.37828571484375 0.326575171875 0.37371428515625 0.3109794140625 0.374857142578125 0.30786026171875 0.385142857421875 0.300374298828125 0.390857142578125 0.296007486328125 0.401142857421875 0.27885215234375 0.40971428515625 0.279475982421875 0.428 0.284466625 0.431428572265625 0.348409232421875 0.406857142578125 0.3577666875 0.40571428515625 0.361509669921875 0.411428572265625 0.3665003125 0.411428572265625
0 0.33437305078125 0.24971428515625 0.33437305078125 0.234857142578125 0.325951341796875 0.228571427734375 0.324391765625 0.244 0.33437305078125 0.24971428515625
0 0.458203369140625 0.268571427734375 0.454772302734375 0.27371428515625 0.46319401171875 0.297142857421875 0.4800374296875 0.291428572265625 0.491578291015625 0.3 0.500311916015625 0.295428572265625 0.4868995625 0.272 0.48128508984375 0.276571427734375 0.458203369140625 0.268571427734375
0 0.403930130859375 0.25371428515625 0.3864628828125 0.243428572265625 0.367124142578125 0.241142857421875 0.365252650390625 0.244571427734375 0.361509669921875 0.235428572265625 0.3530879609375 0.252 0.3646288203125 0.251428572265625 0.3820960703125 0.272 0.39020586328125 0.270857142578125 0.397067998046875 0.27771428515625 0.41671865234375 0.279428572265625 0.422645041015625 0.26971428515625 0.439176544921875 0.26 0.4313786640625 0.25371428515625 0.403930130859375 0.25371428515625
0 0.9135995 0.179428572265625 0.9089207734375 0.178857142578125 0.909544603515625 0.159428572265625 0.891765439453125 0.164571427734375 0.887398626953125 0.17028571484375 0.866188396484375 0.166857142578125 0.861821583984375 0.17828571484375 0.85121646875 0.182857142578125 0.829382408203125 0.180571427734375 0.828446662109375 0.19028571484375 0.834061134765625 0.207428572265625 0.8334373046875 0.231428572265625 0.835932626953125 0.23371428515625 0.9023705546875 0.201142857421875 0.9067373671875 0.190857142578125 0.91578290625 0.186857142578125 0.9135995 0.179428572265625