1 0.4560546875 0.505859375 0.1806640625 0.3203125
1 0.59765625 0.419921875 0.2177734375 0.37109375
1 0.76953125 0.396484375 0.2197265625 0.279296875
1 0.890625 0.3388671875 0.142578125 0.248046875
1 0.7060546875 0.158203125 0.0751953125 0.107421875
1 0.30078125 0.3388671875 0.083984375 0.15625
1 0.3603515625 0.296875 0.0966796875 0.1552734375
1 0.298828125 0.6005859375 0.146484375 0.2822265625
1 0.064453125 0.453125 0.1240234375 0.20703125
1 0.0556640625 0.7373046875 0.1103515625 0.40234375
1 0.1728515625 0.314453125 0.181640625 0.134765625
1 0.39453125 0.095703125 0.3525390625 0.19140625
1 0.673828125 0.0478515625 0.1728515625 0.095703125
1 0.8701171875 0.1513671875 0.0830078125 0.1015625
1 0.9814453125 0.234375 0.0361328125 0.1611328125
1 0.9541015625 0.07421875 0.091796875 0.1328125
1 0.7802734375 0.2822265625 0.048828125 0.08203125
1 0.189453125 0.05859375 0.0625 0.0908203125
0 0.305739513671875 0.933146068359375 0.299392935546875 0.929213482421875 0.286699779296875 0.933707865234375 0.281732892578125 0.929213482421875 0.266556291015625 0.888202248046875 0.262969095703125 0.86292134765625 0.260209712890625 0.8752808984375 0.2530353203125 0.878651685546875 0.247516556640625 0.88764044921875 0.221026490234375 0.8943820234375 0.209988962890625 0.89213483203125 0.208609271484375 0.90280898828125 0.211644591796875 0.93707865234375 0.208885208984375 0.933707865234375 0.199503310546875 0.9348314609375 0.172461369140625 0.951685392578125 0.149282560546875 0.958426966796875 0.133830021484375 0.956179775390625 0.126103751953125 0.950561796875 0.1216887421875 0.941573033203125 0.106236203125 0.958426966796875 0.10154525390625 0.97247191015625 0.102649005859375 0.9904494375 0.106236203125 0.9943820234375 0.2908388515625 0.99719101171875 0.294150111328125 0.9904494375 0.295805740234375 0.951123595703125 0.300496689453125 0.938202248046875 0.305739513671875 0.933146068359375
0 1 0.53202247265625 0.99806843359375 0.52696629296875 0.982064017578125 0.52696629296875 0.9784768203125 0.5353932578125 0.97019867578125 0.565730337890625 0.971302427734375 0.60280898828125 0.968267107421875 0.62022471875 0.953918322265625 0.631460673828125 0.942880794921875 0.633707865234375 0.927428255859375 0.643820224609375 0.91694260546875 0.641573033203125 0.90480132421875 0.631460673828125 0.90121412890625 0.62303370703125 0.899006623046875 0.598314607421875 0.895971302734375 0.593258427734375 0.89210816796875 0.601123595703125 0.8777593828125 0.60224719140625 0.83912803515625 0.62247191015625 0.83609271484375 0.61741573046875 0.83581677734375 0.6056179765625 0.825883001953125 0.59775280859375 0.8153973515625 0.603370787109375 0.811534216796875 0.58202247265625 0.790011037109375 0.564044943359375 0.7844922734375 0.55730337109375 0.78007726171875 0.5449438203125 0.769039734375 0.538202248046875 0.765176599609375 0.52696629296875 0.753587197265625 0.519101123046875 0.72985651171875 0.52247191015625 0.7215783671875 0.516853931640625 0.71716335546875 0.506741572265625 0.706125828125 0.506741572265625 0.703642384765625 0.511797751953125 0.702538630859375 0.536516853515625 0.69812362109375 0.543258427734375 0.697571744140625 0.5556179765625 0.693708609375 0.560112359375 0.706677705078125 0.5752808984375 0.7251655625 0.616292134765625 0.7251655625 0.624157302734375 0.721302427734375 0.62977528125 0.721302427734375 0.636516853515625 0.72654525390625 0.638202248046875 0.72626931640625 0.64775280859375 0.7339955859375 0.6544943828125 0.732339955078125 0.6949438203125 0.750551876953125 0.72752808984375 0.751103751953125 0.746629212890625 0.747516556640625 0.758426966796875 0.735375275390625 0.769662921875 0.725993376953125 0.770786517578125 0.707229580078125 0.783146068359375 0.702262693359375 0.791011236328125 0.686810154296875 0.801123595703125 0.674116998046875 0.803370787109375 0.658664458984375 0.788764044921875 0.653973509765625 0.769101123046875 0.657284767578125 0.746629212890625 0.672461369140625 0.72808988671875 0.6721854296875 0.720786517578125 0.6498344375 0.730337078125 0.611479029296875 0.758988763671875 0.619481236328125 0.7651685390625 0.631070640625 0.766292134765625 0.6407284765625 0.78258426953125 0.644591611328125 0.80730337109375 0.639900662109375 0.823595505859375 0.600717439453125 0.846067416015625 0.5847130234375 0.8595505625 0.563189845703125 0.856179775390625 0.557395142578125 0.8443820234375 0.555187638671875 0.830898876953125 0.557395142578125 0.8151685390625 0.564845474609375 0.80224719140625 0.576986755859375 0.791011236328125 0.580573951171875 0.783707865234375 0.57974613671875 0.780898876953125 0.541114791015625 0.7943820234375 0.497516556640625 0.823595505859375 0.48592715234375 0.825842697265625 0.472406181640625 0.798314607421875 0.4657836640625 0.76797752734375 0.455573951171875 0.756179775390625 0.44232891796875 0.753932583984375 0.409768212890625 0.76292134765625 0.40452538671875 0.76797752734375 0.403973509765625 0.7848314609375 0.405629138671875 0.801685392578125 0.41390728515625 0.82977528125 0.416666666015625 0.848876404296875 0.416666666015625 0.856741572265625 0.41114790234375 0.87022471875 0.41059602734375 0.879213482421875 0.417770419921875 0.90730337109375 0.421081677734375 0.95 0.403697572265625 0.970786517578125 0.383830021484375 0.97752808984375 0.3658940390625 0.9904494375 0.368929359375 0.9955056171875 0.375551876953125 0.996629212890625 0.423013244140625 0.99775280859375 0.43570640234375 0.9943820234375 0.4406732890625 0.998876404296875 0.472682119140625 0.998876404296875 0.48261589453125 0.984269662109375 0.495860927734375 1 0.516280353515625 0.996629212890625 0.909768212890625 0.9955056171875 0.9249448125 0.999438203125 1 0.996067416015625 1 0.53202247265625