1 0.7255859375 0.69140625 0.068359375 0.083984375
1 0.7998046875 0.5712890625 0.0625 0.0625
1 0.13671875 0.515625 0.2734375 0.53125
1 0.4462890625 0.392578125 0.0546875 0.0703125
1 0.298828125 0.2861328125 0.087890625 0.099609375
1 0.265625 0.2998046875 0.05859375 0.103515625
1 0.0419921875 0.2177734375 0.048828125 0.107421875
1 0.0380859375 0.84375 0.0625 0.232421875
1 0.3916015625 0.3447265625 0.03515625 0.0546875
0 1 0.247505771484375 0.916753154296875 0.242912943359375 0.91196708984375 0.25112798828125 0.907215638671875 0.28064269921875 0.901791431640625 0.289953083984375 0.898024083984375 0.289623484375 0.897128373046875 0.28436485546875 0.897974078125 0.249903759765625 0.8913581484375 0.241842337890625 0.777299740234375 0.237619369140625 0.768458037109375 0.2828926015625 0.75972778125 0.280402048828125 0.762141953125 0.271403904296875 0.75783641015625 0.27102721875 0.7579248046875 0.23592428125 0.714431142578125 0.23096791015625 0.648132896484375 0.228341388671875 0.659103486328125 0.2548817109375 0.66206111328125 0.238742701171875 0.6869324375 0.244198212890625 0.692564685546875 0.261088740234375 0.707526921875 0.260294275390625 0.710971365234375 0.276712 0.72177366796875 0.283412927734375 0.72270782421875 0.294430765625 0.72950059765625 0.31286818359375 0.7408795390625 0.32537540625 0.748906314453125 0.351403388671875 0.777568923828125 0.358515720703125 0.7834852109375 0.3745741171875 0.78400034765625 0.38728205078125 0.781739962890625 0.4193170390625 0.7734825625 0.4393156640625 0.777107681640625 0.4505689296875 0.78804837890625 0.461886642578125 0.799854005859375 0.441622865234375 0.808630373046875 0.418791720703125 0.81642647265625 0.4102644375 0.825137505859375 0.4098753828125 0.837531326171875 0.4293784140625 0.850459509765625 0.464468986328125 0.8443548828125 0.484655951171875 0.84490846484375 0.50312309765625 0.84229439453125 0.51440608984375 0.8302119765625 0.525436294921875 0.826206283203125 0.521632333984375 0.81651498046875 0.536325244140625 0.816292025390625 0.55127094140625 0.82960078125 0.578912205078125 0.82890113671875 0.586909181640625 0.8198479765625 0.60050675390625 0.803940541015625 0.60256854296875 0.79670569140625 0.59848206640625 0.7920003515625 0.602675080078125 0.782674232421875 0.591498625 0.776554216796875 0.59326553125 0.766490005859375 0.58432683984375 0.762084515625 0.585092578125 0.760577552734375 0.552727990234375 0.74245967578125 0.5459626171875 0.751074591796875 0.531175537109375 0.7539423984375 0.541786962890625 0.75767130078125 0.536357353515625 0.76243430859375 0.540803154296875 0.761938396484375 0.530974828125 0.75564153515625 0.522365736328125 0.750836248046875 0.52770117578125 0.74874498046875 0.5206111953125 0.74453938671875 0.5190920859375 0.720659009765625 0.519305162109375 0.719102099609375 0.52780272265625 0.723745935546875 0.53051134375 0.724280296875 0.5460988828125 0.70129562890625 0.551570587890625 0.707450259765625 0.57110334375 0.713908572265625 0.571668373046875 0.71749524609375 0.5771624296875 0.7159960078125 0.594298806640625 0.71902143359375 0.612406625 0.741325677734375 0.617811501953125 0.743451560546875 0.646201146484375 0.74875276171875 0.65069403515625 0.7651484453125 0.689541482421875 0.76197695703125 0.697897783203125 0.755737767578125 0.697927509765625 0.7535004375 0.71730165234375 0.749171837890625 0.7295858125 0.74982537109375 0.746910533203125 0.743524677734375 0.753841896484375 0.730727224609375 0.75444901953125 0.730027580078125 0.7624459921875 0.733752650390625 0.7725568359375 0.7395728203125 0.774217205078125 0.742083109375 0.77961708984375 0.72998146875 0.7877676875 0.730454326171875 0.810256865234375 0.734121724609375 0.811728890625 0.7371894296875 0.82005546484375 0.740280189453125 0.8157211953125 0.753096865234375 0.817993677734375 0.756506697265625 0.813111736328125 0.759601291015625 0.79323701171875 0.760554669921875 0.807134455078125 0.76755117578125 0.8077465703125 0.774812916015625 0.78363174609375 0.777211697265625 0.75621354296875 0.787102896484375 0.739235783203125 0.799881125 0.7357490546875 0.804747916015625 0.72351198046875 0.808253865234375 0.733028064453125 0.81242101171875 0.728787966796875 0.8276903046875 0.727821517578125 0.831695998046875 0.731625478515625 0.8372432109375 0.7085118203125 0.839476708984375 0.7046781328125 0.845835072265625 0.7063855859375 0.846953734375 0.696698517578125 0.856145291015625 0.687717732421875 0.8610466953125 0.696780322265625 0.86037783203125 0.7416174140625 0.87716564453125 0.806976068359375 0.879556759765625 0.810638771484375 0.88826779296875 0.81024971875 0.8917583515625 0.80134574609375 0.8991354296875 0.794508556640625 0.906058875 0.768061796875 0.909687828125 0.763774609375 0.91560794921875 0.764292552734375 0.91835658203125 0.773166796875 0.91442011328125 0.811962166015625 0.915073646484375 0.82928688671875 0.9193561328125 0.842324419921875 0.92285824609375 0.867380958984375 0.92612584765625 0.873422685546875 0.9491681875 0.876589798828125 0.966225068359375 0.901681056640625 1 0.517455818359375 1 0.247505771484375
0 0.667639623046875 0.908366546875 0.67126857421875 0.90407936328125 0.698039814453125 0.901816865234375 0.733153013671875 0.859993259765625 0.747491982421875 0.832468517578125 0.762603658203125 0.82400567578125 0.761169755859375 0.81869996484375 0.752258826171875 0.8213738671875 0.74842997265625 0.82794590234375 0.7459004609375 0.819666412109375 0.743209498046875 0.819430984375 0.73648978515625 0.82805244140625 0.73389876953125 0.826674587890625 0.730473546875 0.813136470703125 0.731273142578125 0.8039970703125 0.726967599609375 0.8036203828125 0.72703676953125 0.76563783984375 0.72231220703125 0.766951248046875 0.720501564453125 0.753554388671875 0.732184185546875 0.7470938828125 0.744024423828125 0.74812976953125 0.74574278515625 0.7315881484375 0.709503197265625 0.733597857421875 0.707092859375 0.727055548828125 0.707454208984375 0.71672663671875 0.69922369921875 0.708523958984375 0.69454525 0.684515671875 0.697197767578125 0.678991888671875 0.69638278515625 0.66971123046875 0.698577833984375 0.66011833203125 0.7243534140625 0.6537396328125 0.71343194140625 0.645301525390625 0.705059203125 0.648022513671875 0.701772376953125 0.639101181640625 0.703671412109375 0.61739510546875 0.7093531875 0.6144386875 0.710890873046875 0.603061521484375 0.710875482421875 0.584641462890625 0.707427205078125 0.583764193359375 0.705116814453125 0.57607945703125 0.705062978515625 0.5519001875 0.710706306640625 0.54318455859375 0.71011427734375 0.518958201171875 0.736208927734375 0.51203183203125 0.73663178125 0.494801283203125 0.73103456640625 0.478195216796875 0.73135746875 0.46210709375 0.71481955859375 0.43418331640625 0.715446142578125 0.399127462890625 0.710141107421875 0.41017502734375 0.697901072265625 0.413708841796875 0.6925153125 0.4287784375 0.6882289921875 0.431281357421875 0.68651830078125 0.416742072265625 0.67725368359375 0.39866398046875 0.6765232578125 0.369820837890625 0.6788605390625 0.349304271484375 0.67688844140625 0.343951470703125 0.669353744140625 0.343292271484375 0.66283776171875 0.33408842578125 0.661511474609375 0.296559380859375 0.6435896640625 0.30304961328125 0.64041817578125 0.3114059140625 0.6389573828125 0.334301501953125 0.62458380078125 0.340526578125 0.6009033203125 0.3384548046875 0.589124583984375 0.330517283203125 0.586176052734375 0.32392788671875 0.5886517265625 0.30802810546875 0.58701792578125 0.3050072421875 0.570234001953125 0.304690009765625 0.555525958984375 0.293042697265625 0.5509205703125 0.296093287109375 0.547553017578125 0.291193986328125 0.532145326171875 0.2875436484375 0.52767833203125 0.2952110234375 0.51583809375 0.29417513671875 0.513681490234375 0.30952724609375 0.516445513671875 0.33682155078125 0.523242119140625 0.339718517578125 0.52644821875 0.35266187890625 0.5306153671875 0.348421779296875 0.53589734375 0.3500350625 0.5478144765625 0.362589373046875 0.561169345703125 0.364908939453125 0.565636337890625 0.35724156640625 0.573270986328125 0.356758341796875 0.57741507421875 0.36517908984375 0.584211681640625 0.368076052734375 0.593891484375 0.40000450390625 0.604074865234375 0.410680375 0.6044477734375 0.434311974609375 0.609929650390625 0.433640408203125 0.612678283203125 0.442514654296875 0.611978638671875 0.450511630859375 0.616165005859375 0.44915113671875 0.616560970703125 0.460121888671875 0.620147646484375 0.465615943359375 0.627224875 0.462206029296875 0.626025484375 0.475915130859375 0.62233886328125 0.471563498046875 0.62108180078125 0.476633783203125 0.624449353515625 0.481533083984375 0.628012970703125 0.49968798828125 0.6324607421875 0.4891410078125 0.631937939453125 0.50751398046875 0.6341676015625 0.51922074609375 0.63109606640625 0.526434625 0.623999611328125 0.52696493359375 0.611882580078125 0.516695474609375 0.571256724609375 0.52235052734375 0.568185189453125 0.52956440625 0.567239533203125 0.565167927734375 0.573705568359375 0.615233923828125 0.581078814453125 0.623937185546875 0.578764591796875 0.631792904296875 0.580617515625 0.635408521484375 0.58208603125 0.662013900390625 0.586172451171875 0.661795830078125 0.58894030859375 0.67354968359375 0.594741255859375 0.6723304453125 0.5984163203125 0.642721564453125 0.60340228515625 0.63222166796875 0.619909416015625 0.623305328125 0.627901580078125 0.628033646484375 0.626344671875 0.63653120703125 0.614404484375 0.636637744140625 0.606908232421875 0.641737755859375 0.6038366953125 0.6489516328125 0.601899212890625 0.664898498046875 0.595940703125 0.739203216796875 0.602668142578125 0.780082724609375 0.6074888203125 0.79316734375 0.607961677734375 0.81565651953125 0.618917705078125 0.764812419921875 0.636162927734375 0.753658314453125 0.6514514453125 0.75557147265625 0.649894537109375 0.76406903125 0.627667185546875 0.770182578125 0.62254282421875 0.7760656875 0.620766796875 0.783968490234375 0.611494572265625 0.877553177734375 0.612009708984375 0.89026111328125 0.62017871484375 0.90536542578125 0.627194443359375 0.908857146484375 0.667639623046875 0.908366546875
0 0.88316265625 0.81901243359375 0.887729599609375 0.8102026328125 0.897459349609375 0.801268935546875 0.891520005859375 0.79787138671875 0.88422365234375 0.800686544921875 0.880613921875 0.807853337890625 0.8791761875 0.818088078125 0.88316265625 0.81901243359375
0 0.853854240234375 0.844076349609375 0.870941845703125 0.825425853515625 0.8597320234375 0.773793662109375 0.856045400390625 0.769442029296875 0.84922962890625 0.84424733203125 0.853854240234375 0.844076349609375
0 0.789755529296875 0.89487574609375 0.8340372265625 0.856732205078125 0.8415718671875 0.77680953125 0.84033786328125 0.76921896875 0.79119709765625 0.869100552734375 0.781463517578125 0.893574703125 0.789755529296875 0.89487574609375
0 0.77233346484375 0.8956538515625 0.814992859375 0.8078680859375 0.824088298828125 0.784489275390625 0.822992689453125 0.781515498046875 0.8118290390625 0.785143482421875 0.798489560546875 0.80124397265625 0.8016764375 0.811307728515625 0.800757671875 0.81870994921875 0.794360861328125 0.811243283203125 0.78525003125 0.816202037109375 0.769158087890625 0.838968734375 0.75974741015625 0.847354763671875 0.764987107421875 0.858749287109375 0.7607007890625 0.86125220703125 0.756572091796875 0.87125151953125 0.74789950390625 0.87739978515625 0.744232103515625 0.875927759765625 0.734840650390625 0.887193392578125 0.73519816796875 0.89240493359375 0.739165416015625 0.89044968359375 0.743828474609375 0.896037912109375 0.77233346484375 0.8956538515625
0 0.210852296875 0.71184377734375 0.221120236328125 0.702957166015625 0.22798601171875 0.667871587890625 0.236681654296875 0.6490624765625 0.238042498046875 0.6273093125 0.243485927734375 0.620878533203125 0.244308576171875 0.59907828515625 0.253204119140625 0.57798432421875 0.25920496484375 0.574480236328125 0.27543913671875 0.54078987109375 0.2701609921875 0.523636134765625 0.26703178515625 0.5222111953125 0.262045822265625 0.53271108984375 0.23013105859375 0.61855896484375 0.225940857421875 0.635459912109375 0.2037212265625 0.691074423828125 0.20238344140625 0.700166740234375 0.1963018671875 0.707692857421875 0.199331126953125 0.710260220703125 0.210852296875 0.71184377734375
0 0.09451439453125 0.8979399375 0.099135115234375 0.832727533203125 0.09660560546875 0.824448044921875 0.097566650390625 0.80726458203125 0.0814785390625 0.814490826171875 0.07713455078125 0.808354927734375 0.07296740625 0.812595029296875 0.066070849609375 0.81084048828125 0.066166966796875 0.825238515625 0.06351444921875 0.830762298828125 0.066858943359375 0.84832244921875 0.0612540625 0.862797287109375 0.063998861328125 0.887211986328125 0.0704763984375 0.89065662109375 0.078610791015625 0.8844612734375 0.08026381640625 0.890361740234375 0.087598615234375 0.893305791015625 0.091861876953125 0.903463720703125 0.09451439453125 0.8979399375
0 0.108811142578125 0.960778310546875 0.15081323046875 0.951790154296875 0.154818923828125 0.955594115234375 0.166920564453125 0.947443515625 0.171391392578125 0.924235685546875 0.181559384765625 0.916491498046875 0.185046109375 0.92312798046875 0.180175484375 0.950905509765625 0.202441283203125 0.95055117578125 0.204736283203125 0.939815849609375 0.203821349609375 0.9316776171875 0.21259771875 0.908846474609375 0.219994021484375 0.904888888671875 0.229566150390625 0.888458798828125 0.23957269140625 0.888758673828125 0.242032974609375 0.854438833984375 0.23238778515625 0.843810046875 0.177230728515625 0.848193787109375 0.1717911328125 0.839084111328125 0.175500810546875 0.830774896484375 0.2497944609375 0.8246118828125 0.250574890625 0.89317475 0.25926669921875 0.88990608984375 0.26821991015625 0.8774509453125 0.275124130859375 0.848124578125 0.28242431640625 0.82976896484375 0.2958406875 0.825186896484375 0.307281130859375 0.830792484375 0.310114322265625 0.82010424609375 0.321281806640625 0.800935806640625 0.3304925859375 0.79483462890625 0.33268763671875 0.785241728515625 0.337592873046875 0.778763865234375 0.338073396484375 0.770172134765625 0.327071197265625 0.765756056640625 0.32408038671875 0.768947904296875 0.3190405859375 0.75526852734375 0.3184255 0.743703021484375 0.321377865234375 0.734751962890625 0.34643841015625 0.7179501796875 0.36601324609375 0.717360416015625 0.368404361328125 0.72102312109375 0.37137594921875 0.71495166796875 0.373851626953125 0.69905188671875 0.377038501953125 0.70911564453125 0.380671287109375 0.689288005859375 0.385714919921875 0.687426927734375 0.389405375 0.676238103515625 0.38922853515625 0.66586210546875 0.38470387109375 0.6648906640625 0.379737130859375 0.678270166015625 0.371425896484375 0.67408951953125 0.375035626953125 0.6669227265625 0.37410146875 0.655904888671875 0.369396130859375 0.660097904296875 0.366028578125 0.655198603515625 0.361661533203125 0.661723552734375 0.358693779296875 0.652254552734375 0.35398844140625 0.65644756640625 0.347214890625 0.64088975390625 0.33641258984375 0.634188826171875 0.33206476953125 0.6435933828125 0.329366138671875 0.674438861328125 0.3250798203125 0.67694178125 0.31841777734375 0.6942020546875 0.31297434765625 0.700632833984375 0.31261299609375 0.71096174609375 0.29760126953125 0.71828216015625 0.292899763671875 0.70693472265625 0.2957521796875 0.69912608984375 0.293222669921875 0.69084659765625 0.295298546875 0.67951651953125 0.2904778671875 0.6664318984375 0.2987122109375 0.659094123046875 0.30581633203125 0.62748290625 0.306477529296875 0.613726720703125 0.31302040234375 0.594729263671875 0.311767173828125 0.584259095703125 0.31928648046875 0.566498236328125 0.32166220703125 0.5517408828125 0.329781208984375 0.527125474609375 0.330480853515625 0.519128498046875 0.323907203125 0.501285833984375 0.329908048828125 0.497781748046875 0.332441392578125 0.49052078515625 0.33154568359375 0.48526215625 0.32831652734375 0.484979642578125 0.298016283203125 0.49038690234375 0.29544066015625 0.50742910546875 0.28417705859375 0.512199517578125 0.27973312109375 0.507206044921875 0.2772997265625 0.51332458203125 0.2784722265625 0.52781678125 0.2836773125 0.517911642578125 0.28746388671875 0.521120849609375 0.285945423828125 0.535377619140625 0.29377996875 0.532609544921875 0.295413771484375 0.53563040625 0.299350294921875 0.577416912109375 0.29288431640625 0.607932791015625 0.283089232421875 0.639308578125 0.273997626953125 0.6471469375 0.25403455078125 0.686266912109375 0.236120462890625 0.742258111328125 0.2298543828125 0.770489138671875 0.221977556640625 0.783038455078125 0.208522740234375 0.781861310546875 0.207388685546875 0.773128322265625 0.2162688359375 0.73361430078125 0.21039099609375 0.723315115234375 0.202056703125 0.73179531640625 0.189578322265625 0.73185476953125 0.18198212109375 0.738097205078125 0.176999990234375 0.733056646484375 0.166474482421875 0.73558929296875 0.16278402734375 0.74677811328125 0.156583283203125 0.752567052734375 0.15729831640625 0.76299013671875 0.14473154296875 0.79815252734375 0.140964193359375 0.79782292578125 0.13765814453125 0.78602198828125 0.134029193359375 0.790309173828125 0.129385357421875 0.787600552734375 0.126094697265625 0.794219673828125 0.11563069140625 0.78985068359375 0.109649068359375 0.796234375 0.107953763671875 0.8001151484375 0.109183935546875 0.82324616796875 0.106031673828125 0.83448207421875 0.107584748046875 0.84152496875 0.103763619140625 0.897597970703125 0.08914019140625 0.946970046875 0.09007434765625 0.957987884765625 0.094060818359375 0.958912240234375 0.108811142578125 0.960778310546875