1 0.5634765625 0.8916015625 0.154296875 0.216796875
1 0.1962890625 0.0478515625 0.08203125 0.083984375
1 0.5703125 0.3037109375 0.09375 0.13671875
1 0.9814453125 0.6103515625 0.03125 0.12109375
1 0.755859375 0.4013671875 0.087890625 0.083984375
1 0.8642578125 0.326171875 0.0859375 0.060546875
1 0.5849609375 0.5126953125 0.140625 0.216796875
1 0.7763671875 0.2490234375 0.111328125 0.087890625
1 0.6708984375 0.177734375 0.0703125 0.0703125
1 0.591796875 0.1240234375 0.060546875 0.068359375
1 0.7158203125 0.5537109375 0.07421875 0.046875
1 0.7177734375 0.5048828125 0.041015625 0.052734375
0 0.3858960234375 0.125006826171875 0.3920945078125 0.12680972265625 0.393703421875 0.12075967578125 0.387564763671875 0.123754060546875 0.38370208984375 0.111158849609375 0.37759890234375 0.10799316015625 0.381736349609375 0.13361741796875 0.3858960234375 0.125006826171875
0 0.053790615234375 0.075079359375 0.068403740234375 0.058298279296875 0.069166107421875 0.0473959375 0.04478882421875 0.028573111328125 0.03811386328125 0.033584177734375 0.03196673046875 0.025394076171875 0.029782869140625 0.056624736328125 0.03089148046875 0.057729349609375 0.035981884765625 0.069725681640625 0.03572035546875 0.084771412109375 0.041823544921875 0.087937099609375 0.05302825 0.085981697265625 0.053790615234375 0.075079359375
0 0 0.8678997734375 0.0031441328125 0.867191830078125 0.00614701171875 0.846859970703125 0.002975765625 0.835682568359375 0.034466888671875 0.803648236328125 0.0370885859375 0.788767546875 0.057541240234375 0.74500568359375 0.0619026171875 0.716552080078125 0.07401156640625 0.679054048828125 0.108159857421875 0.62597895703125 0.14812544921875 0.5801579296875 0.1528923671875 0.557210509765625 0.14392817578125 0.549736392578125 0.14616869140625 0.54030687109375 0.17032889453125 0.50570573046875 0.18226049609375 0.49900805859375 0.1903405390625 0.462597755859375 0.204142583984375 0.434804310546875 0.2052861328125 0.41845080078125 0.212222626953125 0.398394005859375 0.21017057421875 0.35990573828125 0.214673828125 0.306811849609375 0.225209333984375 0.2692037890625 0.257832892578125 0.237933375 0.28043289453125 0.231296986328125 0.28189780078125 0.20469502734375 0.307440857421875 0.17292949609375 0.324629099609375 0.16454522265625 0.32951566796875 0.151192361328125 0.337883728515625 0.1558858828125 0.3489465546875 0.17857076953125 0.37865141796875 0.18338684765625 0.381929072265625 0.17608403515625 0.38029580078125 0.171176728515625 0.369376982421875 0.16904375390625 0.3585889296875 0.159387916015625 0.358278685546875 0.152518939453125 0.365930962890625 0.144837302734375 0.368253529296875 0.105970212890625 0.356833875 0.099693849609375 0.3500636171875 0.106067705078125 0.341409669921875 0.1054625625 0.340015705078125 0.119744376953125 0.33094510546875 0.1307504765625 0.318047302734375 0.12300129296875 0.3063661171875 0.131770658203125 0.266052681640625 0.131690580078125 0.258901240234375 0.143515607421875 0.252773697265625 0.129392568359375 0.2261204296875 0.126159333984375 0.200038935546875 0.11474934375 0.18549675 0.119210279296875 0.128852734375 0.11524934375 0.123667033203125 0.1046158046875 0.129220673828125 0.0817233984375 0.13353546875 0.07654729296875 0.131806900390625 0.073002779296875 0.096690279296875 0.066438818359375 0.083590771484375 0.07853264453125 0.08311429296875 0.085346607421875 0.089658490234375 0.087858404296875 0.09524973046875 0.10399812890625 0.091185353515625 0.1112459296875 0.026243134765625 0.10724530078125 0 0.482539615234375 0 0.8678997734375
0 0.655091794921875 0.514953443359375 0.658178857421875 0.51037621484375 0.6466151953125 0.483547939453125 0.652454720703125 0.45656715625 0.651238103515625 0.440048607421875 0.6451947421875 0.441680197265625 0.643311052734375 0.434701197265625 0.638400125 0.437096705078125 0.63375073046875 0.424446482421875 0.62194989453125 0.423621287109375 0.61867223828125 0.43092409765625 0.61767269921875 0.46782951953125 0.622643451171875 0.470231294921875 0.62527839453125 0.48342537890625 0.631190990234375 0.48931665234375 0.637092474609375 0.5123253515625 0.644423392578125 0.5148921640625 0.655091794921875 0.514953443359375
0 0.78908108984375 1 0.792182283203125 0.990839560546875 0.795160806640625 0.95955034765625 0.809332923828125 0.943423158203125 0.82261191015625 0.945721171875 0.8371053828125 0.91934553125 0.84792890625 0.922841298828125 0.855330765625 0.91308796484375 0.844101703125 0.904086015625 0.843361564453125 0.88075350390625 0.832227794921875 0.87038876171875 0.82905655078125 0.859211359375 0.831297064453125 0.849781837890625 0.85610211328125 0.839875998046875 0.8701678203125 0.8422290234375 0.871681439453125 0.837541771484375 0.865423130859375 0.83094159375 0.856483294921875 0.834424830078125 0.849378439453125 0.822972359375 0.843991033203125 0.832181828125 0.8353370859375 0.831576685546875 0.8313791171875 0.82034426953125 0.82637289453125 0.82410256640625 0.817408705078125 0.816628451171875 0.810148724609375 0.8017414921875 0.811101681640625 0.788113568359375 0.808681689453125 0.78315125 0.800027740234375 0.78254610546875 0.796165068359375 0.769950896484375 0.78577144140625 0.782918666015625 0.786092798828125 0.77267021484375 0.781217341796875 0.768905650390625 0.76588843359375 0.77331157421875 0.720043583984375 0.76188905078125 0.684450482421875 0.76213905078125 0.6839851171875 0.75183558984375 0.68893151171875 0.74328001171875 0.746958380859375 0.750076556640625 0.7552067890625 0.745175517578125 0.770369462890625 0.75445253125 0.787582060546875 0.757025609375 0.793375005859375 0.75332232421875 0.8074650703125 0.766632703125 0.81757280859375 0.757753310546875 0.85316591015625 0.757503310546875 0.862391630859375 0.74993169921875 0.871045578125 0.75053684375 0.8837527890625 0.761011609375 0.889485908203125 0.75251104296875 0.89400240625 0.7274919296875 0.897865080078125 0.740087140625 0.90179869140625 0.740362205078125 0.911500892578125 0.72597662890625 0.930001048828125 0.73274811328125 0.932540693359375 0.747304990234375 0.92734387890625 0.753788875 0.92834555078125 0.762075654296875 0.9331257109375 0.76720301171875 0.941088232421875 0.7663903515625 0.949502873046875 0.747806373046875 0.96580909765625 0.74072987890625 0.9840994765625 0.744848474609375 0.990021171875 0.66016428515625 0.98962145703125 0.6602276328125 0.9728853359375 0.650840591796875 0.9689871953125 0.644405455078125 0.96827141015625 0.632030298828125 0.9714648828125 0.6089728515625 0.967781689453125 0.610769482421875 0.96624371484375 0.6044993828125 0.97080892578125 0.601394974609375 0.971309763671875 0.605538365234375 0.97871162109375 0.595785033203125 0.980666248046875 0.59044388671875 0.978246255859375 0.5854815703125 0.963989955078125 0.58585412890625 0.96011616796875 0.59037634375 0.959974291015625 0.6150166328125 0.95288267578125 0.631638939453125 0.93390604296875 0.631681421875 0.926945193359375 0.640780865234375 0.91662250390625 0.641428486328125 0.903534111328125 0.636404890625 0.892149927734375 0.623968451171875 0.88926456640625 0.608702669921875 0.891671318359375 0.585590212890625 0.887653521484375 0.569560515625 0.839758748046875 0.564841931640625 0.832261595703125 0.575958056640625 0.82458709375 0.61787454296875 0.8161835625 0.61934109375 0.8103064375 0.607289748046875 0.815478892578125 0.589848513671875 0.814262275390625 0.57332996484375 0.819077904296875 0.57229725 0.8207932265625 0.547766986328125 0.8147853359375 0.543238505859375 0.819456958984375 0.52165387890625 0.815188744140625 0.503552486328125 0.810027400390625 0.503876298828125 0.808179181640625 0.490737224609375 0.804185744140625 0.485664880859375 0.779010625 0.48390446484375 0.77715129296875 0.487882814453125 0.760129287109375 0.48258415234375 0.7509146796875 0.47303833984375 0.752630001953125 0.448508076171875 0.740959931640625 0.440160015625 0.7234614453125 0.441675314453125 0.67988146875 0.431780625 0.677581126953125 0.4364128671875 0.68848883203125 0.455663265625 0.717121083984375 0.464512708984375 0.7198158515625 0.48250407421875 0.733500375 0.490308271484375 0.7389963203125 0.50781078515625 0.734920830078125 0.532176009765625 0.751466357421875 0.544288634765625 0.751539427734375 0.577160693359375 0.748071181640625 0.58718908984375 0.737307486328125 0.588490603515625 0.743339734375 0.6039764375 0.7425773671875 0.61487877734375 0.737535677734375 0.6247971484375 0.730610296875 0.627736517578125 0.733471298828125 0.632044947265625 0.731290611328125 0.646271748046875 0.728309955078125 0.632368759765625 0.722731958984375 0.644303814453125 0.722397359375 0.626477486328125 0.710190982421875 0.620146107421875 0.668244275390625 0.615158724609375 0.67034078125 0.585177291015625 0.679531033203125 0.583765751953125 0.6843821328125 0.57657296484375 0.6847146015625 0.549207091796875 0.679469076171875 0.53377626953125 0.686239333984375 0.527402412109375 0.686906404296875 0.517862865234375 0.675451283203125 0.517746572265625 0.672339861328125 0.51136644921875 0.672756513671875 0.49975520703125 0.65984759765625 0.50912344921875 0.658644224609375 0.520679677734375 0.636079689453125 0.52115599609375 0.635758333984375 0.5314044453125 0.640002189453125 0.538548486328125 0.648751431640625 0.5377908359375 0.65355594921875 0.553875546875 0.653199123046875 0.5702840703125 0.64595238671875 0.583471888671875 0.650100947265625 0.591978720703125 0.63933725 0.593280234375 0.636154892578125 0.599220255859375 0.64250849609375 0.604457638671875 0.652235052734375 0.601029416015625 0.66037705078125 0.61460859375 0.659328798828125 0.629599310546875 0.65447769921875 0.636792099609375 0.624677541015625 0.6333388125 0.619992677734375 0.626848662109375 0.62025420703125 0.611802931640625 0.615474046875 0.60667557421875 0.51486887109375 0.598271119140625 0.5234830859375 0.514651931640625 0.531040068359375 0.5083330859375 0.534829669921875 0.48805623828125 0.540432021484375 0.487078537109375 0.53502026171875 0.485330654296875 0.537116767578125 0.45534921875 0.54782063671875 0.449250427734375 0.55189612890625 0.424885203125 0.5507393359375 0.413163935546875 0.525003556640625 0.40246284765625 0.53806759375 0.396529095703125 0.535873662109375 0.3826811171875 0.544286173828125 0.318904939453125 0.54136534375 0.30979923046875 0.53290198828125 0.306468501953125 0.52796670703125 0.297906658203125 0.510062681640625 0.2939157734375 0.5017788046875 0.30497688671875 0.504759458984375 0.318879873046875 0.499017359375 0.38969006640625 0.500519865234375 0.40212023828125 0.493594484375 0.405059609375 0.49146037890625 0.396008912109375 0.49951393359375 0.303449052734375 0.49448335546875 0.296250001953125 0.497510591796875 0.286875494140625 0.497652470703125 0.262235203125 0.494696171875 0.259289568359375 0.4948401796875 0.279841478515625 0.48267140625 0.31254223046875 0.4821107421875 0.303601560546875 0.475161005859375 0.295583578125 0.469558654296875 0.29656128125 0.46486267578125 0.3071885546875 0.46171578515625 0.306968501953125 0.457757818359375 0.2957360859375 0.45215546484375 0.296713787109375 0.44451430078125 0.287278 0.45556388671875 0.281888109375 0.4586753046875 0.288268232421875 0.459663732421875 0.26848023828125 0.4553489375 0.273656341796875 0.45037818359375 0.2712545703125 0.454573328125 0.256483904296875 0.45461991015625 0.23320640625 0.4606987421875 0.225414744140625 0.44770564453125 0.219028353515625 0.451364482421875 0.20627437109375 0.45856463671875 0.216364046875 0.462343125 0.213204625 0.457503138671875 0.203279986328125 0.4580749140625 0.195103232421875 0.461257271484375 0.189163212890625 0.46509558984375 0.190801068359375 0.467586521484375 0.183443244140625 0.46951679296875 0.167144748046875 0.46709680078125 0.1621824296875 0.453090916015625 0.16462668359375 0.44911072265625 0.187629115234375 0.441458447265625 0.195310751953125 0.437894904296875 0.206701943359375 0.427858103515625 0.2032611875 0.42223139453125 0.1932815390625 0.41810719140625 0.19573205859375 0.41220783984375 0.217915560546875 0.408715234375 0.216986607421875 0.40761826953125 0.210062619140625 0.390037732421875 0.241015486328125 0.375187431640625 0.2837996484375 0.374710951171875 0.290613611328125 0.385368240234375 0.307792314453125 0.38129275 0.3321575390625 0.372102498046875 0.333569080078125 0.368133416015625 0.339454087890625 0.3628301953125 0.3644181875 0.360219611328125 0.362181453125 0.360266193359375 0.33890395703125 0.352028896484375 0.3266875703125 0.3496221484375 0.349800029296875 0.3455932421875 0.350887755859375 0.342421994140625 0.339710353515625 0.328203294921875 0.379115041015625 0.294806255859375 0.438405216796875 0.29546221484375 0.445983095703125 0.300182548828125 0.446313173828125 0.302411951171875 0.454001080078125 0.299504365234375 0.472970146484375 0.294343021484375 0.47329395703125 0.290670939453125 0.4579731640625 0.286737328125 0.45769809765625 0.26534283203125 0.4979704609375 0.260480619140625 0.522280673828125 0.249621626953125 0.524944978515625 0.237809677734375 0.541237208984375 0.239598068359375 0.549579001953125 0.23549822265625 0.562986873046875 0.238108806640625 0.565223609375 0.24602261328125 0.542496240234375 0.25375907421875 0.550569236328125 0.252639880859375 0.57788009765625 0.2348200390625 0.58964384765625 0.22609515234375 0.601358849609375 0.224652474609375 0.59372595703125 0.22925315625 0.584461474609375 0.225951142578125 0.580806935546875 0.222959376953125 0.58402137109375 0.22317432421875 0.592253138671875 0.21649936328125 0.597264205078125 0.216619013671875 0.606858765625 0.206260857421875 0.6136664609375 0.20312508203125 0.596328984375 0.197881685546875 0.626090365234375 0.19471469921875 0.705297365234375 0.189269599609375 0.75490175390625 0.18218909765625 0.75440663671875 0.181437845703125 0.7481915546875 0.184941560546875 0.73200308203125 0.18796666796875 0.677436373046875 0.189418330078125 0.622759638671875 0.18724875390625 0.619869013671875 0.18260148828125 0.6524109921875 0.1776905625 0.6548065 0.172327515625 0.6749733203125 0.1590972421875 0.694590013671875 0.127679189453125 0.759496400390625 0.128800509765625 0.777377740234375 0.14596652734375 0.803228314453125 0.148566 0.82258247265625 0.14658914453125 0.86215846484375 0.11245409765625 0.9433083359375 0.100677619140625 0.9534404921875 0.092608689453125 0.972733373046875 0.4825396171875 1 0.516131712890625 1 0.515781177734375 0.98657573046875 0.509332275390625 0.982701138671875 0.50502859375 0.970759818359375 0.507269107421875 0.961330298828125 0.505290125 0.95571408984375 0.5243975234375 0.948148744140625 0.502464591796875 0.945245587890625 0.4994839375 0.931342599609375 0.494801201171875 0.970044650390625 0.48856725 0.974401828125 0.47739801171875 0.970197158203125 0.478636857421875 0.95248085546875 0.486575021484375 0.94071083984375 0.488454447265625 0.857305439453125 0.49324572265625 0.84531537109375 0.49341195703125 0.83163243359375 0.5242248984375 0.826255076171875 0.53046996484375 0.804780474609375 0.539028615234375 0.806748412109375 0.543629296875 0.7974839296875 0.552283244140625 0.798089072265625 0.556527099609375 0.805233111328125 0.5632020625 0.800222044921875 0.58060525 0.8000695390625 0.611311783203125 0.8131723984375 0.620180677734375 0.82200930859375 0.62638129296875 0.86900440625 0.659042451171875 0.87676612109375 0.683765447265625 0.896297853515625 0.688665259765625 0.911019771484375 0.69760715234375 1 0.78908108984375 1
0 0.708941484375 0.41190140234375 0.71927528515625 0.394136353515625 0.71478101171875 0.384920619140625 0.71065680859375 0.387371138671875 0.70921412890625 0.37973824609375 0.714506236328125 0.3718915703125 0.71350456640625 0.363604791015625 0.721026078125 0.363446017578125 0.723361888671875 0.352653703125 0.701333662109375 0.35111333984375 0.696125734375 0.3747146484375 0.685362037109375 0.376016162109375 0.671905703125 0.404518509765625 0.682002330078125 0.412756544921875 0.69877391796875 0.41598351171875 0.708941484375 0.41190140234375
0 1 0.127341421875 0.99374444921875 0.126428044921875 0.9681881484375 0.130118798828125 0.944085640625 0.124325017578125 0.937029494140625 0.134787251953125 0.9263965625 0.128565900390625 0.910972357421875 0.1343346171875 0.892186314453125 0.13165151171875 0.883055890625 0.13786033203125 0.8573799375 0.13195652734375 0.849537068359375 0.142363748046875 0.8422659765625 0.144594216796875 0.825148673828125 0.140658345703125 0.81889036328125 0.134058169921875 0.8302613046875 0.118419828125 0.821523173828125 0.1020600546875 0.793987888671875 0.100134599609375 0.780972564453125 0.12798305859375 0.743209888671875 0.12534243359375 0.733292740234375 0.131496240234375 0.72983560546875 0.124407212890625 0.71592501953125 0.125488673828125 0.714650705078125 0.149365048828125 0.72792969140625 0.1516630625 0.7336516953125 0.160279921875 0.7441649765625 0.156906712890625 0.748563953125 0.16748523828125 0.748612666015625 0.189399943359375 0.754394498046875 0.20281408203125 0.77880725 0.215476837890625 0.78302675 0.211663525390625 0.791490103515625 0.21499425390625 0.7977129453125 0.227754501953125 0.806772431640625 0.233865828125 0.821720158203125 0.23491107421875 0.830134798828125 0.21632709765625 0.82974250390625 0.23889569140625 0.8334145859375 0.254216486328125 0.824501435546875 0.29337919140625 0.831078298828125 0.344671845703125 0.84595970703125 0.341802244140625 0.8538915078125 0.309120087890625 0.905006392578125 0.30487396484375 0.9014691171875 0.355459369140625 0.845518814453125 0.369412486328125 0.8290929375 0.366894419921875 0.823847412109375 0.351463599609375 0.739668111328125 0.345577208984375 0.7300368515625 0.34764263671875 0.728487763671875 0.35848996484375 0.78613344921875 0.3707376796875 0.792666533203125 0.390366904296875 0.84251593359375 0.389744345703125 0.895631876953125 0.3989363984375 0.900412037109375 0.4040637578125 0.9081373828125 0.429254173828125 0.901271828125 0.436990826171875 0.898960375 0.4587404921875 0.89297683984375 0.465169361328125 0.89651815625 0.488013021484375 0.99438198046875 0.501703609375 1 0.4912173203125 1 0.127341421875
0 0.67778968359375 0.309068029296875 0.6781110390625 0.298819578125 0.679899431640625 0.30716137109375 0.69012682421875 0.307876541015625 0.693761306640625 0.284165205078125 0.690459294921875 0.280510666015625 0.67906399609375 0.285191654296875 0.661445859375 0.27711239453125 0.696061646484375 0.27953296484375 0.70459594140625 0.270543548828125 0.718852240234375 0.27017098828125 0.728614265625 0.260582697265625 0.730664189453125 0.253878759765625 0.72620538671875 0.238502953125 0.725405419921875 0.210373162109375 0.701493501953125 0.201853796875 0.664923087890625 0.204774369140625 0.6312602578125 0.188725873046875 0.61552580859375 0.18762561328125 0.611031537109375 0.17840987890625 0.6120797890625 0.163419162109375 0.60679879296875 0.1541484140625 0.593734755859375 0.16008216796875 0.571110396484375 0.155761205078125 0.56792803515625 0.1617012265625 0.56943054296875 0.174131396484375 0.566343478515625 0.178708626953125 0.562409865234375 0.178433560546875 0.554994765625 0.160112115234375 0.546817294921875 0.15269301171875 0.531834099609375 0.157807837890625 0.516126140625 0.212857130859375 0.514887294921875 0.230573431640625 0.5172119921875 0.23689854296875 0.57442778125 0.232682724609375 0.599126421875 0.241257103515625 0.603680521484375 0.2552701171875 0.61607748828125 0.258875912109375 0.625589095703125 0.247215921875 0.6386774921875 0.25223951953125 0.6449469140625 0.241722271484375 0.649762544921875 0.240689556640625 0.655830263671875 0.25001531640625 0.6581194921875 0.262500501953125 0.6516594765625 0.2757433359375 0.651683833984375 0.2867006875 0.671400607421875 0.309990716796875 0.67778968359375 0.309068029296875
0 0.403359037109375 0.129651599609375 0.405371361328125 0.083915533203125 0.39838615625 0.082057623046875 0.385537064453125 0.09622314453125 0.380315896484375 0.091749677734375 0.36995773828125 0.098557373046875 0.37306916015625 0.104937498046875 0.3840832734375 0.1057076796875 0.38595584765625 0.129804107421875 0.403359037109375 0.129651599609375
0 0.53607795703125 0.164951875 0.536840322265625 0.154049537109375 0.540904701171875 0.14680173828125 0.55005948046875 0.15155026953125 0.56473243359375 0.13956646875 0.566423400390625 0.104078853515625 0.550414177734375 0.089949546875 0.546742095703125 0.074628751953125 0.54053462890625 0.135135482421875 0.532095630859375 0.142762107421875 0.529688880859375 0.165874564453125 0.53607795703125 0.164951875
0 0.523490396484375 0.16407166796875 0.521772943359375 0.14340973046875 0.520139671875 0.13850242578125 0.503558673828125 0.13254987109375 0.511519064453125 0.0865450078125 0.50920548046875 0.063102470703125 0.503233056640625 0.05241391796875 0.49590213671875 0.04984710546875 0.49625896484375 0.033438583984375 0.49988233203125 0.026844673828125 0.492050578125 0.02013447265625 0.48241931640625 0.022199900390625 0.47749727734375 0.04171283203125 0.48765373046875 0.05474814453125 0.489561775390625 0.0726845 0.483983779296875 0.0846195546875 0.479812994140625 0.1103475703125 0.465926763671875 0.122386384765625 0.461301724609375 0.12069351171875 0.459717166015625 0.137700912109375 0.474509771484375 0.135311671875 0.48023177734375 0.143928529296875 0.502951431640625 0.14688669921875 0.5047287109375 0.172345916015625 0.523490396484375 0.16407166796875
0 0.448155634765625 0.1560648359375 0.4559497890625 0.12374291015625 0.458261244140625 0.101993244140625 0.456328841796875 0.0730995390625 0.447927443359375 0.119758291015625 0.4485346875 0.10542146484375 0.4450775546875 0.0983324375 0.448532556640625 0.060229263671875 0.44438399609375 0.0517224296875 0.444359640625 0.040765078125 0.42577530078125 0.01823896484375 0.415142369140625 0.01201761328125 0.39135010546875 0.01309280859375 0.36674676171875 0.003155638671875 0.345910794921875 0.007176470703125 0.305191818359375 0.0015902109375 0.2690624140625 0.003856892578125 0.2669171953125 0.011923619140625 0.270374328125 0.019012646484375 0.2687299453125 0.031222765625 0.28175851171875 0.031449083984375 0.28445328125 0.04944044921875 0.29136541796875 0.0184263046875 0.293439697265625 0.02267971875 0.316254646484375 0.024275095703125 0.318484048828125 0.031963 0.315826880859375 0.053003763671875 0.342169904296875 0.049368021484375 0.35262548828125 0.086389736328125 0.36341354296875 0.09604557421875 0.371232052734375 0.074681 0.39538114453125 0.05719728125 0.411902314453125 0.0583525546875 0.42844784375 0.070465181640625 0.43165455859375 0.07548251171875 0.428902095703125 0.097886068359375 0.424181759765625 0.097555990234375 0.420319087890625 0.08496078125 0.409364798828125 0.088987876953125 0.407102060546875 0.132652248046875 0.426233814453125 0.136044255859375 0.43438692578125 0.132506009765625 0.437963712890625 0.149189595703125 0.4434220546875 0.127659982421875 0.444818154296875 0.158570369140625 0.448155634765625 0.1560648359375