1 0.5185546875 0.849609375 0.1513671875 0.30078125
1 0.392578125 0.6884765625 0.1875 0.2724609375
1 0.1552734375 0.6884765625 0.134765625 0.2587890625
1 0.2197265625 0.8466796875 0.07421875 0.158203125
1 0.7490234375 0.623046875 0.1572265625 0.1611328125
1 0.8994140625 0.6484375 0.1484375 0.2060546875
1 0.9775390625 0.6025390625 0.0439453125 0.16015625
1 0.7529296875 0.4013671875 0.1494140625 0.1611328125
1 0.67578125 0.427734375 0.0712890625 0.099609375
1 0.5498046875 0.443359375 0.09375 0.1064453125
1 0.1875 0.3876953125 0.08984375 0.2197265625
1 0.0478515625 0.388671875 0.095703125 0.23828125
1 0.16796875 0.1376953125 0.26171875 0.21484375
1 0.888671875 0.2626953125 0.1640625 0.1162109375
1 0.2783203125 0.3095703125 0.07421875 0.1123046875
1 0.3994140625 0.3095703125 0.083984375 0.0498046875
1 0.474609375 0.259765625 0.0771484375 0.0458984375
1 0.439453125 0.0595703125 0.1103515625 0.0654296875
1 0.9755859375 0.158203125 0.0478515625 0.1064453125
1 0.7861328125 0.037109375 0.0322265625 0.0380859375
1 0.92578125 0.0322265625 0.0361328125 0.0390625
1 0.85546875 0.052734375 0.0419921875 0.0458984375
1 0.505859375 0.328125 0.08203125 0.0625
1 0.9248046875 0.3720703125 0.095703125 0.1025390625
0 0 0.998150431640625 0.017755232421875 0.9993834765625 0.023779328125 0.997533908203125 0.025998732421875 0.991985203125 0.023145212890625 0.98397040625 0.016169943359375 0.98027126953125 0.0139505390625 0.9697903828125 0.016487 0.9537607890625 0.0253646171875 0.93403205859375 0.022828154296875 0.909371146484375 0.024413443359375 0.89642416796875 0.031388712890625 0.891491984375 0.03233988671875 0.90443896484375 0.03741280859375 0.915536375 0.036778693359375 0.924167693359375 0.045339251953125 0.937114673828125 0.05168040625 0.93464858203125 0.05960684765625 0.947595560546875 0.06119213671875 0.982737361328125 0.077045021484375 0.98027126953125 0.081800888671875 0.975955611328125 0.084337349609375 0.9537607890625 0.094166138671875 0.93834771875 0.11540900390625 0.932799013671875 0.116043119140625 0.890875462890625 0.11857958203125 0.878545005859375 0.125871908203125 0.866831072265625 0.13506658203125 0.879778052734375 0.1404565625 0.897657212890625 0.158211794921875 0.9149198515625 0.1699429296875 0.9389642421875 0.17279644921875 0.993834771484375 0.182942294921875 0.998766955078125 0.20450221875 0.998766955078125 0.2060875078125 0.991985203125 0.20164869921875 0.974722564453125 0.19213696875 0.963625154296875 0.184527583984375 0.93403205859375 0.185795814453125 0.898273736328125 0.180722890625 0.8699136875 0.18516169921875 0.820591861328125 0.176601140625 0.816276203125 0.17279644921875 0.802712701171875 0.16708941015625 0.816276203125 0.1616994296875 0.820591861328125 0.160114140625 0.832305794921875 0.134115408203125 0.848335388671875 0.128725427734375 0.8316892734375 0.1493341796875 0.808877927734375 0.0903614453125 0.812577064453125 0.0862396953125 0.816892724609375 0.081800888671875 0.8464858203125 0.074508560546875 0.861898890625 0.042802791015625 0.870530208984375 0.0418516171875 0.855117138671875 0.038046923828125 0.847718865234375 0.039949271484375 0.805795314453125 0.03646163671875 0.806411837890625 0.02916930859375 0.824290998046875 0.027901078125 0.840320591796875 0.017755232421875 0.85758323046875 0.00697526953125 0.88840937109375 0.0057070390625 0.9081381015625 0 0.93156596875 0 0.998150431640625
0 0.454660748046875 0.893341552734375 0.451490171875 0.867447595703125 0.437856689453125 0.859432798828125 0.423906150390625 0.829839703125 0.400443880859375 0.832305794921875 0.397590361328125 0.8378545 0.398858591796875 0.87361282421875 0.405833861328125 0.884710234375 0.40519974609375 0.8921085078125 0.400443880859375 0.898890259765625 0.388078630859375 0.893341552734375 0.3899809765625 0.885943279296875 0.3842739375 0.8699136875 0.389346861328125 0.839087546875 0.380786302734375 0.82614056640625 0.37317691796875 0.824907521484375 0.361128724609375 0.800246609375 0.358909322265625 0.820591861328125 0.355738744140625 0.824290998046875 0.3662016484375 0.828606658203125 0.367152822265625 0.839087546875 0.364616359375 0.8464858203125 0.3652504765625 0.85758323046875 0.356372859375 0.867447595703125 0.35351933984375 0.88779284765625 0.34432466796875 0.847718865234375 0.3506658203125 0.839087546875 0.3506658203125 0.8316892734375 0.345909955078125 0.83107275 0.33544705078125 0.816892724609375 0.336081166015625 0.8008631328125 0.341788205078125 0.793464857421875 0.33956880078125 0.7916152890625 0.328154724609375 0.790382244140625 0.322447685546875 0.801479654296875 0.314204185546875 0.80394574609375 0.307228916015625 0.817509248046875 0.29771718359375 0.8236744765625 0.2824984140625 0.843403205078125 0.27869372265625 0.84217016015625 0.274889029296875 0.832305794921875 0.266645529296875 0.836004931640625 0.262523779296875 0.8464858203125 0.26632847265625 0.8773119609375 0.264426125 0.883477189453125 0.26632847265625 0.9229346484375 0.26315789453125 0.9389642421875 0.2577679140625 0.94204685546875 0.25237793359375 0.952527744140625 0.24920735546875 0.9685573359375 0.251426759765625 0.99630086328125 0.259353203125 0.989519111328125 0.259353203125 0.975955611328125 0.262206720703125 0.969173859375 0.267913759765625 0.967940814453125 0.276157259765625 0.9765721328125 0.279961953125 0.98766954296875 0.294546607421875 0.990135634765625 0.29771718359375 0.998766955078125 0.3053265703125 0.997533908203125 0.315789474609375 0.978421701171875 0.314204185546875 0.95067817578125 0.318325935546875 0.95006165234375 0.321179455078125 0.974106041015625 0.333861763671875 0.9765721328125 0.337666455078125 0.928483353515625 0.365567533203125 0.924784216796875 0.369689283203125 0.930332921875 0.3703233984375 0.94266337890625 0.3801521875 0.9543773125 0.392200380859375 0.959309494140625 0.409955611328125 0.955610357421875 0.418833228515625 0.960542541015625 0.42739378515625 0.97718865625 0.428662015625 0.99321825 0.432149650390625 1 0.471147748046875 0.9993834765625 0.475586556640625 0.991985203125 0.46924540234375 0.9697903828125 0.468611287109375 0.946362515625 0.454660748046875 0.893341552734375
0 1 0.45807644921875 0.99714648046875 0.456226880859375 0.971781865234375 0.45006165234375 0.963855421875 0.45807644921875 0.963221306640625 0.4778051796875 0.95275840234375 0.489519111328125 0.928662015625 0.490752158203125 0.915979708984375 0.483353884765625 0.89441978515625 0.482120837890625 0.89283449609375 0.45807644921875 0.886176283203125 0.454993833984375 0.883956880859375 0.459309494140625 0.880786302734375 0.49630086328125 0.877932783203125 0.4993834765625 0.875079263671875 0.4926017265625 0.878249841796875 0.46547472265625 0.87571337890625 0.444512947265625 0.8595434375 0.4229346484375 0.847495244140625 0.420468556640625 0.84369055078125 0.4081381015625 0.831642359375 0.400739828125 0.83132530078125 0.423551171875 0.839251744140625 0.429099876953125 0.847495244140625 0.4537607890625 0.859860494140625 0.45807644921875 0.86239695703125 0.48890258984375 0.858909322265625 0.498150431640625 0.8145212421875 0.5006165234375 0.8062777421875 0.516646115234375 0.784083703125 0.520345251953125 0.76886493359375 0.51171393359375 0.753012048828125 0.510480888671875 0.749841470703125 0.505548705078125 0.737793279296875 0.50678175 0.723842740234375 0.489519111328125 0.7060875078125 0.487053021484375 0.694039314453125 0.4697903828125 0.690234623046875 0.4697903828125 0.687064044921875 0.48088779296875 0.678820544921875 0.485819974609375 0.66296766015625 0.487053021484375 0.648383005859375 0.4697903828125 0.64077362109375 0.4537607890625 0.633164236328125 0.447595560546875 0.62428662109375 0.42663378515625 0.6116043125 0.420468556640625 0.608433734375 0.398273736328125 0.5944831953125 0.393341552734375 0.592897908203125 0.374229345703125 0.588776158203125 0.36621455078125 0.58053265625 0.36621455078125 0.57767913671875 0.348335388671875 0.572923271484375 0.339087546875 0.564679771484375 0.3316892734375 0.553899810546875 0.31072749609375 0.549461001953125 0.31072749609375 0.55041217578125 0.352034525390625 0.563094482421875 0.366831072265625 0.56816740625 0.38902589453125 0.58750792578125 0.390875462890625 0.5935320234375 0.39642416796875 0.59733671484375 0.451911220703125 0.608116677734375 0.46547472265625 0.611921369140625 0.50369913671875 0.608433734375 0.510480888671875 0.600824349609375 0.510480888671875 0.59638554296875 0.508014796875 0.594166138671875 0.498766955078125 0.588776158203125 0.49321825 0.565948001953125 0.5006165234375 0.5615091953125 0.49691738671875 0.541217501953125 0.498150431640625 0.53646163671875 0.506165228515625 0.53899809765625 0.529593095703125 0.536144578125 0.536374845703125 0.51268230859375 0.54254007421875 0.4942929609375 0.541307029296875 0.48763475 0.53452527734375 0.48763475 0.51849568359375 0.50031705859375 0.50369913671875 0.499048826171875 0.48027126953125 0.48636651953125 0.453144265625 0.483830056640625 0.435881626953125 0.471147748046875 0.41122071484375 0.468611287109375 0.393958076171875 0.4663918828125 0.389642416015625 0.454977806640625 0.38840937109375 0.453392517578125 0.4457459921875 0.45656309375 0.497533908203125 0.467025998046875 0.510480888671875 0.484147115234375 0.514180025390625 0.48636651953125 0.51849568359375 0.48636651953125 0.53452527734375 0.483513 0.54254007421875 0.439759037109375 0.545006166015625 0.428344958984375 0.53514180078125 0.42232086328125 0.51849568359375 0.447685478515625 0.509864365234375 0.44958782421875 0.485203453125 0.447685478515625 0.375462392578125 0.42644261328125 0.378545005859375 0.41946734375 0.394574599609375 0.397907419921875 0.39580764453125 0.385225111328125 0.390875462890625 0.382371591796875 0.375462392578125 0.38871274609375 0.366831072265625 0.386493341796875 0.362515412109375 0.37634749609375 0.360049322265625 0.354787572265625 0.344019728515625 0.344007609375 0.34278668359375 0.33671528125 0.321208384765625 0.337983513671875 0.306411837890625 0.32878883984375 0.30456226953125 0.32561826171875 0.362515412109375 0.311033607421875 0.37237977734375 0.287571337890625 0.3760789140625 0.27869372265625 0.387176326171875 0.267913759765625 0.385943279296875 0.262840837890625 0.378545005859375 0.25491439453125 0.3840937109375 0.255548509765625 0.4926017265625 0.254280279296875 0.51233045703125 0.251426759765625 0.51911220703125 0.231769181640625 0.5154130703125 0.20450221875 0.517879162109375 0.200063412109375 0.537607890625 0.139822447265625 0.54254007421875 0.13760304296875 0.513563501953125 0.139505390625 0.48766954296875 0.1445783125 0.474106041015625 0.141407736328125 0.455610357421875 0.147114775390625 0.42725030859375 0.147748890625 0.397657212890625 0.154090044921875 0.359432798828125 0.155358275390625 0.32614056640625 0.153772986328125 0.31935881640625 0.1487000625 0.318125771484375 0.12523779296875 0.31935881640625 0.115091947265625 0.3304562265625 0.092580849609375 0.333538841796875 0.093849080078125 0.374229345703125 0.097019658203125 0.39642416796875 0.09638554296875 0.424784216796875 0.078630310546875 0.44204685546875 0.074825619140625 0.51109741015625 0.066265060546875 0.54254007421875 0.015535828125 0.547472255859375 0.010779962890625 0.54192355078125 0.011731134765625 0.5314426640625 0 0.551787916015625 0 0.604808876953125 0.00697526953125 0.61097410546875 0.0025364609375 0.644266337890625 0.00443880859375 0.663995068359375 0.008877615234375 0.67385943359375 0.008877615234375 0.68125770703125 0 0.7083847109375 0.00031705859375 0.8532675703125 0.00951173046875 0.85018495703125 0.010145845703125 0.83415536328125 0.01838934765625 0.802096177734375 0.00538998046875 0.794081380859375 0.00697526953125 0.786066583984375 0.019974634765625 0.78051787890625 0.024413443359375 0.7916152890625 0.028535193359375 0.78853267578125 0.031388712890625 0.775585697265625 0.03899809765625 0.778051787109375 0.03931515625 0.763871763671875 0.051046291015625 0.721331689453125 0.05294863671875 0.73489519140625 0.059289791015625 0.72749691796875 0.0624603671875 0.72749691796875 0.066265060546875 0.736128236328125 0.078947369140625 0.736128236328125 0.0862396953125 0.729346486328125 0.0944831953125 0.682490751953125 0.108433734375 0.633168927734375 0.106531388671875 0.61837237890625 0.1141407734375 0.60727496875 0.12523779296875 0.579531443359375 0.131578947265625 0.575832306640625 0.1379201015625 0.56473489453125 0.14235891015625 0.56473489453125 0.156943564453125 0.579531443359375 0.200063412109375 0.59556103515625 0.220038046875 0.61097410546875 0.2225745078125 0.625770654296875 0.219403931640625 0.638101109375 0.21876981640625 0.697287298828125 0.211794546875 0.760172626953125 0.21464806640625 0.766954376953125 0.220672162109375 0.762638716796875 0.220672162109375 0.746609125 0.225110970703125 0.720715166015625 0.229232720703125 0.71146732421875 0.248890298828125 0.712700369140625 0.25491439453125 0.731812576171875 0.255231451171875 0.741060419921875 0.255548509765625 0.733045623046875 0.259353203125 0.73057953125 0.26727964453125 0.610357583984375 0.269499048828125 0.64180024609375 0.271084337890625 0.647348951171875 0.279010779296875 0.651664611328125 0.280913126953125 0.671393341796875 0.26886493359375 0.68125770703125 0.266962587890625 0.731812576171875 0.28027901171875 0.762638716796875 0.28027901171875 0.7700369921875 0.27869372265625 0.778051787109375 0.26632847265625 0.78853267578125 0.26569435546875 0.802096177734375 0.27869372265625 0.80394574609375 0.2824984140625 0.81997533984375 0.284083703125 0.81072749609375 0.293278376953125 0.801479654296875 0.297083068359375 0.7916152890625 0.3094483203125 0.7848335390625 0.30247305078125 0.724414302734375 0.301838935546875 0.6615289765625 0.3135700703125 0.6547472265625 0.34939758984375 0.647965474609375 0.348129359375 0.631935880859375 0.342105263671875 0.6239210859375 0.30659480078125 0.6300863125 0.30500951171875 0.625770654296875 0.316740646484375 0.610357583984375 0.344641724609375 0.609124537109375 0.35668991796875 0.60295930859375 0.37571337890625 0.5770653515625 0.404248572265625 0.551171392578125 0.42771084375 0.57213316796875 0.450538998046875 0.584463625 0.455611921875 0.5930949453125 0.5139505390625 0.594327990234375 0.519657578125 0.609124537109375 0.5263157890625 0.617139333984375 0.606848447265625 0.8464858203125 0.6239695625 0.885943279296875 0.6265060234375 0.90320591796875 0.64172479296875 0.95006165234375 0.663601775390625 0.997533908203125 1 0.998150431640625 1 0.940197287109375 0.994927076171875 0.93403205859375 0.99302473046875 0.918002466796875 0.988585921875 0.916769419921875 0.98890298046875 0.91122071484375 0.99587825 0.917385943359375 0.996829423828125 0.9081381015625 0.988268865234375 0.890258939453125 0.985415345703125 0.8921085078125 0.98763475 0.908754623046875 0.980025365234375 0.906288533203125 0.973050095703125 0.909987669921875 0.971464806640625 0.898273736328125 0.971464806640625 0.88840937109375 0.98065948046875 0.861898890625 0.984464171875 0.861898890625 0.986683576171875 0.87361282421875 1 0.8921085078125 1 0.778668310546875 0.978440076171875 0.747842169921875 0.98161065234375 0.7379778046875 0.98478123046875 0.70345252734375 0.9933417890625 0.694204685546875 0.993658845703125 0.687422935546875 0.981293595703125 0.667077681640625 0.97083069140625 0.667694205078125 0.9663918828125 0.7145499375 0.959733671875 0.72626387109375 0.9147114765625 0.73489519140625 0.896322130859375 0.732429099609375 0.890932150390625 0.787299630859375 0.8785668984375 0.84710234375 0.8512999375 0.84710234375 0.824032974609375 0.864364982421875 0.808814205078125 0.864364982421875 0.784083703125 0.8532675703125 0.780596068359375 0.860049322265625 0.776791376953125 0.890875462890625 0.772669625 0.895191123046875 0.766645529296875 0.889642416015625 0.765377298828125 0.8612823671875 0.75491439453125 0.839704068359375 0.733354470703125 0.84710234375 0.7225745078125 0.83107275 0.7175015859375 0.83107275 0.70735573828125 0.817509248046875 0.70228281640625 0.800246609375 0.699746353515625 0.80394574609375 0.659162966796875 0.802712701171875 0.6487000625 0.783600494140625 0.634115408203125 0.745376078125 0.618896638671875 0.718249076171875 0.617628408203125 0.705918619140625 0.61953075390625 0.666461158203125 0.624920736328125 0.667077681640625 0.631261890625 0.676942046875 0.6322130625 0.659062884765625 0.644261255859375 0.65043156640625 0.64331008203125 0.64611590625 0.6347495234375 0.6454993828125 0.6379201015625 0.635635017578125 0.635383640625 0.62700369921875 0.635383640625 0.60727496875 0.639505390625 0.614056720703125 0.642675966796875 0.605425400390625 0.65472416015625 0.609124537109375 0.658211794921875 0.592478421875 0.653772986328125 0.58754623828125 0.652187697265625 0.579531443359375 0.655992390625 0.579531443359375 0.659162966796875 0.58939580859375 0.66740646875 0.58816276171875 0.670894103515625 0.582614056640625 0.67438173828125 0.563501849609375 0.68833227734375 0.548705302734375 0.702916931640625 0.547472255859375 0.726379201171875 0.563501849609375 0.73272035546875 0.57213316796875 0.776474318359375 0.56843403125 0.784083703125 0.575832306640625 0.796131896484375 0.57336621484375 0.796448953125 0.55055487109375 0.80754597265625 0.543773119140625 0.827837666015625 0.5462392109375 0.839885859375 0.55856966796875 0.85256816796875 0.556103576171875 0.85764108984375 0.547472255859375 0.8703233984375 0.5462392109375 0.890615091796875 0.548705302734375 0.89441978515625 0.553637484375 0.9064679765625 0.552404439453125 0.9096385546875 0.559802712890625 0.951490171875 0.54993834765625 0.957831326171875 0.552404439453125 0.96924540234375 0.547472255859375 0.989537095703125 0.528976572265625 1 0.525893958984375 1 0.45807644921875
0 0.734622701171875 0.0850801484375 0.72954977734375 0.059186189453125 0.697209892578125 0.06165228125 0.680722890625 0.051787916015625 0.678820544921875 0.0456226875 0.643944197265625 0.03452527734375 0.639505390625 0.020961775390625 0.635383640625 0.02281134375 0.634432466796875 0.046855734375 0.66740646875 0.067817509765625 0.671845275390625 0.077681875 0.695307546875 0.08014796484375 0.740329740234375 0.11097410546875 0.7454026640625 0.1233045625 0.7504755859375 0.122071517578125 0.754280279296875 0.12700369921875 0.758084970703125 0.122071517578125 0.7824984140625 0.13501849609375 0.791693087890625 0.1146732421875 0.765060240234375 0.106041923828125 0.75745085546875 0.0850801484375 0.734622701171875 0.0850801484375
0 0.98763475 0.22688039453125 0.985098287109375 0.21948212109375 0.97748890234375 0.220715166015625 0.969879517578125 0.213316892578125 0.953392517578125 0.2145499375 0.9375396328125 0.20468557421875 0.93183259375 0.189889025390625 0.92232086328125 0.189889025390625 0.918199111328125 0.1843403203125 0.92327203515625 0.178175091796875 0.923906150390625 0.155980271484375 0.92168674609375 0.1467324296875 0.91756499609375 0.144882861328125 0.920101458984375 0.137484587890625 0.91534559375 0.13440197265625 0.90932149609375 0.1387176328125 0.907419150390625 0.152281134765625 0.90932149609375 0.1695437734375 0.9064679765625 0.17385943359375 0.8760304375 0.1775585703125 0.861445783203125 0.170160296875 0.862714013671875 0.16522811328125 0.8703233984375 0.163995068359375 0.88300570703125 0.133168927734375 0.892200380859375 0.12638717578125 0.8899809765625 0.106041923828125 0.850031705078125 0.10727496875 0.83259353125 0.114056720703125 0.83861762890625 0.11960542578125 0.845909955078125 0.1387176328125 0.838934685546875 0.1855733671875 0.840519974609375 0.205918619140625 0.86081166796875 0.20468557421875 0.86334812890625 0.193588162109375 0.865884591796875 0.20468557421875 0.89124920703125 0.20345252734375 0.9055168046875 0.22626387109375 0.911540900390625 0.245376078125 0.952124287109375 0.245376078125 0.96829423046875 0.270653513671875 0.9778059609375 0.29654747265625 0.988268865234375 0.27990135546875 1 0.2854500625 0.99968294140625 0.22688039453125 0.98763475 0.22688039453125
0 0.06372859765625 0 0.067216232421875 0.0154130703125 0.0615091953125 0.02774352734375 0.057704501953125 0.053637484375 0.06689917578125 0.0542540078125 0.07102092578125 0.0610357578125 0.063094482421875 0.0690505546875 0.040266328125 0.07398273828125 0.038046923828125 0.0770653515625 0.03931515625 0.0918618984375 0.028852251953125 0.102342787109375 0.023779328125 0.1146732421875 0.0180722890625 0.106041923828125 0.00951173046875 0.1078914921875 0.008877615234375 0.114056720703125 0.016169943359375 0.1159062890625 0.0247305 0.14241676953125 0.016169943359375 0.163995068359375 0 0.1695437734375 0 0.23489519140625 0.00443880859375 0.23489519140625 0.007926443359375 0.2231812578125 0.03741280859375 0.20406905078125 0.036778693359375 0.15844636328125 0.0779961953125 0.075832306640625 0.079898541015625 0.06596794140625 0.09638554296875 0.0388409375 0.09480025390625 0 0.06372859765625 0
0 0.4137603046875 0.135635017578125 0.41534559375 0.11898890234375 0.41344324609375 0.110357583984375 0.408053265625 0.11097410546875 0.404248572265625 0.104808876953125 0.400443880859375 0.10727496875 0.3858592265625 0.091245376953125 0.3817374765625 0.079531443359375 0.380786302734375 0.0530209609375 0.3776157265625 0.05795314453125 0.3662016484375 0.0530209609375 0.357324033203125 0.056720099609375 0.351616994140625 0.05055487109375 0.336398224609375 0.0530209609375 0.333861763671875 0.046855734375 0.332276474609375 0.054870529296875 0.32878883984375 0.056720099609375 0.3218135703125 0.046855734375 0.32149651171875 0.0622688046875 0.32847178125 0.074599259765625 0.333544705078125 0.10295930859375 0.337983513671875 0.09556103515625 0.33861762890625 0.121454994140625 0.35510462890625 0.163378544921875 0.356372859375 0.183107275390625 0.389346861328125 0.1855733671875 0.395053900390625 0.183107275390625 0.391883322265625 0.159679408203125 0.3925174375 0.144882861328125 0.4137603046875 0.135635017578125