1 0.021484375 0.5302734375 0.04296875 0.064453125
1 0.0625 0.833984375 0.076171875 0.0859375
1 0.513671875 0.8251953125 0.05078125 0.04296875
1 0.3037109375 0.7119140625 0.04296875 0.05859375
1 0.7041015625 0.982421875 0.076171875 0.03515625
1 0.1240234375 0.86328125 0.064453125 0.060546875
1 0.1298828125 0.77734375 0.060546875 0.05859375
1 0.33203125 0.9501953125 0.05859375 0.056640625
1 0.2431640625 0.689453125 0.0390625 0.044921875
1 0.369140625 0.8837890625 0.0546875 0.0546875
1 0.025390625 0.697265625 0.05078125 0.0625
1 0.068359375 0.890625 0.068359375 0.06640625
1 0.21484375 0.76171875 0.048828125 0.0625
1 0.283203125 0.6884765625 0.04296875 0.048828125
1 0.42578125 0.96875 0.0546875 0.056640625
1 0.9462890625 0.6552734375 0.0546875 0.0625
1 0.4072265625 0.986328125 0.064453125 0.0234375
1 0.4365234375 0.7998046875 0.0390625 0.0625
1 0.47265625 0.8056640625 0.05078125 0.072265625
1 0.443359375 0.9228515625 0.046875 0.060546875
1 0.7314453125 0.935546875 0.048828125 0.064453125
1 0.1640625 0.603515625 0.06640625 0.076171875
1 0.84375 0.98046875 0.0703125 0.0390625
1 0.0791015625 0.6240234375 0.03125 0.046875
1 0.1201171875 0.60546875 0.033203125 0.04296875
0 0.06948119921875 0.48402416015625 0.077304408203125 0.4874436328125 0.083992212890625 0.4818387734375 0.09459023828125 0.49375274609375 0.10233313671875 0.487493857421875 0.149696091796875 0.48877816796875 0.169305341796875 0.468353857421875 0.18719210546875 0.47039920703125 0.1985876796875 0.457012021484375 0.2212154453125 0.442499111328125 0.23536922265625 0.441994392578125 0.248778060546875 0.422008744140625 0.254491080078125 0.42673628125 0.264003548828125 0.416462025390625 0.27416402734375 0.42037830078125 0.2839368046875 0.40313298046875 0.2930588046875 0.403315322265625 0.2927486484375 0.42345028515625 0.295880701171875 0.430264119140625 0.302391271484375 0.40969049609375 0.307796900390625 0.402934802734375 0.3146785546875 0.4079107421875 0.32032787890625 0.39857194921875 0.32626798046875 0.405104353515625 0.33110590625 0.393836494140625 0.359870388671875 0.36481859375 0.372157671875 0.36303883984375 0.337602626953125 0.346032642578125 0.273781857421875 0.33598031640625 0.24891651171875 0.323668630859375 0.223887783203125 0.32361840625 0.03435194921875 0.28583466796875 0.00093408203125 0.44305337109375 0.010791896484375 0.4469569765625 0.033970748046875 0.441344201171875 0.039780693359375 0.45136213671875 0.057343451171875 0.44631222265625 0.068833185546875 0.46983362890625 0.06948119921875 0.48402416015625
0 0.82271640625 0.816275943359375 0.81086666796875 0.826053396484375 0.79593195703125 0.847471310546875 0.7870370390625 0.8490938359375 0.75546451171875 0.878393166015625 0.752606619140625 0.891838494140625 0.75398571875 0.898279728515625 0.767455486328125 0.9239786015625 0.794885181640625 0.93859195703125 0.807482625 0.916677240234375 0.811880236328125 0.929029875 0.80949312109375 0.941696970703125 0.871300626953125 0.95834776171875 0.884025458984375 0.964565705078125 0.88934801171875 0.97974983984375 0.901358369140625 0.9893291171875 0.906777162109375 0.9911310859375 0.97184888671875 0.684992693359375 0.936802314453125 0.678918546875 0.92501903515625 0.67114413671875 0.9159939609375 0.676252193359375 0.8916437109375 0.713234763671875 0.84417830078125 0.76989644140625 0.82271640625 0.816275943359375
0 0.617776111328125 1 0.62917716015625 0.963972294921875 0.652065234375 0.942488322265625 0.660962919921875 0.909247603515625 0.670752314453125 0.88761431640625 0.679680462890625 0.877215861328125 0.6849393203125 0.878333666015625 0.692017591796875 0.862272208984375 0.716010607421875 0.826970306640625 0.729613296875 0.817565453125 0.749352703125 0.793655611328125 0.77139615234375 0.779018501953125 0.798197212890625 0.74343516796875 0.78975922265625 0.717049232421875 0.78956537109375 0.706468435546875 0.793932521484375 0.69597880859375 0.806073033203125 0.70207255078125 0.819515103515625 0.67331096875 0.83892773828125 0.6739240546875 0.852563658203125 0.655743271484375 0.866847591796875 0.65175301953125 0.87967211328125 0.63164316796875 0.903986369140625 0.635054724609375 0.912233275390625 0.619241669921875 0.920413720703125 0.6209804765625 0.92559226953125 0.61241991796875 0.92533472265625 0.587772787109375 0.932980697265625 0.576223498046875 0.947425251953125 0.591589974609375 0.962650736328125 0.586043255859375 0.967375123046875 0.573872962890625 0.928405845703125 0.548902099609375 0.818620607421875 0.50800053515625 0.811642025390625 0.49773419921875 0.810994013671875 0.48354366796875 0.78606220703125 0.488783841796875 0.62268313671875 0.424194365234375 0.50607993359375 0.3923831953125 0.476182814453125 0.380758568359375 0.464529693359375 0.369498626953125 0.456088935546875 0.3747308828125 0.43599505859375 0.36870319921875 0.407069955078125 0.378364369140625 0.34470583203125 0.4160498359375 0.326785837890625 0.42278041796875 0.32376732421875 0.416869015625 0.319286634765625 0.426456208984375 0.31308622265625 0.426894869140625 0.30649534375 0.43779012890625 0.295166228515625 0.433625451171875 0.28234170703125 0.45373530078125 0.235236298828125 0.477098119140625 0.228288185546875 0.48967404296875 0.195012548828125 0.505436873046875 0.189005986328125 0.51645633203125 0.17543652734375 0.51708525390625 0.129239443359375 0.54766753515625 0.123606736328125 0.55261836328125 0.121106080078125 0.564383025390625 0.11852511328125 0.566469322265625 0.10670860546875 0.56747084375 0.100541423828125 0.559133572265625 0.085606712890625 0.58055148828125 0.060641677734375 0.59456759375 0.024477685546875 0.6009334921875 0.00068128515625 0.615198 0 0.61531731640625 0 0.627349380859375 0.01571015625 0.630688677734375 0.037753603515625 0.616051568359375 0.04534973046875 0.617666173828125 0.04742669140625 0.62513404296875 0.056321609375 0.623511517578125 0.07466530078125 0.59754840625 0.109887740234375 0.5927389765625 0.11751709765625 0.585577650390625 0.138001443359375 0.58114873828125 0.150338572265625 0.5662050859375 0.155370349609375 0.565518025390625 0.159784580078125 0.573482693359375 0.191110646484375 0.57838465625 0.194192853515625 0.598362388671875 0.20630013671875 0.613232064453125 0.209285421875 0.627919396484375 0.22817743359375 0.642474611328125 0.22736326953125 0.67216373828125 0.25067227734375 0.6630654296875 0.26210108203125 0.640902310546875 0.28122017578125 0.657262392578125 0.2898243203125 0.639768669921875 0.29485609765625 0.639081609375 0.297857994140625 0.6493809765625 0.29699675 0.660615806640625 0.30228883984375 0.652957681640625 0.31527398046875 0.65220455859375 0.331374560546875 0.662653240234375 0.3361764921875 0.69177950390625 0.3486742421875 0.69619258203125 0.35513496484375 0.688782857421875 0.36331541015625 0.6905216640625 0.36625084765625 0.71837289453125 0.365436685546875 0.748062021484375 0.36214124609375 0.753509650390625 0.35162352734375 0.751274041015625 0.337793759765625 0.758874025390625 0.303055947265625 0.790135453125 0.290101267578125 0.8137308359375 0.282374986328125 0.81560176171875 0.276952740234375 0.826745419921875 0.262181416015625 0.83590187109375 0.236565603515625 0.867345640625 0.21981424609375 0.874324623046875 0.203547513671875 0.907755599609375 0.16200159765625 0.93932651953125 0.2221979921875 0.952121658203125 0.227942080078125 0.920845521484375 0.238997033203125 0.90475103515625 0.265421478515625 0.906854525390625 0.270159716796875 0.9219144609375 0.280353423828125 0.9170548046875 0.30364858203125 0.880726267578125 0.30653970703125 0.8585050078125 0.312075490234375 0.848263783203125 0.3335983125 0.847568802734375 0.341374443359375 0.832533978515625 0.34682991796875 0.812614388671875 0.362088634765625 0.7982917421875 0.372902658203125 0.75316216015625 0.3832763671875 0.73165307421875 0.3960344296875 0.7290950859375 0.406131212890625 0.718945033203125 0.413727341796875 0.720559638671875 0.419260361328125 0.74193660546875 0.41833265625 0.770723298828125 0.42125424609375 0.771344302734375 0.43255289453125 0.752666716796875 0.4450174140625 0.7658557265625 0.45835979296875 0.763421939453125 0.466559619140625 0.729154587890625 0.47430251953125 0.7228956953125 0.4750640703125 0.73798866015625 0.470874158203125 0.763447052734375 0.475532083984375 0.76882862109375 0.48819321875 0.760980234375 0.498957396484375 0.729014552734375 0.50705753125 0.721074994140625 0.510253279296875 0.74195516015625 0.5043104140625 0.76704094921875 0.504975041015625 0.776843513671875 0.5222442578125 0.787540595703125 0.52477537890625 0.7986181953125 0.545323419921875 0.80825561328125 0.547660689453125 0.808752416015625 0.555907595703125 0.792939361328125 0.559997818359375 0.793808763671875 0.562642478515625 0.805788796875 0.5607898359375 0.831743990234375 0.5681561171875 0.863171923828125 0.566012697265625 0.873255919921875 0.5513050703125 0.896478701171875 0.53820362109375 0.92794758203125 0.526029876953125 0.93062976953125 0.509178830078125 0.963936546875 0.501078693359375 0.97187610546875 0.493382873046875 0.996589291015625 0.492805322265625 1 0.617776111328125 1
0 1 0.523718130859375 0.989795185546875 0.521549029296875 0.985153876953125 0.511779494140625 0.968792984375 0.508301880859375 0.940097728515625 0.48814972265625 0.85923482421875 0.46920518359375 0.85693078515625 0.45993244921875 0.835701501953125 0.444880431640625 0.826092109375 0.449864287109375 0.8111601640625 0.439664009765625 0.770485013671875 0.432774837890625 0.752404400390625 0.420148689453125 0.733576083984375 0.419659806640625 0.695985908203125 0.401130173828125 0.583376005859375 0.3648980078125 0.460312080078125 0.3404965625 0.431713748046875 0.325634802734375 0.41311251171875 0.32695078515625 0.38837732421875 0.31115356640625 0.38344247265625 0.317131025390625 0.363445521484375 0.316393740234375 0.281544134765625 0.293715267578125 0.228338005859375 0.291188951171875 0.041478951171875 0.252304759765625 0.036372064453125 0.276330771484375 0.049340216796875 0.274220984375 0.055734478515625 0.284363119140625 0.336109984375 0.3386889765625 0.377109138671875 0.352673412109375 0.41418145703125 0.353526982421875 0.422328673828125 0.364041720703125 0.455634775390625 0.371121150390625 0.460569625 0.365143689453125 0.471087341796875 0.36737930078125 0.483324779296875 0.37876344140625 0.551917017578125 0.395099771484375 0.78327077734375 0.484677306640625 0.807488107421875 0.482798462890625 0.814109451171875 0.494745466796875 0.827191517578125 0.49928274609375 0.8351448828125 0.499216685546875 0.835779046875 0.486176990234375 0.842092998046875 0.486640763671875 0.84741555078125 0.501824896484375 0.852350404296875 0.4958474375 0.8884479375 0.50703340234375 0.88990734765625 0.523153 0.893283099609375 0.527383736328125 0.896805619140625 0.523740974609375 0.900361369140625 0.511322279296875 0.902698638671875 0.51181908203125 0.911770794921875 0.5251653203125 0.898865962890625 0.53559680859375 0.91766105078125 0.544861623046875 0.964276298828125 0.558283197265625 0.968042515625 0.5520573359375 0.971061029296875 0.55796873828125 0.977294671875 0.54875414453125 0.987585306640625 0.549184888671875 0.9956023671875 0.56318516015625 0.996258224609375 0.57015578515625 1 0.5525521171875 1 0.523718130859375