1 0.1181640625 0.0830078125 0.171875 0.166015625
1 0.84375 0.185546875 0.216796875 0.283203125
1 0.2568359375 0.1904296875 0.24609375 0.2724609375
1 0.6376953125 0.23046875 0.224609375 0.33984375
1 0.38671875 0.5498046875 0.3095703125 0.5234375
1 0.4599609375 0.21484375 0.1845703125 0.279296875
1 0.36328125 0.3037109375 0.140625 0.203125
1 0.5390625 0.509765625 0.24609375 0.3759765625
1 0.091796875 0.86328125 0.18359375 0.2734375
0 1 0.274103138671875 0.98772040234375 0.276905830078125 0.982682619140625 0.28923766796875 0.9609571796875 0.313340806640625 0.9609571796875 0.327914798828125 0.95465994921875 0.33576233203125 0.9515113359375 0.355941703125 0.94269521484375 0.37275784765625 0.938287154296875 0.3884529140625 0.933564232421875 0.390134529296875 0.926007556640625 0.406950671875 0.92443325 0.369394619140625 0.92222921875 0.364349775390625 0.9045969765625 0.38004484375 0.8573677578125 0.341928251953125 0.852329974609375 0.359865470703125 0.84729219140625 0.359865470703125 0.82556675 0.391816142578125 0.828085642578125 0.3985426015625 0.82556675 0.411995515625 0.842884130859375 0.42376681640625 0.8444584375 0.43329596484375 0.84256926953125 0.440022421875 0.84729219140625 0.4495515703125 0.851070529296875 0.4439461875 0.856423173828125 0.44899103125 0.849181359375 0.454035875 0.84666246875 0.461883408203125 0.831549119140625 0.477578474609375 0.820843828125 0.49775784765625 0.806360201171875 0.51121076171875 0.778022669921875 0.55269058203125 0.764168765625 0.557174888671875 0.76007556640625 0.580156951171875 0.75283375390625 0.589686099609375 0.740869017578125 0.593049328125 0.72575566796875 0.581838564453125 0.70119647265625 0.54372197265625 0.679156171875 0.52578475390625 0.674748111328125 0.516816142578125 0.66435768359375 0.552130044921875 0.65869017578125 0.559977578125 0.658060453125 0.580156951171875 0.660579345703125 0.59921524609375 0.67380352734375 0.642937220703125 0.673173802734375 0.6575112109375 0.669395466796875 0.670964125 0.626574306640625 0.72029148046875 0.625314861328125 0.7270179375 0.63035264453125 0.739349775390625 0.62688916796875 0.74775784765625 0.58910579296875 0.792600896484375 0.582808564453125 0.8060538125 0.551952140625 0.841928251953125 0.545025189453125 0.855381166015625 0.53998740625 0.855381166015625 0.537468513671875 0.841928251953125 0.5365239296875 0.858183857421875 0.53243073046875 0.868834080078125 0.4965365234375 0.915919283203125 0.483312341796875 0.9304932734375 0.4776448359375 0.931614349609375 0.4187657421875 0.830156951171875 0.403652392578125 0.790919283203125 0.396410580078125 0.77802690625 0.3904282109375 0.774103138671875 0.388853904296875 0.75672645703125 0.38727959765625 0.76625560546875 0.381297228515625 0.7735426015625 0.37562972265625 0.774663677734375 0.372795970703125 0.77073991015625 0.375944583984375 0.74271300390625 0.34666246875 0.688340806640625 0.329345087890625 0.663116591796875 0.236146095703125 0.4904708515625 0.227959697265625 0.4624439453125 0.227329974609375 0.44674887890625 0.23047858984375 0.43329596484375 0.21284634765625 0.3985426015625 0.209697732421875 0.37724215234375 0.200881611328125 0.350336322265625 0.177896724609375 0.36322869921875 0.165931990234375 0.35874439453125 0.158375314453125 0.33520179296875 0.150188916015625 0.33520179296875 0.143576826171875 0.30773542578125 0.137594458984375 0.295964125 0.1331863984375 0.29820627734375 0.12783375390625 0.292040359375 0.12909319921875 0.27970851953125 0.112405541015625 0.244394619140625 0.10673803515625 0.237668162109375 0.094143576171875 0.23878923828125 0.090050376953125 0.2315022421875 0.07367758203125 0.191143498046875 0.068639798828125 0.1855381171875 0.068010076171875 0.17881166015625 0.02644836328125 0.1014573984375 0.015113349609375 0.07118833984375 0.01700251953125 0.063340806640625 0.013853904296875 0.047645740234375 0.004722921875 0.03475336328125 0.000314861328125 0.03475336328125 0 0.28979820703125 0.003148615234375 0.30100896875 0 0.30773542578125 0 0.367152466796875 0.015113349609375 0.42769058203125 0.04785894140625 0.536434978515625 0.049118388671875 0.55100896875 0.04313601953125 0.55269058203125 0.039672544921875 0.545403587890625 0.0107052890625 0.44226457421875 0.000314861328125 0.413677130859375 0 0.48822869921875 0.00409319921875 0.501121076171875 0.017947103515625 0.514573990234375 0.02896725390625 0.536434978515625 0.030856423828125 0.543161435546875 0.02833753125 0.558856501953125 0.02896725390625 0.577914798828125 0.037783375 0.607062779296875 0.058564232421875 0.65975336328125 0.07619647265625 0.72029148046875 0.088790931640625 0.7270179375 0.09130982421875 0.75728699609375 0.12216624609375 0.827914798828125 0.13161208984375 0.838004484375 0.135390427734375 0.86378923828125 0.150503779296875 0.895179373046875 0.154911837890625 0.9164798203125 0.1687657421875 0.956838564453125 0.184823677734375 0.994394619140625 0.2276448359375 0.996636771484375 0.2418136015625 0.97029148046875 0.233627203125 0.92320627734375 0.235831234375 0.915919283203125 0.239609572265625 0.915919283203125 0.24811083203125 0.922085201171875 0.25535264453125 0.950672646484375 0.266687658203125 0.950672646484375 0.27078085546875 0.963565021484375 0.272040302734375 0.980381166015625 0.2629093203125 0.977578474609375 0.258501259765625 0.983183857421875 0.259130982421875 1 0.27172544140625 0.998878923828125 0.27424433203125 0.983183857421875 0.286209068359375 0.998878923828125 0.326826197265625 0.9994394609375 0.337216625 0.9955156953125 0.349811083984375 0.998878923828125 0.37562972265625 0.994394619140625 0.386964736328125 0.99775784765625 0.502204029296875 0.994394619140625 0.961901763671875 0.996636771484375 0.984256927734375 0.956838564453125 0.993073048828125 0.92881166015625 1 0.922085201171875 1 0.274103138671875
0 0.9845717890625 0.044843048828125 0.97355163671875 0.0274663671875 0.9845717890625 0.017937220703125 0.991498740234375 0 0.848866498046875 0.0005605390625 0.89326196484375 0.035874439453125 0.898929470703125 0.038116591796875 0.905856423828125 0.03026905859375 0.909634759765625 0.031390134765625 0.9140428203125 0.04820627734375 0.917191435546875 0.04372197265625 0.92159949609375 0.044843048828125 0.945528966796875 0.065022421875 0.974496220703125 0.081838564453125 0.982682619140625 0.091928251953125 0.99055415625 0.0924887890625 0.994962216796875 0.080156951171875 0.996221662109375 0.059977578125 0.990869017578125 0.04820627734375 0.9845717890625 0.044843048828125