1 0.771484375 0.095703125 0.09765625 0.1181640625
1 0.94921875 0.0927734375 0.1005859375 0.1484375
1 0.5322265625 0.1328125 0.15234375 0.212890625
1 0.7900390625 0.3466796875 0.1494140625 0.1875
1 0.9228515625 0.1650390625 0.0947265625 0.111328125
1 0.83984375 0.13671875 0.091796875 0.126953125
1 0.6943359375 0.0390625 0.064453125 0.078125
1 0.8544921875 0.0283203125 0.0556640625 0.056640625
1 0.41015625 0.123046875 0.0849609375 0.1533203125
1 0.7353515625 0.232421875 0.0791015625 0.140625
0 0.815270935546875 0.97718865625 0.803879310546875 0.95807644921875 0.793411330078125 0.95067817578125 0.776169951171875 0.9543773125 0.765701970703125 0.948212083984375 0.763546798828125 0.93403205859375 0.7660098515625 0.92786683203125 0.7660098515625 0.91183723828125 0.760775861328125 0.902589396484375 0.7219827578125 0.9001233046875 0.707820197265625 0.886559802734375 0.651169951171875 0.88039457421875 0.6480911328125 0.87299630078125 0.6437807890625 0.871763255859375 0.631465517578125 0.843403205078125 0.622844828125 0.837237978515625 0.61791871875 0.82737361328125 0.597598521484375 0.817509248046875 0.591133005859375 0.8008631328125 0.5877463046875 0.781750923828125 0.57543103515625 0.78051787890625 0.565578818359375 0.78791615234375 0.56157635546875 0.80332922265625 0.548953201171875 0.82614056640625 0.52678571484375 0.82737361328125 0.5138546796875 0.81997533984375 0.48737684765625 0.782983970703125 0.465209359375 0.759556103515625 0.45227832421875 0.76572133203125 0.43626847265625 0.759556103515625 0.42272167578125 0.7607891484375 0.414100984375 0.754623921875 0.3980911328125 0.732429099609375 0.358066501953125 0.71886559765625 0.347906404296875 0.700986435546875 0.341133005859375 0.660295931640625 0.33466748828125 0.652281134765625 0.324507388671875 0.628236744140625 0.3263546796875 0.604808876953125 0.32050492578125 0.586929716796875 0.306342365234375 0.57336621484375 0.297105912109375 0.57336621484375 0.281711822265625 0.58939580859375 0.270628078125 0.594327990234375 0.2641625625 0.5838471015625 0.263546798828125 0.55795314453125 0.258928572265625 0.5302096171875 0.250615763671875 0.533292232421875 0.24630541796875 0.55795314453125 0.2616995078125 0.594944513671875 0.2641625625 0.61837237890625 0.26046798046875 0.636868064453125 0.24661330078125 0.66461158984375 0.231834974609375 0.683107275390625 0.218288177734375 0.6855733671875 0.204125615234375 0.6695437734375 0.198583744140625 0.672009865234375 0.19581280859375 0.6775585703125 0.19334975390625 0.699753390625 0.186884236328125 0.706535142578125 0.17949507421875 0.725030826171875 0.160406404296875 0.73489519140625 0.152709359375 0.724414302734375 0.146551724609375 0.691122072265625 0.150862068359375 0.660295931640625 0.145628078125 0.644882861328125 0.13331280859375 0.64241676953125 0.118534482421875 0.621454994140625 0.090825123046875 0.62638717578125 0.0785098515625 0.60295930859375 0.07050492578125 0.59679408203125 0.062192119140625 0.58138101171875 0.05233990234375 0.5456226875 0.051108375 0.524660912109375 0.0323275859375 0.501849568359375 0.018165025390625 0.498150431640625 0 0.51602959375 0.000307880859375 0.99630086328125 0.446428572265625 0.998150431640625 0.788485220703125 0.997533908203125 0.81619458203125 0.993834771484375 0.8171182265625 0.985819974609375 0.815270935546875 0.97718865625
0 0.467980294921875 0.464241677734375 0.46736453125 0.455610357421875 0.45935960546875 0.4469790390625 0.46182266015625 0.440813810546875 0.461206896484375 0.432182490234375 0.472290640625 0.401356349609375 0.47105911328125 0.39272503125 0.465825123046875 0.387176326171875 0.45043103515625 0.384710234375 0.44304187109375 0.374845869140625 0.440578818359375 0.3760789140625 0.437192119140625 0.41122071484375 0.439039408203125 0.440813810546875 0.435652708984375 0.443896423828125 0.433497537109375 0.440813810546875 0.433497537109375 0.417385943359375 0.431034482421875 0.408754623046875 0.428571427734375 0.3692971640625 0.417179802734375 0.34278668359375 0.40855911328125 0.33538841015625 0.395012314453125 0.332922318359375 0.392857142578125 0.375462392578125 0.3891625625 0.3840937109375 0.394088669921875 0.401356349609375 0.388546798828125 0.4161528984375 0.38793103515625 0.440813810546875 0.378078818359375 0.464241677734375 0.3774630546875 0.471639951171875 0.371921181640625 0.48027126953125 0.37592364453125 0.487053021484375 0.393165025390625 0.49568433984375 0.398399015625 0.48890258984375 0.4005541875 0.474722564453125 0.40486453125 0.47348951953125 0.4233374375 0.494451294921875 0.428571427734375 0.495067818359375 0.436884236328125 0.489519111328125 0.447352216796875 0.49321825 0.455357142578125 0.474722564453125 0.467980294921875 0.464241677734375
0 0.15394088671875 0.217632552734375 0.153325123046875 0.18927250390625 0.14716748828125 0.16461158984375 0.148399015625 0.14241676953125 0.14347290625 0.12762022265625 0.144088669921875 0.116522810546875 0.141933498046875 0.11097410546875 0.1366995078125 0.11159062890625 0.137315271484375 0.10295930859375 0.13331280859375 0.091245376953125 0.10560344921875 0.090012330078125 0.090209359375 0.09617755859375 0.07543103515625 0.109741060546875 0.0763546796875 0.12762022265625 0.07266009765625 0.147348951171875 0.04772167578125 0.18002466015625 0.039100984375 0.182490751953125 0.03109605859375 0.18002466015625 0.028325123046875 0.174475955078125 0.027093595703125 0.15721331640625 0.033251232421875 0.14981504296875 0.031711822265625 0.144266337890625 0.01754926171875 0.15289765625 0 0.1535141796875 0.000307880859375 0.297163994140625 0.01508620703125 0.298397041015625 0.024938423828125 0.316892724609375 0.03355911328125 0.318125771484375 0.028325123046875 0.294081380859375 0.029556650390625 0.26572133203125 0.03355911328125 0.24907521484375 0.052647783203125 0.244143033203125 0.057266009765625 0.24969173828125 0.059421181640625 0.261405671875 0.06373152734375 0.260172626953125 0.0692733984375 0.24167694140625 0.079433498046875 0.237361283203125 0.0812807890625 0.22009864453125 0.087130541015625 0.2071516640625 0.0969827578125 0.20345252734375 0.11668719140625 0.218249076171875 0.129926107421875 0.25709001171875 0.13054187109375 0.274352650390625 0.1225369453125 0.302712701171875 0.12130541796875 0.3224414296875 0.1502463046875 0.328606658203125 0.15394088671875 0.31997533984375 0.15640394140625 0.2916152890625 0.16317733984375 0.271886560546875 0.15394088671875 0.217632552734375
0 0.041871921875 0.048705302734375 0.034790640625 0.033292232421875 0.026169951171875 0.024660912109375 0.01939655078125 0.025893958984375 0.012007388671875 0.03452527734375 0.007697044921875 0.024660912109375 0.000307880859375 0.024660912109375 0.00123152734375 0.09556103515625 0.018165025390625 0.05795314453125 0.0255541875 0.0542540078125 0.03602216796875 0.06165228125 0.041871921875 0.048705302734375