1 0.46875 0.62890625 0.0986328125 0.162109375
1 0.765625 0.525390625 0.0927734375 0.1689453125
1 0.169921875 0.47265625 0.08984375 0.1337890625
1 0.2607421875 0.609375 0.07421875 0.1337890625
1 0.9541015625 0.388671875 0.0849609375 0.1728515625
1 0.36328125 0.689453125 0.1171875 0.2314453125
1 0.94921875 0.82421875 0.099609375 0.2763671875
1 0.1484375 0.189453125 0.052734375 0.044921875
1 0.29296875 0.447265625 0.130859375 0.1591796875
1 0.30859375 0.181640625 0.1103515625 0.1259765625
1 0.0419921875 0.7470703125 0.083984375 0.259765625
1 0.017578125 0.10546875 0.0283203125 0.0537109375
1 0.6826171875 0.458984375 0.091796875 0.115234375
1 0.0498046875 0.4990234375 0.08203125 0.1240234375
1 0.236328125 0.2880859375 0.0908203125 0.07421875
1 0.8759765625 0.35546875 0.080078125 0.068359375
1 0.892578125 0.392578125 0.044921875 0.0576171875
1 0.7822265625 0.3486328125 0.0673828125 0.0712890625
1 0.8232421875 0.4638671875 0.1376953125 0.2138671875
1 0.42578125 0.5244140625 0.056640625 0.0732421875
1 0.138671875 0.0791015625 0.0390625 0.0439453125
1 0.658203125 0.57421875 0.060546875 0.1162109375
1 0.6220703125 0.3798828125 0.07421875 0.0634765625
1 0.1708984375 0.1494140625 0.029296875 0.0390625
1 0.11328125 0.1171875 0.0390625 0.0341796875
1 0.1318359375 0.158203125 0.0537109375 0.0390625
1 0.884765625 0.30859375 0.05078125 0.044921875
0 0.2498511015625 0.350620068359375 0.25610482421875 0.356820744140625 0.25640262109375 0.3754227734375 0.286182251953125 0.366403607421875 0.28886241796875 0.352311162109375 0.294520548828125 0.349492671875 0.2986896953125 0.359639232421875 0.32608695703125 0.36076662890625 0.345741513671875 0.3821871484375 0.347826087890625 0.360202931640625 0.344848123046875 0.341037203125 0.34425253125 0.29481398046875 0.340976771484375 0.28974069921875 0.306432400390625 0.29650507421875 0.302263251953125 0.302142052734375 0.295116140625 0.302142052734375 0.290351400390625 0.3201803828125 0.286182251953125 0.31567080078125 0.271888029296875 0.324689966796875 0.251042287109375 0.325817361328125 0.22781417578125 0.335963923828125 0.203990470703125 0.339346111328125 0.20250148828125 0.348928974609375 0.208457416015625 0.400789177734375 0.211733173828125 0.392333708984375 0.24746873046875 0.37993235546875 0.245384158203125 0.356820744140625 0.2498511015625 0.350620068359375
0 0.114651578125 0.049605412109375 0.1191185234375 0.0310033828125 0.12537224609375 0.024802705078125 0.130732578125 0.0259301015625 0.138475283203125 0.042841037109375 0.14502680078125 0.042841037109375 0.25223347265625 0.0191657265625 0.256700416015625 0.000563697265625 0.000297796875 0 0 0.0727170234375 0.00178677734375 0.0727170234375 0.04734961328125 0.058624578125 0.078916021484375 0.05975197265625 0.0944014296875 0.050732806640625 0.114651578125 0.049605412109375
0 0.09172126171875 0.4323562578125 0.0944014296875 0.413754228515625 0.107504466796875 0.402480271484375 0.122394283203125 0.402480271484375 0.13728409765625 0.413754228515625 0.1432400234375 0.392333708984375 0.14919594921875 0.387824126953125 0.161107802734375 0.387824126953125 0.173019654296875 0.3945885 0.1762954140625 0.408680947265625 0.187313876953125 0.4205186015625 0.196843359375 0.443066515625 0.202203693359375 0.44193912109375 0.204883859375 0.434611048828125 0.19833233984375 0.34667418359375 0.196247765625 0.34160090234375 0.1849315078125 0.347237880859375 0.1682549140625 0.343855693359375 0.148302560546875 0.32074408203125 0.148898154296875 0.30270575 0.154854080078125 0.297068771484375 0.148600357421875 0.291995490234375 0.139964263671875 0.275648251953125 0.132221560546875 0.253100337890625 0.13698630078125 0.238444193359375 0.13728409765625 0.228861330078125 0.122989875 0.23449830859375 0.117629541015625 0.232243517578125 0.115544966796875 0.23618940234375 0.11673615234375 0.267756482421875 0.114651578125 0.272829763671875 0.1101846328125 0.259864712890625 0.1101846328125 0.245208568359375 0.10631328125 0.2333709140625 0.1027397265625 0.246899662109375 0.098570578125 0.228861330078125 0.0944014296875 0.239007892578125 0.089934484375 0.230552423828125 0.088743298828125 0.222660654296875 0.092912447265625 0.219278466796875 0.093508041015625 0.208004509765625 0.10482430078125 0.201240134765625 0.10482430078125 0.18771138671875 0.101548541015625 0.177001126953125 0.0860631328125 0.177001126953125 0.082787373046875 0.171927845703125 0.087254318359375 0.15670800390625 0.09589041015625 0.149379931640625 0.0944014296875 0.146561443359375 0.087254318359375 0.14092446484375 0.081298392578125 0.142051859375 0.071173318359375 0.1262683203125 0.067004169921875 0.131905298828125 0.06343061328125 0.124013529296875 0.05926146484375 0.13754227734375 0.05509231640625 0.113866966796875 0.049136390625 0.120631341796875 0.031268611328125 0.117249154296875 0.0285884453125 0.1245772265625 0.0288862421875 0.142051859375 0 0.15501691015625 0.008338296875 0.170800451171875 0.00655151953125 0.196730552734375 0.008338296875 0.2282976328125 0.003573556640625 0.223788048828125 0.002977962890625 0.245208568359375 0.017867779296875 0.2767756484375 0.027695056640625 0.3167981953125 0.031864205078125 0.31228861328125 0.05509231640625 0.31228861328125 0.06730196484375 0.341037203125 0.070279927734375 0.35907553515625 0.066408576171875 0.37091319140625 0.0574746875 0.37993235546875 0.017569982421875 0.3979706875 0.000297796875 0.401352875 0 0.4808342734375 0.005062537109375 0.45772266015625 0.027695056640625 0.43517474609375 0.07176891015625 0.439684330078125 0.0777248359375 0.45434047265625 0.084574150390625 0.460541150390625 0.093508041015625 0.50789176953125 0.107206669921875 0.512401353515625 0.10899344921875 0.468432919921875 0.10631328125 0.458850056640625 0.093508041015625 0.452649380859375 0.09172126171875 0.4323562578125
0 1 0.6679819609375 0.995235259765625 0.655580609375 0.997022037109375 0.639797068359375 1 0.63416008984375 0.999702203125 0.518602029296875 0.98600357421875 0.52874858984375 0.956223943359375 0.53551296484375 0.95324598046875 0.540022548828125 0.945205478515625 0.53382187109375 0.9386539609375 0.5710259296875 0.927337701171875 0.673618939453125 0.92852888671875 0.691657271484375 0.933889220703125 0.69278466796875 0.935675998046875 0.690529876953125 0.933293626953125 0.683765501953125 0.941929720703125 0.677564826171875 0.9717093515625 0.68094701171875 0.983621203125 0.69222096875 0.993150685546875 0.69222096875 1 0.68602029296875 1 0.6679819609375
0 0.216200119140625 1 0.21888028515625 0.9966178125 0.30941036328125 0.994363021484375 0.51846337109375 0.9966178125 0.541691482421875 0.986471251953125 0.545860630859375 0.986471251953125 0.5494341875 0.994363021484375 0.581000595703125 0.987598646484375 0.582787373046875 0.99549041796875 0.60422870703125 0.997745208984375 0.605717689453125 0.98027057421875 0.60422870703125 0.975197294921875 0.599166169921875 0.973506201171875 0.603930912109375 0.965614431640625 0.60422870703125 0.942502818359375 0.605122095703125 0.96110484765625 0.611971412109375 0.965050732421875 0.6274568203125 0.935738443359375 0.6435378203125 0.939120630859375 0.6602144140625 0.9289740703125 0.66140559765625 0.924464486328125 0.67391304296875 0.92108230078125 0.667361525390625 0.916572716796875 0.659023228515625 0.9222096953125 0.64979154296875 0.9205186015625 0.6512805234375 0.913190529296875 0.66974389453125 0.898534384765625 0.681060154296875 0.890642615234375 0.689696248046875 0.8912063125 0.687611673828125 0.901916572265625 0.676891005859375 0.908680947265625 0.67421083984375 0.913754228515625 0.675104228515625 0.91770011328125 0.68284693359375 0.91431792578125 0.685824896484375 0.908680947265625 0.706075044921875 0.90304396875 0.7170935078125 0.8912063125 0.714115544921875 0.881059751953125 0.71917808203125 0.86922209765625 0.724538416015625 0.86922209765625 0.7257296015625 0.87824126171875 0.732281119140625 0.861330326171875 0.737641453125 0.86922209765625 0.74597975 0.86245772265625 0.753722453125 0.86245772265625 0.745384158203125 0.85907553515625 0.743299583984375 0.85400225390625 0.754913638671875 0.850056369140625 0.756700416015625 0.85569334765625 0.76206075 0.85569334765625 0.759678380859375 0.84667418359375 0.767421083984375 0.842164599609375 0.77278141796875 0.847801578125 0.773079212890625 0.839346111328125 0.78052412109375 0.830890642578125 0.783502083984375 0.842164599609375 0.788266826171875 0.842164599609375 0.793924955078125 0.832581736328125 0.791840380859375 0.824126267578125 0.804347826171875 0.8218714765625 0.80553901171875 0.816234498046875 0.818642048828125 0.81059751953125 0.82578916015625 0.801578353515625 0.830851697265625 0.802142052734375 0.829064919921875 0.806651634765625 0.830553900390625 0.812852310546875 0.835914234375 0.812852310546875 0.839487791015625 0.80270575 0.843954734375 0.802142052734375 0.847230494140625 0.786922208984375 0.851399642578125 0.786922208984375 0.85497319921875 0.7925591875 0.867480642578125 0.793686583984375 0.871649791015625 0.7801578359375 0.87879690234375 0.7767756484375 0.88773079296875 0.764374294921875 0.898451458984375 0.760992107421875 0.900536033203125 0.73788049609375 0.89934484765625 0.706313416015625 0.9061941640625 0.697857947265625 0.918999404296875 0.69278466796875 0.933293626953125 0.573280720703125 0.9344848125 0.534949267578125 0.925550923828125 0.548478015625 0.9222751640625 0.56144306640625 0.896069087890625 0.574971814453125 0.886539607421875 0.5760992109375 0.863311494140625 0.567080044921875 0.84425253125 0.593010146484375 0.836509828125 0.59413754296875 0.8317450859375 0.589627958984375 0.810303751953125 0.615558060546875 0.787671232421875 0.6211950390625 0.77218582421875 0.612175873046875 0.763251935546875 0.62006764453125 0.74419297265625 0.625704623046875 0.73734365625 0.61837655078125 0.73972602734375 0.609357384765625 0.7334723046875 0.59413754296875 0.713817748046875 0.5828635859375 0.7045860625 0.58229988671875 0.705777248046875 0.5744081171875 0.709946396484375 0.572153326171875 0.70279928515625 0.565388951171875 0.705777248046875 0.550732806640625 0.703692673828125 0.533258173828125 0.689398451171875 0.53889515234375 0.675104228515625 0.5310033828125 0.6724240625 0.5225479140625 0.672721857421875 0.503945884765625 0.648898154296875 0.500563697265625 0.639368671875 0.48365276171875 0.638475283203125 0.501127396484375 0.6435378203125 0.514092447265625 0.67033948828125 0.53889515234375 0.681655748046875 0.55806087890625 0.69416319140625 0.570462232421875 0.69863013671875 0.580045095703125 0.6929720078125 0.588500564453125 0.7013103046875 0.5952649375 0.710244193359375 0.59413754296875 0.7173913046875 0.60315670703125 0.724240619140625 0.624013529296875 0.724240619140625 0.638669673828125 0.722453841796875 0.65332581640625 0.714413341796875 0.662908681640625 0.675699822265625 0.678692220703125 0.66974389453125 0.6764374296875 0.66557474609375 0.6662908671875 0.65366289453125 0.662908681640625 0.647111375 0.653889515625 0.639368671875 0.650507328125 0.631328171875 0.680383314453125 0.630136986328125 0.728861330078125 0.628052412109375 0.73618940234375 0.623585466796875 0.73449830859375 0.62060750390625 0.713077791015625 0.614949375 0.71025930078125 0.56372841015625 0.73618940234375 0.557176890625 0.750845546875 0.540500296875 0.751972943359375 0.52680166796875 0.763246900390625 0.4874925546875 0.7801578359375 0.474389517578125 0.78128523046875 0.46545562890625 0.789177001953125 0.40351399609375 0.8184892890625 0.402025015625 0.802142052734375 0.40410958984375 0.797068771484375 0.4303156640625 0.7801578359375 0.435378201171875 0.7717023671875 0.435378201171875 0.764937994140625 0.42019058984375 0.75535512890625 0.415425849609375 0.764374294921875 0.388028587890625 0.779030439453125 0.382668255859375 0.79143179296875 0.344550328125 0.809470123046875 0.310005955078125 0.700112740234375 0.29481834375 0.7074408125 0.29481834375 0.720969560546875 0.30136986328125 0.748027056640625 0.2995830859375 0.76381059765625 0.281417509765625 0.76888387890625 0.27665276953125 0.76550169140625 0.273377009765625 0.75704622265625 0.270994640625 0.743517474609375 0.2668254921875 0.735625705078125 0.265038712890625 0.713077791015625 0.25163787890625 0.68432919921875 0.24746873046875 0.689966177734375 0.23555687890625 0.693348365234375 0.230792138671875 0.701240134765625 0.193269802734375 0.712514091796875 0.183740322265625 0.712514091796875 0.180762359375 0.70574971875 0.1765932109375 0.70687711328125 0.171232876953125 0.688838783203125 0.162894580078125 0.68771138671875 0.14115544921875 0.698421646484375 0.13758189453125 0.720969560546875 0.13758189453125 0.742390078125 0.139368671875 0.764937994140625 0.146515783203125 0.772829763671875 0.148302560546875 0.784103720703125 0.146515783203125 0.81567080078125 0.138773080078125 0.837091318359375 0.12507444921875 0.858511837890625 0.12120309765625 0.871476888671875 0.113758189453125 0.876550169921875 0.1104824296875 0.89627959375 0.1021441328125 0.863585119140625 0.07534246484375 0.842164599609375 0.062239427734375 0.844419390625 0.05687909375 0.854565953125 0.031268611328125 0.856820744140625 0.011614056640625 0.8703494921875 0 0.873167982421875 0 0.99492671875 0.0455628359375 0.99549041796875 0.048243001953125 0.989289740234375 0.047647408203125 0.98027057421875 0.050327576171875 0.9774520859375 0.109886837890625 0.947012400390625 0.11256700390625 0.939684330078125 0.1107802265625 0.91939120703125 0.11286480078125 0.91431792578125 0.114949375 0.936302142578125 0.12060750390625 0.94024802734375 0.12954139453125 0.935738443359375 0.136688505859375 0.924464486328125 0.14562239453125 0.93010146484375 0.14979154296875 0.923337091796875 0.224240619140625 0.889515220703125 0.25997617578125 0.86583991015625 0.2826086953125 0.85907553515625 0.286480046875 0.85400225390625 0.287671232421875 0.846110484375 0.2823108984375 0.83145433984375 0.2826086953125 0.8184892890625 0.288266826171875 0.84160090234375 0.2995830859375 0.86076662890625 0.298391900390625 0.874295376953125 0.291542583984375 0.8804960546875 0.242703990234375 0.90304396875 0.22781417578125 0.91431792578125 0.1926742109375 0.927846673828125 0.1724240625 0.94363021484375 0.15574746875 0.947012400390625 0.136688505859375 0.95941375390625 0.0944014296875 0.976324689453125 0.06789755859375 0.99492671875 0.074746873046875 1 0.098570578125 0.998872603515625 0.133710541015625 0.986471251953125 0.14562239453125 0.997745208984375 0.15336509765625 0.979706876953125 0.185527099609375 0.948139796875 0.2045860625 0.947012400390625 0.215902322265625 0.9673055234375 0.21947587890625 0.948139796875 0.24389517578125 0.919954904296875 0.262954138671875 0.912063134765625 0.27278141796875 0.921645998046875 0.273972603515625 0.943066515625 0.27010125 0.950394587890625 0.244490767578125 0.972942501953125 0.230196544921875 0.97857948046875 0.215902322265625 0.9740698984375 0.2013103046875 0.99492671875 0.205777248046875 1 0.216200119140625 1
0 0.890708755859375 0.790304396484375 0.874032162109375 0.795941375 0.871947587890625 0.80439684375 0.876712328125 0.822435173828125 0.896962478515625 0.847237880859375 0.893984513671875 0.86753100390625 0.89517569921875 0.876550169921875 0.90798094140625 0.89627959375 0.9184038125 0.902480271484375 0.9219773671875 0.89346110546875 0.923168552734375 0.86414881640625 0.916617033203125 0.8167981953125 0.890708755859375 0.790304396484375
0 1 0.91939120703125 0.99791542578125 0.915445322265625 0.95324598046875 0.86245772265625 0.94490768359375 0.863585119140625 0.93210244140625 0.876550169921875 0.929720072265625 0.884441939453125 0.92852888671875 0.91262683203125 0.931209052734375 0.919954904296875 0.9466944609375 0.934611048828125 0.9544371640625 0.961668544921875 0.974091720703125 0.9808342734375 0.98600357421875 0.998872603515625 1 0.999436302734375 1 0.91939120703125
0 0.863609291015625 0.298196166015625 0.872245384765625 0.28974069921875 0.896664681640625 0.285231115234375 0.9061941640625 0.29650507421875 0.9264443125 0.29763246875 0.932995830078125 0.30777903125 0.9383561640625 0.310033822265625 0.95265038671875 0.30552423828125 0.956223943359375 0.299887259765625 0.968135794921875 0.298759865234375 0.97319833203125 0.289177001953125 0.968731388671875 0.2784667421875 0.95681953515625 0.27959413671875 0.950268017578125 0.26719278515625 0.89130434765625 0.249154453125 0.8645026796875 0.232243517578125 0.804347826171875 0.23449830859375 0.78886241796875 0.23111612109375 0.732281119140625 0.245772265625 0.72334723046875 0.25704622265625 0.70667063671875 0.26719278515625 0.69892793359375 0.288613302734375 0.688207265625 0.28974069921875 0.660810005859375 0.2818489296875 0.65336509765625 0.290304396484375 0.662596783203125 0.30552423828125 0.675104228515625 0.302142052734375 0.67808219140625 0.31228861328125 0.70250148828125 0.3337091328125 0.706075044921875 0.325817361328125 0.7340678984375 0.324689966796875 0.744788564453125 0.31567080078125 0.755509232421875 0.31567080078125 0.756998212890625 0.312852310546875 0.753126861328125 0.306651634765625 0.74389517578125 0.2993235625 0.74746873046875 0.290304396484375 0.746873138671875 0.2835400234375 0.7501488984375 0.2818489296875 0.756700416015625 0.28974069921875 0.773377009765625 0.295377677734375 0.77695056640625 0.30890642578125 0.796605123046875 0.314543404296875 0.812090529296875 0.3337091328125 0.828767123046875 0.33145433984375 0.8317450859375 0.33821871484375 0.8397855859375 0.337655017578125 0.852590828125 0.33145433984375 0.855568791015625 0.317925591796875 0.86301369921875 0.312852310546875 0.863609291015625 0.298196166015625
0 0.71322215625 0.37993235546875 0.713519953125 0.374859076171875 0.697736748046875 0.355129650390625 0.675104228515625 0.343855693359375 0.640559857421875 0.30777903125 0.597677189453125 0.321307779296875 0.59618820703125 0.32976324609375 0.60005955859375 0.340473505859375 0.6110780234375 0.335400224609375 0.60482430078125 0.350620068359375 0.59589041015625 0.351747462890625 0.5938058359375 0.356820744140625 0.595294818359375 0.359639232421875 0.6024419296875 0.359639232421875 0.606611078125 0.352874859375 0.6101846328125 0.358511837890625 0.61435378125 0.358511837890625 0.638177486328125 0.349492671875 0.64562239453125 0.352311162109375 0.658725431640625 0.387260427734375 0.65812983984375 0.39289740625 0.63281715234375 0.401352875 0.6265634296875 0.40755355078125 0.63281715234375 0.413754228515625 0.6438356171875 0.416572716796875 0.663192376953125 0.406989853515625 0.69416319140625 0.402480271484375 0.706075044921875 0.384441939453125 0.71322215625 0.37993235546875
0 0.55955926171875 0 0.538415724609375 0.015219841796875 0.541691482421875 0.0225479140625 0.57623585546875 0.031567080078125 0.58040500390625 0.0293122890625 0.59678380078125 0.037767755859375 0.6027397265625 0.029875986328125 0.59261465234375 0.015219841796875 0.5941036328125 0 0.55955926171875 0
0 0.9758785 0.124013529296875 0.95265038671875 0.11837655078125 0.937760572265625 0.087936865234375 0.93269803515625 0.089627958984375 0.933591423828125 0.09695603125 0.906789755859375 0.098083427734375 0.890113162109375 0.065388951171875 0.886539607421875 0.06313416015625 0.8734365703125 0.0676437421875 0.8567599765625 0.062006763671875 0.838892197265625 0.062006763671875 0.8240023828125 0.051860203125 0.819833234375 0.042841037109375 0.807921380859375 0.042841037109375 0.7954139375 0.064261556640625 0.783502083984375 0.060879369140625 0.775163787109375 0.0326944765625 0.76265634375 0.03043968359375 0.7578916015625 0.034949267578125 0.748957712890625 0.05636978515625 0.7334723046875 0.049605412109375 0.72989875 0.060879369140625 0.721560453125 0.057497181640625 0.714413341796875 0.062006763671875 0.710541990234375 0.081736189453125 0.7257296015625 0.080045095703125 0.74597975 0.086809470703125 0.75193567578125 0.091319052734375 0.753126861328125 0.09695603125 0.75640262109375 0.0828635859375 0.760869564453125 0.080045095703125 0.762954138671875 0.0828635859375 0.759380583984375 0.088500564453125 0.761465158203125 0.09357384375 0.76861226953125 0.09244644921875 0.77218582421875 0.098083427734375 0.78886241796875 0.10033821875 0.800178677734375 0.10822998828125 0.838892197265625 0.1195039453125 0.84663490234375 0.117249154296875 0.85854675390625 0.10033821875 0.869267421875 0.09244644921875 0.87879690234375 0.09357384375 0.88356164453125 0.105975197265625 0.893388921875 0.111048478515625 0.89100655078125 0.133596392578125 0.898451458984375 0.138669673828125 0.902025015625 0.152198421875 0.90768314453125 0.133596392578125 0.909469921875 0.115558060546875 0.9139368671875 0.10822998828125 0.914830255859375 0.1211950390625 0.91185229296875 0.136978580078125 0.9139368671875 0.146561443359375 0.9264443125 0.148816234375 0.941334126953125 0.16009019140625 0.945503275390625 0.149943630859375 0.951459201171875 0.16347237890625 1 0.171927845703125 0.999702203125 0.10372040625 0.9961286484375 0.10372040625 0.986599166015625 0.1195039453125 0.9758785 0.124013529296875
0 0.439845146484375 0.29650507421875 0.451459201171875 0.298196166015625 0.4466944609375 0.29481398046875 0.44044073828125 0.273957158203125 0.43240023828125 0.282412626953125 0.439845146484375 0.29650507421875
0 0.5080405 0.2925591875 0.50863609375 0.301578353515625 0.514889814453125 0.311161216796875 0.523525908203125 0.31059751953125 0.54675401953125 0.304960541015625 0.537522333984375 0.287485908203125 0.51429422265625 0.288613302734375 0.5080405 0.2925591875
0 0.458904109375 0.3167981953125 0.449970220703125 0.31905298828125 0.4544371640625 0.341037203125 0.453841572265625 0.356820744140625 0.4633710546875 0.361330326171875 0.484514591796875 0.350620068359375 0.48540798046875 0.342164599609375 0.47379392578125 0.339346111328125 0.458904109375 0.3167981953125