1 0.421875 0.8388671875 0.205078125 0.1953125
1 0.2763671875 0.84765625 0.1328125 0.22265625
1 0.115234375 0.84765625 0.138671875 0.228515625
1 0.099609375 0.642578125 0.12109375 0.103515625
1 0.220703125 0.6474609375 0.068359375 0.080078125
1 0.2890625 0.677734375 0.068359375 0.078125
1 0.546875 0.8056640625 0.107421875 0.16015625
1 0.6630859375 0.841796875 0.078125 0.123046875
1 0.875 0.814453125 0.080078125 0.1171875
1 0.8037109375 0.8173828125 0.0703125 0.1171875
1 0.75 0.7763671875 0.06640625 0.080078125
1 0.4091796875 0.689453125 0.087890625 0.08203125
1 0.728515625 0.833984375 0.0625 0.076171875
1 0.64453125 0.7373046875 0.0625 0.056640625
1 0.521484375 0.6962890625 0.1171875 0.07421875
1 0.6845703125 0.7470703125 0.033203125 0.046875
0 0.9423626328125 1 0.957427697265625 0.8773048984375 0.929202064453125 0.86653290625 0.91549643359375 0.866008125 0.9070277890625 0.874232763671875 0.851074802734375 0.871994830078125 0.83200684375 0.87775998046875 0.82592937890625 0.875855705078125 0.82141244140625 0.87993332421875 0.756705740234375 0.883568912109375 0.752328880859375 0.886505671875 0.746831384765625 0.898569296875 0.74257987109375 0.886466701171875 0.73453146484375 0.89126876953125 0.681549626953125 0.892869818359375 0.66347696484375 0.9045474609375 0.636485939453125 0.900075322265625 0.6185484453125 0.90597927734375 0.593398109375 0.905207318359375 0.584219240234375 0.90987058203125 0.51570091015625 0.91651233203125 0.500874642578125 0.92511441015625 0.487164099609375 0.919956796875 0.476574611328125 0.926762970703125 0.429105005859375 0.93019889453125 0.41611451171875 0.9378683203125 0.4025489609375 0.9362026796875 0.366103822265625 0.943308353515625 0.34660088671875 0.938597578125 0.338972720703125 0.93997707421875 0.326832529296875 0.950067017578125 0.308745126953125 0.9478461640625 0.294344009765625 0.957658501953125 0.25930949609375 0.962621263671875 0.253522015625 0.967700935546875 0.2388309140625 0.97052932421875 0.217400455078125 0.969056052734375 0.46941868359375 1 0.9423626328125 1