1 0.3076171875 0.4453125 0.326171875 0.24609375
1 0.04296875 0.3798828125 0.0859375 0.19921875
1 0.0517578125 0.265625 0.06640625 0.12109375
1 0.1396484375 0.2275390625 0.095703125 0.115234375
1 0.380859375 0.3486328125 0.435546875 0.283203125
1 0.7890625 0.6396484375 0.236328125 0.1875
1 0.93359375 0.60546875 0.1328125 0.2265625
1 0.9072265625 0.8701171875 0.126953125 0.259765625
1 0.7421875 0.2255859375 0.12890625 0.08984375
1 0.7216796875 0.2587890625 0.080078125 0.08203125
1 0.5869140625 0.2138671875 0.11328125 0.08984375
1 0.9404296875 0.453125 0.119140625 0.16796875
1 0.974609375 0.3232421875 0.05078125 0.099609375
1 0.8212890625 0.203125 0.068359375 0.0703125
1 0.3828125 0.1650390625 0.05859375 0.09375
1 0.3095703125 0.1640625 0.052734375 0.064453125
1 0.79296875 0.0556640625 0.05078125 0.05078125
1 0.7412109375 0.0498046875 0.04296875 0.041015625
0 0.783332130859375 1 0.795209607421875 0.955626271484375 0.80285579296875 0.930314849609375 0.8115278203125 0.915129482421875 0.820646771484375 0.88937388671875 0.830193439453125 0.885546021484375 0.852199734375 0.895748126953125 0.858649666015625 0.8940400546875 0.864297638671875 0.903483625 0.88208278125 0.90879239453125 0.89137882421875 0.85618328125 0.888985474609375 0.850264361328125 0.886092568359375 0.853034185546875 0.881641693359375 0.873112888671875 0.87675641796875 0.864387974609375 0.87515833984375 0.8404415234375 0.880470486328125 0.817968546875 0.87376409375 0.81714510546875 0.873599521484375 0.80462477734375 0.86912859375 0.80407581640625 0.866274951171875 0.794975345703125 0.852000890625 0.79572273828125 0.841020716796875 0.78812448046875 0.836655046875 0.791338478515625 0.83425501171875 0.778543669921875 0.8288768671875 0.785383390625 0.8280022265625 0.774025888671875 0.8516258046875 0.775676486328125 0.874914400390625 0.798536162109375 0.90611901171875 0.812367705078125 0.910885662109375 0.803577884765625 0.91735480078125 0.769371853515625 0.92186498828125 0.75805051953125 0.934567705078125 0.76086023046875 0.946849392578125 0.748618095703125 0.971726517578125 0.76085034375 0.976163123046875 0.724717099609375 0.980064734375 0.688320798828125 0.9776713828125 0.682401876953125 0.971116193359375 0.680346990234375 0.960451791015625 0.684037615234375 0.957492890625 0.67117418359375 0.93234391796875 0.668086279296875 0.906366248046875 0.64864646484375 0.900935474609375 0.653604705078125 0.899370818359375 0.66403769140625 0.893229974609375 0.6701587578125 0.8777404609375 0.72700745703125 0.875104017578125 0.732308798828125 0.8717508203125 0.731897078125 0.826364041015625 0.708824111328125 0.806790359375 0.692670630859375 0.794087642578125 0.689860921875 0.784948638671875 0.694988853515625 0.76502660546875 0.686292673828125 0.765460162109375 0.661970669921875 0.77496672265625 0.616887478515625 0.77100203125 0.614525658203125 0.764361634765625 0.629335470703125 0.7601279609375 0.663815984375 0.750035794921875 0.68132700390625 0.74631504296875 0.72087054296875 0.735526177734375 0.753296166015625 0.724461646484375 0.815688234375 0.7212404453125 0.84654302734375 0.72999183984375 0.860742689453125 0.730103783203125 0.871381537109375 0.714975138671875 0.88139908984375 0.71197029296875 0.87353006640625 0.698603451171875 0.866888779296875 0.687847162109375 0.880568216796875 0.673724306640625 0.880084162109375 0.6724946328125 0.869308072265625 0.6755320546875 0.858430912109375 0.672731041015625 0.851211921875 0.6542299921875 0.893315712890625 0.653579236328125 0.903235908203125 0.648904478515625 0.9020369140625 0.6368399921875 0.92868085546875 0.6352820234375 0.94598973046875 0.62751052734375 0.94691053125 0.619752400390625 0.961583103515625 0.622809875 0.97133360546875 0.62900334765625 0.96709401953125 0.641147197265625 0.969835109375 0.64757123828125 0.993749107421875 0.647564921875 1 0.783332130859375 1
0 1 0.36407698828125 0.9724853046875 0.36426201171875 0.9676986015625 0.35242416796875 0.956159560546875 0.344757291015625 0.9540026171875 0.32074221875 0.93778881640625 0.311876349609375 0.936914177734375 0.300518845703125 0.940865498046875 0.289128892578125 0.947933611328125 0.296246806640625 0.95814440234375 0.2962505234375 0.964436447265625 0.288898009765625 0.967828904296875 0.277439435546875 0.97651430078125 0.276005845703125 0.979150744140625 0.27070450390625 0.981359470703125 0.24347543359375 0.972917166015625 0.233688763671875 0.9694252890625 0.195134642578125 0.962876783203125 0.199955642578125 0.9538104609375 0.227592716796875 0.94799876171875 0.258754443359375 0.93713721484375 0.268670921875 0.929326458984375 0.281462015625 0.9207463203125 0.286658568359375 0.9161701328125 0.282346646484375 0.912645681640625 0.262538708984375 0.917057296875 0.254330302734375 0.922862310546875 0.216292689453125 0.9303639765625 0.1990886015625 0.943763392578125 0.186983708984375 0.958648947265625 0.188186419921875 0.95823459765625 0.18001046484375 0.9525406796875 0.175561302734375 0.941422671875 0.18294626953125 0.93110662109375 0.179179591796875 0.91597129296875 0.182321255859375 0.911953970703125 0.178077955078125 0.908607458984375 0.18454212109375 0.9039594375 0.2108466796875 0.873839982421875 0.215898560546875 0.86800823046875 0.226432619140625 0.86368850390625 0.224652212890625 0.851367560546875 0.248764640625 0.844326185546875 0.26915027734375 0.836765205078125 0.27759699609375 0.81350334765625 0.28224087109375 0.799801525390625 0.29680865625 0.783186744140625 0.293518607421875 0.779728291015625 0.289343927734375 0.77732825390625 0.2765491171875 0.761528802734375 0.27585919921875 0.751127546875 0.2889572265625 0.74829395703125 0.300484419921875 0.74230431640625 0.305374041015625 0.740595142578125 0.32391436328125 0.734973908203125 0.341974345703125 0.734730814453125 0.353194607421875 0.727380349609375 0.369167248046875 0.723408974609375 0.3599295390625 0.715841310546875 0.36150037109375 0.70132416015625 0.3734680234375 0.6949068046875 0.3564299140625 0.68963391796875 0.367032591796875 0.686911423828125 0.336073013671875 0.690947951171875 0.307818357421875 0.690329771484375 0.298992369140625 0.694682072265625 0.28202659375 0.686654115234375 0.28041587890625 0.68133528515625 0.29601296875 0.682327705078125 0.271759583984375 0.673010759765625 0.25061541015625 0.675186912109375 0.2421325234375 0.6632928359375 0.23504705859375 0.65618546484375 0.239799439453125 0.66118268359375 0.259163203125 0.661708974609375 0.277978005859375 0.65938162109375 0.287692341796875 0.666147328125 0.297273150390625 0.663366365234375 0.310681826171875 0.65387901171875 0.32326705859375 0.65111141796875 0.350427509765625 0.65234109375 0.361203599609375 0.6594618359375 0.370202994140625 0.658811080078125 0.380123189453125 0.647640443359375 0.385626673828125 0.643334083984375 0.39759804296875 0.641900580078125 0.386171919921875 0.6339118828125 0.37269091015625 0.6152855234375 0.390404076171875 0.610150470703125 0.386023533203125 0.597204662109375 0.3944340859375 0.59404861328125 0.38779651171875 0.589834146484375 0.389779064453125 0.5864876328125 0.396243232421875 0.583825298828125 0.427166642578125 0.592116400390625 0.438184759765625 0.578559095703125 0.4446452109375 0.5770470703125 0.456959677734375 0.573128322265625 0.449603451171875 0.569499458984375 0.479158173828125 0.564430404296875 0.490410888671875 0.54639548828125 0.489446490234375 0.540596310546875 0.481234369140625 0.52931373046875 0.476099005859375 0.51056874609375 0.47629743359375 0.467009765625 0.452198880859375 0.462545521484375 0.45852580859375 0.471494064453125 0.4664996171875 0.474551541015625 0.47625012109375 0.473914154296875 0.49992208984375 0.470271921875 0.515725041015625 0.46707661328125 0.52095776171875 0.462605681640625 0.520408798828125 0.45977209375 0.531935994140625 0.45205991015625 0.54161416015625 0.44489991015625 0.54448505859375 0.442467298828125 0.55043643359375 0.4319541015625 0.552895611328125 0.421197810546875 0.566575052734375 0.406318943359375 0.572248228515625 0.4086663515625 0.58316155859375 0.404096849609375 0.5857255234375 0.396134888671875 0.599748064453125 0.3931367265625 0.598754931640625 0.39363628125 0.59006618359375 0.397285197265625 0.581139123046875 0.40525383984375 0.573992470703125 0.402709287109375 0.56930499609375 0.397679490234375 0.5686874140625 0.3938267421875 0.57696444140625 0.388842892578125 0.571352453125 0.385345177734375 0.57904806640625 0.38460253515625 0.598957076171875 0.3804406953125 0.602821109375 0.367692033203125 0.605005806640625 0.3650948515625 0.5984368515625 0.3611827890625 0.597956509765625 0.34645512109375 0.6023982421875 0.33766446875 0.600068873046875 0.329038384765625 0.610259833984375 0.32456745703125 0.609710873046875 0.3217138125 0.600610404296875 0.31674333203125 0.60875019140625 0.31807073046875 0.56328773046875 0.3114629140625 0.559351361328125 0.304809150390625 0.560409400390625 0.297728515625 0.592665330078125 0.250376099609375 0.585601171875 0.247831546875 0.58091369921875 0.248837337890625 0.57041208984375 0.244925275390625 0.569931748046875 0.243663025390625 0.57790184375 0.245241048828125 0.581220630859375 0.22939565234375 0.585525123046875 0.2184154765625 0.577926865234375 0.209322416015625 0.578060390625 0.206876435546875 0.57025998828125 0.202964373046875 0.569779646484375 0.200261931640625 0.55944773046875 0.17707859375 0.540351017578125 0.154467490234375 0.535074697265625 0.152889466796875 0.53175591015625 0.164137775390625 0.449386212890625 0.163460283203125 0.431802857421875 0.17305289453125 0.422980583984375 0.167049884765625 0.414118427734375 0.155616103515625 0.41021451171875 0.15353852734375 0.41558447265625 0.1505412109375 0.4677169609375 0.14949032421875 0.53633859765625 0.142567578125 0.57423896875 0.137945447265625 0.574921453125 0.137714876953125 0.546767869140625 0.130496408203125 0.5940070234375 0.125322095703125 0.601496775390625 0.117800376953125 0.598073201171875 0.11531513671875 0.602143095703125 0.114072939453125 0.630740853515625 0.12206163671875 0.64422186328125 0.119307412109375 0.685134087890625 0.11729583203125 0.706137306640625 0.10903146875 0.722622740234375 0.1045087578125 0.773317919921875 0.09848654296875 0.79695372265625 0.087046076171875 0.786173919921875 0.08968251953125 0.780872578125 0.096487486328125 0.77858309375 0.093574529296875 0.760725255859375 0.096992876953125 0.723644609375 0.09489524609375 0.708386908203125 0.0883266875 0.692580244140625 0.08938510546875 0.6839601171875 0.087346787109375 0.67745978125 0.09294128515625 0.631896248046875 0.101869775390625 0.61924239453125 0.10296076953125 0.591876083984375 0.099298482421875 0.587051369140625 0.096490783203125 0.5729564921875 0.086319251953125 0.561082482421875 0.0883174609375 0.526327490234375 0.085818853515625 0.516645609375 0.0785995390625 0.510759140625 0.074082666015625 0.5152045859375 0.04435750390625 0.5078047578125 0.02769678125 0.509509115234375 0.022726298828125 0.51764890234375 0.008255095703125 0.524622146484375 0 0.548654177734375 0 0.9423626328125 0.469418689453125 1 0.57112825 1 0.578423046875 0.984008765625 0.59774610546875 0.951380998046875 0.598653322265625 0.94399231640625 0.6102708828125 0.927918603515625 0.624156484375 0.8933731875 0.631664833984375 0.883044986328125 0.632308904296875 0.866248904296875 0.624635982421875 0.864056775390625 0.61675254296875 0.854338724609375 0.596376904296875 0.849336888671875 0.590623671875 0.836130357421875 0.580813859375 0.8305508203125 0.588328046875 0.77397288671875 0.600951396484375 0.74739756640625 0.606132392578125 0.74678369921875 0.644720890625 0.7790220390625 0.645753419921875 0.79602398046875 0.6554253984375 0.816586740234375 0.661105947265625 0.807284126953125 0.6662869453125 0.80667026171875 0.68036385546875 0.812148724609375 0.7068544453125 0.83665156640625 0.712285220703125 0.831693328125 0.727340333984375 0.746041009765625 0.729036140625 0.713748912109375 0.73814840625 0.681117427734375 0.738693904296875 0.667434271484375 0.727601787109375 0.64919716796875 0.71926473828125 0.643173458984375 0.691064974609375 0.637210939453125 0.685279166015625 0.642750591796875 0.682011173828125 0.62547416796875 0.687481208984375 0.6086456328125 0.685791240234375 0.594687998046875 0.690537837890625 0.565270513671875 0.69652079296875 0.553505005859375 0.70630301953125 0.478455369140625 0.710096455078125 0.461420974609375 0.71486310546875 0.45263115234375 0.72649403515625 0.45030921484375 0.74321407421875 0.4573622265625 0.752444966796875 0.442245478515625 0.75575221875 0.447651607421875 0.765252943359375 0.448818150390625 0.773708615234375 0.47235659375 0.789764529296875 0.475578025390625 0.8457238203125 0.504949181640625 0.84934016015625 0.5147683046875 0.847026177734375 0.5382344140625 0.842673875 0.555200189453125 0.844508361328125 0.561050490234375 0.872918640625 0.574538931640625 0.879210685546875 0.567186419921875 0.887718140625 0.53948072265625 0.892688625 0.531340935546875 0.89491071875 0.517863640625 0.894082021484375 0.50151173046875 0.89644863671875 0.4799271015625 0.8919451328125 0.49812432421875 0.886310525390625 0.502432529296875 0.881938171875 0.498770640625 0.88603401171875 0.479273353515625 0.8839956953125 0.472773017578125 0.888788236328125 0.438361125 0.900648888671875 0.41106715234375 0.921898322265625 0.374300869140625 0.951518224609375 0.377937736328125 1 0.395132265625 1 0.36407698828125
0 0.42929167578125 0.16568993359375 0.426589234375 0.155358017578125 0.4280026875 0.1461564765625 0.424544232421875 0.141981796875 0.416470330078125 0.14536548828125 0.420691484375 0.150258822265625 0.42507720703125 0.167672486328125 0.42929167578125 0.16568993359375
0 0.416155404296875 0.187202228515625 0.41894305078125 0.180669439453125 0.413498908203125 0.171875904296875 0.4073054375 0.176115490234375 0.405161861328125 0.1658521953125 0.40334074609375 0.173753669921875 0.40624033203125 0.177859732421875 0.4058460390625 0.190311439453125 0.416155404296875 0.187202228515625
0 0.41050658203125 0.124633037109375 0.407652939453125 0.115532568359375 0.4120645546875 0.10732416015625 0.412715310546875 0.097403966796875 0.42220934765625 0.091694619140625 0.425773060546875 0.09963226171875 0.42998752734375 0.097649708984375 0.432926376953125 0.089885474609375 0.4316507578125 0.08410379296875 0.422965361328125 0.08553738671875 0.41589725 0.078419470703125 0.414463744140625 0.066993349609375 0.40876982421875 0.062544185546875 0.404305580078125 0.06887111328125 0.406810875 0.0854288828125 0.4053255859375 0.12524690234375 0.40833043359375 0.133115923828125 0.41050658203125 0.124633037109375
0 0.449641423828125 0.19631384375 0.451705630859375 0.177192107421875 0.460029310546875 0.169464041015625 0.46068006640625 0.159543845703125 0.45507803515625 0.145105869140625 0.458010201171875 0.130465748046875 0.4658668984375 0.11268024609375 0.459758634765625 0.100055130859375 0.45361110546875 0.09930030859375 0.441835658203125 0.109729580078125 0.444538099609375 0.12006149609375 0.44202696875 0.1497534609375 0.43822684765625 0.159911966796875 0.430560611328125 0.1645957265625 0.437793294921875 0.18423397265625 0.43907559765625 0.196891541015625 0.449641423828125 0.19631384375