1 0.44140625 0.3916015625 0.1220703125 0.1025390625
1 0.3916015625 0.2421875 0.1064453125 0.0859375
1 0.77734375 0.2900390625 0.10546875 0.134765625
1 0.5458984375 0.068359375 0.0537109375 0.064453125
1 0.6396484375 0.5419921875 0.0810546875 0.103515625
1 0.9814453125 0.056640625 0.037109375 0.0595703125
1 0.806640625 0.6494140625 0.0576171875 0.138671875
1 0.466796875 0.0986328125 0.0634765625 0.05078125
1 0.4140625 0.1787109375 0.12109375 0.0830078125
1 0.7314453125 0.5458984375 0.0615234375 0.0732421875
1 0.62109375 0.4521484375 0.0830078125 0.091796875
1 0.7265625 0.6201171875 0.1162109375 0.130859375
0 0.970613287109375 0.765151515625 0.9565587734375 0.770833333984375 0.953577513671875 0.799242423828125 0.941652470703125 0.796717171875 0.938671208984375 0.81628787890625 0.93398637109375 0.810606060546875 0.930153322265625 0.815025251953125 0.9327086875 0.849116162109375 0.929727427734375 0.85606060546875 0.89139693359375 0.85479798046875 0.87095400390625 0.837121212890625 0.85988075 0.837121212890625 0.8466780234375 0.850378787109375 0.852640544921875 0.897095958984375 0.86030664453125 0.908459595703125 0.862436115234375 0.92550505078125 0.866695060546875 0.92550505078125 0.8777683125 0.91035353515625 0.898211244140625 0.8989898984375 0.916098806640625 0.904040404296875 0.92163543359375 0.91098484765625 0.92504258984375 0.92487373828125 0.92504258984375 0.96906565625 0.930579216796875 0.994949494140625 0.994889267578125 0.99558080859375 1 0.994318181640625 0.99957410546875 0.720959595703125 0.983390119140625 0.751262626953125 0.970613287109375 0.765151515625
0 0 0.65214646484375 0.0123509375 0.661616162109375 0.0204429296875 0.68371212109375 0.035775126953125 0.69886363671875 0.03407155078125 0.736742423828125 0.053236796875 0.797979798828125 0.06771720703125 0.803030302734375 0.090715501953125 0.821969697265625 0.1000851796875 0.823232322265625 0.1196763203125 0.814393939453125 0.1286201015625 0.826388888671875 0.1286201015625 0.87815656640625 0.123509369140625 0.900883837890625 0.126490630859375 0.912878787109375 0.14948892578125 0.907828283203125 0.17589437890625 0.92550505078125 0.20400340625 0.919191919921875 0.21933560546875 0.928030302734375 0.22572401953125 0.940025251953125 0.23083475390625 0.96906565625 0.239352640625 0.98042929296875 0.244037478515625 0.997474748046875 0.72742759765625 0.998106060546875 0.732964224609375 0.99621212109375 0.734241908203125 0.989267677734375 0.722316865234375 0.96780303125 0.72657580859375 0.953914140625 0.741908005859375 0.93371212109375 0.744463373046875 0.9147727265625 0.742333900390625 0.90151515234375 0.681856900390625 0.907828283203125 0.67163543359375 0.92550505078125 0.658858603515625 0.93434343359375 0.623083474609375 0.87121212109375 0.612436115234375 0.8667929296875 0.612436115234375 0.82512626171875 0.6196763203125 0.797979798828125 0.633304939453125 0.794191919921875 0.658858603515625 0.797979798828125 0.659710392578125 0.790404041015625 0.691652470703125 0.76199494921875 0.684412265625 0.744949494140625 0.67333901171875 0.739898990234375 0.656729130859375 0.71401515234375 0.65204429296875 0.698232322265625 0.641822828125 0.696969697265625 0.63245315234375 0.715909091796875 0.6222316875 0.720959595703125 0.580494037109375 0.717171716796875 0.560902896484375 0.724747474609375 0.548551958984375 0.71401515234375 0.54301533203125 0.696969697265625 0.529812607421875 0.69128787890625 0.524701873046875 0.669823232421875 0.5221465078125 0.64457070703125 0.538330494140625 0.6180555546875 0.5425894375 0.599116162109375 0.537904599609375 0.592171716796875 0.526405451171875 0.59406565625 0.516609880859375 0.626262626953125 0.50127768359375 0.62878787890625 0.483390119140625 0.609848484375 0.463798978515625 0.60606060546875 0.460817716796875 0.59406565625 0.451022146484375 0.5858585859375 0.43654173828125 0.584595958984375 0.427172060546875 0.578282828125 0.405025552734375 0.58207070703125 0.39948892578125 0.576388888671875 0.3926746171875 0.53472222265625 0.39948892578125 0.486742423828125 0.396507666015625 0.483585859375 0.364139693359375 0.498737373046875 0.353066439453125 0.498737373046875 0.34540033984375 0.493686869140625 0.339863712890625 0.482954544921875 0.33645655859375 0.458964646484375 0.344974447265625 0.431186869140625 0.32580919921875 0.40277777734375 0.29471891015625 0.37815656640625 0.290459966796875 0.360479798828125 0.286201021484375 0.306186869140625 0.278960818359375 0.291666666015625 0.27172061328125 0.28598484765625 0.27257240234375 0.26199494921875 0.264906302734375 0.2506313125 0.26916524609375 0.234217171875 0.29216354296875 0.203914140625 0.29386712109375 0.186237373046875 0.3130323671875 0.181818181640625 0.31686541796875 0.169823232421875 0.311754685546875 0.15719696875 0.312180580078125 0.126262626953125 0.30366269140625 0.12121212109375 0.25212947265625 0.1167929296875 0.25042589453125 0.065025251953125 0.264480408203125 0.046717171875 0.275127767578125 0.0397727265625 0.2802385 0.018308080078125 0.27129471875 0.001262626953125 0.035775126953125 0.0006313125 0.03407155078125 0.01199494921875 0.0221465078125 0.024621212890625 0.016183986328125 0.057449494140625 0.029386712890625 0.079545455078125 0.04301533203125 0.084595958984375 0.05195911328125 0.095328283203125 0.059199318359375 0.1325757578125 0.083049404296875 0.133838384765625 0.10647359375 0.1635101015625 0.10051107421875 0.212752525390625 0.102214650390625 0.23800505078125 0.10604769921875 0.2424242421875 0.133304939453125 0.23737373828125 0.15459966015625 0.239898990234375 0.180579216796875 0.267045455078125 0.1942078359375 0.291035353515625 0.200596251953125 0.3118686875 0.22870528125 0.303030302734375 0.234241908203125 0.318813130859375 0.233390119140625 0.327651515625 0.224020443359375 0.34280303125 0.22998296484375 0.359217171875 0.22998296484375 0.37184343359375 0.212947189453125 0.3832070703125 0.209540033203125 0.399621212890625 0.200170357421875 0.41098484765625 0.190374787109375 0.44065656640625 0.170783646484375 0.44949494921875 0.148637138671875 0.4457070703125 0.1213798984375 0.462121212890625 0.113713798828125 0.4444444453125 0.091567291015625 0.4292929296875 0.0753833046875 0.42550505078125 0.06686541796875 0.407828283203125 0.04471891015625 0.396464646484375 0.02001703515625 0.368686869140625 0.007666099609375 0.36300505078125 0.0025553671875 0.3200757578125 0.00851788671875 0.291035353515625 0.00936967578125 0.251893939453125 0.005110732421875 0.225378787109375 0 0.220328283203125 0 0.65214646484375
0 0.941226576171875 0.518308080078125 0.939948892578125 0.51136363671875 0.922061328125 0.508838384765625 0.91439523046875 0.513888888671875 0.9024701875 0.502525251953125 0.899063033203125 0.506313130859375 0.875212947265625 0.50378787890625 0.873935263671875 0.53472222265625 0.862010220703125 0.55113636328125 0.8483816015625 0.52714646484375 0.8483816015625 0.518308080078125 0.844122658203125 0.51199494921875 0.855195912109375 0.5006313125 0.854344123046875 0.479166666015625 0.867120953125 0.45770201953125 0.867120953125 0.446338384765625 0.875212947265625 0.41792929296875 0.862436115234375 0.419191919921875 0.84710391796875 0.4292929296875 0.83816013671875 0.447601009765625 0.842419080078125 0.48800505078125 0.83730834765625 0.501893939453125 0.830494037109375 0.5069444453125 0.827938671875 0.5233585859375 0.818568994140625 0.53598484765625 0.820272572265625 0.553661615234375 0.81345826171875 0.563762626953125 0.823253833984375 0.577020201171875 0.85775127734375 0.587752525390625 0.886286201171875 0.583333333984375 0.9263202734375 0.55808080859375 0.937819419921875 0.541035353515625 0.941226576171875 0.518308080078125
0 0.872657580078125 0.26136363671875 0.861584326171875 0.265151515625 0.843696763671875 0.26262626171875 0.8394378203125 0.2727272734375 0.835178875 0.2739898984375 0.8287904609375 0.26957070703125 0.82495741015625 0.255050505859375 0.818568994140625 0.2569444453125 0.821976150390625 0.274621212890625 0.831345826171875 0.2885101015625 0.8253833046875 0.321338384765625 0.83816013671875 0.33270201953125 0.853492333984375 0.315025251953125 0.862862009765625 0.28093434375 0.873935263671875 0.267045455078125 0.872657580078125 0.26136363671875
0 0.833901193359375 0.100378787109375 0.833049404296875 0.087752525390625 0.836882453125 0.079545455078125 0.85775127734375 0.067550505859375 0.851362861328125 0.051767677734375 0.8466780234375 0.04987373828125 0.849233390625 0.05871212109375 0.8394378203125 0.071969697265625 0.830919931640625 0.0555555546875 0.8172913125 0.051767677734375 0.812180580078125 0.0391414140625 0.80451448046875 0.04292929296875 0.796848380859375 0.03030303125 0.76277683203125 0.03030303125 0.756814310546875 0.0227272734375 0.73807495703125 0.015151515625 0.733816013671875 0.005050505859375 0.72870528125 0.005050505859375 0.724872232421875 0.017045455078125 0.714650767578125 0.02714646484375 0.709540033203125 0.04987373828125 0.712095400390625 0.0700757578125 0.721039181640625 0.0694444453125 0.7261499140625 0.087121212890625 0.741908005859375 0.053661615234375 0.75 0.047979798828125 0.76022146484375 0.056818181640625 0.764906302734375 0.068813130859375 0.7614991484375 0.078914140625 0.752981259765625 0.0864898984375 0.754258943359375 0.095959595703125 0.765332197265625 0.108585859375 0.776405451171875 0.1010101015625 0.790034072265625 0.107323232421875 0.798551958984375 0.12121212109375 0.811328791015625 0.127525251953125 0.815587734375 0.135101009765625 0.821124361328125 0.134469697265625 0.819846677734375 0.118686869140625 0.82836456640625 0.1174242421875 0.832197615234375 0.123106060546875 0.8236797265625 0.143308080078125 0.8270868828125 0.15719696875 0.844122658203125 0.1635101015625 0.8483816015625 0.154671716796875 0.840715501953125 0.13699494921875 0.839863712890625 0.114267677734375 0.833901193359375 0.100378787109375