1 0.916015625 0.611328125 0.08984375 0.123046875
1 0.9130859375 0.3974609375 0.173828125 0.126953125
1 0.431640625 0.1455078125 0.130859375 0.109375
1 0.9775390625 0.28515625 0.044921875 0.1328125
1 0.2646484375 0.416015625 0.291015625 0.24609375
1 0.609375 0.658203125 0.15625 0.23828125
1 0.1201171875 0.615234375 0.240234375 0.2578125
1 0.5673828125 0.30859375 0.416015625 0.2578125
1 0.8193359375 0.5703125 0.0546875 0.083984375
1 0.103515625 0.4677734375 0.107421875 0.125
1 0.09375 0.2412109375 0.181640625 0.1875
1 0.62109375 0.1171875 0.09375 0.103515625
1 0.5224609375 0.1220703125 0.09375 0.099609375
1 0.9453125 0.1337890625 0.083984375 0.056640625
1 0.755859375 0.158203125 0.12890625 0.07421875
0 0.565492607421875 0.547578822265625 0.5640968203125 0.532552173828125 0.560387830078125 0.536059404296875 0.562790626953125 0.550389236328125 0.565492607421875 0.547578822265625
0 0.559660140625 0.501755765625 0.5584938125 0.454585369140625 0.549555384765625 0.453714953125 0.54771082421875 0.464398673828125 0.55460523046875 0.487379642578125 0.5562203359375 0.508839669921875 0.559660140625 0.501755765625
0 0.91780184375 1 0.922579212890625 0.988163658203125 0.924329115234375 0.963904791015625 0.901841060546875 0.94136603125 0.894158966796875 0.9255152578125 0.8827378828125 0.933888638671875 0.867587943359375 0.9279090390625 0.866117361328125 0.917167451171875 0.870369787109375 0.901524998046875 0.869512369140625 0.893651693359375 0.852173888671875 0.899064203125 0.845563462890625 0.916808681640625 0.854197634765625 0.95410790625 0.853848587890625 0.974104861328125 0.87182009765625 0.98942083984375 0.8736884375 1 0.8892442578125 1 0.893650189453125 0.992659462890625 0.907525744140625 1 0.91780184375 1
0 0.92219165625 0.687396802734375 0.8955310390625 0.656926869140625 0.871786654296875 0.64936846484375 0.8571750859375 0.65054220703125 0.85410926171875 0.636200802734375 0.803629466796875 0.60245752734375 0.782437470703125 0.600658830078125 0.75552753515625 0.584472435546875 0.7519930703125 0.577981189453125 0.75632029296875 0.55805367578125 0.754749982421875 0.55302550390625 0.737949869140625 0.565591359375 0.71749569921875 0.559519173828125 0.705072673828125 0.5493008046875 0.675410892578125 0.538781533203125 0.64464744140625 0.515383931640625 0.637259462890625 0.501681478515625 0.64087379296875 0.48459909765625 0.637414123046875 0.47382279296875 0.62155129296875 0.470688326171875 0.6088789453125 0.47475349609375 0.609671703125 0.44833473828125 0.60743836328125 0.443294994140625 0.596166869140625 0.44309825 0.585702931640625 0.453631517578125 0.582891087890625 0.500732474609375 0.57741233203125 0.5106383671875 0.57586188671875 0.523470404296875 0.576744236328125 0.52991535546875 0.58143530078125 0.52713966015625 0.585189087890625 0.54006428515625 0.58847930078125 0.541550505859375 0.59218322265625 0.5573318359375 0.60964636328125 0.5447775546875 0.619591798828125 0.544951154296875 0.64293726953125 0.575363220703125 0.6540841015625 0.582701734375 0.658276529296875 0.608493115234375 0.67074941796875 0.615854775390625 0.674802390625 0.61163915234375 0.68337190234375 0.614646314453125 0.687474736328125 0.607573984375 0.695306423828125 0.6148546328125 0.716548283203125 0.61379662109375 0.724205447265625 0.63107574609375 0.7366783359375 0.63843740625 0.7413195390625 0.63851841796875 0.745497169921875 0.627161025390625 0.747531052734375 0.643627603515625 0.75661400390625 0.65521645703125 0.753827091796875 0.7008890625 0.75662373046875 0.711653794921875 0.76315429296875 0.71748294140625 0.774350990234375 0.721964748046875 0.7774218828125 0.71701758984375 0.786794287109375 0.655028861328125 0.78884803515625 0.6893556484375 0.81897338671875 0.711313322265625 0.829307599609375 0.72721038671875 0.837239013671875 0.728777619140625 0.838709595703125 0.739519205078125 0.83490087890625 0.748739853515625 0.8181755625 0.757020646484375 0.80960605078125 0.754013486328125 0.79285580078125 0.7637226328125 0.78840898828125 0.771503353515625 0.785726873046875 0.792173978515625 0.77109037109375 0.79477607421875 0.766912740234375 0.806133466796875 0.7582435 0.80883972265625 0.752420763671875 0.81945400390625 0.760765888671875 0.83531634765625 0.77035720703125 0.87477546484375 0.782266796875 0.87641213671875 0.793877203125 0.895189052734375 0.811066091796875 0.8983466640625 0.815807021484375 0.89271426171875 0.82361377734375 0.901423263671875 0.827616884765625 0.900064349609375 0.835667890625 0.913778375 0.849940548828125 0.894024458984375 0.8396063359375 0.878127396484375 0.840050046875 0.87170558984375 0.84542907421875 0.867513115234375 0.865245146484375 0.87214537109375 0.87030005859375 0.88652149609375 0.88427353125 0.883907826171875 0.898536052734375 0.902731037109375 0.900255955078125 0.8991890859375 0.902668884765625 0.8749417890625 0.900460478515625 0.86847369140625 0.88732455859375 0.86110045703125 0.881257568359375 0.866709712890625 0.87035498828125 0.864376224609375 0.869014134765625 0.8272043046875 0.876162927734375 0.816613169921875 0.900106767578125 0.812744744140625 0.91395558203125 0.81727284375 0.94795937890625 0.845013373046875 0.9868038359375 0.8614080859375 0.9937770234375 0.860877529296875 0.9974366484375 0.651217724609375 0.965986634765625 0.64815515234375 0.96013896484375 0.6601977890625 0.9637930234375 0.678835826171875 0.9721381484375 0.694698171875 0.97026865234375 0.70681024609375 0.92219165625 0.687396802734375
0 0 0.9913486328125 0.14506216796875 0.993880701171875 0.1376974296875 0.985179416015625 0.144402515625 0.9810100859375 0.148206166015625 0.991078001953125 0.151945154296875 0.9668538515625 0.157962279296875 0.964101302734375 0.169557888671875 0.94572944921875 0.18286833203125 0.943104203125 0.19232526171875 0.933267751953125 0.200231744140625 0.93626333984375 0.203103181640625 0.942743009765625 0.200126951171875 0.961265318359375 0.20245494921875 0.9798802109375 0.206308462890625 0.987091419921875 0.20692819140625 0.994960576171875 0.44651933984375 0.99914265625 0.448927205078125 0.994183923828125 0.451978232421875 0.9713765546875 0.45922675390625 0.95507200390625 0.47727812890625 0.946814357421875 0.49910822265625 0.950052982421875 0.5278077890625 0.97770092578125 0.540455203125 0.975064109375 0.543575958984375 0.967260244140625 0.54397487109375 0.944406580078125 0.55678201171875 0.894622513671875 0.552783974609375 0.876692865234375 0.525385533203125 0.850496421875 0.52066953515625 0.854700470703125 0.516940681640625 0.8403474921875 0.4922192890625 0.812768986328125 0.48099766015625 0.80971553515625 0.463345197265625 0.79511951953125 0.432781203125 0.7602950859375 0.409086685546875 0.749879974609375 0.402142416015625 0.72975571484375 0.37623948828125 0.712872501953125 0.3836823984375 0.704429685546875 0.387276865234375 0.669487095703125 0.40326435546875 0.665479791015625 0.43787158984375 0.639651263671875 0.439347240234375 0.6311042890625 0.43331531640625 0.596708064453125 0.44295183984375 0.5575845703125 0.454936224609375 0.554936181640625 0.45701997265625 0.56854605078125 0.4640390390625 0.58438524609375 0.46722445703125 0.610873447265625 0.48385004296875 0.608306068359375 0.492105576171875 0.591304701171875 0.504015166015625 0.592941373046875 0.5089056875 0.578738845703125 0.516642716796875 0.572444345703125 0.51794891015625 0.554607283203125 0.521602966796875 0.573245322265625 0.52392123828125 0.53542287890625 0.516927103515625 0.518155326171875 0.5174257421875 0.48958825 0.52762556640625 0.45618974609375 0.53553205078125 0.45918533203125 0.537276884765625 0.454215025390625 0.52831352734375 0.45477296484375 0.51986867578125 0.444624037109375 0.517505607421875 0.466014623046875 0.49083485546875 0.4741218203125 0.48638804296875 0.4819025390625 0.488740974609375 0.499089078125 0.47389994921875 0.5324065703125 0.46857078515625 0.533742337890625 0.464029310546875 0.52794791015625 0.4552104765625 0.5392242890625 0.429940580078125 0.543069568359375 0.410513283203125 0.554160775390625 0.404371498046875 0.56405509375 0.315979052734375 0.612519814453125 0.315804529296875 0.622518291015625 0.328840720703125 0.635604939453125 0.3361340390625 0.635732244140625 0.339643572265625 0.643651845703125 0.338681359375 0.660780517578125 0.33167708984375 0.68209009375 0.327150412109375 0.713444439453125 0.336702001953125 0.717183134765625 0.35357691015625 0.70033221875 0.36101475390625 0.71117796484375 0.36025199609375 0.71687980859375 0.3302361015625 0.745646052734375 0.32634751953125 0.778440326171875 0.32212509375 0.773365861328125 0.3201909375 0.75118587109375 0.31292255078125 0.7496302109375 0.307837638671875 0.75597100390625 0.305993078125 0.766654724609375 0.301501466796875 0.75800358984375 0.187953650390625 0.841748947265625 0.182130912109375 0.852363228515625 0.187111029296875 0.871024416015625 0.186687185546875 0.8953064296875 0.183641224609375 0.898825236328125 0.111410794921875 0.933284173828125 0.102816349609375 0.9317053671875 0.094027517578125 0.92226483203125 0.10471584375 0.898876376953125 0.115204716796875 0.88691475390625 0.112323548828125 0.823997744140625 0.11441743359375 0.799030484375 0.11807655859375 0.7983799609375 0.119880986328125 0.84699028515625 0.1248311015625 0.886368388671875 0.137902361328125 0.859449556640625 0.159169150390625 0.85696319140625 0.169633091796875 0.846429921875 0.169982138671875 0.82643296875 0.15647730859375 0.82119648046875 0.1442588046875 0.780262716796875 0.14455798828125 0.763122470703125 0.158147751953125 0.725496771484375 0.178188212890625 0.71727384375 0.197136732421875 0.752609923828125 0.1986271796875 0.781211720703125 0.18708143359375 0.796726869140625 0.184224796875 0.82739596875 0.21777515625 0.80512096875 0.22202758203125 0.789478515625 0.239954296875 0.788362638671875 0.25336446875 0.78002398046875 0.269526484375 0.76601819921875 0.273729044921875 0.753232453125 0.30098803125 0.749421892578125 0.30204490234375 0.745868369140625 0.295713798828125 0.728612390625 0.30639705859375 0.7245125 0.311736357421875 0.684599603515625 0.2988945546875 0.6793746875 0.297399041015625 0.670061455078125 0.310006724609375 0.63170421875 0.308610939453125 0.6166775703125 0.305196064453125 0.622333119140625 0.29392457421875 0.622136375 0.286092884765625 0.6148557265625 0.2687793359375 0.618839884765625 0.26499555078125 0.626632177734375 0.262288501953125 0.648731158203125 0.232153015625 0.665350609375 0.21697814453125 0.66079936328125 0.212536396484375 0.649291521484375 0.204016748046875 0.64342765234375 0.18068607421875 0.650164359375 0.153741072265625 0.673983447265625 0.131073427734375 0.6807317265625 0.08273697265625 0.71417894921875 0.0815554375 0.7248742421875 0.085084837890625 0.75065405078125 0.083215341796875 0.762766125 0.073319771484375 0.7597358203125 0.0702839453125 0.724677498046875 0.061370453125 0.722378728515625 0.0378901875 0.737685556640625 0.03149908203125 0.7618634140625 0.017939318359375 0.778772197265625 0 0.793072171875 0 0.8665653359375 0.001462916015625 0.867783916015625 0.00330241015625 0.8763887578125 0.001801828125 0.886364087890625 0.008008275390625 0.9107618359375 0.004907380859375 0.936425912109375 0.00009165625 0.946343376953125 0 0.949250404296875 0 0.9913486328125
0 0.612363546875 0.484101451171875 0.607896869140625 0.4740219609375 0.61136160546875 0.465509703125 0.6048559765625 0.458252203125 0.609671703125 0.44833473828125 0.59351475390625 0.44305195703125 0.591131822265625 0.446582333984375 0.591834580078125 0.482314326171875 0.59512479296875 0.483800546875 0.598469939453125 0.46314149609375 0.601580560546875 0.493914755859375 0.612363546875 0.484101451171875
0 0.58127557421875 0.574286912109375 0.590857166015625 0.557308689453125 0.59721826953125 0.553847751953125 0.5946658828125 0.54808804296875 0.596854423828125 0.536695931640625 0.592975978515625 0.530913078125 0.588708755859375 0.509406755859375 0.595488638671875 0.5009523671875 0.587831474609375 0.4836732421875 0.585922251953125 0.46006489453125 0.58385330078125 0.483603802734375 0.574535828125 0.5234472578125 0.575652294921875 0.57347436328125 0.58127557421875 0.574286912109375
0 0.5690469375 0.571930275390625 0.5701439453125 0.50908270703125 0.565727130859375 0.496146509765625 0.563448994140625 0.474674908203125 0.56524876171875 0.447559333984375 0.560976470703125 0.445341576171875 0.553827677734375 0.4559327109375 0.558344220703125 0.4631554921875 0.5572624140625 0.46813737109375 0.548348919921875 0.4658386015625 0.554256181640625 0.50737659765625 0.5499289609375 0.527304111328125 0.55291998828125 0.545930576171875 0.555816357421875 0.55098189453125 0.559894259765625 0.545337919921875 0.563892298828125 0.563267568359375 0.55843847265625 0.571745103515625 0.56634495703125 0.574740689453125 0.5690469375 0.571930275390625