1 0.43359375 0.55078125 0.099609375 0.140625
1 0.2978515625 0.529296875 0.08203125 0.09375
1 0.248046875 0.5419921875 0.078125 0.09375
1 0.2275390625 0.6806640625 0.099609375 0.150390625
1 0.029296875 0.5673828125 0.05859375 0.146484375
1 0.6123046875 0.64453125 0.087890625 0.119140625
1 0.7236328125 0.6435546875 0.0703125 0.109375
1 0.748046875 0.6708984375 0.07421875 0.10546875
1 0.8642578125 0.7294921875 0.16015625 0.15625
1 0.8583984375 0.60546875 0.064453125 0.08984375
1 0.3154296875 0.453125 0.083984375 0.08984375
1 0.16796875 0.5087890625 0.08984375 0.1015625
1 0.1923828125 0.4677734375 0.087890625 0.0859375
1 0.509765625 0.6298828125 0.08203125 0.107421875
1 0.5654296875 0.6044921875 0.072265625 0.08984375
1 0.6240234375 0.4453125 0.0390625 0.05859375
1 0.0791015625 0.43359375 0.078125 0.09375
1 0.6953125 0.5166015625 0.04296875 0.06640625
1 0.646484375 0.529296875 0.060546875 0.0703125
1 0.333984375 0.2919921875 0.037109375 0.044921875
1 0.3681640625 0.3623046875 0.037109375 0.0546875
1 0.76953125 0.431640625 0.0390625 0.044921875
1 0.4599609375 0.345703125 0.03515625 0.037109375
1 0.6044921875 0.4169921875 0.03515625 0.048828125
0 0.16557213671875 0.39604770703125 0.163103474609375 0.414944345703125 0.174696033203125 0.412835064453125 0.173485060546875 0.42098576953125 0.176883296875 0.4264598828125 0.193132318359375 0.410603744140625 0.1933653828125 0.406102634765625 0.188849619140625 0.403588763671875 0.189874244140625 0.397343939453125 0.2047254140625 0.40001942578125 0.219671099609375 0.380554373046875 0.22968053515625 0.381932517578125 0.233171673828125 0.3906912109375 0.24378632421875 0.392231525390625 0.248116283203125 0.388176236328125 0.25384248046875 0.391014439453125 0.26296798828125 0.382376681640625 0.266042404296875 0.355167171875 0.2507261796875 0.34454383203125 0.243976431640625 0.33100037109375 0.195559095703125 0.318026986328125 0.1674866015625 0.306593359375 0.129359025390625 0.2794267421875 0.077636357421875 0.2642638203125 0.072840806640625 0.268846291015625 0.07754237890625 0.277929318359375 0.0807531953125 0.302259390625 0.0794020625 0.318195787109375 0.090341609375 0.335469646484375 0.105704556640625 0.343497755859375 0.108776822265625 0.350188404296875 0.10798472265625 0.360407154296875 0.104073638671875 0.366530490234375 0.086568 0.376182486328125 0.078141685546875 0.3713169140625 0.06738687109375 0.377562291015625 0.0480199375 0.3723729375 0.037311845703125 0.37602308203125 0.03246957421875 0.383200783203125 0.0328868359375 0.410693947265625 0.029999837890625 0.419047498046875 0.03391038671875 0.421399201171875 0.048669189453125 0.412315068359375 0.0547224296875 0.396986662109375 0.061427072265625 0.387700234375 0.103793314453125 0.38210187109375 0.115852001953125 0.370990369140625 0.14369196875 0.37845006640625 0.146438267578125 0.3863572421875 0.144714447265625 0.406105396484375 0.153280921875 0.403185279296875 0.15984486328125 0.410159580078125 0.161707771484375 0.399575814453125 0.16557213671875 0.39604770703125
0 1 0.4483320390625 0.996964798828125 0.442795669921875 0.933928822265625 0.431120728515625 0.913258013671875 0.4307975 0.9090676796875 0.435542138671875 0.906645201171875 0.4603185859375 0.923544548828125 0.4674545 0.933088927734375 0.4608847890625 0.939606150390625 0.470454318359375 0.949336337890625 0.470453767578125 0.9552950625 0.477265900390625 0.96260169921875 0.51899187109375 0.984205841796875 0.48436058203125 0.989233919921875 0.4837520390625 0.993143392578125 0.5030538203125 1 0.514999025390625 1 0.4483320390625