1 0.353515625 0.466796875 0.1005859375 0.1494140625
1 0.1669921875 0.7255859375 0.107421875 0.107421875
1 0.87890625 0.60546875 0.1181640625 0.2353515625
1 0.44140625 0.3662109375 0.08203125 0.1103515625
1 0.509765625 0.2470703125 0.056640625 0.0732421875
1 0.0390625 0.046875 0.0751953125 0.09375
1 0.2421875 0.4052734375 0.056640625 0.06640625
1 0.298828125 0.412109375 0.0478515625 0.052734375
1 0.8544921875 0.404296875 0.0302734375 0.046875
1 0.1845703125 0.455078125 0.0546875 0.0595703125
0 0.747017353515625 0 0.737798263671875 0.001234568359375 0.729934923828125 0.015432099609375 0.73047722265625 0.0376543203125 0.72668112890625 0.057407408203125 0.729121474609375 0.069135802734375 0.752982646484375 0.072839505859375 0.765184380859375 0.09567901171875 0.776843818359375 0.130864197265625 0.795824294921875 0.137037037109375 0.80395878515625 0.146913580078125 0.807754880859375 0.1481481484375 0.81751626953125 0.139506171875 0.825650759765625 0.120987654296875 0.837581345703125 0.118518517578125 0.8457158359375 0.111111111328125 0.865238611328125 0.118518517578125 0.874457701171875 0.13827160546875 0.88964208203125 0.150617283203125 0.89452277734375 0.1481481484375 0.905368763671875 0.130864197265625 0.92543383984375 0.12222222265625 0.943872017578125 0.120987654296875 0.95471800390625 0.12962962890625 0.961767896484375 0.14197530859375 0.9726138828125 0.1444444453125 0.9829175703125 0.160493828125 1 0.17222222265625 0.999728849609375 0 0.747017353515625 0
0 0.1542841640625 0.175308642578125 0.140997830078125 0.1697530859375 0.14479392578125 0.161111111328125 0.1420824296875 0.15246913671875 0.14452277734375 0.140740740234375 0.14994576953125 0.15432098828125 0.156995662109375 0.160493828125 0.159164859375 0.160493828125 0.16187635546875 0.149382716796875 0.16106290625 0.161111111328125 0.165672451171875 0.16172839453125 0.169468546875 0.143209876953125 0.17543383984375 0.13827160546875 0.18573752734375 0.13827160546875 0.18763557421875 0.1623456796875 0.192245119140625 0.167901234375 0.195227765625 0.164814814453125 0.1968546640625 0.14753086328125 0.192245119140625 0.13827160546875 0.187093275390625 0.13641975390625 0.18926247265625 0.116666666015625 0.188177875 0.106790123046875 0.192245119140625 0.10617283984375 0.19414316796875 0.0981481484375 0.192245119140625 0.08641975390625 0.1781453359375 0.0802469140625 0.16675705078125 0.0802469140625 0.16513015234375 0.0839506171875 0.16187635546875 0.079012345703125 0.11740780859375 0.079012345703125 0.107646419921875 0.075308642578125 0.102223427734375 0.062962962890625 0.097885033203125 0.062962962890625 0.094631236328125 0.067901234375 0.08649674609375 0.069135802734375 0.07944685546875 0.079012345703125 0.07456616015625 0.07407407421875 0.056127982421875 0.09012345703125 0.03497830859375 0.08641975390625 0.02467462109375 0.10246913671875 0.01111713671875 0.104938271484375 0.00406724609375 0.098765431640625 0 0.103086419921875 0.000271150390625 0.17777777734375 0.00515184375 0.176543208984375 0.008405640625 0.181481482421875 0.01979392578125 0.166666666015625 0.023590021484375 0.17407407421875 0.028470716796875 0.172839505859375 0.0309110625 0.1783950625 0.032809111328125 0.19753086328125 0.057754880859375 0.19753086328125 0.063177875 0.20246913671875 0.065075921875 0.1981481484375 0.063177875 0.188888888671875 0.05721258203125 0.196296296875 0.04690889453125 0.195061728515625 0.042299349609375 0.17962962890625 0.04555314453125 0.17222222265625 0.048535791015625 0.14197530859375 0.0531453359375 0.14382716015625 0.055314533203125 0.16358024609375 0.059381779296875 0.167901234375 0.061279826171875 0.15246913671875 0.059652927734375 0.142592591796875 0.06697396875 0.137037037109375 0.070770064453125 0.143209876953125 0.075650759765625 0.139506171875 0.07809110546875 0.14382716015625 0.0770065078125 0.161111111328125 0.0789045546875 0.165432099609375 0.08134490234375 0.161111111328125 0.080802603515625 0.14382716015625 0.08324294921875 0.14197530859375 0.08649674609375 0.16172839453125 0.098969630859375 0.16172839453125 0.109273318359375 0.169135802734375 0.114154013671875 0.165432099609375 0.11550976171875 0.1697530859375 0.09842733203125 0.175308642578125 0.085954447265625 0.172839505859375 0.082700650390625 0.17777777734375 0.079989154296875 0.172839505859375 0.07456616015625 0.175308642578125 0.0737527109375 0.199382716796875 0.0789045546875 0.2123456796875 0.08649674609375 0.198765431640625 0.0957158359375 0.204938271484375 0.106561822265625 0.19753086328125 0.109815619140625 0.20617283984375 0.114154013671875 0.201234568359375 0.121746203125 0.208641974609375 0.12418655078125 0.199382716796875 0.124728849609375 0.17592592578125 0.129880693359375 0.165432099609375 0.1336767890625 0.16419753125 0.136659435546875 0.17222222265625 0.14045553125 0.20802469140625 0.142624728515625 0.212962962890625 0.149403470703125 0.196296296875 0.15319956640625 0.19753086328125 0.15509761328125 0.18827160546875 0.1542841640625 0.175308642578125
0 0 0.532716048828125 0.01111713671875 0.54567901171875 0.015997830078125 0.5444444453125 0.03172451171875 0.517283951171875 0.041485900390625 0.51358024609375 0.06236442578125 0.53641975390625 0.0634490234375 0.554938271484375 0.06832971875 0.5697530859375 0.06778741796875 0.609259259765625 0.066431669921875 0.6123456796875 0.063177875 0.60617283984375 0.0531453359375 0.641358025390625 0.0563991328125 0.65246913671875 0.058839478515625 0.67777777734375 0.070227765625 0.672839505859375 0.075921908203125 0.6623456796875 0.07809110546875 0.645061728515625 0.075379609375 0.5981481484375 0.078362255859375 0.591358025390625 0.0854121484375 0.59012345703125 0.091377439453125 0.581481482421875 0.094631236328125 0.556790123046875 0.12066160546875 0.549382716796875 0.1266268984375 0.55432098828125 0.129880693359375 0.566666666015625 0.135845986328125 0.567901234375 0.149403470703125 0.565432099609375 0.1607917578125 0.546913580078125 0.174349240234375 0.5802469140625 0.18085683203125 0.58641975390625 0.184652927734375 0.596296296875 0.186008677734375 0.584567900390625 0.182754880859375 0.57222222265625 0.195498916015625 0.565432099609375 0.200379609375 0.5555555546875 0.204175705078125 0.57037037109375 0.216106291015625 0.566666666015625 0.222071583984375 0.582716048828125 0.23210412109375 0.596913580078125 0.23373101953125 0.616666666015625 0.23210412109375 0.654938271484375 0.218546638671875 0.693209876953125 0.219631236328125 0.7018518515625 0.224783080078125 0.711111111328125 0.242678958984375 0.7197530859375 0.26545553125 0.7197530859375 0.2703362265625 0.71358024609375 0.287147505859375 0.7123456796875 0.294197396484375 0.724691357421875 0.324023861328125 0.718518517578125 0.341377439453125 0.720987654296875 0.34517353515625 0.72962962890625 0.357646419921875 0.7283950625 0.368492408203125 0.753086419921875 0.377169197265625 0.75432098828125 0.38449023828125 0.767283951171875 0.380422994140625 0.782716048828125 0.372830802734375 0.785185185546875 0.370390455078125 0.796913580078125 0.36578091015625 0.803703703125 0.354934923828125 0.80987654296875 0.340835140625 0.80987654296875 0.331073751953125 0.8 0.325650759765625 0.788888888671875 0.321312365234375 0.80617283984375 0.311008677734375 0.81358024609375 0.289859001953125 0.808641974609375 0.270878525390625 0.795061728515625 0.26274403515625 0.801234568359375 0.258134490234375 0.79567901171875 0.25515184375 0.772839505859375 0.250271150390625 0.77777777734375 0.24755965234375 0.767901234375 0.238340564453125 0.769135802734375 0.23698481640625 0.816666666015625 0.23183297265625 0.833333333984375 0.221258134765625 0.838888888671875 0.2245119296875 0.92037037109375 0.219631236328125 0.929012345703125 0.21475054296875 0.94753086328125 0.218546638671875 0.964814814453125 0.211767896484375 0.992592591796875 0.217733189453125 0.995061728515625 0.2226138828125 0.991358025390625 0.223969630859375 0.982098765625 0.2207158359375 0.9697530859375 0.2207158359375 0.95987654296875 0.231290671875 0.9481481484375 0.2329175703125 0.967901234375 0.247017353515625 0.96419753125 0.26274403515625 0.97037037109375 0.26979392578125 0.996296296875 0.38259219140625 0.996296296875 0.41024945703125 0.975308642578125 0.4281453359375 0.976543208984375 0.44604121484375 0.962962962890625 0.48183297265625 0.97037037109375 0.489425162109375 0.9802469140625 0.494305857421875 0.996296296875 0.52657266796875 0.99567901171875 0.67028199609375 0.99197530859375 0.607646419921875 0.962962962890625 0.560466376953125 0.950617283203125 0.545824294921875 0.940740740234375 0.53009761328125 0.93827160546875 0.527114966796875 0.95 0.5241323203125 0.9518518515625 0.515997830078125 0.924691357421875 0.505694142578125 0.9123456796875 0.478850326171875 0.910493828125 0.486713666015625 0.896296296875 0.50244034765625 0.892592591796875 0.50433839453125 0.887037037109375 0.505422994140625 0.85987654296875 0.505422994140625 0.84382716015625 0.500271150390625 0.823456791015625 0.498101953125 0.82222222265625 0.49484815625 0.832098765625 0.489425162109375 0.830864197265625 0.48047722265625 0.812962962890625 0.482375271484375 0.782716048828125 0.5035249453125 0.7839506171875 0.517624728515625 0.779012345703125 0.523861171875 0.746296296875 0.526030369140625 0.71172839453125 0.5309110625 0.693209876953125 0.5376898046875 0.6839506171875 0.56914316796875 0.681481482421875 0.577277658203125 0.69753086328125 0.585140998046875 0.684567900390625 0.592190888671875 0.661111111328125 0.593817787109375 0.645061728515625 0.5924620390625 0.639506171875 0.57293926171875 0.617283951171875 0.56832971875 0.616666666015625 0.5737527109375 0.609259259765625 0.56832971875 0.599382716796875 0.57266811328125 0.590740740234375 0.568872017578125 0.57962962890625 0.57429501171875 0.567283951171875 0.580260302734375 0.52037037109375 0.58486984765625 0.508641974609375 0.600596529296875 0.495061728515625 0.613611712890625 0.495061728515625 0.621203904296875 0.49012345703125 0.63015184375 0.45617283984375 0.62771149609375 0.443209876953125 0.61550976171875 0.4339506171875 0.61550976171875 0.422839505859375 0.623644251953125 0.41172839453125 0.61713666015625 0.40432098828125 0.616052060546875 0.393209876953125 0.605748373046875 0.367283951171875 0.60683297265625 0.348765431640625 0.604392625 0.3444444453125 0.598156181640625 0.357407408203125 0.585683296875 0.4018518515625 0.587581345703125 0.414814814453125 0.59490238671875 0.42037037109375 0.585954447265625 0.424691357421875 0.58486984765625 0.417283951171875 0.585140998046875 0.429012345703125 0.57863340625 0.4339506171875 0.57429501171875 0.490740740234375 0.56778741796875 0.500617283203125 0.564533623046875 0.522839505859375 0.559652927734375 0.531481482421875 0.55585683203125 0.561111111328125 0.550976138671875 0.57222222265625 0.546637744140625 0.6018518515625 0.536334056640625 0.641358025390625 0.51952277734375 0.680864197265625 0.517353580078125 0.6981481484375 0.5086767890625 0.715432099609375 0.507049890625 0.741358025390625 0.4829175703125 0.74197530859375 0.477223427734375 0.7339506171875 0.47180043359375 0.715432099609375 0.47505423046875 0.68827160546875 0.483188720703125 0.670987654296875 0.486442515625 0.654938271484375 0.4983731015625 0.6339506171875 0.50406724609375 0.611111111328125 0.515184380859375 0.5981481484375 0.515184380859375 0.442592591796875 0.517624728515625 0.43827160546875 0.518438177734375 0.441358025390625 0.5189804765625 0.52777777734375 0.521963123046875 0.55802469140625 0.52494576953125 0.54012345703125 0.53687635546875 0.5055555546875 0.5512472890625 0.4876543203125 0.55585683203125 0.47592592578125 0.559652927734375 0.45617283984375 0.559652927734375 0.429012345703125 0.579175705078125 0.403086419921875 0.606290671875 0.312962962890625 0.606290671875 0.21419753125 0.608188720703125 0.20987654296875 0.610086767578125 0.21419753125 0.60954446875 0.26358024609375 0.611713666015625 0.2944444453125 0.622017353515625 0.2783950625 0.623644251953125 0.1660493828125 0.625271150390625 0.1783950625 0.624728849609375 0.2783950625 0.62771149609375 0.28641975390625 0.6542841640625 0.296296296875 0.656182212890625 0.32037037109375 0.662960955078125 0.32962962890625 0.702548806640625 0.337037037109375 0.72532537890625 0.346913580078125 0.7909436015625 0.3555555546875 0.816431669921875 0.3555555546875 0.82781995703125 0.350617283203125 0.824023861328125 0.339506171875 0.816431669921875 0.337037037109375 0.808568330078125 0.3216049375 0.809652927734375 0.293209876953125 0.806941431640625 0.282098765625 0.806941431640625 0.267283951171875 0.814804771484375 0.2444444453125 0.826735357421875 0.23827160546875 0.832700650390625 0.24197530859375 0.838665943359375 0.233333333984375 0.83812364453125 0.220987654296875 0.832700650390625 0.214814814453125 0.801789587890625 0.208641974609375 0.7296637734375 0.204938271484375 0.69929501171875 0.195061728515625 0.643438177734375 0.19382716015625 0.63611713671875 0.17962962890625 0.64045553125 0.17222222265625 0.642624728515625 0.15246913671875 0.641540130859375 0.125308642578125 0.639099783203125 0.1160493828125 0.62771149609375 0.123456791015625 0.62418655078125 0.1376543203125 0.616865509765625 0.1481481484375 0.60168112890625 0.150617283203125 0.602494576171875 0.161111111328125 0.60005423046875 0.166666666015625 0.596258134765625 0.166666666015625 0.5943600859375 0.1623456796875 0.595444685546875 0.148765431640625 0.6046637734375 0.1339506171875 0.6060195234375 0.1160493828125 0.590835140625 0.10987654296875 0.559381779296875 0.10987654296875 0.4520065078125 0.092592591796875 0.439533623046875 0.09753086328125 0.435195228515625 0.104938271484375 0.42706073828125 0.104938271484375 0.42570498828125 0.10802469140625 0.431127982421875 0.131481482421875 0.438991322265625 0.143209876953125 0.45959869921875 0.13827160546875 0.4758676796875 0.14567901171875 0.498644251953125 0.1444444453125 0.50244034765625 0.153086419921875 0.506236443359375 0.146913580078125 0.5138286328125 0.146913580078125 0.517624728515625 0.165432099609375 0.52575921875 0.167901234375 0.532809111328125 0.143209876953125 0.54528199609375 0.139506171875 0.5563991328125 0.157407408203125 0.560195228515625 0.1697530859375 0.560195228515625 0.184567900390625 0.553416486328125 0.217283951171875 0.542570498046875 0.21358024609375 0.54013015234375 0.216666666015625 0.537960955078125 0.251234568359375 0.529555314453125 0.281481482421875 0.48454446875 0.276543208984375 0.479934923828125 0.268518517578125 0.485900216796875 0.21419753125 0.48020607421875 0.20987654296875 0.4655639921875 0.21358024609375 0.439533623046875 0.211111111328125 0.435195228515625 0.203703703125 0.42706073828125 0.207407408203125 0.424078091796875 0.215432099609375 0.424349240234375 0.260493828125 0.42055314453125 0.2555555546875 0.4145878515625 0.259259259765625 0.40997830859375 0.251234568359375 0.4094360078125 0.242592591796875 0.406453361328125 0.240740740234375 0.403470716796875 0.25 0.407266810546875 0.253703703125 0.412418654296875 0.275308642578125 0.42136659375 0.283333333984375 0.424891541015625 0.30987654296875 0.436279826171875 0.314814814453125 0.451464208984375 0.30246913671875 0.460683296875 0.31358024609375 0.484002169921875 0.324691357421875 0.4861713671875 0.332098765625 0.4758676796875 0.33827160546875 0.464479392578125 0.37037037109375 0.4571583515625 0.3783950625 0.45444685546875 0.393209876953125 0.454989154296875 0.41172839453125 0.47424078125 0.424691357421875 0.498101953125 0.427160494140625 0.499457701171875 0.438888888671875 0.4693600859375 0.439506171875 0.464479392578125 0.433333333984375 0.450921908203125 0.434567900390625 0.431941431640625 0.42592592578125 0.406995662109375 0.42222222265625 0.404555314453125 0.432716048828125 0.40509761328125 0.45617283984375 0.400216919921875 0.487037037109375 0.374728849609375 0.529012345703125 0.374728849609375 0.546296296875 0.372830802734375 0.550617283203125 0.354392625 0.5444444453125 0.338665943359375 0.54567901171875 0.32619305859375 0.533333333984375 0.3186008671875 0.53827160546875 0.30667028125 0.537037037109375 0.301789587890625 0.532098765625 0.281182212890625 0.5283950625 0.279013015625 0.523456791015625 0.275216919921875 0.52962962890625 0.270065076171875 0.526543208984375 0.264099783203125 0.48827160546875 0.26545553125 0.46172839453125 0.275216919921875 0.459259259765625 0.2792841640625 0.464814814453125 0.2809110625 0.484567900390625 0.27819956640625 0.500617283203125 0.279013015625 0.5160493828125 0.287147505859375 0.5160493828125 0.29040130078125 0.520987654296875 0.294739697265625 0.514814814453125 0.301789587890625 0.523456791015625 0.306127982421875 0.511111111328125 0.31073752734375 0.509259259765625 0.306127982421875 0.507407408203125 0.303687634765625 0.500617283203125 0.315075921875 0.473456791015625 0.30911062890625 0.464814814453125 0.325108458984375 0.460493828125 0.34327548828125 0.429012345703125 0.32781995703125 0.420987654296875 0.3218546640625 0.423456791015625 0.31751626953125 0.433333333984375 0.311008677734375 0.43827160546875 0.282809111328125 0.43827160546875 0.27467462109375 0.4197530859375 0.25081344921875 0.4283950625 0.249457701171875 0.438888888671875 0.251355748046875 0.44197530859375 0.25786333984375 0.433333333984375 0.2638286328125 0.433333333984375 0.265184380859375 0.4376543203125 0.265184380859375 0.45 0.2603036875 0.46358024609375 0.2603036875 0.482098765625 0.25406724609375 0.481481482421875 0.251355748046875 0.475308642578125 0.243763556640625 0.491358025390625 0.23888286328125 0.491358025390625 0.2329175703125 0.498765431640625 0.216106291015625 0.498765431640625 0.205802603515625 0.491358025390625 0.184652927734375 0.50617283984375 0.168383947265625 0.504938271484375 0.15319956640625 0.517283951171875 0.148861171875 0.503703703125 0.140997830078125 0.496913580078125 0.141811279296875 0.476543208984375 0.151030369140625 0.475308642578125 0.155368763671875 0.462962962890625 0.164045552734375 0.4518518515625 0.198210412109375 0.42222222265625 0.210683296875 0.401234568359375 0.228850326171875 0.384567900390625 0.212852494140625 0.376543208984375 0.214479392578125 0.37037037109375 0.263286333984375 0.37037037109375 0.269251626953125 0.376543208984375 0.27467462109375 0.39382716015625 0.2806399140625 0.381481482421875 0.291485900390625 0.379012345703125 0.29690889453125 0.35802469140625 0.307754880859375 0.349382716796875 0.316431669921875 0.333333333984375 0.3218546640625 0.330864197265625 0.3457158359375 0.298765431640625 0.353308025390625 0.298765431640625 0.3630694140625 0.2876543203125 0.36903470703125 0.29382716015625 0.3766268984375 0.29382716015625 0.38774403515625 0.258641974609375 0.38096529296875 0.25802469140625 0.372830802734375 0.239506171875 0.369577005859375 0.2444444453125 0.36035791796875 0.243209876953125 0.35547722265625 0.217283951171875 0.34517353515625 0.2160493828125 0.341377439453125 0.223456791015625 0.320770064453125 0.224691357421875 0.309381779296875 0.207407408203125 0.295824294921875 0.224691357421875 0.27142082421875 0.24567901171875 0.258947939453125 0.2444444453125 0.25081344921875 0.262962962890625 0.244305857421875 0.26172839453125 0.239425162109375 0.2481481484375 0.220986984375 0.246913580078125 0.218004337890625 0.24012345703125 0.216919740234375 0.22407407421875 0.21393709375 0.220987654296875 0.212039044921875 0.222839505859375 0.212039044921875 0.241358025390625 0.215835140625 0.251234568359375 0.213665943359375 0.268518517578125 0.215835140625 0.282098765625 0.21990238671875 0.2839506171875 0.2226138828125 0.276543208984375 0.2296637734375 0.2716049375 0.232375271484375 0.2716049375 0.23373101953125 0.277160494140625 0.223698482421875 0.288888888671875 0.217733189453125 0.2876543203125 0.216919740234375 0.29567901171875 0.210683296875 0.308641974609375 0.18085683203125 0.3283950625 0.1765184375 0.33827160546875 0.16513015234375 0.340740740234375 0.1607917578125 0.330864197265625 0.156995662109375 0.337037037109375 0.15319956640625 0.3283950625 0.149403470703125 0.333333333984375 0.146149673828125 0.32592592578125 0.141811279296875 0.32962962890625 0.1130694140625 0.32592592578125 0.102223427734375 0.32962962890625 0.09842733203125 0.32222222265625 0.0940889375 0.324691357421875 0.090835140625 0.318518517578125 0.087039044921875 0.32222222265625 0.06263557421875 0.3197530859375 0.059381779296875 0.308641974609375 0.05667028125 0.318518517578125 0.0376898046875 0.314814814453125 0.03172451171875 0.307407408203125 0.029013015625 0.3123456796875 0.023590021484375 0.311111111328125 0.020065076171875 0.280864197265625 0.01464208203125 0.277160494140625 0.009761388671875 0.25246913671875 0.00515184375 0.249382716796875 0.00271149609375 0.253703703125 0.002169197265625 0.277160494140625 0.012472884765625 0.296913580078125 0.00949023828125 0.30617283984375 0 0.310493828125 0.000271150390625 0.496296296875 0.033893708984375 0.462962962890625 0.03606290625 0.446913580078125 0.0460954453125 0.4376543203125 0.047451193359375 0.423456791015625 0.051789587890625 0.427160494140625 0.054772234375 0.4216049375 0.055043384765625 0.40246913671875 0.05585683203125 0.42037037109375 0.059924078125 0.423456791015625 0.071312365234375 0.4123456796875 0.075379609375 0.4018518515625 0.075108458984375 0.391358025390625 0.078362255859375 0.395061728515625 0.0821583515625 0.39012345703125 0.085954447265625 0.39382716015625 0.091377439453125 0.391358025390625 0.094631236328125 0.396296296875 0.102223427734375 0.385185185546875 0.11035791796875 0.3839506171875 0.122830802734375 0.37037037109375 0.124728849609375 0.3660493828125 0.12093275390625 0.357407408203125 0.124457701171875 0.35432098828125 0.13801518359375 0.353086419921875 0.145607375 0.343209876953125 0.152928416015625 0.357407408203125 0.14316702734375 0.3697530859375 0.1420824296875 0.384567900390625 0.136388287109375 0.403703703125 0.113611712890625 0.407407408203125 0.103850326171875 0.420987654296875 0.090292841796875 0.42222222265625 0.086225595703125 0.42777777734375 0.08297180078125 0.44753086328125 0.075108458984375 0.460493828125 0.055043384765625 0.47037037109375 0.042570498046875 0.467901234375 0.028470716796875 0.47777777734375 0.007321041015625 0.501234568359375 0 0.503086419921875 0 0.532716048828125
0 1 0.2376543203125 0.994305857421875 0.233333333984375 0.9655639921875 0.239506171875 0.96475054296875 0.24382716015625 0.968546638671875 0.25 0.966919740234375 0.258641974609375 0.9690889375 0.27592592578125 0.968546638671875 0.2944444453125 0.9539045546875 0.31172839453125 0.953362255859375 0.34012345703125 0.944956615234375 0.340740740234375 0.93736442578125 0.333333333984375 0.924891541015625 0.3481481484375 0.923264642578125 0.35802469140625 0.918383947265625 0.359259259765625 0.914859001953125 0.3660493828125 0.91621475 0.37037037109375 0.930314533203125 0.367901234375 0.940618220703125 0.381481482421875 0.948210412109375 0.3802469140625 0.95363340625 0.37037037109375 0.960683296875 0.3802469140625 0.985900216796875 0.38827160546875 0.9896963125 0.384567900390625 0.988611712890625 0.373456791015625 0.991865509765625 0.345061728515625 1 0.326543208984375 1 0.2376543203125
0 0.8991323203125 0.3302469140625 0.89452277734375 0.30246913671875 0.890184380859375 0.303703703125 0.885574837890625 0.312962962890625 0.88286333984375 0.322839505859375 0.885574837890625 0.3302469140625 0.878796095703125 0.334567900390625 0.87744034765625 0.351234568359375 0.87066160546875 0.360493828125 0.8579175703125 0.3216049375 0.852494576171875 0.312962962890625 0.847071583984375 0.282098765625 0.845444685546875 0.331481482421875 0.8508676796875 0.338888888671875 0.851138828125 0.36172839453125 0.8630694140625 0.35802469140625 0.87066160546875 0.37037037109375 0.90075921875 0.370987654296875 0.9059110625 0.37037037109375 0.90672451171875 0.3623456796875 0.898590021484375 0.34012345703125 0.8991323203125 0.3302469140625
0 0.605748373046875 0.367283951171875 0.607375271484375 0.34753086328125 0.604392625 0.34567901171875 0.59924078125 0.357407408203125 0.586767896484375 0.4055555546875 0.5924620390625 0.4123456796875 0.59842733203125 0.404938271484375 0.601138828125 0.4123456796875 0.61388286328125 0.415432099609375 0.624728849609375 0.41172839453125 0.61713666015625 0.403086419921875 0.614967462890625 0.390740740234375 0.605748373046875 0.367283951171875
0 0.812093275390625 0.62962962890625 0.81751626953125 0.632098765625 0.819956615234375 0.62407407421875 0.81832971875 0.61172839453125 0.814533623046875 0.60802469140625 0.805314533203125 0.57222222265625 0.806941431640625 0.53641975390625 0.811279826171875 0.509259259765625 0.807754880859375 0.50617283984375 0.80395878515625 0.517283951171875 0.80070498828125 0.51358024609375 0.798264642578125 0.4981481484375 0.803687634765625 0.482098765625 0.80070498828125 0.47777777734375 0.7909436015625 0.47777777734375 0.789045552734375 0.483333333984375 0.793926248046875 0.49197530859375 0.794197396484375 0.501234568359375 0.78009761328125 0.49753086328125 0.76979392578125 0.50987654296875 0.764913232421875 0.50987654296875 0.760845986328125 0.52037037109375 0.761388287109375 0.56358024609375 0.771691974609375 0.59567901171875 0.774403470703125 0.62407407421875 0.776843818359375 0.6283950625 0.7792841640625 0.599382716796875 0.787418654296875 0.573456791015625 0.78850325390625 0.55987654296875 0.793112798828125 0.55802469140625 0.795010845703125 0.5623456796875 0.79718004296875 0.577160494140625 0.7960954453125 0.612962962890625 0.803687634765625 0.64753086328125 0.8015184375 0.670987654296875 0.804772234375 0.677160494140625 0.821583513671875 0.6697530859375 0.819956615234375 0.64012345703125 0.810195228515625 0.635185185546875 0.812093275390625 0.62962962890625
0 0.6556399140625 0.383333333984375 0.65835141015625 0.40432098828125 0.655368763671875 0.40987654296875 0.646691974609375 0.411111111328125 0.642624728515625 0.42037037109375 0.71502169140625 0.437037037109375 0.717733189453125 0.43580246875 0.723969630859375 0.419135802734375 0.726409978515625 0.401234568359375 0.736713666015625 0.396296296875 0.741052060546875 0.381481482421875 0.7483731015625 0.38580246875 0.749728849609375 0.407407408203125 0.75515184375 0.403703703125 0.76111713671875 0.40617283984375 0.76437093359375 0.385185185546875 0.773590021484375 0.385185185546875 0.7809110625 0.4018518515625 0.787418654296875 0.431481482421875 0.785520607421875 0.449382716796875 0.788774404296875 0.453086419921875 0.80395878515625 0.443209876953125 0.805314533203125 0.45246913671875 0.808568330078125 0.45617283984375 0.829175705078125 0.4302469140625 0.821312365234375 0.3802469140625 0.66024945703125 0.3481481484375 0.6556399140625 0.383333333984375
0 0.737798263671875 0.57777777734375 0.74728850390625 0.554938271484375 0.75 0.5376543203125 0.749457701171875 0.5216049375 0.741052060546875 0.507407408203125 0.7396963125 0.53641975390625 0.73725596484375 0.539506171875 0.722071583984375 0.5160493828125 0.719631236328125 0.509259259765625 0.722885033203125 0.480864197265625 0.716106291015625 0.46172839453125 0.674349240234375 0.456790123046875 0.64831887109375 0.4481481484375 0.64045553125 0.44012345703125 0.63964208203125 0.42592592578125 0.637201736328125 0.45617283984375 0.6388286328125 0.470987654296875 0.652928416015625 0.50802469140625 0.654555314453125 0.5376543203125 0.650216919921875 0.570987654296875 0.6523861171875 0.583333333984375 0.674891541015625 0.618518517578125 0.6813991328125 0.601234568359375 0.690075921875 0.596296296875 0.70119305859375 0.57222222265625 0.7039045546875 0.553703703125 0.706887201171875 0.5518518515625 0.71475054296875 0.57962962890625 0.71312364453125 0.600617283203125 0.718004337890625 0.619135802734375 0.7207158359375 0.610493828125 0.719631236328125 0.5981481484375 0.72695227734375 0.5802469140625 0.737798263671875 0.57777777734375
0 0.01979392578125 0.243209876953125 0.024403470703125 0.2623456796875 0.027928416015625 0.301234568359375 0.0344360078125 0.296296296875 0.055043384765625 0.3 0.059381779296875 0.29382716015625 0.075108458984375 0.292592591796875 0.07944685546875 0.292592591796875 0.082700650390625 0.301234568359375 0.08649674609375 0.2839506171875 0.090292841796875 0.29382716015625 0.09517353515625 0.29753086328125 0.095444685546875 0.28580246875 0.09842733203125 0.2802469140625 0.099783080078125 0.2944444453125 0.106561822265625 0.303703703125 0.110900216796875 0.29382716015625 0.12771149609375 0.281481482421875 0.145607375 0.279012345703125 0.1575379609375 0.267901234375 0.16160520703125 0.257407408203125 0.15319956640625 0.227160494140625 0.141811279296875 0.22592592578125 0.137472884765625 0.240740740234375 0.1336767890625 0.223456791015625 0.120119306640625 0.22592592578125 0.0789045546875 0.214814814453125 0.070227765625 0.218518517578125 0.063720173828125 0.208641974609375 0.000271150390625 0.20987654296875 0 0.293209876953125 0.015997830078125 0.296296296875 0.020065076171875 0.3055555546875 0.021691974609375 0.2944444453125 0.021149673828125 0.2697530859375 0.018438177734375 0.254938271484375 0.01979392578125 0.243209876953125
0 0.031995662109375 0.016666666015625 0.04013015234375 0.000617283203125 0.025216919921875 0 0.02657266796875 0.01172839453125 0.031995662109375 0.016666666015625
0 0.146963123046875 0.006790123046875 0.154013015625 0.000617283203125 0.05748373046875 0.000617283203125 0.0734815625 0.02592592578125 0.091919740234375 0.02962962890625 0.094631236328125 0.03580246875 0.102494576171875 0.035185185546875 0.109273318359375 0.0283950625 0.145065076171875 0.033333333984375 0.147505423828125 0.026543208984375 0.146963123046875 0.006790123046875
0 0.678687634765625 0 0.6762472890625 0.02777777734375 0.6710954453125 0.037037037109375 0.66865509765625 0.017901234375 0.664316703125 0.009259259765625 0.669197396484375 0.000617283203125 0.66024945703125 0 0.65157266796875 0.014814814453125 0.645607375 0.007407408203125 0.63964208203125 0.007407408203125 0.631507591796875 0.014814814453125 0.62771149609375 0.02592592578125 0.606290671875 0.04012345703125 0.608188720703125 0.053086419921875 0.625 0.0444444453125 0.632049890625 0.053086419921875 0.64452277734375 0.0555555546875 0.64831887109375 0.0444444453125 0.6523861171875 0.045061728515625 0.6453362265625 0.057407408203125 0.6420824296875 0.0697530859375 0.6388286328125 0.10802469140625 0.635032537109375 0.116666666015625 0.643709328125 0.1302469140625 0.646691974609375 0.1197530859375 0.6559110625 0.111111111328125 0.65997830859375 0.1018518515625 0.664316703125 0.082098765625 0.672451193359375 0.064814814453125 0.676789587890625 0.04012345703125 0.685195228515625 0.02592592578125 0.68926247265625 0.00802469140625 0.69441431640625 0 0.678687634765625 0