1 0.767578125 0.27734375 0.12890625 0.1484375
1 0.3623046875 0.119140625 0.09765625 0.119140625
1 0.9306640625 0.130859375 0.068359375 0.107421875
1 0.576171875 0.0615234375 0.16796875 0.123046875
1 0.287109375 0.44140625 0.162109375 0.142578125
1 0.44140625 0.5078125 0.1015625 0.205078125
1 0.5078125 0.5234375 0.123046875 0.201171875
1 0.5830078125 0.404296875 0.21484375 0.154296875
1 0.85546875 0.3046875 0.064453125 0.119140625
1 0.939453125 0.3056640625 0.0859375 0.123046875
1 0.9833984375 0.3017578125 0.033203125 0.115234375
1 0.8896484375 0.201171875 0.109375 0.10546875
1 0.5390625 0.234375 0.0859375 0.109375
1 0.173828125 0.447265625 0.0859375 0.107421875
1 0.14453125 0.3955078125 0.056640625 0.091796875
1 0.2333984375 0.15234375 0.10546875 0.11328125
1 0.115234375 0.123046875 0.123046875 0.138671875
1 0.7998046875 0.099609375 0.123046875 0.123046875
1 0.4580078125 0.0537109375 0.087890625 0.107421875
1 0.369140625 0.20703125 0.037109375 0.0546875
1 0.45703125 0.2177734375 0.037109375 0.0546875
1 0.177734375 0.3310546875 0.044921875 0.06640625
1 0.2939453125 0.3203125 0.08203125 0.078125
0 0.927040341796875 1 0.984480767578125 0.637335427734375 0.9702471640625 0.63646749609375 0.945605939453125 0.628137017578125 0.93353255859375 0.60777607421875 0.93560026171875 0.583013322265625 0.949000791015625 0.5393829609375 0.9723352109375 0.50913314453125 0.975063994140625 0.497758169921875 0.974851310546875 0.48739320703125 0.96424098828125 0.472429626953125 0.970831072265625 0.448383150390625 0.9700521328125 0.43866644921875 0.95332315625 0.433065046875 0.946976466796875 0.443867001953125 0.94302033984375 0.44250246484375 0.936327751953125 0.458415275390625 0.932033408203125 0.456259220703125 0.930239810546875 0.44416796875 0.912370640625 0.445765462890625 0.901532279296875 0.43224166015625 0.8942887890625 0.4369979921875 0.87302975390625 0.43658268359375 0.851409462890625 0.45308297265625 0.848216923828125 0.473239875 0.84289256640625 0.480514013671875 0.838944119140625 0.47324710546875 0.84100414453125 0.454386724609375 0.833225107421875 0.436181833984375 0.827106455078125 0.44554401171875 0.81512022265625 0.445121474609375 0.8111487421875 0.4555616796875 0.821736033203125 0.48823237109375 0.823027484375 0.53861740625 0.827534513671875 0.551138421875 0.822525341796875 0.5769111875 0.809501419921875 0.591821212890625 0.799324138671875 0.5916851875 0.79187564453125 0.580174185546875 0.77695562109375 0.574859291015625 0.773345392578125 0.568383900390625 0.76349865234375 0.57494176171875 0.758166619140625 0.58811826953125 0.752739759765625 0.587258740234375 0.748012373046875 0.570275130859375 0.738055453125 0.574601697265625 0.717488208984375 0.56396468359375 0.717682845703125 0.501269900390625 0.728369947265625 0.4572097734375 0.709934521484375 0.45945552734375 0.6974615 0.485522033203125 0.6928289375 0.4825744609375 0.693308046875 0.461987791015625 0.687314931640625 0.461776521484375 0.67860070703125 0.467037861328125 0.6808503828125 0.4762495546875 0.67190044140625 0.488853041015625 0.654259310546875 0.489010755859375 0.644522751953125 0.49779991015625 0.601328240234375 0.49538626171875 0.588657892578125 0.499283064453125 0.58434819140625 0.508931751953125 0.557103716796875 0.5024028046875 0.550985064453125 0.511764982421875 0.547541451171875 0.551068779296875 0.555666384765625 0.564162814453125 0.55576888671875 0.57229648046875 0.563563279296875 0.57869662890625 0.54994238671875 0.617864400390625 0.54508946484375 0.61045423828125 0.539875287109375 0.619959669921875 0.5319630390625 0.617230595703125 0.52685904296875 0.62896732421875 0.531476248046875 0.643719634765625 0.548212904296875 0.64341866796875 0.5474109296875 0.651409080078125 0.542542650390625 0.655803658203125 0.52421740234375 0.660280708984375 0.5194593046875 0.66690658203125 0.47083793359375 0.663633404296875 0.463814806640625 0.672852328125 0.445709919921875 0.681791966796875 0.422296033203125 0.686201005859375 0.422713720703125 0.71283330078125 0.428581302734375 0.722618013671875 0.42977025390625 0.764869380859375 0.51391727734375 0.75458261328125 0.5600532578125 0.755986248046875 0.5770102734375 0.76014787109375 0.5866930859375 0.79267530859375 0.616768849609375 0.7959629453125 0.6439185 0.788455853515625 0.72647693359375 0.78234516796875 0.729748943359375 0.788029041015625 0.729513228515625 0.795371193359375 0.715136427734375 0.807115150390625 0.664014310546875 0.813777169921875 0.654521146484375 0.8093218046875 0.619451568359375 0.820002193359375 0.560660595703125 0.810690619140625 0.559425576171875 0.803853474609375 0.567573544921875 0.7992403984375 0.5679271171875 0.78822717578125 0.4971499140625 0.7784930625 0.47113277734375 0.784703630859375 0.4634332109375 0.79233951953125 0.41910618359375 0.79122239453125 0.39625087890625 0.8008855390625 0.378389384765625 0.796580662109375 0.37374914453125 0.7995354609375 0.3753223828125 0.80716412109375 0.3697776640625 0.8099756640625 0.36844014453125 0.795004857421875 0.3611889765625 0.805663556640625 0.332017689453125 0.802519177734375 0.32534045703125 0.80662724609375 0.32180969921875 0.8259926328125 0.31785357421875 0.82462809765625 0.316964451171875 0.812680099609375 0.310822767578125 0.839749388671875 0.305734126953125 0.839681376953125 0.30477321484375 0.79599023046875 0.310561326171875 0.779934166015625 0.3881489765625 0.770084392578125 0.396186763671875 0.76324001953125 0.389194345703125 0.748849458984375 0.39961501953125 0.73574096484375 0.38492303515625 0.72898629296875 0.39829285546875 0.708965416015625 0.398779642578125 0.682476375 0.36950585546875 0.671198326171875 0.364888646484375 0.656446013671875 0.3714710546875 0.638301908203125 0.3920766875 0.6194270703125 0.39322455859375 0.6063258046875 0.3799008046875 0.5909324609375 0.382055654296875 0.586108115234375 0.396417099609375 0.586168900390625 0.389188962890625 0.57912048828125 0.391461671875 0.5706250703125 0.387851443359375 0.5641496796875 0.39123094140625 0.48720036328125 0.3620289453125 0.507665466796875 0.282411978515625 0.51276613671875 0.28375717578125 0.521834576171875 0.29087512890625 0.526651689453125 0.288130990234375 0.549831408203125 0.2971603984375 0.56306869921875 0.291600326171875 0.577684984375 0.26648766796875 0.58403880859375 0.258552384765625 0.59901684765625 0.235476716796875 0.604217400390625 0.22075401953125 0.6210722109375 0.204017365234375 0.621373177734375 0.19789871484375 0.63073535546875 0.18862591015625 0.6307425859375 0.1831836953125 0.641687794921875 0.169160470703125 0.64241852734375 0.162585740234375 0.654660265625 0.14628980859375 0.6638864140625 0.13249462109375 0.663177369140625 0.125919892578125 0.67541910546875 0.1105284375 0.684788509765625 0.094924296875 0.683792955078125 0.084716306640625 0.707266412109375 0.05961132421875 0.70771786328125 0.0581559453125 0.69641812890625 0.07275310546875 0.68913676171875 0.0840782578125 0.6761715234375 0.1064851640625 0.66348556640625 0.1134929375 0.666071384765625 0.125950603515625 0.65180962109375 0.129340470703125 0.653822421875 0.14451156640625 0.639990421875 0.15084290234375 0.64099320703125 0.2051729140625 0.602369541015625 0.2105997734375 0.603229072265625 0.2610761640625 0.571374537109375 0.2745561640625 0.553584953125 0.253194625 0.54503598046875 0.2561668046875 0.520416482421875 0.2383053125 0.51611160546875 0.229819126953125 0.5199331640625 0.23512812890625 0.524463767578125 0.2365835078125 0.535763501953125 0.22717748828125 0.551246546875 0.16905527734375 0.549420376953125 0.166026662109375 0.530491982421875 0.1793888046875 0.516373474609375 0.159380142578125 0.510990568359375 0.15270291015625 0.51509863671875 0.155834025390625 0.542160697265625 0.14484709375 0.555917453125 0.099623267578125 0.548754703125 0.10044827734375 0.523057181640625 0.08948437890625 0.51910682421875 0.090852609375 0.510468150390625 0.086668447265625 0.510543392578125 0.08382948046875 0.51968707421875 0.057827701171875 0.5140928984375 0.0538638984375 0.518630732421875 0.055209095703125 0.527699171875 0.0501051015625 0.5394358984375 0.047084162109375 0.514605134765625 0.041775162109375 0.510074529296875 0.04133444140625 0.501149345703125 0.033178796875 0.51166479296875 0.0181409140625 0.510020974609375 0.017433765625 0.532047423828125 0.011661009765625 0.536298748046875 0 0.53474343359375 0 0.696325533203125 0.006475248046875 0.6978260390625 0.012555513671875 0.71797571484375 0.018879171875 0.72488087109375 0.032674357421875 0.725589916015625 0.038793009765625 0.71622773828125 0.053051951171875 0.70815485546875 0.046328650390625 0.747677150390625 0.047901888671875 0.75530580859375 0.043489685546875 0.756820830078125 0.04168841015625 0.75063194921875 0.036930310546875 0.757257822265625 0.020193658203125 0.75755879296875 0 0.770417654296875 0 0.927040341796875 0.4606491484375 1 0.927040341796875 1