1 0.109375 0.978515625 0.09765625 0.04296875
1 0.2587890625 0.5244140625 0.111328125 0.095703125
1 0.9033203125 0.8720703125 0.18359375 0.16015625
1 0.5068359375 0.41796875 0.07421875 0.1171875
1 0.806640625 0.7626953125 0.16015625 0.2109375
1 0.5458984375 0.5078125 0.11328125 0.076171875
1 0.5947265625 0.2724609375 0.0625 0.060546875
1 0.4423828125 0.22265625 0.0390625 0.046875
1 0.55859375 0.16796875 0.0546875 0.0546875
1 0.5234375 0.1982421875 0.048828125 0.03515625
0 0 0.47072385546875 0.000715857421875 0.47096760546875 0.005469419921875 0.479202298828125 0.014809654296875 0.484248728515625 0.026804275390625 0.477475703125 0.02829206640625 0.49062075 0.031198884765625 0.493391779296875 0.0606428125 0.49306917578125 0.071295556640625 0.51001346484375 0.074625896484375 0.533710056640625 0.07788327734375 0.538975466796875 0.099752365234375 0.530814673828125 0.109272076171875 0.532020412109375 0.117902796875 0.542253853515625 0.120552986328125 0.535522275390625 0.144892791015625 0.5244706015625 0.151616396484375 0.49554555078125 0.162905697265625 0.4888716484375 0.1660003828125 0.47762622265625 0.15897655859375 0.443002310546875 0.16013056640625 0.433301453125 0.113143400390625 0.434181861328125 0.148682767578125 0.418376634765625 0.1488622421875 0.41453594140625 0.1402231328125 0.414478265625 0.136260431640625 0.409311982421875 0.149588537109375 0.388997404296875 0.16069416796875 0.391252080078125 0.17868190234375 0.386180421875 0.18105868359375 0.390297767578125 0.181657484375 0.412470517578125 0.208280134765625 0.41254441796875 0.215239392578125 0.4185613828125 0.17203125390625 0.433536654296875 0.18250871875 0.449233755859375 0.197927611328125 0.45914908984375 0.2042503125 0.488784248046875 0.209798931640625 0.494999466796875 0.21403504296875 0.489316828125 0.2526481171875 0.487705583984375 0.257063703125 0.478182251953125 0.263586857421875 0.4785373046875 0.27080694140625 0.488968998046875 0.286152875 0.480453150390625 0.298758880859375 0.480589228515625 0.302448171875 0.496604431640625 0.30541116796875 0.538158171875 0.303556033203125 0.542870275390625 0.29385684765625 0.545505232421875 0.27993413671875 0.5385591796875 0.27683944921875 0.54980460546875 0.279472861328125 0.56342455859375 0.278143568359375 0.571878228515625 0.262117486328125 0.549965908203125 0.258415609375 0.549214349609375 0.25215328125 0.55327401953125 0.259907595703125 0.557271515625 0.257342947265625 0.567170626953125 0.253461595703125 0.57025976171875 0.247647955078125 0.56471769921875 0.245703083984375 0.5713501484375 0.229656025390625 0.57487723828125 0.226573923828125 0.57085901953125 0.22165766796875 0.546113490234375 0.2230850859375 0.525563708984375 0.21330455078125 0.519943248046875 0.213907546875 0.53702811328125 0.220422310546875 0.54755893359375 0.21838769921875 0.556111728515625 0.211347095703125 0.54183934375 0.191427072265625 0.5382798046875 0.190273064453125 0.5479806640625 0.209274728515625 0.596183080078125 0.19886183203125 0.609092923828125 0.1945108125 0.647223203125 0.18913747265625 0.642255171875 0.188615826171875 0.63342572265625 0.183336419921875 0.621449462890625 0.176026599609375 0.6129381171875 0.160424037109375 0.611951359375 0.15551616796875 0.57703006640625 0.151904029296875 0.57435816015625 0.140345513671875 0.5867931015625 0.13935419921875 0.613004794921875 0.12629950390625 0.622470453125 0.09262785546875 0.618299931640625 0.08550170703125 0.60086001171875 0.0804789296875 0.598386357421875 0.083899005859375 0.620162603515625 0.07595262890625 0.635269447265625 0.08158679296875 0.644652203125 0.083869640625 0.655777779296875 0.1045637421875 0.682757255859375 0.11673364453125 0.67723141796875 0.12457350390625 0.684396447265625 0.12914758984375 0.696471833984375 0.127177546875 0.733631576171875 0.129554328125 0.737748923828125 0.13220451953125 0.731017345703125 0.138099505859375 0.744814826171875 0.14646940234375 0.750633541015625 0.157583421875 0.742712453125 0.170980291015625 0.7459169375 0.18076921484375 0.74136163671875 0.179897005859375 0.730037810546875 0.182547197265625 0.723306232421875 0.1746301875 0.702797904296875 0.168641265625 0.69600865234375 0.1644219375 0.681339763671875 0.176510490234375 0.667558505859375 0.181973568359375 0.67060619140625 0.18910391015625 0.68295823046875 0.186787501953125 0.7125357109375 0.199286990234375 0.734943662109375 0.196812080078125 0.742922427734375 0.201300623046875 0.75183027734375 0.208708572265625 0.74824551171875 0.21135876171875 0.7415139375 0.2155009375 0.742839525390625 0.21716820703125 0.75214387890625 0.218937796875 0.7442642421875 0.23277916015625 0.742954876953125 0.22767503515625 0.732225806640625 0.229098259765625 0.716763908203125 0.226635935546875 0.70947902734375 0.21544476171875 0.704056814453125 0.20371935546875 0.705068802734375 0.205219732421875 0.702950205078125 0.231141259765625 0.698035345703125 0.255117916015625 0.699752939453125 0.253813796875 0.677679318359375 0.26237575390625 0.664393693359375 0.26960003125 0.669737501953125 0.2747167421875 0.665202927734375 0.285377876953125 0.671971451171875 0.2865922578125 0.695965423828125 0.281112400390625 0.713269265625 0.28374580859375 0.72688921875 0.281176966796875 0.741876212890625 0.274042427734375 0.734612056640625 0.269386994140625 0.71428125390625 0.260726908203125 0.73966298828125 0.247941423828125 0.74336760546875 0.260620388671875 0.761934865234375 0.257966001953125 0.7737543203125 0.26165948828125 0.78468164453125 0.255833263671875 0.79440323046875 0.269495150390625 0.796934556640625 0.270119123046875 0.788580013671875 0.2637754453125 0.784384265625 0.265630578125 0.7796721640625 0.278852166015625 0.7816294609375 0.281754791015625 0.78948837109375 0.280066548828125 0.8056234296875 0.258376935546875 0.809943529296875 0.2588046484375 0.825781205078125 0.253683744140625 0.8354036640625 0.273073728515625 0.84030951953125 0.278703697265625 0.85478015625 0.278682720703125 0.880219568359375 0.2766523046875 0.88368448046875 0.263960755859375 0.880380869140625 0.257253931640625 0.888954390625 0.252671455078125 0.88705476953125 0.250979017578125 0.908277708984375 0.2586393984375 0.919283431640625 0.269043904296875 0.916549349609375 0.282958224609375 0.933671166015625 0.30050146484375 0.933113361328125 0.311525748046875 0.9271126171875 0.31259001953125 0.91933210546875 0.320528005859375 0.9144010234375 0.32689685546875 0.888069478515625 0.340656869140625 0.8785046953125 0.3575803359375 0.881213548828125 0.37378589453125 0.899285177734375 0.38014215625 0.88821727734375 0.38825123046875 0.889621267578125 0.395398353515625 0.88162177734375 0.3910289140625 0.83517840625 0.3914046484375 0.807145490234375 0.38331655078125 0.78030208984375 0.37415998828125 0.766327083984375 0.375771078125 0.736848728515625 0.3810714609375 0.723385576171875 0.379233107421875 0.707746150390625 0.38503835546875 0.7234639765625 0.397383537109375 0.719185328125 0.402577400390625 0.727994052734375 0.40239373046875 0.73692262890625 0.408117630859375 0.744385037109375 0.41358490234375 0.742344837890625 0.4342354140625 0.715277958984375 0.451868392578125 0.7127998046875 0.48429629296875 0.728591529296875 0.49329016015625 0.726055701171875 0.497085970703125 0.71979903125 0.496919080078125 0.708376078125 0.48636866015625 0.674247794921875 0.475847603515625 0.604504337890625 0.482118326171875 0.59026890234375 0.48705555859375 0.58957501953125 0.493386650390625 0.609034412109375 0.5037869609375 0.611388212890625 0.5063474140625 0.606576984375 0.502841794921875 0.581633205078125 0.5054961796875 0.56981374609375 0.502341123046875 0.54736434375 0.494578416015625 0.55354261328125 0.500118646484375 0.56993359765625 0.49588673046875 0.57052835546875 0.494745306640625 0.564965568359375 0.48620012890625 0.5578996640625 0.478531357421875 0.557069705078125 0.477492255859375 0.534322923828125 0.48331428515625 0.52968922265625 0.480155033203125 0.512327701171875 0.462966548828125 0.51029200390625 0.45599051171875 0.52462656640625 0.4582775546875 0.5306642578125 0.45580264453125 0.5386430234375 0.466899884765625 0.551073462890625 0.46221927734375 0.561269953125 0.4371909375 0.552069224609375 0.429359470703125 0.5347284296875 0.436331314453125 0.525481751953125 0.444619861328125 0.523045048828125 0.444012671875 0.511048064453125 0.42947018359375 0.507368671875 0.42286568359375 0.498758201171875 0.41266162890625 0.472212177734375 0.39416483203125 0.453190740234375 0.38043418359375 0.427140349609375 0.37904871484375 0.396811306640625 0.3905342734375 0.365945185546875 0.388430900390625 0.35097891796875 0.38298041015625 0.332667587890625 0.379837939453125 0.2949545390625 0.370347591796875 0.258133625 0.36929590625 0.2506504921875 0.37212137890625 0.24516610546875 0.369479578125 0.241721916015625 0.36773096484375 0.22416214453125 0.35347866796875 0.189282302734375 0.3455784375 0.148422443359375 0.345945779296875 0.13056529296875 0.348771251953125 0.12508090625 0.347548478515625 0.111262701171875 0.33856719921875 0.0985348828125 0.327336630859375 0.03397843359375 0.321881943359375 0.020754986328125 0.320937841796875 0.020251759765625 0.315222009765625 0.02105506640625 0.314991447265625 0.038257083984375 0.33393857421875 0.152601966796875 0.332784564453125 0.162302826171875 0.32352567578125 0.1655118125 0.3250176640625 0.1735689765625 0.33339594921875 0.169211927734375 0.33408868359375 0.18437644921875 0.32896777734375 0.19399890625 0.329130474609375 0.2105097421875 0.333341412109375 0.23535439453125 0.343908615234375 0.249131150390625 0.34187400390625 0.2576839453125 0.333316240234375 0.265881689453125 0.33452223046875 0.300051421875 0.338562083984375 0.31856100390625 0.3385495 0.33382465234375 0.335989046875 0.3386358828125 0.329205068359375 0.3338661015625 0.328508142578125 0.32378946484375 0.3233998203125 0.31814827734375 0.322878173828125 0.309318828125 0.3047277421875 0.297879650390625 0.30263276171875 0.2727376171875 0.293578521484375 0.241578619140625 0.291197544921875 0.242549154296875 0.293659869140625 0.24983403515625 0.291975822265625 0.260881208984375 0.28059678125 0.26947545703125 0.28129790625 0.274464212890625 0.286675439453125 0.274344359375 0.29310046484375 0.286795525390625 0.282862849609375 0.300952560546875 0.285830041015625 0.337418419921875 0.277627033203125 0.343022658203125 0.26926552734375 0.327028177734375 0.26435766015625 0.292106884765625 0.2673751953125 0.267518158203125 0.26351481640625 0.2451678828125 0.26493384765625 0.2347938671875 0.272080970703125 0.226794376953125 0.282477087890625 0.234236060546875 0.284332220703125 0.22952395703125 0.281788548828125 0.213983658203125 0.301280857421875 0.20170551953125 0.297608345703125 0.16533878515625 0.29435096484375 0.160073376953125 0.289764291015625 0.163261638671875 0.28192443359375 0.156096607421875 0.282997095703125 0.138140330078125 0.291114560546875 0.129368556640625 0.29077238671875 0.116698416015625 0.286989162109375 0.107691439453125 0.228815017578125 0.0980617578125 0.14734855859375 0.112054767578125 0.114027474609375 0.110378625 0.08722115234375 0.11923330078125 0.075059640625 0.114583375 0.061658576171875 0.116466771484375 0.056892427734375 0.123495724609375 0.041195931640625 0.129517193359375 0 0.135306904296875 0 0.449761259765625 0.005934890625 0.44924903515625 0.007426876953125 0.457306201171875 0 0.45704325 0 0.47072385546875
0 0.09003712109375 0.873664576171875 0.09547921875 0.902151669921875 0.092213447265625 0.907062025390625 0.079342423828125 0.907599107421875 0.079231708984375 0.93495886328125 0.091307677734375 0.936441255859375 0.09543726953125 0.9530304921875 0.101161169921875 0.96049290234375 0.121872052734375 0.967120849609375 0.130784572265625 0.956329603515625 0.144536197265625 0.956940583984375 0.14604916015625 0.939558337890625 0.15541876171875 0.90898959375 0.155798689453125 0.875868796875 0.1634758515625 0.8665229921875 0.168784625 0.842884076171875 0.185109287109375 0.82342018359375 0.183540150390625 0.802019716796875 0.17738014453125 0.78889539453125 0.178008310546875 0.77545296875 0.188062255859375 0.770224509765625 0.2168822109375 0.77825644921875 0.215321462890625 0.74668021875 0.1991930546875 0.741951892578125 0.188980611328125 0.7255816328125 0.18121790625 0.73175990234375 0.18166659765625 0.722158169921875 0.176741947265625 0.707588408203125 0.1644177421875 0.68642764453125 0.164866431640625 0.676825912109375 0.171834080078125 0.672667115234375 0.16903378125 0.647624208984375 0.1732740859375 0.636853685546875 0.17037565625 0.623906892578125 0.170016703125 0.63158827734375 0.166490107421875 0.632083908203125 0.164382541015625 0.6222055234375 0.154512267578125 0.61850540625 0.11571971484375 0.62395734375 0.0993262890625 0.61990217578125 0.070228728515625 0.6278070390625 0.068728353515625 0.629925638671875 0.073661390625 0.634319638671875 0.083160125 0.660964787109375 0.073277267578125 0.67252831640625 0.071221681640625 0.7065205234375 0.066728943359375 0.7027005546875 0.056610431640625 0.679322068359375 0.042157681640625 0.673722330078125 0.03194523828125 0.65735207421875 0.02718328515625 0.65929314453125 0.024708375 0.667271908203125 0.0204764609375 0.667866666015625 0.0182749609375 0.664996509765625 0.051636775390625 0.902378150390625 0.055904197265625 0.89435943359375 0.066663458984375 0.88903184765625 0.0797055703125 0.89482983984375 0.07434481640625 0.874598162109375 0.0850185390625 0.866103041015625 0.09003712109375 0.873664576171875
0 0.815542935546875 0.882349994140625 0.810895892578125 0.8518434296875 0.806040005859375 0.860792728515625 0.806651390625 0.86770183203125 0.800919099609375 0.8704151875 0.80080838671875 0.897774943359375 0.794199689453125 0.89425235546875 0.789715341796875 0.880256623046875 0.7842480703125 0.8822968203125 0.775527611328125 0.873983728515625 0.76902962890625 0.843101380859375 0.762690146484375 0.833817751953125 0.75512789453125 0.81071591796875 0.739704806640625 0.80588846484375 0.7292231484375 0.79527924609375 0.720523666015625 0.7615267421875 0.71214537890625 0.765883791015625 0.71826762890625 0.824799052734375 0.71359121875 0.82990766015625 0.708128140625 0.8268599765625 0.704152853515625 0.83695733984375 0.71005623046875 0.8405790546875 0.7130611796875 0.831253974609375 0.717293095703125 0.83065921875 0.7256546015625 0.846653697265625 0.729677671875 0.88551480859375 0.725792123046875 0.893691826171875 0.72719437109375 0.903669337890625 0.715110013671875 0.912362712890625 0.704098318359375 0.903099806640625 0.70428618359375 0.889083349609375 0.701028802734375 0.88381794140625 0.691154333984375 0.88520570703125 0.68295971875 0.880634181640625 0.68032630859375 0.867014228515625 0.682809609375 0.84885969921875 0.6625558046875 0.82245425390625 0.65421947265625 0.775932482421875 0.647875794921875 0.771736734375 0.633414654296875 0.77631276171875 0.6228390625 0.772711771484375 0.607868861328125 0.753194701171875 0.578237068359375 0.767533765625 0.570478556640625 0.76862415234375 0.563784318359375 0.76193402734375 0.56412648828125 0.774604169921875 0.555748201171875 0.77896121875 0.55988198828125 0.790462572265625 0.580233919921875 0.804771908203125 0.58603916796875 0.820489734375 0.5980128125 0.8391561171875 0.6032796328125 0.8663960234375 0.62951396484375 0.909766486328125 0.6398161484375 0.9242163984375 0.638165662109375 0.894560515625 0.64143143359375 0.88965016015625 0.6508236484375 0.93856718359375 0.674159552734375 0.968990849609375 0.684941494140625 0.978921955078125 0.746437873046875 0.970279201171875 0.738654759765625 0.9033305078125 0.738663150390625 0.893154744140625 0.742104203125 0.889491580078125 0.75247048046875 0.969431375 0.8134192421875 0.960865583984375 0.81250023046875 0.937466015625 0.832343099609375 0.92768225390625 0.83666894921875 0.92007926953125 0.8298078203125 0.90196619140625 0.813422783203125 0.887735255859375 0.815542935546875 0.882349994140625
0 1 0.7952727265625 0.993778197265625 0.791801771484375 0.985326951171875 0.777727638671875 0.969104611328125 0.780007541015625 0.961538162109375 0.761993587890625 0.944708630859375 0.75227650390625 0.942955822265625 0.739804615234375 0.937761958984375 0.730995892578125 0.9158199140625 0.720725501953125 0.91100178515625 0.68388386328125 0.902187392578125 0.682578998046875 0.893890455078125 0.695191466796875 0.858359478515625 0.7008209296875 0.873342265625 0.7050743515625 0.8661993359375 0.707985958984375 0.864519484375 0.713945251953125 0.87190645703125 0.7357998984375 0.874535671875 0.754507732421875 0.884226466796875 0.76204854296875 0.888604296875 0.7983161484375 0.887621373046875 0.814352080078125 0.9006676796875 0.815062185546875 0.918638634765625 0.830342056640625 0.950732751953125 0.823287876953125 0.96606190625 0.835123560546875 0.985960951171875 0.8641225078125 1 0.859899521484375 1 0.7952727265625
0 0.653251689453125 0.666691703125 0.653195513671875 0.627908994140625 0.658149529296875 0.60686358203125 0.64987776171875 0.588948755859375 0.646090341796875 0.585029662109375 0.63832763671875 0.591207931640625 0.6212246953125 0.59233976953125 0.60905059765625 0.602953490234375 0.5840180625 0.59884064453125 0.580483076171875 0.6095120390625 0.57166448828125 0.613295056640625 0.5668169921875 0.61206859375 0.5618881484375 0.602586712890625 0.55978477734375 0.5876204453125 0.553706119140625 0.5827515390625 0.55026087109375 0.591502587890625 0.55289428125 0.605122541015625 0.54820948046875 0.620406912109375 0.53622325 0.61700417578125 0.499721935546875 0.623405923828125 0.507716099609375 0.6572575546875 0.512649138671875 0.661651552734375 0.526550875 0.694037015625 0.53058653125 0.71763448046875 0.5399141796875 0.73794455859375 0.550921681640625 0.75229534375 0.558765736328125 0.7543724921875 0.56628859375 0.718340087890625 0.5804033671875 0.70618180078125 0.595480087890625 0.703426994140625 0.60343905078125 0.673056501953125 0.6002923828125 0.6404313359375 0.60285703125 0.630532224609375 0.6162538984375 0.6337367109375 0.622259599609375 0.620174431640625 0.6257861953125 0.61967880078125 0.632561783203125 0.634624345703125 0.63554575390625 0.65073867578125 0.653251689453125 0.666691703125
0 1 0.51881173046875 0.91924091015625 0.527563505859375 0.906190408203125 0.53194128125 0.902480140625 0.541365486328125 0.877618689453125 0.543587712890625 0.8552195625 0.5530948203125 0.826305673828125 0.552071109375 0.80531718359375 0.56137996484375 0.783105923828125 0.5568706171875 0.770405986328125 0.56374276953125 0.741667376953125 0.56396624609375 0.734079953125 0.571391705078125 0.73309702734375 0.58742763671875 0.7360768046875 0.60862984765625 0.747349326171875 0.622307478515625 0.75314618359375 0.64820106640625 0.7569336015625 0.652120162109375 0.77474186328125 0.650889197265625 0.782757001953125 0.65930141796875 0.788472513671875 0.67693958984375 0.797376640625 0.676324107421875 0.813000181640625 0.65187145703125 0.827457125 0.652383310546875 0.839080208984375 0.668555318359375 0.8426068046875 0.6680596875 0.85407977734375 0.6524572109375 0.88758873046875 0.640116896484375 0.8862804140625 0.62313115625 0.8815268515625 0.614896462890625 0.88445884375 0.587140201171875 0.893627990234375 0.5858515625 0.90771759375 0.604220568359375 0.9163776796875 0.57883883203125 0.929436572265625 0.564285294921875 0.944064603515625 0.571132220703125 0.97544501171875 0.5743529296875 0.984691314453125 0.58640758984375 0.9897912421875 0.60222454296875 1 0.610904578125 1 0.51881173046875
0 0 0.09761716015625 0.016372236328125 0.08594848046875 0.028892701171875 0.082917021484375 0.030572552734375 0.0769577265625 0.026353224609375 0.062288837890625 0.026912126953125 0.06157437890625 0 0.065356630859375 0 0.09761716015625
0 0.457286435546875 0.022074294921875 0.45174201171875 0.010771193359375 0.441521177734375 0.00457669921875 0.440797314453125 0.003406609375 0.401305470703125 0.00895682421875 0.400522927734375 0.01224636328125 0.405092818359375 0.02940962890625 0.41381327734375 0.037722724609375 0.422542126953125 0.03586005078125 0.45296058984375 0.02967728125 0.457286435546875 0.022074294921875