1 0.3134765625 0.607421875 0.107421875 0.12109375
1 0.099609375 0.296875 0.10546875 0.130859375
1 0.064453125 0.384765625 0.115234375 0.103515625
1 0.056640625 0.4658203125 0.09375 0.109375
1 0.0380859375 0.568359375 0.076171875 0.16796875
1 0.146484375 0.87109375 0.154296875 0.166015625
1 0.267578125 0.896484375 0.119140625 0.146484375
1 0.3017578125 0.841796875 0.1640625 0.173828125
1 0.359375 0.7080078125 0.15625 0.130859375
1 0.306640625 0.0517578125 0.09765625 0.103515625
1 0.3505859375 0.25390625 0.12890625 0.13671875
1 0.4072265625 0.619140625 0.078125 0.103515625
1 0.4140625 0.40625 0.0625 0.07421875
1 0.302734375 0.4443359375 0.076171875 0.083984375
1 0.294921875 0.517578125 0.07421875 0.08203125
1 0.25390625 0.0166015625 0.09765625 0.033203125
1 0.3173828125 0.380859375 0.095703125 0.08203125
1 0.029296875 0.8427734375 0.05859375 0.130859375
0 1 0.080450185546875 0.68946040234375 0.02569367578125 0.677163853515625 0.03639706640625 0.623932306640625 0.109246162109375 0.58971815234375 0.13968283203125 0.580449197265625 0.154495515625 0.568004880859375 0.255274083984375 0.565857599609375 0.2599010859375 0.571091791015625 0.205047060546875 0.559513875 0.248056177734375 0.553409169921875 0.2927454609375 0.569060521484375 0.32982949609375 0.5689720703125 0.365568357421875 0.58177553125 0.509413607421875 0.604371654296875 0.607789685546875 0.61169779296875 0.68202057421875 0.660508880859375 0.933757603515625 0.677453908203125 1 0.919549814453125 1 1 0.543744328125 1 0.080450185546875
0 0.080450185546875 0 0.075609212890625 0.027454515625 0.092971375 0.012047978515625 0.1117828671875 0.011074416015625 0.1312299609375 0.03166560546875 0.140121666015625 0.071848265625 0.145903013671875 0.074297853515625 0.14909215625 0.06627911328125 0.165692802734375 0.067776076171875 0.17067686328125 0.07223034765625 0.171366361328125 0.08593862109375 0.189634810546875 0.095595642578125 0.19891343359375 0.090795912109375 0.202410708984375 0.08354659375 0.203496796875 0.06228542578125 0.197089509765625 0.04828404296875 0.203340669921875 0.0279336171875 0.2009391484375 0.02393471875 0.1796722421875 0.028765857421875 0.168490912109375 0.036805537109375 0.159882453125 0.0352876328125 0.1590755 0.027279365234375 0.16668632421875 0.014319576171875 0.162191412109375 0.00709119921875 0.138703998046875 0.004379912109375 0.137619427734375 0 0.117108458984375 0 0.114355736328125 0.001516833984375 0.105753341796875 0 0.080450185546875 0
0 0.151188212890625 0.2632982265625 0.149501078125 0.23511226171875 0.131305861328125 0.237624666015625 0.123240443359375 0.225476177734375 0.1266644921875 0.206057435546875 0.133659046875 0.19155880078125 0.153086806640625 0.192124083984375 0.15504340625 0.181027658203125 0.149433404296875 0.16502158984375 0.1294626015625 0.175086892578125 0.12665482421875 0.19604448046875 0.10711927734375 0.211192154296875 0.10381268359375 0.224910896484375 0.0988382890625 0.230469578125 0.094470498046875 0.22755415234375 0.09401590625 0.202445875 0.074089328125 0.194641748046875 0.060042216796875 0.163561294921875 0.05154734375 0.16391615234375 0.040882767578125 0.224397974609375 0.04338212109375 0.227842052734375 0.053223123046875 0.23243764453125 0.064188880859375 0.255823876953125 0.073105474609375 0.258111201171875 0.116182328125 0.237818337890625 0.151188212890625 0.2632982265625
0 0.36892365234375 0 0.36746933203125 0.008247865234375 0.36132595703125 0.0128853359375 0.361516638671875 0.019354759765625 0.373323908203125 0.02286687890625 0.38621726171875 0.005117828125 0.4068775625 0.008760796875 0.42337042578125 0.025970716796875 0.43077534375 0.05444979296875 0.44608955859375 0.060725546875 0.462010375 0.058527193359375 0.46895103515625 0.0518850390625 0.47680643359375 0.0375381953125 0.483175048828125 0.011487765625 0.48913741015625 0.01039382421875 0.496123884765625 0 0.36892365234375 0
0 0 0.793096572265625 0.047376556640625 0.79918753125 0.051255197265625 0.804877064453125 0.0540670859375 0.851853671875 0.075343662109375 0.857035484375 0.083507197265625 0.843458064453125 0.091372263671875 0.839124173828125 0.095901734375 0.818470166015625 0.100876126953125 0.812911484375 0.18736697265625 0.803134033203125 0.197473328125 0.7005130390625 0.202692296875 0.693567302734375 0.196483919921875 0.821903736328125 0.20412374609375 0.838982806640625 0.2044069921875 0.877647564453125 0.2092100390625 0.885645361328125 0.229469640625 0.856323576171875 0.233490626953125 0.81841776953125 0.231387572265625 0.805175337890625 0.24213364453125 0.792053287109375 0.269905953125 0.77549762109375 0.321547041015625 0.774592091796875 0.3239388984375 0.768578037109375 0.321654828125 0.758879134765625 0.31686144921875 0.7608942890625 0.31746805078125 0.7524201796875 0.297541474609375 0.74461605078125 0.289348935546875 0.72815461328125 0.2985695546875 0.663277166015625 0.284414654296875 0.647909669921875 0.268303158203125 0.643638599609375 0.26297640234375 0.666297291015625 0.259596580078125 0.66784660546875 0.256638234375 0.596531140625 0.242311986328125 0.594720126953125 0.239846904296875 0.588564751953125 0.2262543828125 0.582592580078125 0.2382426640625 0.58256116796875 0.260052615234375 0.567099443359375 0.251923638671875 0.55279448046875 0.25767598046875 0.52520520703125 0.25557292578125 0.51196277734375 0.26268493359375 0.491764142578125 0.26448540625 0.446315908203125 0.234717828125 0.433916189453125 0.23710968359375 0.427902134765625 0.2626172578125 0.421673470703125 0.253446421875 0.41076024609375 0.2394283125 0.40971865234375 0.236283396484375 0.399867958984375 0.242153193359375 0.36657868359375 0.269998732421875 0.362192443359375 0.275579728515625 0.34815965234375 0.276176666015625 0.32967258984375 0.270630224609375 0.315823 0.27209767578125 0.3075006796875 0.282173583984375 0.300696263671875 0.286693384765625 0.2700293046875 0.28237948828125 0.2592573984375 0.2877698046875 0.238755181640625 0.27853540625 0.225685482421875 0.28207690625 0.200566734375 0.277645556640625 0.195494833984375 0.273258431640625 0.1725535 0.264135931640625 0.2117050390625 0.265622716796875 0.223408626953125 0.259390890625 0.263784958984375 0.26273615625 0.290118029296875 0.252200099609375 0.32973541015625 0.2496175625 0.3292800390625 0.265818953125 0.171956810546875 0.2923103828125 0.102258689453125 0.284606994140625 0.08302314453125 0.26528701953125 0.066744908203125 0.26355566015625 0.056428373046875 0.222498966796875 0.0677812890625 0.21118084765625 0.061495064453125 0.20708663671875 0.087231443359375 0.218976798828125 0.112925943359375 0.2328235625 0.127524015625 0.228332763671875 0.1882298359375 0.2193083828125 0.201655466796875 0.2069580703125 0.208773931640625 0.206243681640625 0.232960998046875 0.189319677734375 0.278602900390625 0.1895835859375 0.29724175390625 0.195628841796875 0.318330193359375 0.184965666015625 0.353634623046875 0.18023584765625 0.357806251953125 0.167812306640625 0.352755291015625 0.162774353515625 0.356157498046875 0.16231009375 0.321036267578125 0.151671806640625 0.318445361328125 0.1517989296875 0.322758310546875 0.156900443359375 0.321512578125 0.15518841796875 0.331221951171875 0.14197726171875 0.33818862890625 0.136929640625 0.331577880859375 0.117839017578125 0.361820880859375 0.11233125 0.3880231015625 0.114933123046875 0.408504376953125 0.12217225 0.39261869140625 0.132311720703125 0.387970751953125 0.135212060546875 0.399208498046875 0.13204225390625 0.427253140625 0.12817328125 0.431576560546875 0.097128935546875 0.4339685859375 0.09139592578125 0.481583765625 0.084411041015625 0.506095349609375 0.1155825078125 0.508016275390625 0.11300963671875 0.517573857421875 0.10501744921875 0.517594796875 0.097832212890625 0.52562400390625 0.102879837890625 0.53223475 0.1033883203125 0.54948655078125 0.09134614453125 0.557374439453125 0.087242263671875 0.573097865234375 0.08459616796875 0.570486017578125 0.085682251953125 0.549224849609375 0.081187341796875 0.541996474609375 0.0619599296875 0.557913568359375 0.056226921875 0.605528748046875 0.0628981171875 0.638168982421875 0.050068322265625 0.6580745078125 0.041459865234375 0.656556603515625 0.033086310546875 0.643638693359375 0 0.640606701171875 0 0.793096572265625
0 0.446560384765625 0.8030711171875 0.462598654296875 0.795172759765625 0.47993302734375 0.792508564453125 0.49235656640625 0.79755952734375 0.49794723046875 0.7935396875 0.488136673828125 0.693127517578125 0.480687529296875 0.682517873046875 0.4278138984375 0.680345716796875 0.4212546015625 0.69992672265625 0.415639046875 0.7418418984375 0.4390725703125 0.752409662109375 0.44102361328125 0.79923448046875 0.446560384765625 0.8030711171875
0 0.444728453125 0.179190349609375 0.439964076171875 0.211244361328125 0.447594236328125 0.218310478515625 0.46123098046875 0.20641322265625 0.458267080078125 0.193019001953125 0.459724861328125 0.174683728515625 0.451052841796875 0.1710093515625 0.444728453125 0.179190349609375
0 0.338883072265625 0.2005719453125 0.34441984375 0.204408583984375 0.35056321875 0.19977111328125 0.35073456640625 0.1862146328125 0.367760802734375 0.182781015625 0.37131197265625 0.167675220703125 0.360664017578125 0.15507136328125 0.356839271484375 0.1415253515625 0.34503200390625 0.138013232421875 0.33771964453125 0.1417294921875 0.334540171875 0.15976118359375 0.337694755859375 0.179624828125 0.342669150390625 0.17406614453125 0.338883072265625 0.2005719453125
0 0.379675857421875 0.170580177734375 0.378154515625 0.186758974609375 0.4005365078125 0.190705525390625 0.400609736328125 0.202874951171875 0.40553023828125 0.205172748046875 0.418252244140625 0.2009801796875 0.43762611328125 0.2094019375 0.43814015234375 0.16873249609375 0.42608830859375 0.1666074296875 0.41478952734375 0.180347111328125 0.403779544921875 0.17483030859375 0.413474087890625 0.15508704296875 0.42354999609375 0.148282626953125 0.42507133984375 0.132103830078125 0.39717191015625 0.144346548828125 0.3913463359375 0.159766392578125 0.379675857421875 0.170580177734375
0 0.50408815234375 0.149612072265625 0.5112830546875 0.151595818359375 0.514310517578125 0.167146513671875 0.500918345703125 0.17765671484375 0.4989714140625 0.198766095703125 0.489276869140625 0.218509359375 0.514495642578125 0.2315371796875 0.52273240625 0.230129185546875 0.53154676953125 0.190208224609375 0.55006534765625 0.140556951171875 0.551532794921875 0.132234634765625 0.54199026171875 0.11839551171875 0.53750501953125 0.121180087890625 0.5408406171875 0.137500205078125 0.537098765625 0.14613657421875 0.523941501953125 0.1452467734375 0.522454716796875 0.133543185546875 0.51815048828125 0.132784234375 0.50408815234375 0.149612072265625