1 0.6103515625 0.6591796875 0.076171875 0.125
1 0.701171875 0.255859375 0.0859375 0.087890625
1 0.353515625 0.6015625 0.12890625 0.19921875
1 0.25390625 0.8212890625 0.1728515625 0.2314453125
1 0.3173828125 0.0966796875 0.04296875 0.0615234375
1 0.197265625 0.0869140625 0.0546875 0.0625
1 0.498046875 0.6611328125 0.0859375 0.05859375
1 0.4775390625 0.2451171875 0.064453125 0.0712890625
0 1 0.4057104921875 0.963944396484375 0.4023904375 0.945699392578125 0.385126162109375 0.857949609375 0.35723771484375 0.8162467421875 0.35325365234375 0.81494352734375 0.365869853515625 0.819287576171875 0.387118193359375 0.84187662890625 0.48804780859375 0.857515205078125 0.534528552734375 0.86620330078125 0.595617529296875 0.877497828125 0.6235059765625 0.891398783203125 0.6899070390625 0.898783666015625 0.70385126171875 0.907037359375 0.707171314453125 0.909643787109375 0.695219123046875 0.908774978515625 0.658034529296875 0.92745438671875 0.621513943359375 0.939617724609375 0.624169986328125 0.945699392578125 0.61885790234375 0.9535186796875 0.6254980078125 0.972632494140625 0.65604249609375 1 0.683266931640625 1 0.4057104921875
0 0 0.958167330078125 0.006950478515625 0.958167330078125 0.01607298046875 0.9428950859375 0.086446568359375 0.94555112890625 0.09426585546875 0.93625498046875 0.101216333984375 0.934926958984375 0.11164205078125 0.948207171875 0.1298870546875 0.948207171875 0.151607298828125 0.94023904296875 0.16811468359375 0.92695883203125 0.171155517578125 0.91965471484375 0.171155517578125 0.8930942890625 0.165942658203125 0.88114209765625 0.17984361328125 0.828021248046875 0.1863596875 0.823373173828125 0.201563857421875 0.79614873828125 0.21198957421875 0.773572376953125 0.213727193359375 0.754980080078125 0.220243267578125 0.745019919921875 0.22893136328125 0.741035857421875 0.240225890625 0.749003984375 0.24500434375 0.74435591015625 0.232406603515625 0.735723771484375 0.20721112109375 0.73705179296875 0.185490876953125 0.714475431640625 0.125543005859375 0.714475431640625 0.122067767578125 0.695883134765625 0.298870546875 0.691235060546875 0.297132927734375 0.638114208984375 0.2919200703125 0.618193890625 0.2919200703125 0.598273572265625 0.288444830078125 0.5942895078125 0.29800173828125 0.56905710546875 0.298436142578125 0.551128818359375 0.220243267578125 0.545816732421875 0.2080799296875 0.548472775390625 0.19244135546875 0.560424966796875 0.1885317109375 0.5571049140625 0.1885317109375 0.54515272265625 0.25108601171875 0.441567064453125 0.2645525625 0.4077025234375 0.2845351875 0.383798140625 0.294960904296875 0.383798140625 0.3062554296875 0.39575033203125 0.31016507421875 0.39375830078125 0.31277150390625 0.36055776953125 0.298436142578125 0.354581673828125 0.29800173828125 0.340637451171875 0.30017376171875 0.33466135546875 0.31016507421875 0.330013279296875 0.313205908203125 0.3081009296875 0.329278888671875 0.3061088984375 0.33449174609375 0.295484728515625 0.32971329296875 0.288180611328125 0.322762814453125 0.288180611328125 0.318418765625 0.294820716796875 0.310599478515625 0.285524568359375 0.30278019140625 0.288180611328125 0.26107732421875 0.354581673828125 0.2280625546875 0.36918990625 0.225890529296875 0.3725099609375 0.22936576953125 0.377822044921875 0.228496958984375 0.38844621484375 0.220243267578125 0.399734396484375 0.212423978515625 0.37184594921875 0.18722849609375 0.379814076171875 0.18505647265625 0.385790171875 0.18766290234375 0.40039840625 0.17289313671875 0.408366533203125 0.181581234375 0.437583001953125 0.1789748046875 0.468127490234375 0.161164205078125 0.48605577734375 0.15682015625 0.49800796875 0.12641181640625 0.5351925625 0.122502171875 0.550464806640625 0.102085142578125 0.583001328125 0.073414421875 0.61885790234375 0.054300607421875 0.624169986328125 0.040834056640625 0.65405046484375 0.019982623046875 0.685922974609375 0.0121633359375 0.72045152734375 0 0.740371845703125 0 0.958167330078125
0 0 0.996679947265625 0.0073848828125 0.998671978515625 0.43136403125 0.998671978515625 0.493049521484375 0.992031873046875 0.522589052734375 0.99734395703125 0.786272806640625 0.999335990234375 0.788879236328125 0.99535192578125 0.783666376953125 0.98605577734375 0.783666376953125 0.97675962890625 0.789748044921875 0.9648074375 0.7914856640625 0.94355909765625 0.79800173828125 0.929614873046875 0.806689833984375 0.934926958984375 0.814509123046875 0.95484727734375 0.82710686328125 0.9594953515625 0.828844482421875 0.99535192578125 0.83188531640625 0.99734395703125 0.94222415234375 0.998671978515625 0.946568201171875 0.99734395703125 0.9487402265625 0.99003983984375 0.932232841796875 0.91434262890625 0.91051259765625 0.899734396484375 0.909643787109375 0.866533865234375 0.91572545703125 0.842629482421875 0.907037359375 0.804116865234375 0.90790616796875 0.790836654296875 0.890529974609375 0.74435591015625 0.88357949609375 0.73638778125 0.887923544921875 0.713811421875 0.874456994140625 0.69721115625 0.85273675 0.6918990703125 0.84708948828125 0.684594953125 0.842745439453125 0.6606905703125 0.8453518671875 0.60225763671875 0.82971329296875 0.5942895078125 0.827975673828125 0.5664010625 0.81972198046875 0.557768923828125 0.79539530859375 0.557768923828125 0.79061685546875 0.553120849609375 0.835360556640625 0.54714475390625 0.842745439453125 0.529216466796875 0.841007818359375 0.503984064453125 0.831450912109375 0.474767595703125 0.809730669921875 0.36454183203125 0.79800173828125 0.342629482421875 0.788444830078125 0.33864541796875 0.760642919921875 0.33864541796875 0.712858384765625 0.34794156640625 0.67028670703125 0.339973439453125 0.663336228515625 0.33466135546875 0.66029539453125 0.341965470703125 0.6594265859375 0.36985391796875 0.65551694140625 0.3559096953125 0.644222416015625 0.411686587890625 0.640312771484375 0.408366533203125 0.640312771484375 0.33665338671875 0.62858383984375 0.3413014609375 0.624239791015625 0.337317396484375 0.599913119140625 0.339973439453125 0.59774109375 0.38446215234375 0.61164205078125 0.4057104921875 0.615551693359375 0.420982736328125 0.624239791015625 0.42363877734375 0.62771503125 0.406374501953125 0.632493484375 0.415006640625 0.629018244140625 0.432270916015625 0.628149435546875 0.477423638671875 0.6198957421875 0.48605577734375 0.603388357421875 0.484727755859375 0.59774109375 0.4760956171875 0.59774109375 0.448207171875 0.602953953125 0.432270916015625 0.59904430859375 0.427622841796875 0.57993049609375 0.43160690625 0.360990443359375 0.42895086328125 0.348827107421875 0.439575033203125 0.325369244140625 0.444887119140625 0.31233709765625 0.44355909765625 0.299304953125 0.430278884765625 0.265421373046875 0.42895086328125 0.243266724609375 0.462815404296875 0.22936576953125 0.49734395703125 0.220677671875 0.5053120859375 0.210251955078125 0.529216466796875 0.210686359375 0.536520583984375 0.220243267578125 0.541832669921875 0.269765421875 0.5351925625 0.31494352734375 0.539176626953125 0.3357949609375 0.516600265625 0.3748913984375 0.503320052734375 0.41311902734375 0.517928287109375 0.42006950390625 0.5312085 0.46698523046875 0.524568392578125 0.480886185546875 0.533864541015625 0.6198957421875 0.536520583984375 0.629452650390625 0.524568392578125 0.636403126953125 0.536520583984375 0.671155517578125 0.53784860546875 0.671589921875 0.619521912109375 0.65073848828125 0.6235059765625 0.65073848828125 0.628818060546875 0.658557775390625 0.63545816796875 0.657688966796875 0.667330677734375 0.651172892578125 0.68525896484375 0.64596003515625 0.681274900390625 0.6394439609375 0.688579017578125 0.636837533203125 0.713811421875 0.632059078125 0.719787515625 0.62858383984375 0.715803453125 0.60773240625 0.71845949609375 0.5760208515625 0.713811421875 0.57862728125 0.70185923046875 0.574283232421875 0.662018591796875 0.580364900390625 0.61155378515625 0.6103388359375 0.5976095625 0.615986099609375 0.565073041015625 0.605994787109375 0.553784861328125 0.6055603828125 0.570385126953125 0.596437880859375 0.588313412109375 0.593397046875 0.577025232421875 0.5855777578125 0.570385126953125 0.589052998046875 0.553120849609375 0.5860121640625 0.551128818359375 0.574283232421875 0.55444887109375 0.575152041015625 0.570385126953125 0.559513466796875 0.600929615234375 0.55777584765625 0.618193890625 0.552128583984375 0.621513943359375 0.538662033203125 0.647410359375 0.538662033203125 0.680610890625 0.531277150390625 0.6918990703125 0.465247611328125 0.6918990703125 0.44005212890625 0.686586986328125 0.42528236328125 0.69455511328125 0.40790616796875 0.695883134765625 0.397480451171875 0.690571048828125 0.397046046875 0.683266931640625 0.388792353515625 0.67065073046875 0.384448306640625 0.67065073046875 0.382710685546875 0.68525896484375 0.35881841796875 0.69654714453125 0.36142484765625 0.707171314453125 0.367506515625 0.712483400390625 0.3649000859375 0.724435591796875 0.36663770703125 0.737715802734375 0.375760208984375 0.741035857421875 0.37619461328125 0.757636123046875 0.384448306640625 0.76361221875 0.38835794921875 0.761620185546875 0.388792353515625 0.7397078359375 0.560816681640625 0.74634794140625 0.563857515625 0.75365205859375 0.5612510859375 0.8266932265625 0.54517810546875 0.958831341796875 0.493049521484375 0.96015936328125 0.40095569140625 0.952191234375 0.309730669921875 0.95484727734375 0.29756733203125 0.950863212890625 0.281059947265625 0.956175298828125 0.259339705078125 0.946879150390625 0.16811468359375 0.9428950859375 0.149869677734375 0.961487384765625 0.116854908203125 0.96015936328125 0.10642919140625 0.95484727734375 0.01954821875 0.953519255859375 0.0073848828125 0.961487384765625 0 0.9741035859375 0 0.996679947265625
0 0.534317984375 0.619521912109375 0.5269331015625 0.608233732421875 0.5169417890625 0.604913677734375 0.513900955078125 0.579017263671875 0.501737619140625 0.608233732421875 0.49044309375 0.60956175390625 0.484795830078125 0.595617529296875 0.484795830078125 0.582337318359375 0.48870547265625 0.575033201171875 0.52953953125 0.572377158203125 0.529973935546875 0.56374501953125 0.519113814453125 0.557768923828125 0.49044309375 0.55644090234375 0.465247611328125 0.56175298828125 0.456559513671875 0.555112880859375 0.423544744140625 0.555112880859375 0.42006950390625 0.551128818359375 0.4118158125 0.56905710546875 0.410947001953125 0.59960159375 0.4044309296875 0.61885790234375 0.392701998046875 0.62616201953125 0.38575151953125 0.66600265625 0.3896611640625 0.666666666015625 0.3948740234375 0.657370517578125 0.406168548828125 0.65604249609375 0.412250216796875 0.66135458203125 0.42788879296875 0.660026560546875 0.432232841796875 0.6679946875 0.45699391796875 0.667330677734375 0.461337966796875 0.63944223046875 0.466116419921875 0.633466134765625 0.533883580078125 0.633466134765625 0.534317984375 0.619521912109375
0 0.543874890625 0.8745019921875 0.54995655859375 0.854581673828125 0.54908775 0.837317396484375 0.556038228515625 0.792164673828125 0.55256298828125 0.773572376953125 0.54517810546875 0.76494023828125 0.52953953125 0.766268259765625 0.49044309375 0.756972111328125 0.4826238046875 0.7915006640625 0.447871416015625 0.7915006640625 0.44005212890625 0.778220451171875 0.435708080078125 0.79415670703125 0.423110337890625 0.800132802734375 0.417028669921875 0.8320053125 0.407471763671875 0.839973439453125 0.395308427734375 0.870517927734375 0.39574283203125 0.8764940234375 0.4044309296875 0.881806109375 0.44005212890625 0.880478087890625 0.4435273671875 0.937583001953125 0.5 0.9335989375 0.50608166796875 0.9428950859375 0.5317115546875 0.94355909765625 0.542137271484375 0.924966798828125 0.54039965234375 0.90504648046875 0.54561251171875 0.887782205078125 0.543874890625 0.8745019921875
0 0.048218939453125 0.600265603515625 0.0564726328125 0.567729083984375 0.1103388359375 0.49734395703125 0.109904431640625 0.4648074375 0.092528236328125 0.466135458984375 0.074283232421875 0.458167330078125 0.073414421875 0.4741035859375 0.039530841796875 0.484727755859375 0.016507384765625 0.522576361328125 0.01607298046875 0.56175298828125 0.01129452734375 0.55976095703125 0.00608166796875 0.517264275390625 0 0.513280212890625 0.000868810546875 0.658034529296875 0.01086012109375 0.6440903046875 0.02302345703125 0.636122177734375 0.04039965234375 0.601593625 0.048218939453125 0.600265603515625
0 0.254126845703125 0.309428951171875 0.258905298828125 0.302124833984375 0.258905298828125 0.29415670703125 0.250651607421875 0.282868525390625 0.241094701171875 0.282868525390625 0.196785404296875 0.297476759765625 0.1863596875 0.3081009296875 0.155082537109375 0.317397078125 0.149869677734375 0.325365205078125 0.14118158203125 0.3227091640625 0.135534318359375 0.330013279296875 0.179409208984375 0.33466135546875 0.193310166015625 0.330677291015625 0.19504778515625 0.337317396484375 0.212858384765625 0.341965470703125 0.21937445703125 0.3266932265625 0.223718505859375 0.339973439453125 0.230668984375 0.328021248046875 0.254126845703125 0.309428951171875