1 0.142578125 0.7529296875 0.28515625 0.326171875
1 0.4609375 0.0546875 0.15234375 0.109375
1 0.16796875 0.537109375 0.205078125 0.248046875
1 0.5517578125 0.400390625 0.265625 0.259765625
1 0.3671875 0.5087890625 0.17578125 0.27734375
1 0.01953125 0.87109375 0.0390625 0.1171875
1 0.6220703125 0.0517578125 0.123046875 0.09375
1 0.23828125 0.0478515625 0.140625 0.095703125
1 0.029296875 0.607421875 0.05859375 0.3046875
1 0.0478515625 0.32421875 0.095703125 0.296875
1 0.3544921875 0.34375 0.228515625 0.55078125
1 0.1826171875 0.3427734375 0.14453125 0.240234375
1 0.6826171875 0.2451171875 0.203125 0.208984375
1 0.525390625 0.205078125 0.166015625 0.193359375
1 0.7724609375 0.11328125 0.1875 0.173828125
1 0.10546875 0.0966796875 0.115234375 0.15625
1 0.2001953125 0.19140625 0.16796875 0.234375
0 1 0.41198363671875 0.99126408203125 0.413251599609375 0.98332504296875 0.391895615234375 0.97561770703125 0.38439409375 0.9660602734375 0.386020744140625 0.961946818359375 0.3966746796875 0.961195548828125 0.411629611328125 0.953616603515625 0.4160819453125 0.92246177734375 0.413659828125 0.917121107421875 0.406533146484375 0.89818778515625 0.40353440234375 0.8956144921875 0.399358353515625 0.88371546875 0.410663416015625 0.871969912109375 0.443975587890625 0.86342053125 0.454555021484375 0.852388630859375 0.457832380859375 0.81255603515625 0.4540358359375 0.802857669921875 0.43868200390625 0.788269501953125 0.438883787109375 0.793081068359375 0.431480822265625 0.792176330078125 0.42442864453125 0.782722205078125 0.4279558984375 0.779153400390625 0.4198536953125 0.774044431640625 0.426581474609375 0.75217472265625 0.431910775390625 0.744620853515625 0.44641636328125 0.7399908359375 0.447567279296875 0.737780640625 0.43088713671875 0.73008584375 0.428412240234375 0.726905212890625 0.4178591953125 0.719016328125 0.41660971875 0.69455778515625 0.451048751953125 0.663565962890625 0.513972783203125 0.60771788671875 0.570447646484375 0.607793119140625 0.60060740625 0.576826376953125 0.673584689453125 0.563543662109375 0.683414435546875 0.555009822265625 0.6607080859375 0.538042451171875 0.655508396484375 0.53125239453125 0.660085677734375 0.521303779296875 0.702475580078125 0.5425350703125 0.75734085546875 0.5410450625 0.792277345703125 0.53105883203125 0.8195873671875 0.48333134375 0.89116616796875 0.470837521484375 0.90112086328125 0.445527392578125 0.91030181640625 0.441038306640625 0.928433216796875 0.45152555859375 0.943911998046875 0.451951349609375 0.956541037109375 0.44251300390625 0.997127517578125 0.46064914453125 1 0.927040341796875 1 1 0.53935085546875 1 0.41198363671875
0 0.318231765625 0.977443302734375 0.321859986328125 0.966084435546875 0.327670072265625 0.92429521484375 0.317555451171875 0.93965137890625 0.295879828125 0.9437552578125 0.269132853515625 0.969666798828125 0.318231765625 0.977443302734375
0 0.3488070546875 0.862322654296875 0.380662998046875 0.829683333984375 0.384932921875 0.80272409765625 0.380550150390625 0.78444369140625 0.386022212890625 0.765211818359375 0.411166333984375 0.72899712890625 0.4132386015625 0.690384376953125 0.408971681640625 0.679031203125 0.3934005390625 0.68033345703125 0.37568189453125 0.690088701171875 0.34558527734375 0.71672587109375 0.3121921796875 0.725882763671875 0.31388580859375 0.733059890625 0.324657923828125 0.744187228515625 0.3312258125 0.7690945234375 0.330487080078125 0.789076083984375 0.321095650390625 0.817736470703125 0.331401353515625 0.839467298828125 0.332278015625 0.8747786328125 0.336053447265625 0.886682044921875 0.3488070546875 0.862322654296875