1 0.5830078125 0.4638671875 0.2421875 0.154296875
1 0.65625 0.787109375 0.15625 0.201171875
1 0.5126953125 0.7978515625 0.21484375 0.212890625
1 0.2490234375 0.5546875 0.12890625 0.16015625
1 0.7646484375 0.4453125 0.140625 0.169921875
1 0.900390625 0.8154296875 0.146484375 0.251953125
1 0.7607421875 0.6611328125 0.146484375 0.14453125
1 0.65625 0.607421875 0.173828125 0.1328125
1 0.8896484375 0.6416015625 0.19140625 0.181640625
1 0.888671875 0.453125 0.091796875 0.14453125
1 0.50390625 0.357421875 0.056640625 0.052734375
1 0.1884765625 0.3974609375 0.08203125 0.068359375
1 0.1083984375 0.388671875 0.0703125 0.0625
1 0.3095703125 0.3916015625 0.06640625 0.056640625
0 0.41259470703125 0.896738298828125 0.410058130859375 0.8943844921875 0.406100302734375 0.898963107421875 0.404527853515625 0.884398998046875 0.396502234375 0.877922388671875 0.379889015625 0.874640427734375 0.40613643359375 0.874242818359375 0.410377806640625 0.8801200625 0.414952599609375 0.873687109375 0.424822439453125 0.754223015625 0.427133994140625 0.69472615234375 0.424300126953125 0.67996225390625 0.43582488671875 0.58678765625 0.4323053359375 0.564106939453125 0.4431734609375 0.556718697265625 0.4506956171875 0.521471755859375 0.447500841796875 0.515109591796875 0.441623400390625 0.51548006640625 0.4430171640625 0.504639181640625 0.44023828125 0.497692203125 0.445364849609375 0.420422029296875 0.4354196171875 0.409737275390625 0.438444349609375 0.36206569140625 0.44505225390625 0.316262994140625 0.45079224609375 0.29635021484375 0.452846384765625 0.24196451953125 0.450513181640625 0.209080046875 0.42803178515625 0.28493709765625 0.4198239453125 0.31226722265625 0.407603291015625 0.33635904296875 0.394633328125 0.373345875 0.38780550390625 0.387880880859375 0.379661283203125 0.394399177734375 0.38160838671875 0.402515783203125 0.37796158984375 0.42145872265625 0.3725412734375 0.42710707421875 0.372596251953125 0.43492399609375 0.36610184765625 0.437148806640625 0.360521693359375 0.449929373046875 0.360686634765625 0.473380138671875 0.354164736328125 0.471696486328125 0.35340168359375 0.48263726953125 0.350892595703125 0.484191921875 0.348356021484375 0.481838115234375 0.351024943359375 0.47315124609375 0.347240697265625 0.472551880859375 0.345833189453125 0.481438537109375 0.340010728515625 0.489625931640625 0.33820107421875 0.501051634765625 0.33318290234375 0.50416094140625 0.333667517578125 0.51334727734375 0.32465028125 0.51517251171875 0.322854373046875 0.52855244140625 0.3121873203125 0.534671162109375 0.30604518359375 0.557122986328125 0.3003963046875 0.5601323984375 0.296520943359375 0.576436400390625 0.29277793359375 0.581699724609375 0.2808219765625 0.5837101953125 0.275831294921875 0.59072796484375 0.26176839453125 0.59175404296875 0.261407486328125 0.600155779296875 0.265836185546875 0.602809267578125 0.260443357421875 0.61236608203125 0.259236921875 0.61998321484375 0.26161366015625 0.62946923828125 0.25902720703125 0.64988148828125 0.246907873046875 0.718235904296875 0.244586115234375 0.716566802734375 0.246500625 0.69019196484375 0.243159759765625 0.692916248046875 0.235125498046875 0.715068388671875 0.22594842578125 0.7240258359375 0.221296265625 0.74931638671875 0.216936291015625 0.756434048828125 0.215528783203125 0.765320705078125 0.213005951171875 0.764921126953125 0.21207795703125 0.752411142578125 0.193271787109375 0.795631138671875 0.177627796875 0.810721857421875 0.162408341796875 0.79659901171875 0.153148796875 0.79383107421875 0.1466406484375 0.794101654296875 0.134981978515625 0.80852221484375 0.132194453125 0.830203986328125 0.134758517578125 0.836466255859375 0.15284796875 0.840632712890625 0.154351693359375 0.845425671875 0.15411448828125 0.871415482421875 0.151098400390625 0.890458318359375 0.146107716796875 0.8974760859375 0.145531990234375 0.90519311328125 0.13871791015625 0.9216823515625 0.1384343671875 0.911226490234375 0.1331876328125 0.911696857421875 0.13092085546875 0.9178446796875 0.127726080078125 0.911482517578125 0.12407928515625 0.93042545703125 0.12579782421875 0.935903125 0.11974680078125 0.941451580078125 0.118412337890625 0.945795013671875 0.404674818359375 0.991134537109375 0.40525633984375 0.98797321875 0.402678529296875 0.979756720703125 0.4092228125 0.9547658515625 0.406645 0.9465493515625 0.412558576171875 0.921458587890625 0.41259470703125 0.896738298828125
0 0.717120130859375 0.870141666015625 0.70341814453125 0.8627660078125 0.695502484375 0.871923244140625 0.692065404296875 0.86096791015625 0.683262986328125 0.8634778515625 0.6785008671875 0.873134560546875 0.674661640625 0.864718271484375 0.667093146484375 0.863519541015625 0.657916072265625 0.872476986328125 0.654506482421875 0.865430115234375 0.64214837890625 0.86997962890625 0.629506734375 0.86407328125 0.62242285546875 0.872060890625 0.621307533203125 0.86277465625 0.60668265234375 0.873471994140625 0.599315232421875 0.87100373828125 0.589320123046875 0.883085044921875 0.5903993125 0.917091568359375 0.587730390625 0.925778435546875 0.59029445703125 0.932040703125 0.603324501953125 0.933453775390625 0.73398586328125 0.9391827578125 0.7406538515625 0.93177996484375 0.741174599609375 0.916246015625 0.74949240234375 0.904549734375 0.7560916640625 0.887375787109375 0.7632391640625 0.858576353515625 0.75413945703125 0.848676203125 0.7415253046875 0.84667831640625 0.73630605859375 0.85105714453125 0.722229416015625 0.8501289921875 0.719519255859375 0.85295316796875 0.717120130859375 0.870141666015625
0 0.50907414453125 0.8794849140625 0.428814423828125 0.873930552734375 0.425757099609375 0.8871106953125 0.424084896484375 0.918078701171875 0.42691876171875 0.9328426015625 0.431493552734375 0.9264096484375 0.44155738671875 0.92409949609375 0.50101749609375 0.928311576171875 0.50907414453125 0.8794849140625
0 0.927040341796875 1 0.94056222265625 0.9146262109375 0.932849673828125 0.9082139765625 0.906533529296875 0.898840431640625 0.887466205078125 0.904930048828125 0.872530291015625 0.901263064453125 0.86713746484375 0.910819876953125 0.857517009765625 0.91645367578125 0.851804509765625 0.940274916015625 0.8556025 0.942828513671875 0.864880890625 0.978133662109375 0.874195416015625 0.988718521484375 0.875780890625 1 0.927040341796875 1
0 0.57976609765625 0.241298259765625 0.58854612890625 0.26546283984375 0.61588137890625 0.270443001953125 0.620830826171875 0.25756254296875 0.6298480625 0.255737310546875 0.631470388671875 0.24753536328125 0.5858308671875 0.237704033203125 0.57976609765625 0.241298259765625
0 0.486594931640625 0.221335921875 0.485845623046875 0.23423093359375 0.490274322265625 0.236884423828125 0.547239091796875 0.24460538671875 0.55126564453125 0.249797921875 0.559007720703125 0.245818671875 0.558280798828125 0.232039162109375 0.538299224609375 0.2275730234375 0.53468855859375 0.221795673828125 0.46468 0.21070740625 0.451046736328125 0.21310290234375 0.450055119140625 0.221404744140625 0.45573148828125 0.22230379296875 0.460091462890625 0.215186130859375 0.469177423828125 0.22313205078125 0.4842594296875 0.21771258984375 0.486594931640625 0.221335921875
0 1 0.30578800390625 0.98782026953125 0.303975638671875 0.98474919921875 0.31520155078125 0.97962106640625 0.30267701171875 0.9596394921875 0.298210873046875 0.63736157421875 0.249119119140625 0.636168884765625 0.258690482421875 0.64605913671875 0.261558314453125 0.653307955078125 0.277021474609375 0.651484556640625 0.286492943359375 0.6534179140625 0.292655318359375 0.699071181640625 0.304440876953125 0.706411111328125 0.303000669921875 0.704893642578125 0.29625348046875 0.7086091640625 0.287081693359375 0.755281537109375 0.29447387109375 0.758983314453125 0.283347853515625 0.76088918359375 0.285601767578125 0.757589552734375 0.294188740234375 0.759980033203125 0.305628994140625 0.77537307421875 0.31457385546875 0.803754923828125 0.319069099609375 0.810569001953125 0.302579861328125 0.808822970703125 0.293193734375 0.81236491015625 0.289199931640625 0.824549431640625 0.289828400390625 0.922967330078125 0.30932037109375 0.937930734375 0.316895818359375 0.940307470703125 0.32638183984375 1 0.336659064453125 1 0.30578800390625