1 0.7568359375 0.1826171875 0.279296875 0.365234375
1 0.478515625 0.17578125 0.173828125 0.216796875
1 0.1435546875 0.36328125 0.28125 0.49609375
1 0.34375 0.474609375 0.2421875 0.4140625
1 0.763671875 0.5693359375 0.279296875 0.51953125
1 0.5224609375 0.5322265625 0.2734375 0.4609375
1 0.966796875 0.5107421875 0.06640625 0.517578125
1 0.2158203125 0.0625 0.3125 0.099609375
1 0.0400390625 0.2021484375 0.080078125 0.298828125
0 1 0.75327574609375 0.997685296875 0.75076849609375 0.994099005859375 0.7274468125 0.994059669921875 0.691808607421875 0.990911078125 0.6779379921875 0.99385694921875 0.63718084375 0.989147173828125 0.6282543203125 0.9938307265625 0.613422037109375 0.988245552734375 0.5855933828125 0.990936779296875 0.572193828125 0.98764447265625 0.557152755859375 0.989623685546875 0.543840626953125 0.98231394921875 0.501966505859375 0.990949369140625 0.454570263671875 0.9880816484375 0.43710085546875 0.99146521875 0.405794775390625 0.990883806640625 0.395173251953125 0.985207109375 0.348940265625 0.9812746484375 0.334571845703125 0.982602296875 0.32772576171875 0.946542556640625 0.034042751953125 0.94220087109375 0.03105723828125 0.92553714453125 0.030727083984375 0.92097108203125 0.022971017578125 0.9159869921875 0.02358298828125 0.912302880859375 0.040668755859375 0.906750490234375 0.042538603515625 0.900476251953125 0.035586326171875 0.897040232421875 0.01937480078125 0.893045748046875 0.013330703125 0.85201675 0.0029231171875 0.845327763671875 0.00730872265625 0.8349284375 0.005021296875 0.82934051171875 0.1037257578125 0.829967818359375 0.1559251875 0.82727003515625 0.163385041015625 0.828432857421875 0.1846280859375 0.825323603515625 0.206395677734375 0.82262634375 0.34335849609375 0.828475998046875 0.352739109375 0.84215779296875 0.361158056640625 0.844516220703125 0.43334265234375 0.85890347265625 0.435734474609375 0.869737216796875 0.444503119140625 0.887426609375 0.470845564453125 0.894285537109375 0.49138921484375 0.9018400859375 0.496996189453125 0.910544345703125 0.511966806640625 0.9189775703125 0.539445765625 0.916717486328125 0.556356685546875 0.90918260546875 0.568568814453125 0.8960855 0.573741240234375 0.887394349609375 0.570650025390625 0.91209294140625 0.62464627734375 0.91097601171875 0.644981140625 0.900455919921875 0.6623122109375 0.886503087890625 0.66640160546875 0.882511880859375 0.663327361328125 0.8552559453125 0.61499156640625 0.842991619140625 0.6004580703125 0.839003689453125 0.600353673828125 0.834621203125 0.75890923828125 0.84318502734375 0.77567925 0.844073537109375 0.806460787109375 0.84153913671875 0.83291019921875 0.843427083984375 0.865945220703125 0.8400500703125 0.903191005859375 0.840533662109375 0.954219978515625 0.838228142578125 0.96222571875 1 0.942362630859375 1 0.83206288671875 0.9994623125 0.812331568359375 1 0.79960838671875 1 0.75327574609375
0 0.53666903515625 0 0.53798996875 0.0147523046875 0.52959608203125 0.022911552734375 0.527499380859375 0.05881203125 0.530079673828125 0.07394052734375 0.5566039296875 0.104544642578125 0.565863376953125 0.106377978515625 0.570155123046875 0.123672537109375 0.57843151953125 0.13810163671875 0.580868099609375 0.152059677734375 0.572049626953125 0.162647259765625 0.570504833984375 0.18244060546875 0.56196395703125 0.186459546875 0.56284591015625 0.211301380859375 0.55174768359375 0.22098078125 0.555046544921875 0.2419615546875 0.552926896484375 0.257073080078125 0.539117779296875 0.2623329296875 0.5052089140625 0.251051099609375 0.44765990234375 0.2414838125 0.433550244140625 0.23252334765625 0.414319337890625 0.2289441015625 0.38666831640625 0.209765296875 0.32185546484375 0.199901796875 0.31745278515625 0.2111352890625 0.313030435546875 0.20454967578125 0.3156140078125 0.2226480234375 0.31221732421875 0.242074703125 0.308092240234375 0.2467395546875 0.30509391796875 0.23997909375 0.303529455078125 0.241953337890625 0.30797475 0.26932790234375 0.35170152734375 0.272275638671875 0.415972306640625 0.307155822265625 0.42039793359375 0.31671128515625 0.41918318359375 0.37745359765625 0.389070408203125 0.579563884765625 0.38439996875 0.606275568359375 0.377724091796875 0.622540580078125 0.377619716796875 0.657008330078125 0.367654810546875 0.661202119140625 0.250250814453125 0.61740055859375 0.241706658203125 0.6184496484375 0.237581572265625 0.623114498046875 0.2262680390625 0.69578969921875 0.2214407734375 0.70945152734375 0.219050087890625 0.737071392578125 0.213794958984375 0.750191705078125 0.20795186328125 0.746750791015625 0.203522958984375 0.73422548046875 0.226600837890625 0.610205548828125 0.223595958984375 0.597505388671875 0.226274072265625 0.57222643359375 0.279660890625 0.294784279296875 0.283345 0.27769851171875 0.293293513671875 0.25865546875 0.305613044921875 0.19417345703125 0.3037513203125 0.18489723828125 0.292764029296875 0.166048587890625 0.29239137109375 0.086491564453125 0.28540512109375 0.079626708984375 0.262757861328125 0.0776550390625 0.23540082421875 0.066756845703125 0.209885845703125 0.047315767578125 0.176935125 0.035912466796875 0.05402263671875 0.05100422265625 0.0533703046875 0.052870296875 0.04954903515625 0.074725310546875 0.002863796875 0.2301582890625 0 0.240673892578125 0 0.464127392578125 0.070610712890625 0.206150818359375 0.086453537109375 0.148796546875 0.121083412109375 0.1267344921875 0.21083656640625 0.16122873828125 0.241739111328125 0.20690671875 0.166915685546875 0.60791476953125 0.074560244140625 0.581655619140625 0.091515845703125 1 0.5305813125 1 0.792688794921875 0.967817248046875 0.780440880859375 0.962196322265625 0.752665818359375 0.9596661640625 0.743259376953125 0.953692521484375 0.7345715078125 0.953571158203125 0.73130542578125 0.962288890625 0.720187533203125 0.954149185546875 0.71464169921875 0.961958736328125 0.704386087890625 0.960841763671875 0.697399837890625 0.95397691015625 0.687692859375 0.93378295703125 0.672864630859375 0.91897021484375 0.671701806640625 0.897727171875 0.678396830078125 0.769778294921875 0.6766788203125 0.761672533203125 0.66798439453125 0.755611466796875 0.669094767578125 0.729336904296875 0.666521029296875 0.720148109375 0.67656080859375 0.6547579140625 0.67313462109375 0.647455939453125 0.66287901171875 0.646338966796875 0.6587342578125 0.63318471484375 0.660579591796875 0.627611681640625 0.67168437109375 0.623871984375 0.6769460546875 0.616691373046875 0.683112115234375 0.525638583984375 0.68154109765625 0.521673126953125 0.670857625 0.520014638671875 0.6654194453125 0.496326287109375 0.660859939453125 0.494509921875 0.654602091796875 0.5024068984375 0.64961472265625 0.500049017578125 0.646603287109375 0.481409154296875 0.646563951171875 0.44577094921875 0.642138326171875 0.436215486328125 0.6303149765625 0.434102908203125 0.6276139140625 0.43859291015625 0.6275095390625 0.473060662109375 0.621016712890625 0.526134333984375 0.6231625859375 0.53478161328125 0.63582855078125 0.5260978203125 0.642958515625 0.53413312890625 0.64396451171875 0.54232631640625 0.6347312890625 0.56425178515625 0.62090905859375 0.557632234375 0.624485515625 0.572044365234375 0.6180741171875 0.569861333984375 0.6159479140625 0.579033158203125 0.604007599609375 0.72901189453125 0.595515890625 0.77757859375 0.595548671875 0.807277099609375 0.58624385546875 0.893368822265625 0.581968498046875 0.890923517578125 0.5809559453125 0.87679062890625 0.59190993359375 0.73643780859375 0.585779408203125 0.730655984375 0.554868865234375 0.72613461328125 0.47237317578125 0.695868369140625 0.45058164453125 0.694979728515625 0.439881779296875 0.67847198828125 0.4279114375 0.672219103515625 0.427885212890625 0.648460298828125 0.457704005859375 0.43806940234375 0.46728641796875 0.345409037109375 0.47125467578125 0.327694330078125 0.4864878203125 0.322259630859375 0.488597634765625 0.298238552734375 0.492160978515625 0.300771283203125 0.496312291015625 0.319865234375 0.506567900390625 0.32098220703125 0.521657330078125 0.314377052734375 0.526647978515625 0.31970478515625 0.53533584765625 0.319826150390625 0.545460857421875 0.331652068359375 0.555004455078125 0.33285646484375 0.58265547265625 0.35203526953125 0.605453001953125 0.36111709765625 0.61258296484375 0.36915240625 0.616319525390625 0.39958424609375 0.620454447265625 0.403828947265625 0.636510013671875 0.240275806640625 0.6349094921875 0.2095816953125 0.64086680078125 0.18746440625 0.643257486328125 0.159844541015625 0.641670076171875 0.141029828125 0.6363854453125 0.127421486328125 0.645478234375 0.107295412109375 0.64773176171875 0.084444791015625 0.645582609375 0.072827662109375 0.639308373046875 0.065875384765625 0.60982841015625 0.0671188671875 0.599141658203125 0.06249052734375 0.593716591796875 0.050681580078125 0.588445072265625 0.048952638671875 0.58201073046875 0.02598065234375 0.569605970703125 0.01324655078125 0.5642192734375 0 0.53666903515625 0
0 0.469418693359375 0 0.453661595703125 0.001934728515625 0.43586126953125 0.004120333984375 0.42390076171875 0.006777 0.422027875 0.005818861328125 0.3571975234375 0.01377902734375 0.359117412109375 0.023642154296875 0.358294466796875 0.05225762890625 0.363569263671875 0.056956419921875 0.4131424140625 0.06631491796875 0.436083658203125 0.076567201171875 0.472837296875 0.084529484375 0.476109935546875 0.081751453125 0.478232861328125 0.06960977734375 0.479310453125 0.013636708984375 0.48285740625 0.001320185546875 0.48274305078125 0 0.469418693359375 0
0 0.75690412890625 0.799936376953125 0.747798228515625 0.808183048828125 0.71402651953125 0.79213197265625 0.70076603125 0.77831483984375 0.684383177734375 0.77438589453125 0.68085261328125 0.801551671875 0.67571877734375 0.924556451171875 0.712635798828125 0.95150829296875 0.71832534765625 0.944869197265625 0.734139904296875 0.9500560234375 0.73883656640625 0.947103142578125 0.743115201171875 0.952518296875 0.763626421875 0.9547522421875 0.794047734375 0.967650390625 0.834539634765625 0.962678611328125 0.83985390625 0.85450294140625 0.83044746875 0.848529298828125 0.8337069921875 0.833871865234375 0.8243005546875 0.827898224609375 0.824150283203125 0.82078806640625 0.75690412890625 0.799936376953125