1 0.0322265625 0.4736328125 0.0634765625 0.125
1 0.5283203125 0.703125 0.0888671875 0.1201171875
1 0.5830078125 0.6318359375 0.03515625 0.078125
1 0.626953125 0.490234375 0.0439453125 0.0791015625
1 0.9111328125 0.8603515625 0.0595703125 0.1142578125
1 0.9228515625 0.4697265625 0.056640625 0.0966796875
1 0.8974609375 0.5322265625 0.048828125 0.0546875
1 0.30078125 0.640625 0.033203125 0.0654296875
1 0.2666015625 0.6962890625 0.0615234375 0.0712890625
1 0.07421875 0.76953125 0.1064453125 0.0634765625
1 0.248046875 0.232421875 0.072265625 0.0712890625
1 0.302734375 0.1904296875 0.0771484375 0.0576171875
1 0.333984375 0.154296875 0.029296875 0.0361328125
1 0.185546875 0.6728515625 0.0693359375 0.0751953125
1 0.369140625 0.50390625 0.033203125 0.0595703125
1 0.42578125 0.8466796875 0.0673828125 0.126953125
1 0.552734375 0.9365234375 0.056640625 0.126953125
1 0.8359375 0.666015625 0.0810546875 0.0849609375
1 0.86328125 0.7255859375 0.046875 0.0849609375
1 0.8525390625 0.951171875 0.0859375 0.09765625
1 0.45703125 0.431640625 0.033203125 0.056640625
1 0.5810546875 0.4638671875 0.041015625 0.0400390625
1 0.5390625 0.5185546875 0.0263671875 0.056640625
1 0.8056640625 0.537109375 0.0556640625 0.1171875
1 0.7314453125 0.45703125 0.0478515625 0.08203125
1 0.7412109375 0.3623046875 0.0419921875 0.0556640625
1 0.7978515625 0.3427734375 0.0361328125 0.0595703125
1 0.8271484375 0.41015625 0.0361328125 0.0537109375
1 0.9482421875 0.65625 0.0380859375 0.06640625
1 0.8720703125 0.4677734375 0.0302734375 0.0693359375
1 0.8056640625 0.2626953125 0.04296875 0.07421875
1 0.7294921875 0.3037109375 0.033203125 0.056640625
1 0.599609375 0.26953125 0.0224609375 0.0322265625
1 0.6171875 0.1103515625 0.021484375 0.04296875
1 0.0908203125 0.9072265625 0.080078125 0.1083984375
1 0.9365234375 0.2373046875 0.126953125 0.119140625
1 0.8212890625 0.2021484375 0.0341796875 0.05078125
1 0.869140625 0.1650390625 0.0380859375 0.0595703125
1 0.5107421875 0.24609375 0.0517578125 0.046875
1 0.6640625 0.291015625 0.0390625 0.0458984375
1 0.4287109375 0.5888671875 0.0361328125 0.0546875
1 0.396484375 0.3154296875 0.0361328125 0.0419921875
1 0.646484375 0.814453125 0.0419921875 0.0732421875
1 0.4765625 0.85546875 0.03125 0.078125
0 1 0.899361021484375 0.994252873046875 0.88871139453125 0.99477533984375 0.872736955078125 0.991118078125 0.864217251953125 0.992685474609375 0.85569755078125 0.98563218359375 0.8466453671875 0.98406478515625 0.840255591796875 0.97675026171875 0.8413205546875 0.974921630859375 0.83759318359375 0.96969696875 0.807774228515625 0.956112853515625 0.77689030859375 0.94670846484375 0.746006390625 0.9320794140625 0.710862619140625 0.922675025390625 0.697018103515625 0.922152560546875 0.68849840234375 0.90125391796875 0.634185302734375 0.89838035546875 0.629392970703125 0.893416927734375 0.630990416015625 0.89237199609375 0.605431310546875 0.878265412109375 0.582002130859375 0.8748693828125 0.56336528125 0.870428421875 0.571352501953125 0.86833855859375 0.540468583984375 0.8631138984375 0.534078806640625 0.849007314453125 0.49254526171875 0.799373041015625 0.396698615234375 0.794670845703125 0.37646432421875 0.784221525390625 0.361554845703125 0.778996865234375 0.331735888671875 0.776645767578125 0.326943556640625 0.76880877734375 0.324813630859375 0.76436781640625 0.31576144921875 0.76436781640625 0.280617677734375 0.758620689453125 0.25612353515625 0.760188087890625 0.248668796875 0.75914315625 0.20713525 0.750261232421875 0.064430244140625 0.749738767578125 0.03248136328125 0.75235109765625 0.025026625 0.7528735625 0.011182109375 0.757053291015625 0.00053248046875 0.735370951171875 0.005324814453125 0.730929990234375 0.033546326171875 0.73510971875 0.193290734375 0.73719958203125 0.206070287109375 0.73563218359375 0.23269435546875 0.7392894453125 0.2720979765625 0.74764890234375 0.3136315234375 0.7544409609375 0.3189563359375 0.75679205859375 0.345047923828125 0.758620689453125 0.343450478515625 0.76123301953125 0.32108626171875 0.761755486328125 0.34877529296875 0.76489028125 0.369009583984375 0.7756008359375 0.37486687890625 0.778996865234375 0.380724173828125 0.785005224609375 0.41107561328125 0.7907523515625 0.41107561328125 0.792058515625 0.408413205078125 0.7904911171875 0.39989350390625 0.79310344921875 0.397763578125 0.792058515625 0.425452609375 0.799895505859375 0.45633652734375 0.799895505859375 0.463791267578125 0.80721003125 0.473375931640625 0.825757576171875 0.525026625 0.82889237109375 0.527156548828125 0.8328108671875 0.517039404296875 0.833333333984375 0.541533546875 0.8359456640625 0.557507986328125 0.8508359453125 0.577209796875 0.855538140625 0.577209796875 0.858934169921875 0.585197017578125 0.8631138984375 0.6256656015625 0.867293625 0.62779552734375 0.867293625 0.642705005859375 0.876698013671875 0.6725239609375 0.87878787890625 0.699148029296875 0.886102404296875 0.721512248046875 0.886624869140625 0.732161875 0.891327064453125 0.73535676171875 0.890282130859375 0.75346112890625 0.8931556953125 0.765708201171875 0.898641587890625 0.76730564453125 0.90438871484375 0.7279020234375 0.906217345703125 0.722044728515625 0.90752351171875 0.724707134765625 0.905433646484375 0.77689030859375 0.921368861328125 0.78381256640625 0.927899685546875 0.7981895625 0.928944619140625 0.815228966796875 0.9263322890625 0.83226837109375 0.940961337890625 0.87486687890625 0.94043887109375 0.9046858359375 0.94357366796875 0.9142705 0.951933125 0.928115015625 0.95846394921875 0.947816826171875 0.972570533203125 0.957401490234375 0.986154650390625 0.957401490234375 0.99164054296875 0.97177848828125 0.992685474609375 0.983493078125 1 0.989882853515625 1 0.899361021484375
0 0.43286311328125 0.028753994140625 0.44278996875 0.01597444140625 0.452194357421875 0.012779552734375 0.4532392890625 0 0.402298849609375 0.00053248046875 0.40752351171875 0.0207667734375 0.405433646484375 0.037806177734375 0.406478578125 0.06549520703125 0.416144201171875 0.079872205078125 0.4200626953125 0.07933972265625 0.420585162109375 0.05165069140625 0.418495296875 0.0399361015625 0.420585162109375 0.033546326171875 0.43286311328125 0.028753994140625
0 0 0.412673056640625 0.01489028125 0.407880724609375 0.05041797265625 0.410010650390625 0.05956112890625 0.428647498046875 0.0647857890625 0.463791267578125 0.067398119140625 0.469116080078125 0.078631138671875 0.4600638984375 0.089080458984375 0.427050052734375 0.093782654296875 0.422790203125 0.1068443046875 0.422790203125 0.11833855859375 0.413205537109375 0.129310345703125 0.401490947265625 0.143416927734375 0.372736955078125 0.16483803515625 0.372736955078125 0.180512017578125 0.331203408203125 0.184691744140625 0.331203408203125 0.2035005234375 0.315228966796875 0.21969696875 0.317358892578125 0.2275339609375 0.30883919140625 0.233019853515625 0.296592119140625 0.231713689453125 0.29286475 0.22805642578125 0.293929712890625 0.214994775390625 0.282215123046875 0.201410658203125 0.280085197265625 0.195402298828125 0.265708201171875 0.195924765625 0.257188498046875 0.20402298828125 0.228966986328125 0.211859978515625 0.226837060546875 0.231974921875 0.210330138671875 0.229885056640625 0.186900958984375 0.221003134765625 0.17625133203125 0.223876697265625 0.16932907421875 0.239028212890625 0.156549521484375 0.24791013671875 0.15548455859375 0.252612330078125 0.1586794453125 0.259404388671875 0.17891373828125 0.263061650390625 0.17891373828125 0.26436781640625 0.159211927734375 0.270898640625 0.1395101171875 0.278213166015625 0.138445154296875 0.283437826171875 0.14376996875 0.302246603515625 0.138445154296875 0.314263322265625 0.148029818359375 0.32157784765625 0.12779552734375 0.33359456640625 0.13312033984375 0.345088818359375 0.13205537890625 0.349268546875 0.14376996875 0.358150470703125 0.144834931640625 0.363375130859375 0.150159744140625 0.364942529296875 0.159744408203125 0.370167189453125 0.156549521484375 0.370950888671875 0.1421725234375 0.367032392578125 0.13205537890625 0.358672935546875 0.124600638671875 0.345088818359375 0.1256656015625 0.338557994140625 0.11341853125 0.338557994140625 0.103833865234375 0.34561128515625 0.09478168359375 0.3571055390625 0.096911607421875 0.363897595703125 0.091586794921875 0.38009404296875 0.09052183203125 0.385318705078125 0.105431310546875 0.386624869140625 0.0953141640625 0.38035527734375 0.084664537109375 0.37878787890625 0.072949947265625 0.3840125390625 0.064430244140625 0.385057470703125 0.038871138671875 0.38923719921875 0.031416400390625 0.39237199609375 0.00479233203125 0.394984326171875 0.00053248046875 0.341431556640625 0 0.29911180859375 0.008519701171875 0.28996865234375 0.0207667734375 0.28605015625 0.03940362109375 0.270898640625 0.03940362109375 0.25992685546875 0.056443025390625 0.2515673984375 0.056443025390625 0.237460814453125 0.069222578125 0.223354232421875 0.06709265234375 0.18887147265625 0.082002130859375 0.184169279296875 0.093716720703125 0.17685475390625 0.096911607421875 0.172152560546875 0.110756123046875 0.157001044921875 0.120340787109375 0.14080459765625 0.11395101171875 0.136624869140625 0.117145900390625 0.1308777421875 0.129925453125 0.1251306171875 0.128860490234375 0.118599791015625 0.1091586796875 0.118599791015625 0.094249201171875 0.123824451171875 0.080404685546875 0.12356321875 0.07241746484375 0.110501568359375 0.063897763671875 0.09430512109375 0.068157615234375 0.0828108671875 0.066027689453125 0.080982236328125 0.071884984375 0.082288400390625 0.093716720703125 0.08960292578125 0.08093716796875 0.09430512109375 0.082002130859375 0.1008359453125 0.092119275390625 0.10606060546875 0.12513312109375 0.10606060546875 0.1421725234375 0.105538140625 0.152822150390625 0.102664576171875 0.157614484375 0.093782654296875 0.1586794453125 0.078108673828125 0.16932907421875 0.057732498046875 0.16080937109375 0.05433646875 0.145367412109375 0.057732498046875 0.12779552734375 0.066091953125 0.12140575 0.070271681640625 0.108626197265625 0.07601880859375 0.102236421875 0.05512016796875 0.0926517578125 0.050940439453125 0.103301384765625 0.03996865234375 0.112886048828125 0.035005224609375 0.121938232421875 0.03082549609375 0.143237486328125 0.026123302734375 0.154952076171875 0.023772205078125 0.1725239609375 0.01593521484375 0.179978701171875 0 0.18157614453125 0 0.412673056640625
0 0.71159874609375 0.952609158203125 0.71316614453125 0.943024494140625 0.7183908046875 0.935569755859375 0.7212643671875 0.924387646484375 0.7243991640625 0.925452609375 0.72805642578125 0.936102236328125 0.731452455078125 0.935569755859375 0.727795193359375 0.92598508984375 0.725705330078125 0.905750798828125 0.728578892578125 0.897763578125 0.74320794140625 0.9020234296875 0.7544409609375 0.919595314453125 0.745820271484375 0.943556974609375 0.73249738671875 0.93982960546875 0.73406478515625 0.9515441953125 0.73249738671875 0.978168263671875 0.735370951171875 0.99254526171875 0.74477533984375 0.996805111328125 0.80433646875 0.993610224609375 0.80485893359375 0.9818956328125 0.813740857421875 0.9765708203125 0.81556948828125 0.96751863671875 0.808516197265625 0.95633652734375 0.80329153515625 0.95633652734375 0.801462904296875 0.9600638984375 0.802507837890625 0.9696485625 0.7996342734375 0.975505857421875 0.799373041015625 0.958998935546875 0.7964994765625 0.954206603515625 0.7844827578125 0.957401490234375 0.778213166015625 0.952076677734375 0.772988505859375 0.953141640625 0.7664576796875 0.940894568359375 0.76724137890625 0.912673056640625 0.78552769140625 0.91160809375 0.792058515625 0.9046858359375 0.78996865234375 0.896166134765625 0.78996865234375 0.878061767578125 0.791797283203125 0.871139509765625 0.7967607109375 0.86954206640625 0.799895505859375 0.85143769921875 0.796238244140625 0.79286475 0.79231975 0.78807241796875 0.761494251953125 0.787007455078125 0.7484326015625 0.765708201171875 0.7452978046875 0.784877529296875 0.71394984375 0.782747603515625 0.710553814453125 0.791799787109375 0.71159874609375 0.80031948828125 0.7035005234375 0.817891373046875 0.6940961328125 0.8189563359375 0.69070010546875 0.815228966796875 0.686520376953125 0.801384451171875 0.687042841796875 0.791799787109375 0.69043887109375 0.7859424921875 0.70088819140625 0.789137380859375 0.70402298828125 0.78381256640625 0.696185998046875 0.781682640625 0.681034482421875 0.7625133125 0.665882966796875 0.76464323828125 0.663009404296875 0.768370607421875 0.6624869375 0.77689030859375 0.666144201171875 0.791799787109375 0.66875653125 0.82587859375 0.66927899609375 0.848242810546875 0.667450365234375 0.854100107421875 0.659090908203125 0.859424919921875 0.631400208984375 0.851970181640625 0.63009404296875 0.8578274765625 0.640543365234375 0.8716719921875 0.641065830078125 0.89297124609375 0.631400208984375 0.9020234296875 0.630616509765625 0.917465388671875 0.620428421875 0.922257720703125 0.61520376171875 0.93716719921875 0.604231974609375 0.936102236328125 0.596394984375 0.9297124609375 0.59273772265625 0.9211927578125 0.583855798828125 0.9211927578125 0.5799373046875 0.92598508984375 0.5799373046875 0.986687966796875 0.58072100390625 0.9904153359375 0.584900732421875 0.986155484375 0.590647857421875 0.99787007421875 0.683908046875 0.99733759375 0.723354232421875 0.996805111328125 0.728840125 0.99094781640625 0.727795193359375 0.983493078125 0.71159874609375 0.952609158203125
0 0 0.670394037109375 0.012539185546875 0.6725239609375 0.011494251953125 0.687433439453125 0.01724137890625 0.7279020234375 0.01593521484375 0.7625133125 0.014629048828125 0.74387646484375 0.00679205859375 0.72044728515625 0.0047021953125 0.691693291015625 0.000261232421875 0.686900958984375 0 0.791799787109375 0.01436781640625 0.794462193359375 0.019331244140625 0.789669861328125 0.02037617578125 0.764110755859375 0.028213166015625 0.748136314453125 0.03082549609375 0.736421724609375 0.044932080078125 0.7279020234375 0.0436259140625 0.696485623046875 0.04728317578125 0.6975505859375 0.05433646875 0.71192758203125 0.058516197265625 0.73003194921875 0.0619122265625 0.73269435546875 0.090647857421875 0.73269435546875 0.09430512109375 0.738019169921875 0.09848484765625 0.73482428125 0.103709509765625 0.7444089453125 0.108411703125 0.7444089453125 0.111024033203125 0.735889244140625 0.122518287109375 0.735889244140625 0.121473353515625 0.741214056640625 0.116509927734375 0.74387646484375 0.121473353515625 0.7444089453125 0.12643678125 0.759850904296875 0.117554859375 0.79073482421875 0.110501568359375 0.7997870078125 0.072361546875 0.79552715625 0.054075234375 0.7997870078125 0.027429466796875 0.794462193359375 0.02351097265625 0.80031948828125 0.024555904296875 0.82374866796875 0.028213166015625 0.82374866796875 0.031086728515625 0.809371671875 0.038923720703125 0.8051118203125 0.047805642578125 0.802981896484375 0.05485893359375 0.810969115234375 0.05799373046875 0.82268370703125 0.057471263671875 0.84185303515625 0.05485893359375 0.85569755078125 0.04754441015625 0.864217251953125 0.05512016796875 0.894568689453125 0.078631138671875 0.882854099609375 0.08646812890625 0.869009583984375 0.102664576171875 0.855165068359375 0.10632183984375 0.847710330078125 0.1099791015625 0.847710330078125 0.117293625 0.859424919921875 0.121473353515625 0.85835995703125 0.12434691796875 0.842917998046875 0.1340125390625 0.831735888671875 0.1428944609375 0.831735888671875 0.153866248046875 0.855165068359375 0.169017763671875 0.863684771484375 0.17241379296875 0.8908413203125 0.184952978515625 0.907880724609375 0.184169279296875 0.9158679453125 0.17685475390625 0.917997869140625 0.16483803515625 0.9020234296875 0.15438871484375 0.89563365234375 0.1460292578125 0.89563365234375 0.1400208984375 0.900425984375 0.1371473359375 0.914802982421875 0.1340125390625 0.91373801953125 0.1311389765625 0.9185303515625 0.13766980078125 0.9211927578125 0.141327064453125 0.931842384765625 0.149425287109375 0.94195953125 0.153605015625 0.95793397265625 0.153605015625 0.9696485625 0.149425287109375 0.983493078125 0.15282131640625 0.99254526171875 0.257836990234375 0.9957401484375 0.263061650390625 0.986155484375 0.26724137890625 0.9957401484375 0.27769069921875 0.996805111328125 0.339341693359375 0.9957401484375 0.345088818359375 0.989350373046875 0.353448275390625 0.9904153359375 0.356583072265625 0.996805111328125 0.373301986328125 0.99254526171875 0.388714734375 0.964323748046875 0.391849529296875 0.9515441953125 0.39237199609375 0.93663471875 0.3991640546875 0.928115015625 0.391327064453125 0.922790203125 0.38923719921875 0.90681576171875 0.39080459765625 0.8439829609375 0.396290490234375 0.8413205546875 0.4080459765625 0.80031948828125 0.41875653125 0.792332267578125 0.423458724609375 0.777422791015625 0.4292058515625 0.77955271484375 0.431818181640625 0.7859424921875 0.434169279296875 0.784345048828125 0.42842215234375 0.759850904296875 0.428944619140625 0.744941427734375 0.44357366796875 0.705537806640625 0.44566353125 0.675718849609375 0.4563740859375 0.666666666015625 0.463688609375 0.67199148046875 0.4655172421875 0.67891373828125 0.461337513671875 0.721512248046875 0.461859978515625 0.7279020234375 0.46760710546875 0.736421724609375 0.46969696875 0.7609158671875 0.467084638671875 0.782215123046875 0.462643677734375 0.79552715625 0.458986416015625 0.798722044921875 0.451671890625 0.794462193359375 0.443312435546875 0.79552715625 0.442528736328125 0.80031948828125 0.45245558984375 0.821618744140625 0.454545455078125 0.848242810546875 0.458986416015625 0.84877529296875 0.460292580078125 0.838658146484375 0.469958203125 0.817891373046875 0.483803552734375 0.80457933984375 0.4864158828125 0.7886048984375 0.493991640625 0.773162939453125 0.49477533984375 0.805644302734375 0.49320794140625 0.7981895625 0.489811912109375 0.79552715625 0.485893416015625 0.810969115234375 0.487460814453125 0.82268370703125 0.492685474609375 0.8301384453125 0.49477533984375 0.848242810546875 0.492685474609375 0.887646431640625 0.49033437890625 0.894568689453125 0.4835423203125 0.894568689453125 0.478578892578125 0.900425984375 0.475444095703125 0.938764642578125 0.473092998046875 0.942492013671875 0.457941484375 0.938232162109375 0.456112853515625 0.928115015625 0.44801462890625 0.9158679453125 0.434952978515625 0.91906283203125 0.4440961328125 0.93024494140625 0.448275861328125 0.9515441953125 0.443834900390625 0.952076677734375 0.43887147265625 0.97177848828125 0.431818181640625 0.9765708203125 0.42998955078125 0.983493078125 0.4380877734375 0.994675185546875 0.518286310546875 0.996272630859375 0.5256008359375 0.992012779296875 0.5256008359375 0.974973375 0.52194357421875 0.9600638984375 0.521421107421875 0.9462193828125 0.5287356328125 0.9142705 0.531347962890625 0.848242810546875 0.53369905859375 0.843450478515625 0.5464994765625 0.840788072265625 0.5464994765625 0.813099041015625 0.543887146484375 0.80031948828125 0.54284221484375 0.766240681640625 0.52168233984375 0.763578275390625 0.51489028125 0.755058572265625 0.496603970703125 0.753993609375 0.478578892578125 0.7279020234375 0.47805642578125 0.701277955078125 0.484848484375 0.648029818359375 0.483019853515625 0.637912673828125 0.458986416015625 0.63471778515625 0.450104494140625 0.641107560546875 0.443312435546875 0.63897763671875 0.437826541015625 0.65548455859375 0.436520376953125 0.6698615546875 0.426593521484375 0.67199148046875 0.4200626953125 0.664004259765625 0.41196447265625 0.63897763671875 0.39393939453125 0.63205537890625 0.396551724609375 0.617145900390625 0.394984326171875 0.608626197265625 0.404127482421875 0.604898828125 0.406478578125 0.60010649609375 0.410135841796875 0.577742279296875 0.41954023046875 0.559637912109375 0.425809822265625 0.5234291796875 0.434691744140625 0.49254526171875 0.43913270703125 0.484558041015625 0.446185998046875 0.493610224609375 0.446185998046875 0.5042598515625 0.440961337890625 0.5181043671875 0.444618599609375 0.54472843359375 0.44043887109375 0.563897763671875 0.4472309296875 0.575612353515625 0.447492162109375 0.6091586796875 0.454545455078125 0.608626197265625 0.4535005234375 0.5926517578125 0.459770115234375 0.571352501953125 0.4623824453125 0.54472843359375 0.471003134765625 0.5207667734375 0.49033437890625 0.519701810546875 0.493991640625 0.51437699609375 0.498693833984375 0.51437699609375 0.50365726171875 0.5372736953125 0.4955590390625 0.559105431640625 0.4864158828125 0.571352501953125 0.48275862109375 0.60010649609375 0.510188087890625 0.605963791015625 0.512539185546875 0.612886048828125 0.5104493203125 0.638445154296875 0.503396029296875 0.641107560546875 0.518547544921875 0.637912673828125 0.528996865234375 0.646432375 0.53369905859375 0.64430244921875 0.544148380859375 0.6506922265625 0.56086729296875 0.6506922265625 0.562695923828125 0.630990416015625 0.559038662109375 0.61395101171875 0.565047021484375 0.60276890234375 0.57288401171875 0.598509052734375 0.58072100390625 0.586794462890625 0.59848484765625 0.599574015625 0.60240334375 0.615015974609375 0.602925810546875 0.63205537890625 0.59404388671875 0.6725239609375 0.59247648828125 0.693823216796875 0.593521421875 0.70660276953125 0.60005224609375 0.72843450390625 0.607889236328125 0.7390841328125 0.610501568359375 0.738019169921875 0.610501568359375 0.717784876953125 0.62356321875 0.71352502734375 0.632445140625 0.7028753984375 0.633490072265625 0.710330138671875 0.6551724140625 0.73535676171875 0.654127482421875 0.7609158671875 0.666144201171875 0.791799787109375 0.67084639453125 0.83226837109375 0.669801462890625 0.853567625 0.65595611328125 0.8604898828125 0.643416927734375 0.857294994140625 0.6371473359375 0.8604898828125 0.63636363671875 0.864217251953125 0.639498431640625 0.868477103515625 0.641065830078125 0.87912673046875 0.640543365234375 0.89297124609375 0.636102404296875 0.898828541015625 0.63192267578125 0.898828541015625 0.629571578125 0.903620873046875 0.6311389765625 0.9089456875 0.63009404296875 0.9185303515625 0.61990595703125 0.925452609375 0.614681294921875 0.936102236328125 0.610501568359375 0.936102236328125 0.608934169921875 0.930777421875 0.592215255859375 0.920127794921875 0.58124346875 0.922257720703125 0.58072100390625 0.9904153359375 0.59117032421875 0.9957401484375 0.722831765625 0.9957401484375 0.7275339609375 0.993610224609375 0.72962382421875 0.98828541015625 0.7395506796875 0.994675185546875 0.803814001953125 0.994675185546875 0.80799373046875 0.987220447265625 0.814263322265625 0.985090521484375 0.81556948828125 0.974973375 0.81400208984375 0.9600638984375 0.8116509921875 0.95633652734375 0.776645767578125 0.95101171484375 0.76880877734375 0.94675186328125 0.766980146484375 0.93982960546875 0.76593521484375 0.9089456875 0.78030303125 0.9073482421875 0.7844827578125 0.8935037265625 0.7904911171875 0.887646431640625 0.791013583984375 0.87486687890625 0.7967607109375 0.864217251953125 0.798328109375 0.82374866796875 0.79728317578125 0.799254525390625 0.794932080078125 0.79339723046875 0.775078369140625 0.789137380859375 0.760971787109375 0.7912673046875 0.751306166015625 0.7694355703125 0.74921630078125 0.748136314453125 0.7452978046875 0.747603833984375 0.737722048828125 0.752396166015625 0.7395506796875 0.76038338671875 0.743730408203125 0.761448349609375 0.7455590390625 0.766240681640625 0.744252873046875 0.782747603515625 0.70559038671875 0.782747603515625 0.701933125 0.79020234375 0.69801462890625 0.789669861328125 0.701933125 0.79339723046875 0.705329154296875 0.80457933984375 0.70245558984375 0.817891373046875 0.69514106640625 0.817891373046875 0.690177638671875 0.810969115234375 0.6880877734375 0.791799787109375 0.6943573671875 0.784345048828125 0.693312435546875 0.7747603828125 0.67998955078125 0.76038338671875 0.671891326171875 0.734291798828125 0.674764890625 0.72736954296875 0.68286311328125 0.72044728515625 0.6823406484375 0.703407880859375 0.686781609375 0.684771033203125 0.70271682421875 0.675718849609375 0.7048066875 0.666134185546875 0.70271682421875 0.656549521484375 0.7035005234375 0.6230031953125 0.6943573671875 0.624600638671875 0.693834900390625 0.63738019140625 0.686259142578125 0.661341853515625 0.67110762890625 0.668796591796875 0.65438871484375 0.6645367421875 0.650992685546875 0.6533546328125 0.64838035546875 0.62779552734375 0.64550679296875 0.62087326953125 0.636102404296875 0.610223642578125 0.620167189453125 0.60010649609375 0.621734587890625 0.57667731640625 0.61990595703125 0.571884984375 0.59561128515625 0.5649627265625 0.594566353515625 0.53514376953125 0.592215255859375 0.52822151171875 0.588296759765625 0.52768903125 0.5916927890625 0.527156548828125 0.595872517578125 0.515441958984375 0.59952978125 0.51437699609375 0.60240334375 0.50745473828125 0.597439916015625 0.480298189453125 0.56870428515625 0.483493078125 0.565308255859375 0.48828541015625 0.565047021484375 0.50053248046875 0.563218390625 0.482960595703125 0.560344828125 0.478168263671875 0.556165099609375 0.478168263671875 0.55799373046875 0.496805111328125 0.5559038671875 0.512779552734375 0.560606060546875 0.520234291015625 0.556687564453125 0.523961662109375 0.5527690703125 0.53514376953125 0.5559038671875 0.54472843359375 0.54885057421875 0.56975505859375 0.52638453515625 0.568690095703125 0.51880877734375 0.554313099609375 0.5224660390625 0.524494142578125 0.516196447265625 0.50212992578125 0.51724137890625 0.482960595703125 0.53030303125 0.475505857421875 0.528213166015625 0.4627263046875 0.53317659375 0.44834930859375 0.544148380859375 0.44834930859375 0.553030302734375 0.44195953125 0.558516197265625 0.431842384765625 0.55956112890625 0.42332268359375 0.557732498046875 0.419595314453125 0.54885057421875 0.419595314453125 0.5451933125 0.4142705 0.53317659375 0.413205537109375 0.528996865234375 0.4089456875 0.527429466796875 0.389776357421875 0.522204806640625 0.384451544921875 0.512539185546875 0.3839190625 0.517763845703125 0.369009583984375 0.51593521484375 0.36102236328125 0.50914315625 0.362087326171875 0.5015673984375 0.37220447265625 0.49320794140625 0.41906283203125 0.486677115234375 0.4323748671875 0.483019853515625 0.431309904296875 0.478840125 0.443024494140625 0.474660396484375 0.440894568359375 0.471003134765625 0.445154419921875 0.464211076171875 0.47710330078125 0.4595088828125 0.472843451171875 0.453761755859375 0.4739084140625 0.428160919921875 0.44834930859375 0.429467083984375 0.431842384765625 0.427638453125 0.428115015625 0.424503658203125 0.435569755859375 0.415621734375 0.43450479296875 0.415360501953125 0.426517572265625 0.420585162109375 0.424387646484375 0.418495296875 0.4073482421875 0.415621734375 0.401490947265625 0.40569487890625 0.398296060546875 0.394200626953125 0.400425984375 0.39237199609375 0.408413205078125 0.394984326171875 0.41373801953125 0.396551724609375 0.430777421875 0.39550679296875 0.447816826171875 0.3884535 0.462193822265625 0.38035527734375 0.465921193359375 0.38035527734375 0.47231096875 0.388192267578125 0.487220447265625 0.384535005859375 0.513844515625 0.39550679296875 0.542598509765625 0.391849529296875 0.56709265234375 0.384273771484375 0.570820021484375 0.375391849609375 0.568690095703125 0.3644200625 0.54206602734375 0.351880876953125 0.527156548828125 0.349268546875 0.517571884765625 0.345088818359375 0.51863684765625 0.340125392578125 0.51171458984375 0.35240334375 0.5069222578125 0.3615465 0.475505857421875 0.3691222578125 0.470713525390625 0.3719958203125 0.463791267578125 0.37356321875 0.454206603515625 0.37121212109375 0.44834930859375 0.3691222578125 0.447284345703125 0.3628526640625 0.462193822265625 0.353448275390625 0.464323748046875 0.342998955078125 0.458998935546875 0.337774294921875 0.443024494140625 0.334900732421875 0.4627263046875 0.335423197265625 0.489350373046875 0.33359456640625 0.49520766796875 0.33124346875 0.489350373046875 0.329414837890625 0.46751863671875 0.3239289453125 0.479765708984375 0.319749216796875 0.50212992578125 0.31008359375 0.5207667734375 0.300679205078125 0.5207667734375 0.295715779296875 0.505324814453125 0.297805642578125 0.480830671875 0.308254962890625 0.47018104296875 0.311389759765625 0.461661341796875 0.312957158203125 0.443556974609375 0.325757576171875 0.44408945703125 0.32758620703125 0.440362087890625 0.327847439453125 0.415335462890625 0.3419540234375 0.415335462890625 0.345088818359375 0.4089456875 0.353448275390625 0.407880724609375 0.34561128515625 0.407880724609375 0.33359456640625 0.3908413203125 0.331504703125 0.40255591015625 0.321839080078125 0.408413205078125 0.324973876953125 0.414802982421875 0.3236677109375 0.424920126953125 0.313218390625 0.427050052734375 0.30956112890625 0.423855166015625 0.30433646875 0.427050052734375 0.297021943359375 0.443024494140625 0.2907523515625 0.44408945703125 0.287356322265625 0.438232162109375 0.294148380859375 0.424387646484375 0.29284221484375 0.421725240234375 0.283437826171875 0.41640042578125 0.266196447265625 0.419595314453125 0.257314525390625 0.4046858359375 0.246865203125 0.40681576171875 0.236938349609375 0.401490947265625 0.234587251953125 0.39563365234375 0.231974921875 0.365814697265625 0.22074190234375 0.356762513671875 0.216562173828125 0.375931841796875 0.211859978515625 0.370607029296875 0.196185998046875 0.38338658203125 0.19070010546875 0.3935037265625 0.18913270703125 0.40415335546875 0.19801462890625 0.439297125 0.197492162109375 0.465921193359375 0.199843259765625 0.472843451171875 0.207419017578125 0.4488817890625 0.205329154296875 0.440362087890625 0.21603970703125 0.424920126953125 0.230146291015625 0.427050052734375 0.234848484375 0.440894568359375 0.241379310546875 0.4488817890625 0.239811912109375 0.479765708984375 0.230668755859375 0.50266240625 0.217084638671875 0.505857294921875 0.2035005234375 0.52289669921875 0.20114942578125 0.52981895703125 0.212121212890625 0.556443025390625 0.212904912109375 0.570820021484375 0.217345873046875 0.568157615234375 0.222831765625 0.547390841796875 0.238505748046875 0.538871138671875 0.247387669921875 0.541001064453125 0.25208986328125 0.55165069140625 0.261755486328125 0.561767837890625 0.263322884765625 0.5702875390625 0.262277951171875 0.60436634765625 0.25992685546875 0.61128860546875 0.256269591796875 0.605963791015625 0.243730408203125 0.60702875390625 0.241379310546875 0.622470712890625 0.242163009765625 0.632587859375 0.259404388671875 0.63471778515625 0.262539185546875 0.632587859375 0.266196447265625 0.621938232421875 0.27925809765625 0.627263044921875 0.29440961328125 0.603833865234375 0.313740857421875 0.601703939453125 0.3207941484375 0.608626197265625 0.321055380859375 0.632587859375 0.334378265625 0.6395101171875 0.330982236328125 0.6645367421875 0.31008359375 0.668796591796875 0.30485893359375 0.6837060703125 0.298589341796875 0.690095845703125 0.294670845703125 0.70660276953125 0.287356322265625 0.721512248046875 0.286311390625 0.73535676171875 0.283437826171875 0.738019169921875 0.2787356328125 0.724174654296875 0.27351097265625 0.726304580078125 0.264106583984375 0.719914802734375 0.251044931640625 0.71884983984375 0.243730408203125 0.70500532421875 0.230146291015625 0.696485623046875 0.228840125 0.682108626953125 0.2212643671875 0.668796591796875 0.218129572265625 0.670926517578125 0.21159874609375 0.68849840234375 0.20846394921875 0.71192758203125 0.20245558984375 0.717784876953125 0.19200626953125 0.717784876953125 0.178944619140625 0.708200212890625 0.15595611328125 0.7018104375 0.150992685546875 0.695953142578125 0.154127482421875 0.682108626953125 0.153605015625 0.66932907421875 0.157001044921875 0.657082001953125 0.165360501953125 0.65388711328125 0.174242423828125 0.6421725234375 0.184691744140625 0.63897763671875 0.1880877734375 0.630990416015625 0.18599791015625 0.60010649609375 0.191483802734375 0.59744408984375 0.2003657265625 0.601703939453125 0.203761755859375 0.587326943359375 0.21159874609375 0.575612353515625 0.197753396484375 0.5623003203125 0.1836468125 0.5623003203125 0.18129571484375 0.57667731640625 0.183908046875 0.589456869140625 0.179467083984375 0.599574015625 0.165882966796875 0.600638978515625 0.15752351171875 0.594249201171875 0.153866248046875 0.596379126953125 0.138192267578125 0.6144834921875 0.135318705078125 0.62353567578125 0.13636363671875 0.63205537890625 0.1340125390625 0.635782748046875 0.108411703125 0.643237486328125 0.10606060546875 0.648029818359375 0.10606060546875 0.666134185546875 0.101880876953125 0.671458998046875 0.099007314453125 0.682641107421875 0.083855798828125 0.68583599609375 0.079414837890625 0.662939296875 0.084117033203125 0.652289669921875 0.090647857421875 0.641107560546875 0.09848484765625 0.635782748046875 0.105799373046875 0.61874334375 0.117293625 0.6091586796875 0.126698013671875 0.582534611328125 0.140543365234375 0.568157615234375 0.138975966796875 0.54472843359375 0.12565308203125 0.537806177734375 0.123824451171875 0.541533546875 0.12277951953125 0.5649627265625 0.120428421875 0.570820021484375 0.107889236328125 0.576144833984375 0.09430512109375 0.576144833984375 0.0875130625 0.5857295 0.08072100390625 0.58892438671875 0.074973876953125 0.586794462890625 0.071055380859375 0.5788072421875 0.070532916015625 0.568157615234375 0.078631138671875 0.547390841796875 0.09117032421875 0.545260916015625 0.1099791015625 0.52289669921875 0.1191222578125 0.520234291015625 0.12121212109375 0.489350373046875 0.11520376171875 0.48136315234375 0.109717869140625 0.4818956328125 0.105799373046875 0.5069222578125 0.095350052734375 0.507987220703125 0.08646812890625 0.51437699609375 0.073406478515625 0.535676251953125 0.05929989453125 0.535676251953125 0.057732498046875 0.543130990234375 0.048328109375 0.55165069140625 0.04153605078125 0.570820021484375 0.0316091953125 0.582534611328125 0.025339603515625 0.600638978515625 0.01489028125 0.603833865234375 0 0.582002130859375 0 0.670394037109375
0 0.043364681640625 0.88125665625 0.043887146484375 0.867412140625 0.037878787109375 0.864749734375 0.036572623046875 0.873801916015625 0.043364681640625 0.88125665625
0 0.02037617578125 0.831203408203125 0.0107105546875 0.833865814453125 0.000261232421875 0.826411076171875 0.001044931640625 0.870607029296875 0.0195924765625 0.882854099609375 0.023772205078125 0.880724173828125 0.028213166015625 0.88871139453125 0.033437826171875 0.88338658203125 0.0344827578125 0.864217251953125 0.024555904296875 0.848242810546875 0.02037617578125 0.831203408203125
0 0.093521421875 0.501064962890625 0.096917451171875 0.50479233203125 0.106583072265625 0.5042598515625 0.105799373046875 0.4930777421875 0.096917451171875 0.492012779296875 0.092998955078125 0.4957401484375 0.093521421875 0.501064962890625
0 0.167711599609375 0.42332268359375 0.1611807734375 0.41107561328125 0.1551724140625 0.422257720703125 0.15569487890625 0.4488817890625 0.150731453125 0.458998935546875 0.140282130859375 0.461128861328125 0.133490072265625 0.456869009765625 0.126175548828125 0.4600638984375 0.11807732421875 0.479765708984375 0.120428421875 0.488817890625 0.122518287109375 0.488817890625 0.12565308203125 0.4792332265625 0.145768025390625 0.48828541015625 0.14994775390625 0.48402555859375 0.15752351171875 0.461128861328125 0.1624869375 0.45633652734375 0.167711599609375 0.42332268359375
0 0.37434691796875 0.33226837109375 0.376175548828125 0.326411076171875 0.376175548828125 0.296592119140625 0.37277951953125 0.29286475 0.352925810546875 0.289669861328125 0.352925810546875 0.27156549609375 0.356583072265625 0.280085197265625 0.38166144140625 0.275825345703125 0.385057470703125 0.280617677734375 0.382967607421875 0.28807241796875 0.384273771484375 0.29073482421875 0.40569487890625 0.293929712890625 0.410658306640625 0.280617677734375 0.4111807734375 0.267838125 0.4171891328125 0.240681576171875 0.421368861328125 0.236421724609375 0.43129571484375 0.2374866875 0.4412225703125 0.222577208984375 0.452194357421875 0.219382322265625 0.460292580078125 0.208200212890625 0.454545455078125 0.19968051171875 0.451933125 0.17731629296875 0.449059560546875 0.1725239609375 0.433908046875 0.179978701171875 0.411442005859375 0.1767838125 0.406478578125 0.166666666015625 0.40438871484375 0.13471778515625 0.39994775390625 0.130990416015625 0.392633228515625 0.135250265625 0.38793103515625 0.14909478125 0.3748693828125 0.157614484375 0.36833855859375 0.16773162890625 0.379049111328125 0.1671991484375 0.391327064453125 0.182641107421875 0.3855799375 0.21884983984375 0.378526646484375 0.226837060546875 0.37277951953125 0.240681576171875 0.368599791015625 0.2417465390625 0.361024033203125 0.23269435546875 0.358934169921875 0.2167199140625 0.359456634765625 0.1975505859375 0.3571055390625 0.19275825390625 0.3539707421875 0.193823216796875 0.347701150390625 0.199148029296875 0.341431556640625 0.217252396484375 0.337251828125 0.2140575078125 0.3147857890625 0.2279020234375 0.30642633203125 0.261980830078125 0.298589341796875 0.2609158671875 0.29153605078125 0.273162939453125 0.28605015625 0.29073482421875 0.2784743984375 0.296592119140625 0.28030303125 0.30457933984375 0.29231975 0.315228966796875 0.296238244140625 0.33493077734375 0.30512016796875 0.35090521875 0.305381400390625 0.3769968046875 0.315308255859375 0.372736955078125 0.32001044921875 0.375931841796875 0.325235109375 0.391906283203125 0.334900732421875 0.3935037265625 0.3416927890625 0.38604898828125 0.34561128515625 0.350372736328125 0.361807732421875 0.333333333984375 0.37434691796875 0.33226837109375
0 0.698275861328125 0.38871139453125 0.7048066875 0.37646432421875 0.69670846484375 0.36528221484375 0.6731974921875 0.36528221484375 0.6580459765625 0.35995740234375 0.651776384765625 0.35143769921875 0.650992685546875 0.333865814453125 0.659613375 0.3162939296875 0.662748171875 0.313099041015625 0.67110762890625 0.3162939296875 0.671368861328125 0.328541001953125 0.67528735546875 0.3301384453125 0.678160919921875 0.326411076171875 0.6792058515625 0.312566560546875 0.64759665625 0.312034078125 0.64367816015625 0.29765708203125 0.644200626953125 0.280617677734375 0.64237199609375 0.277955271484375 0.61206896484375 0.275825345703125 0.607889236328125 0.289669861328125 0.5875130625 0.28647497265625 0.576541275390625 0.30457933984375 0.56086729296875 0.306709265625 0.556948798828125 0.302981896484375 0.550156740234375 0.277422791015625 0.543887146484375 0.263578275390625 0.541013583984375 0.248136314453125 0.53552769140625 0.257188498046875 0.532915361328125 0.27955271484375 0.52351097265625 0.289137380859375 0.524555904296875 0.312566560546875 0.521421107421875 0.3274760390625 0.52324973828125 0.347177849609375 0.53369905859375 0.34611288671875 0.544670845703125 0.317358892578125 0.553030302734375 0.312034078125 0.5619122265625 0.32587859375 0.577324974609375 0.335995740234375 0.57157784765625 0.359424919921875 0.57288401171875 0.3631522890625 0.5859456640625 0.35143769921875 0.5932601875 0.353567625 0.59561128515625 0.359424919921875 0.59561128515625 0.370074546875 0.5919540234375 0.37646432421875 0.596394984375 0.380191693359375 0.598223615234375 0.377529287109375 0.59848484765625 0.3578274765625 0.605799373046875 0.353567625 0.61206896484375 0.3439829609375 0.62356321875 0.340788072265625 0.629049111328125 0.34877529296875 0.628526646484375 0.36794462109375 0.6431556953125 0.39989350390625 0.644461859375 0.42066027734375 0.66327063671875 0.417465388671875 0.667711599609375 0.42332268359375 0.67084639453125 0.41906283203125 0.671368861328125 0.408413205078125 0.67842215234375 0.394036208984375 0.698275861328125 0.38871139453125
0 0.596394984375 0.382321619140625 0.59273772265625 0.3769968046875 0.571839080078125 0.378061767578125 0.563479623046875 0.3855165078125 0.55721003125 0.37912673046875 0.54885057421875 0.380191693359375 0.5407523515625 0.408413205078125 0.5451933125 0.41214057421875 0.554597701171875 0.407880724609375 0.56086729296875 0.415335462890625 0.58072100390625 0.405750798828125 0.584900732421875 0.4089456875 0.5916927890625 0.400425984375 0.597439916015625 0.3855165078125 0.60449320703125 0.39989350390625 0.604231974609375 0.407880724609375 0.60005224609375 0.4046858359375 0.597701150390625 0.408413205078125 0.60005224609375 0.419595314453125 0.62434691796875 0.424387646484375 0.623301986328125 0.403088392578125 0.620428421875 0.396166134765625 0.607366771484375 0.382321619140625 0.596394984375 0.382321619140625
0 0.730146291015625 0.549520767578125 0.7332810859375 0.554845580078125 0.7335423203125 0.54366347265625 0.735370951171875 0.541001064453125 0.749477533203125 0.5399361015625 0.75235109765625 0.536208732421875 0.75391849609375 0.510649626953125 0.75208986328125 0.50479233203125 0.742685474609375 0.50053248046875 0.720219435546875 0.50266240625 0.717868337890625 0.5042598515625 0.72361546484375 0.51171458984375 0.718652037109375 0.5260915859375 0.71394984375 0.531416400390625 0.706112853515625 0.529286474609375 0.698275861328125 0.538871138671875 0.69644723046875 0.536208732421875 0.701671890625 0.512779552734375 0.69566353125 0.501597443359375 0.6883490078125 0.49946751953125 0.682601880859375 0.507987220703125 0.677899685546875 0.5069222578125 0.673719958984375 0.494142705078125 0.65752351171875 0.474973375 0.65125391796875 0.476038337890625 0.64681295703125 0.503194888671875 0.646290490234375 0.530883919921875 0.647857888671875 0.5372736953125 0.656478578125 0.544195953125 0.663793103515625 0.55591054296875 0.664576802734375 0.550053248046875 0.6583072109375 0.5372736953125 0.6624869375 0.5181043671875 0.667450365234375 0.516506921875 0.67110762890625 0.523961662109375 0.678944619140625 0.521831736328125 0.6823406484375 0.546858359375 0.67528735546875 0.55165069140625 0.674503658203125 0.559637912109375 0.6836468125 0.554845580078125 0.686781609375 0.56336528125 0.69487983203125 0.566027689453125 0.702978056640625 0.5623003203125 0.71447230859375 0.564430244140625 0.722831765625 0.55058573046875 0.730146291015625 0.549520767578125
0 0.506008359375 0 0.50522466015625 0.007987220703125 0.5135841171875 0.02289669921875 0.50835945703125 0.047390841796875 0.50365726171875 0.056975505859375 0.507836990234375 0.068690095703125 0.506008359375 0.077742279296875 0.498693833984375 0.075612353515625 0.496865203125 0.06549520703125 0.49164054296875 0.059105431640625 0.486938349609375 0.0260915859375 0.48406478515625 0.022364216796875 0.449843259765625 0.05804046875 0.4472309296875 0.076144833984375 0.443312435546875 0.083067091796875 0.455329154296875 0.08093716796875 0.462121212890625 0.073482427734375 0.46630094140625 0.060702875 0.471003134765625 0.060702875 0.473354232421875 0.06549520703125 0.472831765625 0.08892438671875 0.462643677734375 0.101171458984375 0.45689655078125 0.103301384765625 0.451933125 0.126198083984375 0.4440961328125 0.13471778515625 0.45114942578125 0.17891373828125 0.455329154296875 0.179978701171875 0.463688609375 0.173588923828125 0.47074190234375 0.1837060703125 0.479101359375 0.168796591796875 0.47648902734375 0.1645367421875 0.476227794921875 0.157614484375 0.484587251953125 0.152289669921875 0.496865203125 0.151757189453125 0.49033437890625 0.148029818359375 0.484587251953125 0.134185302734375 0.465778474609375 0.130990416015625 0.463427376953125 0.127263044921875 0.471003134765625 0.11821086328125 0.477795193359375 0.119275826171875 0.486154650390625 0.10436634765625 0.49033437890625 0.110756123046875 0.492163009765625 0.101703939453125 0.4971264375 0.096911607421875 0.513845349609375 0.0979765703125 0.516196447265625 0.0910543125 0.5167189140625 0.077209796875 0.52769069921875 0.064430244140625 0.52769069921875 0.052715654296875 0.539184953125 0.04632587890625 0.538140021484375 0.029286474609375 0.531870427734375 0.01863684765625 0.532915361328125 0.010117146484375 0.53840125390625 0.005324814453125 0.54310344921875 0.01597444140625 0.549895505859375 0.017039404296875 0.548328109375 0 0.506008359375 0
0 0.60005224609375 0.00212992578125 0.5663531875 0.00053248046875 0.57288401171875 0.00745473828125 0.58124346875 0.0042598515625 0.588557994140625 0.008519701171875 0.589864158203125 0.0260915859375 0.596656216796875 0.044195953125 0.597701150390625 0.035676251953125 0.602925810546875 0.023961662109375 0.602925810546875 0.012247072265625 0.60005224609375 0.00212992578125
0 0.65569487890625 0.041001064453125 0.65569487890625 0.03248136328125 0.64759665625 0.030883919921875 0.64393939453125 0.020234291015625 0.6355799375 0.0181043671875 0.63192267578125 0.01171458984375 0.62722048046875 0.01597444140625 0.61964472265625 0.0303514375 0.616509927734375 0.05804046875 0.623040751953125 0.0649627265625 0.632183908203125 0.066560169921875 0.639759666015625 0.046858359375 0.64550679296875 0.04472843359375 0.65282131640625 0.04898828515625 0.65569487890625 0.041001064453125
0 0.56870428515625 0.145899892578125 0.563740857421875 0.151757189453125 0.572361546875 0.166134185546875 0.576541275390625 0.1586794453125 0.57836990625 0.17412140625 0.584117033203125 0.17412140625 0.587774294921875 0.168796591796875 0.58646812890625 0.154419595703125 0.577063740234375 0.144834931640625 0.56870428515625 0.145899892578125
0 0.58960292578125 0.2002129921875 0.578108673828125 0.195953142578125 0.575235109375 0.184771033203125 0.57758620703125 0.175718849609375 0.56870428515625 0.170394037109375 0.5619122265625 0.1767838125 0.55721003125 0.17465388671875 0.5527690703125 0.180511181640625 0.552507837890625 0.19275825390625 0.565047021484375 0.205537806640625 0.580982236328125 0.23269435546875 0.585423197265625 0.22577209765625 0.5932601875 0.226837060546875 0.594566353515625 0.208200212890625 0.58960292578125 0.2002129921875
0 0.67110762890625 0.16080937109375 0.658568443359375 0.161874333984375 0.65125391796875 0.16932907421875 0.647335423828125 0.1837060703125 0.650731453125 0.19275825390625 0.654911181640625 0.187433439453125 0.657001044921875 0.191693291015625 0.667450365234375 0.191693291015625 0.674764890625 0.185303513671875 0.680250783203125 0.192225771484375 0.674764890625 0.20447284375 0.662748171875 0.20979765625 0.657001044921875 0.207667732421875 0.6580459765625 0.215122470703125 0.6912225703125 0.217784876953125 0.695924765625 0.2018104375 0.695402298828125 0.193290734375 0.67528735546875 0.170394037109375 0.67110762890625 0.16080937109375
0 0.64080459765625 0.244941427734375 0.644461859375 0.244941427734375 0.647857888671875 0.233759318359375 0.647335423828125 0.222044728515625 0.654127482421875 0.208200212890625 0.64759665625 0.20660276953125 0.645768025390625 0.194355697265625 0.6428944609375 0.190628328125 0.637408568359375 0.1975505859375 0.635841169921875 0.212460064453125 0.63192267578125 0.212992544921875 0.629571578125 0.208200212890625 0.629049111328125 0.1975505859375 0.634273771484375 0.189030884765625 0.634273771484375 0.18157614453125 0.63192267578125 0.177848775390625 0.627742947265625 0.182108626953125 0.620428421875 0.1767838125 0.623301986328125 0.16773162890625 0.616248693359375 0.166134185546875 0.6071055390625 0.226304580078125 0.604231974609375 0.233226837890625 0.596133751953125 0.233759318359375 0.60005224609375 0.244941427734375 0.604231974609375 0.242811501953125 0.608934169921875 0.2470713515625 0.614681294921875 0.26304579296875 0.620689654296875 0.26464323828125 0.62434691796875 0.26038338671875 0.632445140625 0.233226837890625 0.6355799375 0.232161875 0.64080459765625 0.244941427734375
0 0.61990595703125 0.08093716796875 0.62565308203125 0.083067091796875 0.6280041796875 0.07933972265625 0.6188610234375 0.079872205078125 0.60005224609375 0.07241746484375 0.584378265625 0.0788072421875 0.582549634765625 0.094249201171875 0.576280041015625 0.103833865234375 0.572622779296875 0.12087326953125 0.575496341796875 0.128860490234375 0.581504703125 0.132587859375 0.60005224609375 0.1160809375 0.601880876953125 0.100638978515625 0.6115465 0.08626198046875 0.61990595703125 0.08093716796875