1 0.6591796875 0.6279296875 0.099609375 0.140625
1 0.6865234375 0.1982421875 0.103515625 0.10546875
1 0.384765625 0.611328125 0.1640625 0.2265625
1 0.3173828125 0.853515625 0.216796875 0.265625
1 0.265625 0.09765625 0.0546875 0.0703125
1 0.1396484375 0.1064453125 0.06640625 0.07421875
1 0.5419921875 0.6484375 0.09765625 0.07421875
1 0.4541015625 0.2236328125 0.078125 0.083984375
0 1 0.460649146484375 0.974906333984375 0.30221398046875 0.958960349609375 0.29128411328125 0.8640511484375 0.27686782421875 0.820458171875 0.279565353515625 0.821174552734375 0.292773798828125 0.829114470703125 0.313953138671875 0.86884203125 0.414236189453125 0.89252903515625 0.459565255859375 0.9114422265625 0.521075787109375 0.927622646484375 0.547961494140625 0.9527703828125 0.614093796875 0.962649884765625 0.62725325390625 0.97169068359375 0.629327095703125 0.97242460546875 0.616590099609375 0.96546325 0.57842809375 0.97873974609375 0.537761880859375 0.991698115234375 0.53851408984375 0.997093958984375 0.532050248046875 1 0.533820458984375 1 0.460649146484375
0 0.218583056640625 1 0.23182192578125 0.992615546875 0.246653501953125 0.976243392578125 0.248593087890625 0.9682235078125 0.24425972265625 0.940863720703125 0.2369418359375 0.929402001953125 0.242589431640625 0.872415259765625 0.248540931640625 0.866564564453125 0.259755525390625 0.836041068359375 0.26680790625 0.811084875 0.26556384375 0.791649626953125 0.270648669921875 0.78032697265625 0.278945119140625 0.774806025390625 0.291875515625 0.781171890625 0.296037724609375 0.775604587890625 0.281657025390625 0.76876727734375 0.255928982421875 0.77424450390625 0.2298794921875 0.754531130859375 0.168148970703125 0.76430828515625 0.161537033203125 0.7457232265625 0.342839 0.712099744140625 0.33238298046875 0.657663564453125 0.3237650859375 0.63799391015625 0.3205150625 0.6174740703125 0.316286474609375 0.613936892578125 0.322010876953125 0.58638641796875 0.3195331796875 0.567847712890625 0.23814843359375 0.575128564453125 0.22605673828125 0.5798483125 0.211903138671875 0.59471078125 0.2073355625 0.5919284453125 0.205385548828125 0.57961654296875 0.252899884765625 0.462711123046875 0.261241845703125 0.425631076171875 0.277918658203125 0.39774821484375 0.288654400390625 0.39604783984375 0.302234802734375 0.406517673828125 0.305935703125 0.403828048828125 0.30320293359375 0.36920321875 0.28746628125 0.36538528125 0.28474394140625 0.3510922421875 0.286005546875 0.344582044921875 0.29553562890625 0.33816455859375 0.295091861328125 0.3150967890625 0.311317794921875 0.31042339453125 0.314952322265625 0.298629291015625 0.30884009765625 0.2918846875 0.301682935546875 0.293018271484375 0.298293048828125 0.300566708984375 0.288724564453125 0.292266064453125 0.28110609375 0.296277322265625 0.24899653515625 0.371478291015625 0.217383365234375 0.391910693359375 0.215688423828125 0.395684912109375 0.220133677734375 0.400590078125 0.220972376953125 0.41167569140625 0.214314927734375 0.42464973046875 0.201713087890625 0.397197236328125 0.17706838671875 0.40951441015625 0.17580678125 0.416024607421875 0.18087406640625 0.430647396484375 0.166965107421875 0.441264197265625 0.180678259765625 0.469942984375 0.1829776953125 0.501831833984375 0.16756248828125 0.52320449609375 0.165039275390625 0.536224892578125 0.139793404296875 0.57948801953125 0.13825918359375 0.5958575390625 0.12254339453125 0.6327031796875 0.098870142578125 0.674314923828125 0.080054619140625 0.682904234375 0.071062654296875 0.7158803125 0.05479120703125 0.752112806640625 0.0523727734375 0.7889558125 0.043097763671875 0.811459423828125 0.07295965625 1 0.170838716796875 1 0.172125337890625 0.997863638671875 0.179065830078125 0.99536206640625 0.184061072265625 1 0.218583056640625 1
0 1 0.76056941796875 0.98750746484375 0.729190322265625 0.986235427734375 0.715368732421875 0.960759134765625 0.670323060546875 0.95230196484375 0.663248705078125 0.953091830078125 0.6392843984375 0.9365164765625 0.62438084765625 0.913283671875 0.622451337890625 0.906276802734375 0.615848431640625 0.897903546875 0.59193311328125 0.89105408203125 0.531316486328125 0.873650458984375 0.525659109375 0.867311134765625 0.497214728515625 0.85740366015625 0.489668927734375 0.832353595703125 0.49363646875 0.826674708984375 0.489627845703125 0.8717739296875 0.476174451171875 0.876453392578125 0.456502162109375 0.87054740625 0.4307937578125 0.855939607421875 0.40225666796875 0.815590013671875 0.292255998046875 0.799937275390625 0.27159709375 0.789446173828125 0.269051802734375 0.76081752734375 0.273586134765625 0.713128716796875 0.2909554453125 0.66799108984375 0.289690703125 0.659967255859375 0.285352330078125 0.658027671875 0.293372212890625 0.661683060546875 0.322241689453125 0.655382138671875 0.308515439453125 0.652851818359375 0.367813068359375 0.648284244140625 0.365030736328125 0.636584158203125 0.29115930859375 0.625264787109375 0.29786019140625 0.620141556640625 0.29446471484375 0.595524826171875 0.301168232421875 0.600546599609375 0.347350123046875 0.618327615234375 0.36697078515625 0.624845203125 0.3820650234375 0.634224990234375 0.3833840234375 0.63498688671875 0.36503337109375 0.64131577734375 0.373145962890625 0.640553884765625 0.3914966171875 0.647025958984375 0.438149953125 0.639935173828125 0.448388013671875 0.62272024609375 0.44971228515625 0.61549670703125 0.441741390625 0.61094667578125 0.41301361328125 0.613714525390625 0.395747552734375 0.60893028515625 0.39159723046875 0.58989809375 0.398818552734375 0.364014158203125 0.431790439453125 0.35322247265625 0.444718126953125 0.32993372265625 0.454015927734375 0.316297376953125 0.454773404296875 0.300711015625 0.44321898046875 0.265603181640625 0.44737720703125 0.248314767578125 0.485874234375 0.2396338203125 0.523709123046875 0.231987375 0.5333340390625 0.225151662109375 0.55965822265625 0.22679066015625 0.56711131640625 0.2374984296875 0.571024595703125 0.2874098671875 0.556107869140625 0.334581423828125 0.552843546875 0.35236955078125 0.52618698046875 0.39046190234375 0.5061306796875 0.43220964453125 0.514943857421875 0.44153348828125 0.52749016796875 0.488760990234375 0.51299853515625 0.504591990234375 0.52030729296875 0.64816856640625 0.500371611328125 0.6560596484375 0.486501029296875 0.665166826171875 0.4976793515625 0.701169302734375 0.49337942578125 0.71494172265625 0.577439923828125 0.694120240234375 0.584944640625 0.6949869140625 0.59041659765625 0.7041220625 0.595981265625 0.708427455078125 0.62895470703125 0.70464263671875 0.648485298828125 0.698624759765625 0.64523151953125 0.693106595703125 0.6538181953125 0.694539357421875 0.6802350859375 0.690593814453125 0.687170376953125 0.68636523046875 0.683633201171875 0.665327080078125 0.689769927734375 0.63191419140625 0.690153939453125 0.632648111328125 0.677416939453125 0.62167483984375 0.637085748046875 0.6197039609375 0.584110265625 0.648294205078125 0.564857798828125 0.648801029296875 0.5304210234375 0.6366709296875 0.520422638671875 0.638931958984375 0.53759335546875 0.632463205078125 0.5575490390625 0.627490267578125 0.54641707421875 0.618355119140625 0.54085240625 0.619117013671875 0.52250175390625 0.615660751953125 0.520945712890625 0.604124712890625 0.526278607421875 0.607619376953125 0.54255278125 0.596499130859375 0.576567099609375 0.59752652734375 0.594634357421875 0.59225300390625 0.5989753671875 0.582611033203125 0.6278474765625 0.588027740234375 0.662047212890625 0.582264935546875 0.6748795546875 0.514271896484375 0.68564859375 0.487460513671875 0.684285875 0.473551552734375 0.694902673828125 0.455875314453125 0.699104623046875 0.444272900390625 0.6953330390625 0.44263390234375 0.6878799453125 0.432076423828125 0.67623017578125 0.427603197265625 0.676938666015625 0.4281972578125 0.6922699453125 0.4054361953125 0.707794546875 0.409853474609375 0.7183133671875 0.416982666015625 0.722793439453125 0.416248744140625 0.735530439453125 0.420204716796875 0.7489269375 0.430140162109375 0.750859083984375 0.433295837890625 0.7678881015625 0.442769974609375 0.77269792578125 0.446470876953125 0.77000830078125 0.443343173828125 0.747365626953125 0.621566271484375 0.726149390625 0.625889203125 0.733177390625 0.635122021484375 0.808841900390625 0.64012957421875 0.947578255859375 0.58666752734375 0.9574481171875 0.490535125 0.96426015625 0.397030708984375 0.9818744140625 0.383855671875 0.979754216796875 0.3677240859375 0.98791843359375 0.34384127734375 0.981884955078125 0.249253521484375 0.992659265625 0.244027115234375 1 0.5393508515625 1 0.579380271484375 0.993659962890625 0.59186756640625 0.99027986328125 0.59968871875 0.990443421875 0.895560677734375 0.94358190625 0.890151390625 0.93672596875 0.888634712890625 0.92715004296875 0.89294721484375 0.91384625390625 0.891269814453125 0.89167502734375 0.895704634765625 0.876248404296875 0.90551776171875 0.8803033828125 0.91681959375 0.899547943359375 0.930550287109375 0.902281287109375 0.937765212890625 0.936897365234375 1 0.927040341796875 1 0.76056941796875
0 0.519360513671875 0.561439685546875 0.56097550390625 0.552043904296875 0.560014482421875 0.543081125 0.54785641015625 0.538696396484375 0.518116447265625 0.5420044375 0.49303841015625 0.5515856328125 0.4830086171875 0.546162666015625 0.44901209765625 0.551547185546875 0.44478351171875 0.5480100078125 0.439209404296875 0.567823994140625 0.443298126953125 0.59942944921875 0.439729978515625 0.620328029296875 0.42884394140625 0.629764892578125 0.428186826171875 0.671938158203125 0.432321064453125 0.67198451171875 0.436172259765625 0.6615583984375 0.447585978515625 0.6583483359375 0.45471516796875 0.662828408203125 0.47060211328125 0.658909857421875 0.476375349609375 0.6664093046875 0.501764404296875 0.661686919921875 0.501687599609375 0.63225065234375 0.505633138671875 0.62531536328125 0.57541546875 0.614262927734375 0.5735877734375 0.599828189453125 0.564141609375 0.5894047109375 0.55331151953125 0.587614263671875 0.54595523046875 0.561434412109375 0.5381968984375 0.59351394921875 0.526783177734375 0.596724013671875 0.51869296875 0.58328116015625 0.516526287109375 0.569601267578125 0.519360513671875 0.561439685546875
0 0.54841491796875 0.78541383984375 0.512629109375 0.791081755859375 0.50241062109375 0.778677142578125 0.500537412109375 0.795801505859375 0.4885400625 0.804012078125 0.4874775859375 0.83783570703125 0.47893649609375 0.8476023203125 0.471394833984375 0.881049845703125 0.472817162109375 0.88713494921875 0.482630287109375 0.891189927734375 0.51909407421875 0.884012326171875 0.531989388671875 0.942269078125 0.589491326171875 0.928954748046875 0.59727051953125 0.9375387890625 0.623770888671875 0.9340426953125 0.631473275390625 0.91319046875 0.6264339609375 0.8929540234375 0.628985146484375 0.874319974609375 0.625029173828125 0.8609234765625 0.628041666015625 0.83941175 0.624330333984375 0.8217695859375 0.624120775390625 0.77412436328125 0.61750883984375 0.755539302734375 0.60849601171875 0.7478518046875 0.59260906640625 0.75177035546875 0.5508333515625 0.748570833984375 0.54841491796875 0.78541383984375
0 0.024562431640625 0.58441690234375 0.030506822265625 0.624843439453125 0.0252612734375 0.62357079296875 0.012960017578125 0.5806453203125 0.00604749609375 0.577533236328125 0.030558978515625 0.7265023828125 0.038572380859375 0.71050896875 0.04979740625 0.70031726171875 0.062056935546875 0.661915580078125 0.06989207421875 0.659272310546875 0.073082833984375 0.62441044140625 0.117067421875 0.543121734375 0.111311728515625 0.509676841796875 0.093635490234375 0.5138787890625 0.073547931640625 0.5086465078125 0.0752533046875 0.525204080078125 0.042095486328125 0.541674212890625 0.024562431640625 0.58441690234375
0 0.129715244140625 0.359519853515625 0.120335455078125 0.35820085546875 0.115711935546875 0.36664583203125 0.161649859375 0.36427805078125 0.1753141796875 0.357906916015625 0.178186810546875 0.36446346875 0.197285375 0.366346625 0.201503529296875 0.34955201171875 0.208143439453125 0.362523416015625 0.213350587890625 0.3490779296875 0.234472654296875 0.326100234375 0.23820152734375 0.317796955078125 0.236901517578125 0.309589017578125 0.22656070703125 0.29930723828125 0.216719609375 0.3008659140625 0.173476052734375 0.323140390625 0.16447365625 0.3357846796875 0.13378310546875 0.350461728515625 0.129715244140625 0.359519853515625