1 0.4501953125 0.841796875 0.248046875 0.234375
1 0.435546875 0.921875 0.31640625 0.15625
1 0.40625 0.3984375 0.08984375 0.1640625
1 0.4228515625 0.556640625 0.234375 0.181640625
1 0.1328125 0.5771484375 0.1015625 0.15234375
1 0.1689453125 0.4736328125 0.11328125 0.087890625
1 0.0380859375 0.2919921875 0.0703125 0.15625
1 0.8232421875 0.53515625 0.12890625 0.1640625
1 0.9482421875 0.8447265625 0.095703125 0.310546875
1 0.9609375 0.408203125 0.078125 0.2890625
1 0.732421875 0.2021484375 0.091796875 0.07421875
1 0.3994140625 0.28515625 0.076171875 0.107421875
1 0.333984375 0.1982421875 0.052734375 0.08203125
1 0.6484375 0.0576171875 0.091796875 0.06640625
1 0.7958984375 0.361328125 0.169921875 0.15234375
1 0.6708984375 0.365234375 0.056640625 0.068359375
0 0.337931447265625 0.799126380859375 0.34563435546875 0.78493884375 0.407373919921875 0.763340029296875 0.419470349609375 0.743858435546875 0.420335224609375 0.72716454296875 0.415039505859375 0.702008623046875 0.41580025 0.691280408203125 0.40880543359375 0.66490133203125 0.410983533203125 0.6386823671875 0.40864315234375 0.624916275390625 0.345516884765625 0.627394900390625 0.318633927734375 0.623345158203125 0.3165544609375 0.627486109375 0.316450330078125 0.633451787109375 0.310508994140625 0.645283072265625 0.309644119140625 0.66197696484375 0.306141798828125 0.665496330078125 0.305464359375 0.671452 0.312818720703125 0.693660107421875 0.32318540234375 0.707566298828125 0.322258048828125 0.72783959765625 0.32670971875 0.7684962734375 0.324656576171875 0.787556423828125 0.327611916015625 0.798946251953125 0.331838828125 0.803197279296875 0.337931447265625 0.799126380859375
0 0 0.8089432421875 0.026969875 0.806827015625 0.039493828125 0.795707380859375 0.0409736640625 0.776637224609375 0.04424139453125 0.770130017578125 0.058511595703125 0.7739596015625 0.06622550390625 0.79199673828125 0.074126845703125 0.799295650390625 0.0871144765625 0.77803936328125 0.1318949140625 0.775240513671875 0.147864208984375 0.78029325390625 0.188631498046875 0.7774243515625 0.20574740625 0.782497107421875 0.209807708984375 0.796293220703125 0.20928705078125 0.82612161328125 0.20672308203125 0.841592349609375 0.19651868359375 0.86767121484375 0.1963728984375 0.876023162109375 0.191640658203125 0.884295056640625 0.18439709765625 0.93787608203125 0.18957360546875 0.994657650390625 0.1984681875 0.99481290625 0.20447934375 0.9865633359375 0.209957001953125 0.984868703125 0.2129901484375 0.975373650390625 0.2129999765625 0.941955845703125 0.21562642578125 0.922905705078125 0.228718185546875 0.895683740234375 0.230270328125 0.839616369140625 0.225432787109375 0.78821146484375 0.226766837890625 0.7774932578125 0.22287864453125 0.77026439453125 0.220021935546875 0.73679655078125 0.227588888671875 0.69754316015625 0.22393528515625 0.693302138671875 0.171170197265625 0.69357462109375 0.1626330703125 0.68984510546875 0.15821322265625 0.68021996484375 0.1439221953125 0.677583515625 0.1312469609375 0.680942765625 0.124810125 0.671879166015625 0.12157854296875 0.659887767578125 0.120765150390625 0.64077758203125 0.126216482421875 0.62416374609375 0.125236478515625 0.614598646484375 0.12031130078125 0.61749642578125 0.11644393359375 0.60907442578125 0.112451609375 0.607811240234375 0.10975718359375 0.614328455078125 0.109590572265625 0.623873541015625 0.119597708984375 0.641950703125 0.118263658203125 0.65266891015625 0.113234349609375 0.6615323671875 0.089051318359375 0.667077748046875 0.085267255859375 0.653883205078125 0.08221328515625 0.664571390625 0.07592773046875 0.66326817578125 0.074650662109375 0.654294640625 0.077084173828125 0.629870384765625 0.086236263671875 0.6312236328125 0.084115142578125 0.63775085546875 0.08539221484375 0.646724390625 0.089571974609375 0.63724935546875 0.094095953125 0.6409088203125 0.09681120703125 0.63319846875 0.0976344296875 0.61889084765625 0.092323380859375 0.611040400390625 0.08831023046875 0.610970349609375 0.082410548828125 0.62041536328125 0.06918283203125 0.622571470703125 0.0641535234375 0.6314349296875 0.07053887890625 0.67630260546875 0.06308588671875 0.67617251171875 0.057738685546875 0.686820669921875 0.0478258515625 0.696195634765625 0.041561126953125 0.69369928515625 0.030584986328125 0.69828169140625 0.015168169921875 0.694432091796875 0.012192005859375 0.684235400390625 0.01407853515625 0.6747203359375 0.01222266015625 0.649624458984375 0.001089736328125 0.630334146484375 0.001099564453125 0.59691633984375 0.008401275390625 0.589286046875 0.022118994140625 0.59191248828125 0.0250535078125 0.604495451171875 0.030896208984375 0.614742181640625 0.051493615234375 0.617488708984375 0.053166384765625 0.603792666015625 0.04602578515625 0.585765537109375 0.04457660546875 0.570224751953125 0.047286359375 0.546402068359375 0.0570840625 0.510768111328125 0.075804763671875 0.489611896484375 0.08072444140625 0.47060178125 0.085456681640625 0.462329890625 0.086790732421875 0.45161168359375 0.07730975390625 0.419818462890625 0.0522925 0.40744679296875 0.032404359375 0.42977612890625 0.026442197265625 0.44280055078125 0.001780162109375 0.47578805078125 0.00032519921875 0.4770058828125 0 0.49563653515625 0 0.8089432421875
0 0.87794534375 1 0.88174254296875 0.987643517578125 0.89108206640625 0.978258546875 0.893818146484375 0.969355060546875 0.882159068359375 0.9637808046875 0.87206312890625 0.934363849609375 0.864797572265625 0.92349553515625 0.86298334765625 0.89601338671875 0.856822751953125 0.887551357421875 0.855821919921875 0.87917939453125 0.8409882421875 0.84192199609375 0.840299806640625 0.815652998046875 0.862674111328125 0.798737802734375 0.871701244140625 0.8072498671875 0.88473052734375 0.783607310546875 0.895477578125 0.79214939453125 0.896535388671875 0.780829615234375 0.90199221875 0.7803281171875 0.905536193359375 0.774422482421875 0.90784475 0.7571570390625 0.9168663828125 0.749556767578125 0.919685765625 0.735880740234375 0.92728454296875 0.727658880859375 0.928894833984375 0.71754224609375 0.996605400390625 0.698839908203125 0.997335517578125 0.657011552734375 0.977134771484375 0.64796782421875 0.967221939453125 0.6573427890625 0.952232646484375 0.661855146484375 0.916604298828125 0.666007248046875 0.89434944921875 0.65965129296875 0.885916453125 0.649956099609375 0.866038138671875 0.638867630859375 0.860195435546875 0.62862090234375 0.854899716796875 0.603464982421875 0.8506728046875 0.599213955078125 0.834620203125 0.598933755859375 0.8103538671875 0.60925167578125 0.761195234375 0.6000391171875 0.749895701171875 0.59029388671875 0.74502750390625 0.573499923828125 0.7382936015625 0.565027890625 0.711327337890625 0.56575069140625 0.709581091796875 0.550801470703125 0.703055451171875 0.530398078125 0.706448142578125 0.516732056640625 0.686528177734375 0.508029857421875 0.674206986328125 0.491105802734375 0.66596692578125 0.486784724609375 0.66499675 0.443801818359375 0.66872816015625 0.427157962890625 0.66736778515625 0.42295696875 0.645623763671875 0.420190427734375 0.640927677734375 0.40996371484375 0.64111511328125 0.3992254921875 0.636929853515625 0.392588193359375 0.609598546875 0.38136962890625 0.60543411328125 0.3735391953125 0.607914779296875 0.362841001953125 0.602707861328125 0.349024875 0.59728285546875 0.38055791015625 0.603208861328125 0.386032095703125 0.607842470703125 0.399838216796875 0.608697517578125 0.416562130859375 0.5912802109375 0.461611080078125 0.593281873046875 0.4783550078125 0.586829708984375 0.486596876953125 0.5900821171875 0.497395142578125 0.584036650390625 0.51519210546875 0.5742904296875 0.515021984375 0.573921056640625 0.55261076171875 0.569928732421875 0.551347578125 0.561703998046875 0.52972102734375 0.548179212890625 0.532468701171875 0.54729351171875 0.550355728515625 0.55097344140625 0.56951594921875 0.549692041015625 0.6100725546875 0.54770137890625 0.625553296875 0.541290869140625 0.631408896484375 0.546304849609375 0.639850912109375 0.5416559140625 0.643350259765625 0.537507978515625 0.68385683203125 0.51653569921875 0.70258674609375 0.514868427734375 0.732395123046875 0.54396680859375 0.757369771484375 0.549429138671875 0.772980607421875 0.555589734375 0.7814426328125 0.5702666328125 0.794827310546875 0.58109698828125 0.798596853515625 0.5894675078125 0.811871451171875 0.599151251953125 0.81562098046875 0.60450944921875 0.837197494140625 0.611305830078125 0.84209012109375 0.63309150390625 0.842470392578125 0.6493425390625 0.864237041015625 0.681428232421875 1 0.87794534375 1
0 0.219478931640625 0.390075556640625 0.232377759765625 0.357479478515625 0.231481060546875 0.343141837890625 0.18652851171875 0.3393734375 0.1812646171875 0.345249052734375 0.17007471484375 0.345650482421875 0.174625017578125 0.36422914453125 0.188811912109375 0.3728312734375 0.195207095703125 0.38428114453125 0.19897033203125 0.398668822265625 0.219478931640625 0.390075556640625
0 0.114698505859375 0.34766763671875 0.125508037109375 0.352630314453125 0.1376932734375 0.344488513671875 0.147261884765625 0.321979048828125 0.151040447265625 0.319061255859375 0.1512487109375 0.307129900390625 0.158889140625 0.296521771484375 0.16141145703125 0.283437306640625 0.15648078125 0.27022275 0.15662656640625 0.26187080078125 0.15937797265625 0.23566184375 0.162348638671875 0.229746201171875 0.16235296875 0.180216060546875 0.153711708984375 0.182452224609375 0.145747888671875 0.17873271875 0.13810745703125 0.189340845703125 0.12893454296875 0.189180732421875 0.124353583984375 0.205213009765625 0.118516380859375 0.211078619140625 0.12127878515625 0.217094333984375 0.120538869140625 0.22662941015625 0.10816619921875 0.245509431640625 0.106540580078125 0.2729315390625 0.0975452734375 0.295451009765625 0.0955754375 0.309738615234375 0.09585717578125 0.326452521484375 0.1028519921875 0.352831599609375 0.114698505859375 0.34766763671875