1 0.2353515625 0.734375 0.0859375 0.177734375
1 0.2744140625 0.3251953125 0.1181640625 0.234375
1 0.9638671875 0.314453125 0.072265625 0.2568359375
1 0.3359375 0.2509765625 0.0478515625 0.107421875
1 0.732421875 0.4853515625 0.138671875 0.2841796875
1 0.5322265625 0.79296875 0.10546875 0.208984375
1 0.5478515625 0.4814453125 0.1025390625 0.2734375
1 0.037109375 0.2236328125 0.0732421875 0.203125
1 0.0244140625 0.369140625 0.048828125 0.095703125
1 0.306640625 0.0361328125 0.1044921875 0.072265625
1 0.912109375 0.2080078125 0.1318359375 0.17578125
1 0.859375 0.083984375 0.14453125 0.1455078125
1 0.80859375 0.0302734375 0.0947265625 0.060546875
1 0.634765625 0.0927734375 0.0302734375 0.1240234375
1 0.51953125 0.044921875 0.0380859375 0.0791015625
1 0.7236328125 0.04296875 0.041015625 0.0595703125
1 0.724609375 0.8671875 0.0390625 0.130859375
1 0.8564453125 0.76953125 0.048828125 0.091796875
1 0.3603515625 0.3759765625 0.0322265625 0.17578125
0 0.24649028125 0.455043859375 0.23569114453125 0.429824560546875 0.22759179296875 0.427631578125 0.2157127421875 0.400219298828125 0.200323974609375 0.45449561328125 0.19654427734375 0.49067982421875 0.20005399609375 0.497807017578125 0.211933044921875 0.497807017578125 0.229211662109375 0.509868421875 0.23920086328125 0.541118421875 0.24379049609375 0.56798245703125 0.262958962890625 0.572916666015625 0.264578833984375 0.565241228515625 0.265118791015625 0.476425439453125 0.25512958984375 0.46052631640625 0.24649028125 0.455043859375
0 0.341522677734375 0.58991228125 0.337473001953125 0.57949561328125 0.343142548828125 0.577850876953125 0.345032396484375 0.57072368359375 0.357991361328125 0.511513158203125 0.357991361328125 0.493969298828125 0.345302375 0.489035087890625 0.34125269921875 0.48300438671875 0.339092873046875 0.472039474609375 0.339632830078125 0.45559210546875 0.33531317578125 0.42927631640625 0.325863931640625 0.4111842109375 0.318574513671875 0.44682017578125 0.319114470703125 0.45449561328125 0.308855291015625 0.480811404296875 0.307235421875 0.50054824609375 0.29427645703125 0.515899123046875 0.2867170625 0.56633771875 0.3026457890625 0.573464912109375 0.306425486328125 0.555921052734375 0.312904966796875 0.554824560546875 0.322084232421875 0.583333333984375 0.325863931640625 0.586622806640625 0.32964362890625 0.582236841796875 0.33666306640625 0.600877193359375 0.3498920078125 0.600328947265625 0.35151187890625 0.590460525390625 0.34692224609375 0.5811403515625 0.344762419921875 0.578947369140625 0.341522677734375 0.58991228125
0 0.2969762421875 0.74616228125 0.309395248046875 0.690241228515625 0.31263498828125 0.662828947265625 0.31263498828125 0.64199561328125 0.306425486328125 0.627192982421875 0.296166306640625 0.634868421875 0.278887689453125 0.63048245703125 0.27591792578125 0.614583333984375 0.268628509765625 0.60197368359375 0.250809935546875 0.591008771484375 0.240010798828125 0.614035087890625 0.232451404296875 0.62061403515625 0.22651187890625 0.632675439453125 0.220032396484375 0.635964912109375 0.218682505859375 0.654057017578125 0.220032396484375 0.658991228515625 0.222732181640625 0.650219298828125 0.240010798828125 0.650219298828125 0.267008638671875 0.658991228515625 0.271058314453125 0.67927631640625 0.262419005859375 0.734100876953125 0.269708423828125 0.75548245703125 0.275377970703125 0.757127193359375 0.271058314453125 0.764802630859375 0.27591792578125 0.765899123046875 0.280237580078125 0.761513158203125 0.28374730078125 0.74561403515625 0.294006478515625 0.75 0.2969762421875 0.74616228125
0 0.0815334765625 0.48190789453125 0.09179265625 0.456688595703125 0.094222462890625 0.444078947265625 0.10610151171875 0.435307017578125 0.11420086328125 0.434210525390625 0.123110150390625 0.422697369140625 0.11420086328125 0.413377193359375 0.10610151171875 0.41447368359375 0.094222462890625 0.407894736328125 0.09125269921875 0.396381578125 0.085853130859375 0.390899123046875 0.088012958984375 0.37445175390625 0.081263498046875 0.3662280703125 0.079103671875 0.357456140625 0.063444923828125 0.364035087890625 0.047246220703125 0.365131578125 0.0469762421875 0.37445175390625 0.03158747265625 0.39692982421875 0.027807775390625 0.408991228515625 0.013498919921875 0.4150219296875 0.013498919921875 0.425986841796875 0.021058314453125 0.453399123046875 0.015118791015625 0.466557017578125 0.014038876953125 0.478618421875 0.01214902734375 0.480263158203125 0.0045896328125 0.46929824609375 0 0.470942982421875 0.000269978515625 0.49561403515625 0.01214902734375 0.50548245703125 0.020518359375 0.506030701171875 0.047246220703125 0.48684210546875 0.07856371484375 0.497807017578125 0.080993521484375 0.493969298828125 0.0815334765625 0.48190789453125
0 0.336933044921875 0.980811404296875 0.333423326171875 0.97697368359375 0.32964362890625 0.98684210546875 0.325863931640625 0.987938595703125 0.319114470703125 0.979714912109375 0.320734341796875 0.972039474609375 0.3164146875 0.957785087890625 0.317494599609375 0.9424342109375 0.33477321875 0.9248903515625 0.33315334765625 0.908442982421875 0.325863931640625 0.891447369140625 0.322084232421875 0.88815789453125 0.31020518359375 0.890350876953125 0.294006478515625 0.90570175390625 0.286447083984375 0.899122806640625 0.28617710546875 0.908442982421875 0.283477322265625 0.9150219296875 0.27132829296875 0.934210525390625 0.26322894140625 0.93311403515625 0.261879048828125 0.9150219296875 0.267008638671875 0.912280701171875 0.27186825 0.91557017578125 0.280777537109375 0.902960525390625 0.28266738671875 0.8662280703125 0.294546435546875 0.878289474609375 0.2969762421875 0.86567982421875 0.294006478515625 0.859649123046875 0.317764578125 0.8563596484375 0.319654427734375 0.8525219296875 0.308855291015625 0.8448464921875 0.313984880859375 0.827850876953125 0.31830453515625 0.837719298828125 0.32613391015625 0.836074560546875 0.327753779296875 0.78125 0.317764578125 0.769736841796875 0.31263498828125 0.773574560546875 0.31263498828125 0.797697369140625 0.308855291015625 0.81633771875 0.29886608984375 0.8311403515625 0.28968682421875 0.8311403515625 0.2867170625 0.837171052734375 0.2877969765625 0.8448464921875 0.28266738671875 0.8563596484375 0.27915766796875 0.8448464921875 0.28509719140625 0.837171052734375 0.281857451171875 0.832785087890625 0.280777537109375 0.818530701171875 0.28320734375 0.814692982421875 0.29022678125 0.827850876953125 0.292656587890625 0.824013158203125 0.286987041015625 0.796052630859375 0.28266738671875 0.8037280703125 0.274028078125 0.80701754296875 0.26322894140625 0.791666666015625 0.257289416015625 0.791666666015625 0.253779697265625 0.79550438671875 0.247300216796875 0.818530701171875 0.241630669921875 0.827850876953125 0.21841252734375 0.82675438671875 0.219762419921875 0.836074560546875 0.22300216015625 0.837171052734375 0.222462203125 0.847039474609375 0.226781857421875 0.868969298828125 0.234881208984375 0.895285087890625 0.23920086328125 0.90076754296875 0.23569114453125 0.913377193359375 0.2305615546875 0.904057017578125 0.220302375 0.867872806640625 0.20815334765625 0.836622806640625 0.200593953125 0.8388157890625 0.19681425390625 0.827850876953125 0.1881749453125 0.820175439453125 0.1811555078125 0.8212719296875 0.17251619921875 0.8135964921875 0.168736501953125 0.815789474609375 0.16792656640625 0.82072368359375 0.17494600390625 0.828399123046875 0.188444923828125 0.930372806640625 0.187904966796875 0.939144736328125 0.183855291015625 0.949561404296875 0.17305615625 0.957236841796875 0.15091792578125 0.926535087890625 0.138498919921875 0.921052630859375 0.1330993515625 0.908991228515625 0.12203023828125 0.90076754296875 0.1225701953125 0.89199561328125 0.1204103671875 0.885416666015625 0.12203023828125 0.860197369140625 0.125269978515625 0.850328947265625 0.126889849609375 0.83059210546875 0.133369330078125 0.81304824609375 0.134989201171875 0.797697369140625 0.13363930859375 0.791666666015625 0.129859611328125 0.79057017578125 0.12553995703125 0.79934210546875 0.109881208984375 0.794956140625 0.106371490234375 0.80427631640625 0.108801294921875 0.8212719296875 0.094222462890625 0.8212719296875 0.090442763671875 0.815789474609375 0.082883369140625 0.814692982421875 0.0710043203125 0.81798245703125 0.067494599609375 0.81195175390625 0.099622029296875 0.80811403515625 0.1020518359375 0.805372806640625 0.101241900390625 0.802631578125 0.09584233203125 0.801535087890625 0.090442763671875 0.7938596484375 0.074784017578125 0.78947368359375 0.06236501171875 0.7938596484375 0.0434665234375 0.78179824609375 0.04076673828125 0.797149123046875 0.047246220703125 0.802631578125 0.062904966796875 0.8037280703125 0.06371490234375 0.8075657890625 0.029967603515625 0.80811403515625 0.02591792578125 0.81304824609375 0.0264578828125 0.822916666015625 0.03158747265625 0.83442982421875 0.035907126953125 0.8311403515625 0.039146869140625 0.837719298828125 0.044546435546875 0.837719298828125 0.042116630859375 0.828399123046875 0.047246220703125 0.823464912109375 0.051565875 0.827850876953125 0.06128509765625 0.82675438671875 0.066144708984375 0.83991228125 0.068574513671875 0.83826754296875 0.067494599609375 0.82949561328125 0.07046436328125 0.82565789453125 0.075323974609375 0.827850876953125 0.07856371484375 0.837719298828125 0.086123109375 0.82675438671875 0.0893628515625 0.827850876953125 0.093952484375 0.8448464921875 0.101241900390625 0.854166666015625 0.104751619140625 0.8525219296875 0.10259179296875 0.845942982421875 0.104481640625 0.837719298828125 0.111501080078125 0.83552631640625 0.1133909296875 0.8448464921875 0.11177105859375 0.854714912109375 0.120680345703125 0.859649123046875 0.1204103671875 0.872258771484375 0.11285097265625 0.87554824609375 0.106371490234375 0.916118421875 0.094222462890625 0.9287280703125 0.074244060546875 0.930921052734375 0.063444923828125 0.92434210546875 0.054805615234375 0.9111842109375 0.047246220703125 0.908991228515625 0.036447083984375 0.9375 0.024028078125 0.94298245703125 0.01889848828125 0.934758771484375 0.0194384453125 0.9248903515625 0.015658748046875 0.912828947265625 0.015658748046875 0.899671052734375 0.01214902734375 0.892543859375 0.007829373046875 0.88815789453125 0 0.896381578125 0.000269978515625 0.996710525390625 0.08666306640625 0.993421052734375 0.094762419921875 0.996710525390625 0.268628509765625 0.997807017578125 0.278887689453125 0.989035087890625 0.285907126953125 0.99451754296875 0.298326134765625 0.9912280703125 0.30102591796875 0.996710525390625 0.31371490234375 0.997258771484375 0.324244060546875 0.99561403515625 0.325863931640625 0.990131578125 0.333423326171875 0.992324560546875 0.336933044921875 0.980811404296875
0 0.2383909296875 0 0.231371490234375 0.012061404296875 0.224352052734375 0.015350876953125 0.213012958984375 0.028508771484375 0.204373650390625 0.033991228515625 0.1881749453125 0.03508771875 0.1868250546875 0.05317982421875 0.18871490234375 0.059210525390625 0.193574513671875 0.0625 0.20005399609375 0.054824560546875 0.204373650390625 0.0614035078125 0.21166306640625 0.064144736328125 0.204373650390625 0.074561404296875 0.20005399609375 0.074561404296875 0.196274298828125 0.06798245703125 0.1881749453125 0.0712719296875 0.184395248046875 0.0614035078125 0.16927645703125 0.05701754296875 0.147678185546875 0.0614035078125 0.141468681640625 0.050986841796875 0.1398488125 0.038925439453125 0.13633909375 0.0361842109375 0.12553995703125 0.041666666015625 0.109881208984375 0.059210525390625 0.107451404296875 0.06633771875 0.106371490234375 0.087171052734375 0.09800216015625 0.11184210546875 0.0780237578125 0.121710525390625 0.07505399609375 0.126644736328125 0.07397408203125 0.1376096484375 0.069114470703125 0.15186403515625 0.07856371484375 0.177631578125 0.090982720703125 0.175438595703125 0.094762419921875 0.18201754296875 0.100701943359375 0.180921052734375 0.111501080078125 0.1688596484375 0.129859611328125 0.13048245703125 0.1317494609375 0.144188595703125 0.1112311015625 0.18366228125 0.121760259765625 0.207236841796875 0.12553995703125 0.207236841796875 0.137958962890625 0.22258771875 0.15307775390625 0.221491228515625 0.16333693359375 0.203947369140625 0.171166306640625 0.2001096484375 0.167386609375 0.167214912109375 0.169546435546875 0.15625 0.170086392578125 0.127741228515625 0.175755939453125 0.11074561328125 0.1903347734375 0.100877193359375 0.20005399609375 0.1063596484375 0.2065334765625 0.1260964921875 0.2157127421875 0.13048245703125 0.22084233203125 0.14199561328125 0.22084233203125 0.16173245703125 0.215982720703125 0.181469298828125 0.204103671875 0.2001096484375 0.202753779296875 0.212719298828125 0.200593953125 0.212719298828125 0.18979481640625 0.190789474609375 0.183315333984375 0.190789474609375 0.173326134765625 0.199013158203125 0.176295896484375 0.205043859375 0.18061555078125 0.20065789453125 0.1846652265625 0.20559210546875 0.183315333984375 0.211622806640625 0.17710583203125 0.21436403515625 0.18412526953125 0.238486841796875 0.18412526953125 0.24616228125 0.17818574609375 0.25383771875 0.180345572265625 0.2724780703125 0.19087473046875 0.26425438671875 0.1973542109375 0.2686403515625 0.20248380078125 0.305372806640625 0.207883369140625 0.318530701171875 0.204913607421875 0.324561404296875 0.194114470703125 0.31688596484375 0.189254859375 0.319078947265625 0.1868250546875 0.3426535078125 0.18871490234375 0.346491228515625 0.20113391015625 0.349780701171875 0.204103671875 0.35690789453125 0.21166306640625 0.327302630859375 0.208963283203125 0.319627193359375 0.217062634765625 0.31633771875 0.25 0.22423245703125 0.26214902734375 0.20065789453125 0.278347732421875 0.198464912109375 0.288066955078125 0.205043859375 0.29751619921875 0.2176535078125 0.3004859609375 0.232456140625 0.31830453515625 0.246710525390625 0.325593953125 0.23190789453125 0.330993521484375 0.211074560546875 0.340442763671875 0.197368421875 0.345302375 0.197368421875 0.35664146875 0.207236841796875 0.372840171875 0.20175438671875 0.381479482421875 0.224780701171875 0.38579913671875 0.22697368359375 0.388498919921875 0.22697368359375 0.394168466796875 0.215460525390625 0.396058314453125 0.205043859375 0.401727861328125 0.2001096484375 0.402807775390625 0.166118421875 0.400647947265625 0.15625 0.392008638671875 0.14309210546875 0.386069115234375 0.07072368359375 0.382289416015625 0.064144736328125 0.383369330078125 0.0400219296875 0.372840171875 0.003289474609375 0.353941685546875 0.019736841796875 0.34908207421875 0.0361842109375 0.336123109375 0.054824560546875 0.3118250546875 0.064692982421875 0.302915767578125 0.076206140625 0.302375810546875 0.087171052734375 0.298326134765625 0.09320175390625 0.29076673828125 0.095394736328125 0.285907126953125 0.092105263671875 0.277267818359375 0.10197368359375 0.271058314453125 0.095942982421875 0.271598271484375 0.08059210546875 0.2751079921875 0.073464912109375 0.28320734375 0.0811403515625 0.285367169921875 0.0712719296875 0.2934665234375 0.069078947265625 0.2969762421875 0.05866228125 0.2948164140625 0.041118421875 0.29076673828125 0.03179824609375 0.285367169921875 0.029605263671875 0.281047515625 0.03179824609375 0.280777537109375 0.0400219296875 0.278347732421875 0.041666666015625 0.276187904296875 0.032894736328125 0.266468681640625 0.025219298828125 0.25512958984375 0 0.2383909296875 0
0 0.698704103515625 0.646381578125 0.699784017578125 0.6376096484375 0.693034556640625 0.6337719296875 0.674676025390625 0.6337719296875 0.672786177734375 0.6299342109375 0.671166306640625 0.6025219296875 0.666576673828125 0.60307017578125 0.659827212890625 0.595942982421875 0.6592872578125 0.58936403515625 0.661987041015625 0.581688595703125 0.670896328125 0.580043859375 0.671166306640625 0.57182017578125 0.66792656640625 0.56633771875 0.66576673828125 0.550986841796875 0.664146869140625 0.50932017578125 0.659557236328125 0.50548245703125 0.654697625 0.515350876953125 0.64335853125 0.525219298828125 0.642548595703125 0.5323464921875 0.634989201171875 0.542214912109375 0.63120950390625 0.556469298828125 0.63120950390625 0.565241228515625 0.624730021484375 0.5751096484375 0.623110150390625 0.591557017578125 0.614470841796875 0.605811404296875 0.613930884765625 0.644188595703125 0.620140388671875 0.66447368359375 0.656317494140625 0.6688596484375 0.6868250546875 0.680372806640625 0.694654427734375 0.677631578125 0.700863931640625 0.6650219296875 0.70140388671875 0.65625 0.698704103515625 0.646381578125
0 1 0.00054824609375 0.9014578828125 0 0.90766738671875 0.027960525390625 0.9184665234375 0.04440789453125 0.930885529296875 0.087171052734375 0.937904966796875 0.09813596484375 0.9438444921875 0.1200657890625 0.954373650390625 0.125 0.97192224609375 0.15186403515625 0.972462203125 0.168311404296875 0.977861771484375 0.19133771875 0.97408207421875 0.206688595703125 0.975161986328125 0.2176535078125 0.970302375 0.22313596484375 0.968952484375 0.232456140625 0.9622030234375 0.24067982421875 0.965172787109375 0.247807017578125 0.968952484375 0.246710525390625 0.972732181640625 0.253289474609375 0.97543196484375 0.25 0.979211662109375 0.252192982421875 0.9805615546875 0.257127193359375 0.97867170703125 0.259868421875 0.972732181640625 0.256578947265625 0.969222462890625 0.271381578125 0.983801294921875 0.279057017578125 0.992170626953125 0.274122806640625 0.99649028125 0.278508771484375 1 0.273574560546875 0.998650107421875 0.26315789453125 0.9932505390625 0.260964912109375 0.991090712890625 0.253289474609375 0.98218142578125 0.24067982421875 0.9851511875 0.23574561328125 1 0.2450657890625 1 0.00054824609375
0 0.92818574609375 0.590460525390625 0.912526998046875 0.635416666015625 0.90820734375 0.654057017578125 0.90658747265625 0.681469298828125 0.9014578828125 0.690789474609375 0.89389848828125 0.69188596484375 0.89038876953125 0.685855263671875 0.887688984375 0.67817982421875 0.88714902734375 0.66173245703125 0.8830993515625 0.6513157890625 0.879319654296875 0.64802631640625 0.870680345703125 0.650219298828125 0.859881208984375 0.632675439453125 0.835583154296875 0.609649123046875 0.80912526953125 0.595394736328125 0.800215982421875 0.597039474609375 0.7969762421875 0.631030701171875 0.784827212890625 0.6337719296875 0.77699783984375 0.66940789453125 0.7764578828125 0.68695175390625 0.78266738671875 0.69188596484375 0.847462203125 0.6962719296875 0.85664146875 0.6875 0.869060474609375 0.6962719296875 0.87553995703125 0.6962719296875 0.8820194375 0.707236841796875 0.924136068359375 0.70942982421875 0.937095033203125 0.711622806640625 0.9414146875 0.717105263671875 0.952753779296875 0.712719298828125 0.957613390625 0.717105263671875 0.966522677734375 0.71326754296875 0.970302375 0.702302630859375 0.969222462890625 0.685855263671875 0.972462203125 0.66940789453125 0.9770518359375 0.6688596484375 0.986501080078125 0.69682017578125 0.98218142578125 0.716557017578125 0.98326133984375 0.725328947265625 1 0.771381578125 0.999730021484375 0.47697368359375 0.98461123046875 0.519736841796875 0.93979481640625 0.572368421875 0.92818574609375 0.590460525390625
0 0.618520517578125 0 0.6182505390625 0.024671052734375 0.620140388671875 0.029605263671875 0.62553995703125 0.03179824609375 0.633369330078125 0.056469298828125 0.6398488125 0.064144736328125 0.641468681640625 0.087171052734375 0.64686825 0.103618421875 0.651187904296875 0.13432017578125 0.654697625 0.13815789453125 0.670896328125 0.13815789453125 0.682505400390625 0.166118421875 0.68304535546875 0.18366228125 0.674406046875 0.201206140625 0.670896328125 0.216008771484375 0.639578833984375 0.2236842109375 0.634449244140625 0.230811404296875 0.630669546875 0.305372806640625 0.637419005859375 0.310307017578125 0.655777537109375 0.30811403515625 0.674136068359375 0.3135964921875 0.68412526953125 0.31195175390625 0.687904966796875 0.288925439453125 0.68736501171875 0.175986841796875 0.69087473046875 0.171052630859375 0.692764578125 0.175986841796875 0.69330453515625 0.199013158203125 0.691144708984375 0.3075657890625 0.694114470703125 0.315789474609375 0.698434125 0.3135964921875 0.71166306640625 0.318530701171875 0.70977321875 0.330043859375 0.664416845703125 0.323464912109375 0.631479482421875 0.32675438671875 0.6274298046875 0.332785087890625 0.626349892578125 0.36567982421875 0.63579913671875 0.38048245703125 0.658477322265625 0.394736841796875 0.67305615625 0.39802631640625 0.679265658203125 0.408442982421875 0.6835853125 0.431469298828125 0.68736501171875 0.439144736328125 0.687904966796875 0.45449561328125 0.6914146875 0.457236841796875 0.698434125 0.4561403515625 0.700863931640625 0.449013158203125 0.69330453515625 0.43695175390625 0.698164146484375 0.376644736328125 0.70707343359375 0.3563596484375 0.72651187890625 0.3486842109375 0.74379049609375 0.3486842109375 0.766468681640625 0.359649123046875 0.771598271484375 0.36677631640625 0.774298056640625 0.377741228515625 0.77915766796875 0.416118421875 0.782937365234375 0.427083333984375 0.784017279296875 0.449013158203125 0.7867170625 0.45449561328125 0.78833693359375 0.46875 0.792386609375 0.47697368359375 0.799406046875 0.470394736328125 0.800755939453125 0.46436403515625 0.79805615625 0.45449561328125 0.79805615625 0.43804824609375 0.801295896484375 0.413925439453125 0.804265658203125 0.40679824609375 0.808855291015625 0.41063596484375 0.81263498828125 0.453399123046875 0.8131749453125 0.5575657890625 0.815064794921875 0.5635964921875 0.8393628515625 0.5635964921875 0.858801294921875 0.58442982421875 0.863120951171875 0.596491228515625 0.871760259765625 0.604166666015625 0.88255939453125 0.605263158203125 0.886879048828125 0.592105263671875 0.89389848828125 0.596491228515625 0.89848812109375 0.60800438671875 0.909827212890625 0.57182017578125 0.922786177734375 0.55317982421875 0.925755939453125 0.538377193359375 0.94087473046875 0.533991228515625 0.9414146875 0.5263157890625 0.94195464453125 0.533991228515625 0.946274298828125 0.533991228515625 0.94897408203125 0.52741228125 0.95356371484375 0.52576754296875 0.95572354296875 0.511513158203125 0.95356371484375 0.485197369140625 0.956263498046875 0.4501096484375 0.95356371484375 0.425986841796875 0.94087473046875 0.42434210546875 0.91009719140625 0.444078947265625 0.9036177109375 0.429824560546875 0.8944384453125 0.429824560546875 0.891468681640625 0.421600876953125 0.891468681640625 0.40625 0.8944384453125 0.39802631640625 0.904697625 0.391447369140625 0.909827212890625 0.382127193359375 0.906317494140625 0.3760964921875 0.89281857421875 0.3760964921875 0.890658748046875 0.34758771875 0.887688984375 0.351425439453125 0.887688984375 0.361293859375 0.882289416015625 0.36677631640625 0.884989201171875 0.3700657890625 0.88471922265625 0.3760964921875 0.878239740234375 0.377192982421875 0.877699783203125 0.365131578125 0.872300216796875 0.3662280703125 0.870680345703125 0.3837719296875 0.862311015625 0.3799342109375 0.865010798828125 0.40625 0.85610151171875 0.41557017578125 0.847462203125 0.416666666015625 0.8315334765625 0.389802630859375 0.818574513671875 0.354714912109375 0.820194384765625 0.3426535078125 0.825863931640625 0.33442982421875 0.832883369140625 0.333333333984375 0.843142548828125 0.342105263671875 0.84692224609375 0.33552631640625 0.8520518359375 0.3349780703125 0.847192224609375 0.333881578125 0.845032396484375 0.327302630859375 0.847192224609375 0.32072368359375 0.845302375 0.314692982421875 0.837473001953125 0.310855263671875 0.84341252734375 0.279057017578125 0.84341252734375 0.257127193359375 0.831803455078125 0.259868421875 0.828293736328125 0.264802630859375 0.825593953125 0.271381578125 0.825593953125 0.288925439453125 0.830993521484375 0.29550438671875 0.82640388671875 0.296052630859375 0.823704103515625 0.301535087890625 0.805345572265625 0.27302631640625 0.799676025390625 0.271381578125 0.7969762421875 0.263706140625 0.799676025390625 0.256030701171875 0.792656587890625 0.239583333984375 0.789416845703125 0.22423245703125 0.79427645703125 0.211074560546875 0.79427645703125 0.19572368359375 0.79859611328125 0.172697369140625 0.80669546484375 0.145285087890625 0.80561555078125 0.127741228515625 0.79994600390625 0.121710525390625 0.796166306640625 0.108552630859375 0.79076673828125 0.12061403515625 0.769708423828125 0.13815789453125 0.7616090703125 0.163377193359375 0.75296976171875 0.162280701171875 0.7432505390625 0.15241228125 0.738930884765625 0.137061404296875 0.72867170703125 0.1260964921875 0.726781857421875 0.1200657890625 0.737580994140625 0.09923245703125 0.7419006484375 0.08059210546875 0.741090712890625 0.069078947265625 0.73785097265625 0.06688596484375 0.72867170703125 0.077850876953125 0.726781857421875 0.08826754296875 0.722732181640625 0.09429824609375 0.713552916015625 0.095394736328125 0.7143628515625 0.07949561328125 0.70248380078125 0.056469298828125 0.698704103515625 0.042214912109375 0.694654427734375 0.03947368359375 0.6903347734375 0.04824561328125 0.688444923828125 0.04440789453125 0.687904966796875 0.0323464921875 0.6903347734375 0.02192982421875 0.694654427734375 0.0263157890625 0.70356371484375 0.021381578125 0.703293736328125 0 0.618520517578125 0
0 0.54751619921875 0.32072368359375 0.54022678125 0.315789474609375 0.501349892578125 0.319078947265625 0.490550755859375 0.304824560546875 0.47084233203125 0.305372806640625 0.471112310546875 0.3125 0.478401728515625 0.318530701171875 0.4735421171875 0.34375 0.480831533203125 0.364035087890625 0.48677105859375 0.371710525390625 0.5070194375 0.372258771484375 0.5148488125 0.35307017578125 0.5434665234375 0.346491228515625 0.54859611328125 0.3349780703125 0.54751619921875 0.32072368359375
0 0.541036716796875 0.264802630859375 0.5469762421875 0.243969298828125 0.543196544921875 0.220942982421875 0.54076673828125 0.217105263671875 0.48461123046875 0.203947369140625 0.4827213828125 0.19133771875 0.478941685546875 0.185855263671875 0.474622029296875 0.16940789453125 0.489470841796875 0.145833333984375 0.50296976171875 0.15241228125 0.50971922265625 0.167214912109375 0.51430885546875 0.202850876953125 0.5413066953125 0.207236841796875 0.541576673828125 0.1924342109375 0.532937365234375 0.1650219296875 0.529967603515625 0.1611842109375 0.525647947265625 0.16447368359375 0.521598271484375 0.16173245703125 0.523218142578125 0.15186403515625 0.5172786171875 0.145285087890625 0.51133909375 0.101425439453125 0.509989201171875 0.0986842109375 0.500809935546875 0.10307017578125 0.482991361328125 0.12938596484375 0.46733261328125 0.132675439453125 0.4622030234375 0.175986841796875 0.464632830078125 0.185307017578125 0.470572353515625 0.1875 0.4713822890625 0.19133771875 0.46166306640625 0.199013158203125 0.466522677734375 0.248355263671875 0.46490280859375 0.279057017578125 0.489470841796875 0.291666666015625 0.50296976171875 0.29057017578125 0.51214902734375 0.297149123046875 0.518088552734375 0.2938596484375 0.52186825 0.3037280703125 0.530237580078125 0.30317982421875 0.541036716796875 0.302083333984375 0.539416845703125 0.287828947265625 0.543196544921875 0.2801535078125 0.541036716796875 0.264802630859375
0 0.713012958984375 0.930921052734375 0.70923326171875 0.922149123046875 0.7051835859375 0.922697369140625 0.708423326171875 0.931469298828125 0.704103671875 0.940241228515625 0.70464362890625 0.965460525390625 0.699244060546875 0.972039474609375 0.70464362890625 0.979714912109375 0.70113391015625 0.996710525390625 0.746220302734375 0.997258771484375 0.7489200859375 0.989583333984375 0.74838012890625 0.978618421875 0.732991361328125 0.9364035078125 0.713012958984375 0.930921052734375
0 0.625809935546875 1 0.680345572265625 0.99616228125 0.67818574609375 0.979714912109375 0.681425486328125 0.940241228515625 0.6789956796875 0.857456140625 0.674406046875 0.860197369140625 0.67386608984375 0.87116228125 0.661987041015625 0.899671052734375 0.660907126953125 0.918311404296875 0.657397408203125 0.93311403515625 0.647138228515625 0.947368421875 0.638498919921875 0.949561404296875 0.63471922265625 0.958333333984375 0.6260799140625 0.957236841796875 0.623110150390625 0.961074560546875 0.61987041015625 0.99616228125 0.622300216796875 1 0.625809935546875 1
0 0.58477321875 0.908442982421875 0.584503240234375 0.89692982421875 0.572624189453125 0.899122806640625 0.562904966796875 0.892543859375 0.53374730078125 0.891447369140625 0.531857451171875 0.89309210546875 0.53374730078125 0.89692982421875 0.537526998046875 0.894736841796875 0.539956802734375 0.899671052734375 0.5137688984375 0.9013157890625 0.509989201171875 0.89692982421875 0.5045896328125 0.90241228125 0.498110150390625 0.899122806640625 0.474352052734375 0.900219298828125 0.452213822265625 0.885964912109375 0.45140388671875 0.867872806640625 0.45356371484375 0.8525219296875 0.45005399609375 0.85197368359375 0.44654427734375 0.859100876953125 0.4460043203125 0.87883771875 0.450863931640625 0.88432017578125 0.45140388671875 0.899671052734375 0.46382289453125 0.923793859375 0.4632829375 0.95559210546875 0.459503240234375 0.979714912109375 0.45356371484375 0.9873903515625 0.454373650390625 0.996710525390625 0.6133909296875 0.99945175390625 0.617170626953125 0.993969298828125 0.617710583984375 0.95449561328125 0.590442763671875 0.935307017578125 0.58477321875 0.908442982421875
0 0.4748920078125 0.794956140625 0.47408207421875 0.78563596484375 0.468142548828125 0.7724780703125 0.475161986328125 0.757127193359375 0.475701943359375 0.735197369140625 0.48110151171875 0.73300438671875 0.482451404296875 0.71820175390625 0.48326133984375 0.73300438671875 0.487041037109375 0.7373903515625 0.488120951171875 0.70449561328125 0.485961123046875 0.701206140625 0.482451404296875 0.717105263671875 0.47813175 0.716008771484375 0.475161986328125 0.708881578125 0.477321814453125 0.701206140625 0.474352052734375 0.697368421875 0.46733261328125 0.69298245703125 0.45707343359375 0.695175439453125 0.447624189453125 0.71326754296875 0.45248380078125 0.75054824609375 0.45248380078125 0.771381578125 0.448704103515625 0.7801535078125 0.448704103515625 0.788925439453125 0.4586933046875 0.7938596484375 0.462473001953125 0.801535087890625 0.4748920078125 0.797149123046875 0.47867170703125 0.80701754296875 0.4827213828125 0.80866228125 0.48326133984375 0.78673245703125 0.480831533203125 0.78508771875 0.479751619140625 0.79057017578125 0.4748920078125 0.794956140625
0 0.829913607421875 0.74945175390625 0.82289416796875 0.74067982421875 0.82397408203125 0.73300438671875 0.82046436328125 0.7138157890625 0.761069115234375 0.702850876953125 0.744330453125 0.703947369140625 0.73785097265625 0.712719298828125 0.731371490234375 0.7138157890625 0.711393087890625 0.705043859375 0.698434125 0.7061403515625 0.69195464453125 0.697368421875 0.686015119140625 0.695175439453125 0.677915767578125 0.695175439453125 0.673326134765625 0.7001096484375 0.681425486328125 0.735197369140625 0.681425486328125 0.75054824609375 0.679265658203125 0.757127193359375 0.693574513671875 0.80811403515625 0.732991361328125 0.804824560546875 0.73002159765625 0.788925439453125 0.733531318359375 0.783991228515625 0.745140388671875 0.7823464921875 0.7475701953125 0.7489035078125 0.77186825 0.743421052734375 0.776727861328125 0.75 0.784827212890625 0.7489035078125 0.797246220703125 0.756578947265625 0.80345572265625 0.784539474609375 0.80804535546875 0.792763158203125 0.81830453515625 0.79934210546875 0.8223542109375 0.819627193359375 0.82505399609375 0.82182017578125 0.827753779296875 0.82072368359375 0.8315334765625 0.805372806640625 0.830993521484375 0.760416666015625 0.829913607421875 0.74945175390625
0 0.03725701953125 0.041118421875 0.03725701953125 0.03125 0.041576673828125 0.01809210546875 0.039956802734375 0.007127193359375 0.036447083984375 0.0010964921875 0.02456803515625 0.0010964921875 0.01673866015625 0.01809210546875 0.014578833984375 0.042214912109375 0.023758099609375 0.06633771875 0.031317494140625 0.118969298828125 0.032937365234375 0.118969298828125 0.04292656640625 0.105263158203125 0.04643628515625 0.0926535078125 0.05453563671875 0.07949561328125 0.03725701953125 0.041118421875