1 0.642578125 0.91796875 0.1484375 0.1640625
1 0.478515625 0.8330078125 0.19140625 0.2509765625
1 0.1943359375 0.6826171875 0.3466796875 0.3017578125
1 0.4404296875 0.53125 0.1181640625 0.1494140625
1 0.5927734375 0.6015625 0.1884765625 0.19140625
1 0.7958984375 0.7275390625 0.1376953125 0.228515625
1 0.8779296875 0.5908203125 0.2431640625 0.21875
1 0.7314453125 0.4873046875 0.048828125 0.0830078125
1 0.7978515625 0.3916015625 0.0625 0.109375
1 0.9208984375 0.3701171875 0.1337890625 0.083984375
1 0.955078125 0.16015625 0.08984375 0.080078125
1 0.9208984375 0.2490234375 0.0517578125 0.0576171875
1 0.658203125 0.3515625 0.115234375 0.14453125
1 0.7412109375 0.36328125 0.0791015625 0.1591796875
1 0.4970703125 0.3330078125 0.0556640625 0.0732421875
1 0.3525390625 0.240234375 0.0712890625 0.060546875
1 0.1787109375 0.35546875 0.0908203125 0.080078125
1 0.1162109375 0.40234375 0.083984375 0.080078125
1 0.0595703125 0.3203125 0.119140625 0.10546875
1 0.1787109375 0.2373046875 0.095703125 0.0732421875
1 0.4951171875 0.240234375 0.1142578125 0.134765625
1 0.365234375 0.3896484375 0.0869140625 0.0966796875
1 0.3017578125 0.4765625 0.0947265625 0.1328125
1 0.01953125 0.05078125 0.0390625 0.078125
1 0.955078125 0.1611328125 0.08984375 0.0869140625
1 0.8369140625 0.14453125 0.1044921875 0.0791015625
1 0.658203125 0.134765625 0.1708984375 0.1005859375
1 0.44921875 0.435546875 0.0693359375 0.0615234375
0 0.682245431640625 0.429133857421875 0.684073107421875 0.433727033203125 0.6856396875 0.46259842578125 0.687989556640625 0.4645669296875 0.696605744140625 0.433727033203125 0.696605744140625 0.424540681640625 0.689033943359375 0.410761154296875 0.66971279296875 0.405511810546875 0.65456919140625 0.412073490234375 0.630026109375 0.402887138671875 0.624281984375 0.395013123046875 0.612793734375 0.389763779296875 0.60966057421875 0.392388451171875 0.608355091796875 0.424540681640625 0.623759791015625 0.433070865234375 0.624543080078125 0.46522309765625 0.62819843359375 0.47178477734375 0.643080939453125 0.4514435703125 0.673368146484375 0.4593175859375 0.679895560546875 0.44685039453125 0.682245431640625 0.429133857421875
0 0.278590078125 0.366141732421875 0.284334203125 0.372703412109375 0.29112271484375 0.371391076171875 0.301566580078125 0.377952755859375 0.3234986953125 0.366141732421875 0.3292428203125 0.354330708984375 0.34177545703125 0.346456693359375 0.344125326171875 0.323490814453125 0.341253263671875 0.313648294921875 0.3135770234375 0.313648294921875 0.309921671875 0.347769029296875 0.298433419921875 0.347769029296875 0.294516970703125 0.319553806640625 0.29112271484375 0.31233595703125 0.285900783203125 0.31233595703125 0.278590078125 0.335958005859375 0.267101828125 0.314960630859375 0.263446474609375 0.316272966796875 0.2592689296875 0.330708662109375 0.25248041796875 0.334645669921875 0.247258486328125 0.30839894921875 0.24255874609375 0.31233595703125 0.2378590078125 0.30708661328125 0.235509138671875 0.2959317578125 0.239425587890625 0.28083989453125 0.243080939453125 0.28740157421875 0.250130548828125 0.2670603671875 0.243080939453125 0.25853018359375 0.231592689453125 0.25459317578125 0.22741514453125 0.25984251953125 0.22323759765625 0.25459317578125 0.221932115234375 0.2670603671875 0.2349869453125 0.28674540625 0.23420365625 0.29396325390625 0.229765013671875 0.29724409375 0.227154046875 0.316929134765625 0.23028720703125 0.344488189453125 0.24177545703125 0.354986876953125 0.23968668359375 0.377296587890625 0.235248041015625 0.375328083984375 0.232898171875 0.383858267578125 0.23420365625 0.391076115234375 0.237597912109375 0.390419947265625 0.245169712890625 0.387139107421875 0.2493472578125 0.376640419921875 0.2592689296875 0.366141732421875 0.278590078125 0.366141732421875
0 0.94177545703125 0.50524934375 0.937597912109375 0.4934383203125 0.927154046875 0.4908136484375 0.918798955078125 0.481627296875 0.894778068359375 0.479002625 0.890078328125 0.4698162734375 0.882767623046875 0.465879265625 0.824804177734375 0.4671916015625 0.795561357421875 0.4540682421875 0.789033943359375 0.46916010546875 0.78537858984375 0.49278215234375 0.7856396875 0.5039370078125 0.800261095703125 0.5118110234375 0.811227154296875 0.5118110234375 0.82323759765625 0.507874015625 0.8279373359375 0.4895013125 0.83315926953125 0.4895013125 0.83707571875 0.49409448828125 0.839425587890625 0.507874015625 0.843080939453125 0.507874015625 0.847258486328125 0.51574803125 0.85822454296875 0.518372703125 0.86292428125 0.5275590546875 0.882245431640625 0.528871390625 0.88955613671875 0.534120734375 0.898433419921875 0.5301837265625 0.904177544921875 0.53674540625 0.906266318359375 0.53674540625 0.909921671875 0.5249343828125 0.914099216796875 0.5275590546875 0.917232376953125 0.523622046875 0.91749347265625 0.51377952734375 0.921932115234375 0.5104986875 0.92323759765625 0.54002624609375 0.925587466796875 0.5459317578125 0.937597912109375 0.544619421875 0.944585388671875 0.56270794140625 0.95326370703125 0.5616797890625 0.96964205078125 0.566909841796875 0.986068068359375 0.57041143359375 0.9882953359375 0.544499646484375 0.98955613671875 0.52296587890625 0.9856396875 0.51574803125 0.94177545703125 0.50524934375
0 0.156657962890625 0.49146981640625 0.154830287109375 0.4724409453125 0.10678851171875 0.46325459375 0.078590078125 0.439632546875 0.062402087890625 0.413385826171875 0.0477806796875 0.410761154296875 0.04255874609375 0.398950130859375 0.028459529296875 0.391076115234375 0.01579172265625 0.387467953125 0.01356446484375 0.37696317578125 0.001871353515625 0.375562505859375 0 0.382545931640625 0.000261095703125 0.431758529296875 0.012271541015625 0.444881890625 0.015926892578125 0.4540682421875 0.028041640625 0.470917494140625 0.02764859375 0.467424125 0.03138253125 0.479321322265625 0.047258486328125 0.492125984375 0.067101828125 0.50524934375 0.082245431640625 0.5 0.091644908203125 0.502624671875 0.109399478515625 0.520997375 0.115665796875 0.513123359375 0.12610966015625 0.5091863515625 0.138642296875 0.53674540625 0.14464751953125 0.53871391015625 0.154046998046875 0.53346456640625 0.14673629296875 0.51377952734375 0.14856396875 0.507874015625 0.160835509765625 0.50328083984375 0.156657962890625 0.49146981640625
0 0.74673629296875 0.631889763671875 0.753002611328125 0.621391076171875 0.751958224609375 0.596456693359375 0.749086162109375 0.585301837890625 0.74543080859375 0.585301837890625 0.73884233984375 0.57811492578125 0.737728705078125 0.561307298828125 0.746214099609375 0.54527558984375 0.7493472578125 0.53346456640625 0.748041775390625 0.5275590546875 0.74543080859375 0.5249343828125 0.741253263671875 0.5314960625 0.7234986953125 0.523622046875 0.70600522265625 0.50459317578125 0.709138380859375 0.47440944921875 0.724281984375 0.435039369140625 0.71827676171875 0.429133857421875 0.702349869140625 0.428477689453125 0.701305482421875 0.433727033203125 0.70391644921875 0.45866141796875 0.699738904296875 0.50065616796875 0.6856396875 0.54658792578125 0.681984333984375 0.55183726953125 0.686684072265625 0.563648294921875 0.687728458984375 0.585958005859375 0.6963446484375 0.591863517578125 0.699738904296875 0.601706037109375 0.688772845703125 0.637139107421875 0.68459530078125 0.660761154296875 0.694255875 0.686351705078125 0.6992167109375 0.69225721875 0.720887728515625 0.678477689453125 0.725587466796875 0.68766404296875 0.733420365234375 0.686351705078125 0.74673629296875 0.631889763671875
0 0.512793734375 0.55052493359375 0.5193211484375 0.528871390625 0.532898171875 0.51574803125 0.540208876953125 0.5144356953125 0.54543080859375 0.5196850390625 0.548825064453125 0.51246719140625 0.53968668359375 0.507874015625 0.52610966015625 0.4908136484375 0.51958224609375 0.49015748046875 0.516971279296875 0.47309711328125 0.516971279296875 0.45341207421875 0.52036553515625 0.434383201171875 0.54386423046875 0.406824146484375 0.561618798828125 0.406824146484375 0.575718015625 0.412073490234375 0.580939947265625 0.419947505859375 0.58825065234375 0.417322833984375 0.5913838125 0.422572177734375 0.5979112265625 0.415354330078125 0.597389033203125 0.400918634765625 0.5950391640625 0.393700787109375 0.581462140625 0.393700787109375 0.57676240234375 0.388451443359375 0.56892950390625 0.393700787109375 0.564229765625 0.391076115234375 0.559791123046875 0.365485564453125 0.559791123046875 0.357611548828125 0.567624021484375 0.335301837890625 0.567624021484375 0.324803150390625 0.570496083984375 0.316272966796875 0.588772845703125 0.30314960546875 0.59112271484375 0.29724409375 0.594778068359375 0.2801837265625 0.591906005859375 0.26640419921875 0.575195822265625 0.26246719140625 0.56527415234375 0.27034120703125 0.56292428125 0.278871390625 0.56109660546875 0.313648294921875 0.54856396875 0.314960630859375 0.544386423828125 0.322834646484375 0.5292428203125 0.318897638671875 0.524804177734375 0.326115486328125 0.521409921875 0.342519685546875 0.515143603515625 0.350393701171875 0.494255875 0.355643044921875 0.470234986328125 0.349081365234375 0.46605744140625 0.341207349609375 0.447258486328125 0.347769029296875 0.411227154296875 0.342519685546875 0.406527416015625 0.346456693359375 0.40469973828125 0.353674541015625 0.40678851171875 0.395669291015625 0.404177544921875 0.407480314453125 0.39608355078125 0.413385826171875 0.39242819921875 0.429133857421875 0.387728458984375 0.426509185546875 0.374412533203125 0.435039369140625 0.375718015625 0.465879265625 0.39242819921875 0.4698162734375 0.400261095703125 0.4803149609375 0.405744125 0.46784776953125 0.4086161875 0.431758529296875 0.43107049609375 0.405511810546875 0.444125326171875 0.401574802734375 0.4592689296875 0.406824146484375 0.482767623046875 0.426509185546875 0.484073107421875 0.46391076171875 0.4921671015625 0.471128609375 0.497650130859375 0.48359580078125 0.4992167109375 0.50328083984375 0.5028720625 0.51246719140625 0.4950391640625 0.54527558984375 0.485117494140625 0.566272966796875 0.483028720703125 0.578083990234375 0.49033942578125 0.614829396484375 0.4950391640625 0.620078740234375 0.498694517578125 0.616141732421875 0.502610966796875 0.591863517578125 0.513838119140625 0.576771654296875 0.512793734375 0.55052493359375
0 1 0.879921259765625 0.967362923828125 0.884514435546875 0.924543080078125 0.875328083984375 0.915665796875 0.868766404296875 0.907310705078125 0.841207349609375 0.9020887734375 0.835958005859375 0.872323759765625 0.828083990234375 0.869973890625 0.831364830078125 0.868407310546875 0.851049869140625 0.862402087890625 0.856955380859375 0.84830287109375 0.841207349609375 0.831592689453125 0.837270341796875 0.805483029296875 0.821522310546875 0.786161880859375 0.818897638671875 0.748041775390625 0.79265091796875 0.73707571875 0.79002624609375 0.73107049609375 0.799868765625 0.73107049609375 0.815616798828125 0.7349869453125 0.833333333984375 0.737597912109375 0.835958005859375 0.741253263671875 0.828083990234375 0.749086162109375 0.832020998046875 0.75456919140625 0.844488189453125 0.75822454296875 0.864173228515625 0.762402087890625 0.868110236328125 0.76396866796875 0.877296587890625 0.762402087890625 0.896981626953125 0.766579634765625 0.907480314453125 0.767624021484375 0.925853017578125 0.767101828125 0.932414697265625 0.763446474609375 0.936351705078125 0.769190599609375 0.93897637890625 0.772845953125 0.98490813671875 0.771833369140625 1 0.954468619140625 1 0.92913353125 0.972601296875 0.92579265234375 0.955093333984375 0.961707185546875 0.97190098828125 0.96282083984375 0.99921341796875 1 1 1 0.879921259765625
0 0.561742873046875 1 0.543182380859375 0.973525578125 0.564526939453125 0.91516570703125 0.579375318359375 0.887152951171875 0.58587153125 0.863809001953125 0.598055947265625 0.835958005859375 0.61111077734375 0.826771654296875 0.62312122265625 0.824146982421875 0.662285712890625 0.843832021484375 0.6878731796875 0.843832021484375 0.6920507265625 0.826771654296875 0.69962252734375 0.819553806640625 0.7027556875 0.7854330703125 0.6907452421875 0.7604986875 0.6891786640625 0.7224409453125 0.67168519140625 0.70472441015625 0.65027526953125 0.70209973828125 0.64322566015625 0.7093175859375 0.646881013671875 0.7171916015625 0.64818649609375 0.73359580078125 0.65027526953125 0.72047244140625 0.65601939453125 0.71391076171875 0.660196939453125 0.71653543359375 0.66254680859375 0.726377953125 0.6607191328125 0.74278215234375 0.65184184765625 0.74278215234375 0.64609772265625 0.73622047265625 0.637220439453125 0.74409448828125 0.629909734375 0.74015748046875 0.62860425 0.7250656171875 0.633303990234375 0.71325459375 0.638003728515625 0.680446193359375 0.6142439375 0.666666666015625 0.597011560546875 0.666666666015625 0.5936173046875 0.684383201171875 0.5891786640625 0.68897637890625 0.58604550390625 0.70078740234375 0.57821260546875 0.70209973828125 0.55419171875 0.69816273046875 0.53382618359375 0.682414697265625 0.503016783203125 0.669291337890625 0.495706078125 0.646981626953125 0.484217828125 0.656167978515625 0.46750764453125 0.654855642578125 0.465157775390625 0.659448818359375 0.46385229296875 0.675853017578125 0.457324876953125 0.622703412109375 0.4607191328125 0.590551181640625 0.455497201171875 0.590551181640625 0.449753076171875 0.604986876953125 0.440875791015625 0.612860892578125 0.41319955078125 0.597112861328125 0.3850011171875 0.601049869140625 0.362024615234375 0.593175853515625 0.357228876953125 0.57397865625 0.32567602734375 0.582149046875 0.327068078125 0.5914866171875 0.36176351953125 0.613517060546875 0.36176351953125 0.621391076171875 0.351580751953125 0.627296587890625 0.3434867578125 0.641076115234375 0.345836626953125 0.654855642578125 0.358369263671875 0.664041994140625 0.374035060546875 0.686351705078125 0.377690412109375 0.69816273046875 0.38291234375 0.679790025390625 0.38970085546875 0.670603673828125 0.400144720703125 0.670603673828125 0.40562775 0.680446193359375 0.404061169921875 0.7395013125 0.39178962890625 0.75984251953125 0.38604550390625 0.77690288671875 0.381867958984375 0.77690288671875 0.378995896484375 0.78674540625 0.378458021484375 0.887152951171875 0.425902671875 0.936182107421875 0.437038974609375 0.910503666015625 0.446818646484375 0.900099365234375 0.44759582421875 0.9046609140625 0.459196130859375 0.922168873046875 0.46569230859375 0.9396768359375 0.469868427734375 0.96185360546875 0.495853107421875 0.9886992265625 0.52647791015625 1 0.561742873046875 1
0 0.44527368359375 0.8910313984375 0.444811755859375 0.88832017578125 0.467084359375 0.910496900390625 0.483788794921875 0.93500807421875 0.504205341796875 0.953683302734375 0.50698941015625 0.973525578125 0.51534164453125 0.9746927578125 0.53390213671875 0.943178419921875 0.551070646484375 0.922168873046875 0.55710275 0.894156162109375 0.559422810546875 0.8673105859375 0.56545494921875 0.85447143359375 0.57429615625 0.841863517578125 0.577951509765625 0.819553806640625 0.575862736328125 0.799868765625 0.57142409375 0.78346456640625 0.559413650390625 0.76771653515625 0.541659080078125 0.76377952734375 0.500928009765625 0.74146981640625 0.4746239609375 0.721417673828125 0.45706378125 0.70997375390625 0.443999158203125 0.71674891015625 0.39852594140625 0.800787134765625 0.389709701171875 0.819462275390625 0.384026154296875 0.847468265625 0.44527368359375 0.8910313984375
0 0.412271541015625 0.939632546875 0.402349869140625 0.9383202109375 0.39895561328125 0.95603674609375 0.392950392578125 0.9645669296875 0.375718015625 0.9593175859375 0.36109660546875 0.96325459375 0.34177545703125 0.9540682421875 0.336292427734375 0.93897637890625 0.33681462109375 0.910104986328125 0.3206266328125 0.887795275390625 0.321671017578125 0.868110236328125 0.319843341796875 0.866141732421875 0.309921671875 0.864829396484375 0.2979112265625 0.888451443359375 0.282767623046875 0.891076115234375 0.267101828125 0.881889763671875 0.261879896484375 0.871391076171875 0.2493472578125 0.862204724609375 0.235248041015625 0.858267716796875 0.231592689453125 0.842519685546875 0.2206266328125 0.828083990234375 0.204438642578125 0.828083990234375 0.187728458984375 0.820209974609375 0.169973890625 0.79921259765625 0.15326370703125 0.78740157421875 0.094255875 0.77821522265625 0.089817232421875 0.75524934375 0.082767623046875 0.74015748046875 0.06292428125 0.73097112890625 0.0477806796875 0.71653543359375 0.015926892578125 0.70603674609375 0.0049608359375 0.69028871484375 0 0.689632546875 0.000261095703125 0.992125984375 0.41253263671875 0.99278215234375 0.423759791015625 0.992125984375 0.42819843359375 0.98490813671875 0.421409921875 0.94947506640625 0.412271541015625 0.939632546875
0 0.247258486328125 0.30839894921875 0.239164490234375 0.312992126953125 0.237597912109375 0.3064304453125 0.238642296875 0.2854330703125 0.2407310703125 0.2985564296875 0.2436031328125 0.30183726953125 0.25143603125 0.26640419921875 0.254046998046875 0.27690288671875 0.259791123046875 0.27952755859375 0.27101827734375 0.2604986875 0.2765013046875 0.23490813671875 0.266579634765625 0.23490813671875 0.267362923828125 0.247375328125 0.26292428125 0.25721784765625 0.257702349609375 0.24540682421875 0.25248041796875 0.25459317578125 0.235248041015625 0.24934383203125 0.2292428203125 0.257874015625 0.2292428203125 0.26574803125 0.225587466796875 0.27624671875 0.23394255859375 0.28674540625 0.231592689453125 0.29396325390625 0.227154046875 0.294619421875 0.2292428203125 0.312992126953125 0.232375978515625 0.316929134765625 0.230809400390625 0.345800525390625 0.239425587890625 0.343832021484375 0.24751958203125 0.349737533203125 0.249086162109375 0.345800525390625 0.24751958203125 0.324803150390625 0.250130548828125 0.315616798828125 0.247258486328125 0.30839894921875
0 0.31540469921875 0.2276902890625 0.317754568359375 0.22047244140625 0.3292428203125 0.21128608984375 0.342297650390625 0.21128608984375 0.344125326171875 0.20800525 0.343080939453125 0.19225721875 0.337597912109375 0.18897637890625 0.333420365234375 0.177165353515625 0.31827676171875 0.186351705078125 0.285900783203125 0.183727033203125 0.282767623046875 0.19028871484375 0.278590078125 0.182414697265625 0.2707571796875 0.19291338671875 0.2592689296875 0.19422572265625 0.242036552734375 0.18897637890625 0.235248041015625 0.19553805859375 0.2321148828125 0.177165353515625 0.228720626953125 0.184383201171875 0.23107049609375 0.20866141796875 0.235770234375 0.20209973828125 0.237336814453125 0.20866141796875 0.247258486328125 0.21391076171875 0.251958224609375 0.20997375390625 0.2749347265625 0.22047244140625 0.282767623046875 0.20472441015625 0.285900783203125 0.23753280859375 0.306266318359375 0.24146981640625 0.30966057421875 0.263123359375 0.312793734375 0.263123359375 0.324804177734375 0.2565616796875 0.314882505859375 0.247375328125 0.318015666015625 0.2381889765625 0.31540469921875 0.2276902890625
0 0.340988447265625 0.8568126015625 0.34748458984375 0.849809390625 0.357228876953125 0.83813741796875 0.372077255859375 0.8323014296875 0.372541259765625 0.797285505859375 0.357692880859375 0.81712787109375 0.3349562734375 0.834635833984375 0.316333033203125 0.851851853515625 0.329388140625 0.859147005859375 0.340988447265625 0.87081898046875 0.340988447265625 0.8568126015625
0 0.261582978515625 0.3286777265625 0.270213603515625 0.32797741796875 0.271327236328125 0.30066498828125 0.27550334765625 0.292961470703125 0.281071494140625 0.299264400390625 0.283855568359375 0.309769150390625 0.281906705078125 0.317472642578125 0.283855568359375 0.323775517578125 0.295827072265625 0.324475826171875 0.29527030859375 0.30836848046875 0.297219109375 0.2950624453125 0.29527030859375 0.2901602109375 0.264367052734375 0.286658619140625 0.264645455078125 0.27265225 0.252673931640625 0.262147474609375 0.24153763671875 0.276153841796875 0.248981716796875 0.285389326171875 0.254065966796875 0.284557669921875 0.260190943359375 0.2936618046875 0.261582978515625 0.30346624609375 0.261582978515625 0.3286777265625
0 0.344269958984375 0.185112443359375 0.345940419921875 0.180910517578125 0.3506733359375 0.167604482421875 0.3579119453125 0.15499875390625 0.363758474609375 0.144493978515625 0.3640368984375 0.14099238671875 0.354849447265625 0.136790458984375 0.3464972265625 0.146594927734375 0.337031392578125 0.1634025546875 0.33786658203125 0.16550353125 0.33786658203125 0.174607666015625 0.333228888671875 0.182152232421875 0.333690470703125 0.19351626953125 0.342599541015625 0.190014677734375 0.344269958984375 0.185112443359375
0 0.072265625 0.24787642578125 0.083984375 0.24787642578125 0.1005859375 0.245422203125 0.1015625 0.238059537109375 0.0771484375 0.235605314453125 0.072265625 0.24787642578125
0 0.4326171875 0.235605314453125 0.41796875 0.24787642578125 0.4306640625 0.250330646484375 0.4423828125 0.26014753515625 0.4453125 0.257693314453125 0.4462890625 0.250330646484375 0.4404296875 0.250330646484375 0.4384765625 0.2405137578125 0.4326171875 0.235605314453125
0 0.2607421875 0.250330646484375 0.2548828125 0.26014753515625 0.2431640625 0.26014753515625 0.2431640625 0.269964423828125 0.2353515625 0.255239091796875 0.22125634765625 0.244602978515625 0.220421158203125 0.269114123046875 0.228515625 0.272418646484375 0.2314453125 0.279781310546875 0.2412109375 0.279781310546875 0.2431640625 0.284689755859375 0.25 0.282235533203125 0.2529296875 0.2748728671875 0.2626953125 0.279781310546875 0.265625 0.2626017578125 0.2607421875 0.250330646484375
0 0.21875 0.242967982421875 0.2158203125 0.23069687109375 0.1865234375 0.2405137578125 0.1767578125 0.250330646484375 0.1533203125 0.250330646484375 0.1513671875 0.245422203125 0.1435546875 0.245422203125 0.1376953125 0.235605314453125 0.1279296875 0.2405137578125 0.126953125 0.238059537109375 0.130859375 0.2282426484375 0.1298828125 0.220879982421875 0.1162109375 0.220879982421875 0.1142578125 0.22578842578125 0.10546875 0.223334205078125 0.10546875 0.242967982421875 0.1083984375 0.250330646484375 0.1162109375 0.250330646484375 0.12109375 0.2626017578125 0.12109375 0.27732708984375 0.1240234375 0.284689755859375 0.1318359375 0.2748728671875 0.1435546875 0.2748728671875 0.1533203125 0.265055978515625 0.1689453125 0.279781310546875 0.1708984375 0.28959819921875 0.1845703125 0.28959819921875 0.1865234375 0.284689755859375 0.1923828125 0.294506642578125 0.2021484375 0.294506642578125 0.2099609375 0.314140419921875 0.21484375 0.311686197265625 0.21484375 0.296960865234375 0.212890625 0.292052421875 0.21875 0.272418646484375 0.21875 0.242967982421875
0 0.105995712890625 0.312533873046875 0.117410412109375 0.323038650390625 0.11880244921875 0.344748564453125 0.13272281640625 0.353152337890625 0.13467166015625 0.34895041015625 0.15777948046875 0.33354342578125 0.157501076171875 0.3181364140625 0.153603369140625 0.312533873046875 0.1471999921875 0.316735826171875 0.123256962890625 0.307631638671875 0.12548423046875 0.29852750390625 0.119129671875 0.288888890625 0.10655251953125 0.29852750390625 0.094302591796875 0.29852750390625 0.09068330859375 0.3034297109375 0.105995712890625 0.312533873046875
0 0.75526837890625 0.460349796875 0.754989974609375 0.488362533203125 0.751370671875 0.510772703125 0.74552412109375 0.509372087890625 0.738563935546875 0.540186083984375 0.747194560546875 0.541586779296875 0.759722892578125 0.52688005078125 0.766683076171875 0.510772703125 0.777262564453125 0.510072396484375 0.77976821484375 0.472255189453125 0.773086455078125 0.4694539296875 0.776984140625 0.44634342578125 0.75471155078125 0.435838650390625 0.747194560546875 0.430936416015625 0.72313315234375 0.433245845703125 0.71935382421875 0.4393402421875 0.72269471484375 0.451245634765625 0.75526837890625 0.460349796875
0 1 0.519860017578125 0.992193064453125 0.5199885 0.988852142578125 0.5774146171875 1 0.5858184453125 1 0.519860017578125
0 0.7586092578125 0.629126560546875 0.763063771484375 0.616520806640625 0.814569134765625 0.636129744140625 0.816518 0.63262815234375 0.82292135546875 0.631927791015625 0.8257054296875 0.62492460546875 0.82848950390625 0.628426197265625 0.830716771484375 0.643833236328125 0.84964848046875 0.653637705078125 0.852989359375 0.649435751953125 0.85939273828125 0.636830052734375 0.859114314453125 0.627725890625 0.827932697265625 0.615820498046875 0.81679640234375 0.615820498046875 0.79424541015625 0.614419830078125 0.75028719921875 0.59772528515625 0.74691615625 0.6004134609375 0.74970023046875 0.62702558203125 0.7586092578125 0.629126560546875
0 0.92036395703125 0.6585399140625 0.9217559921875 0.676047875 0.927324140625 0.68655265234375 0.94402858203125 0.70195963671875 0.94681265625 0.700559021484375 0.96379548046875 0.715966005859375 0.96964205078125 0.72366955078125 0.9779942734375 0.73137304296875 0.98300561328125 0.73137304296875 0.973818162109375 0.707562205078125 0.970652734375 0.688713912109375 0.947369462890625 0.68095008203125 0.9431933515625 0.65924022265625 0.910619697265625 0.643833236328125 0.92036395703125 0.6585399140625
0 0.87721079296875 0.66554309765625 0.878602830078125 0.66554309765625 0.8799948671875 0.64593416015625 0.887233474609375 0.636129744140625 0.870739767578125 0.630971130859375 0.868301765625 0.64033164453125 0.86802336328125 0.649435751953125 0.870250607421875 0.655038322265625 0.87721079296875 0.66554309765625