1 0.421875 0.7119140625 0.0693359375 0.1142578125
1 0.3603515625 0.689453125 0.0556640625 0.16015625
1 0.1884765625 0.662109375 0.0986328125 0.16015625
1 0.2841796875 0.4248046875 0.068359375 0.1181640625
1 0.3310546875 0.4443359375 0.03515625 0.07421875
1 0.4970703125 0.4541015625 0.1025390625 0.1123046875
1 0.8515625 0.80078125 0.1025390625 0.095703125
1 0.84375 0.6806640625 0.1611328125 0.134765625
1 0.80859375 0.4580078125 0.08984375 0.1123046875
1 0.9423828125 0.4599609375 0.0927734375 0.1123046875
1 0.6943359375 0.439453125 0.095703125 0.0927734375
1 0.6318359375 0.322265625 0.0498046875 0.103515625
1 0.7880859375 0.3505859375 0.099609375 0.0966796875
1 0.1494140625 0.9501953125 0.125 0.0986328125
1 0.455078125 0.2265625 0.044921875 0.0849609375
1 0.978515625 0.951171875 0.04296875 0.09765625
0 0.8560250390625 0.603448275390625 0.85863328125 0.58787541796875 0.8570683359375 0.568965517578125 0.861763171875 0.553392658203125 0.870109546875 0.541156841796875 0.8716744921875 0.52780867578125 0.84585289453125 0.515016685546875 0.836724048828125 0.495550611328125 0.833333333984375 0.4760845390625 0.826030255859375 0.47385984375 0.822639541015625 0.47775305859375 0.822117892578125 0.4922135703125 0.818466353515625 0.50111234765625 0.817944705078125 0.511123470703125 0.826812728515625 0.53559510546875 0.828377673828125 0.562291435546875 0.826812728515625 0.57230255859375 0.817944705078125 0.5945495 0.823943662109375 0.61179087890625 0.827595201171875 0.600667408203125 0.828377673828125 0.61679644140625 0.832029212890625 0.62235817578125 0.83959311328125 0.609566185546875 0.84324465234375 0.607341490234375 0.85159102734375 0.61179087890625 0.8560250390625 0.603448275390625
0 0.543035994140625 0.245272525390625 0.539384455078125 0.22747497265625 0.533124673828125 0.21968854296875 0.529994783203125 0.203003337890625 0.529473134765625 0.1918798671875 0.533646322265625 0.165183537109375 0.536254564453125 0.159621802734375 0.527125716796875 0.153503892578125 0.517736046875 0.155728587890625 0.5099113203125 0.13793103515625 0.478612416015625 0.133481646484375 0.473135107421875 0.145161291015625 0.474700052734375 0.159621802734375 0.48408972265625 0.16740823046875 0.490610328125 0.196885427734375 0.5005216484375 0.196885427734375 0.50443401171875 0.201890990234375 0.50130412109375 0.2185761953125 0.50547730859375 0.23303670703125 0.50599895703125 0.2608453828125 0.51330203515625 0.2608453828125 0.519822638671875 0.248053392578125 0.531298904296875 0.25139043359375 0.537558685546875 0.258064515625 0.543035994140625 0.245272525390625
0 1 0.502224693359375 0.99191444921875 0.5050055625 0.965310380859375 0.500556173828125 0.955399060546875 0.50389321484375 0.923056859375 0.501668521484375 0.92123108984375 0.511123470703125 0.92540427734375 0.5344827578125 0.92540427734375 0.5500556171875 0.93009911328125 0.560066740234375 0.93062076171875 0.57341490625 0.929316640625 0.583982203125 0.91757955078125 0.595661845703125 0.91757955078125 0.603448275390625 0.9277516953125 0.61735261328125 0.93375065234375 0.617908787109375 0.9413145546875 0.61179087890625 0.941836203125 0.601779755859375 0.99973917578125 0.60400444921875 1 0.502224693359375
0 0.305425142578125 0.52614015625 0.310902451171875 0.517797552734375 0.310380802734375 0.482202447265625 0.2895148671875 0.4922135703125 0.29029733984375 0.499443826171875 0.29499217578125 0.498331478515625 0.296296296875 0.502224693359375 0.296296296875 0.5289210234375 0.279603546875 0.532258064453125 0.27934272265625 0.566184650390625 0.256651017578125 0.55895439453125 0.259780908203125 0.552280310546875 0.258998435546875 0.541713013671875 0.261606677734375 0.54727475 0.264475744140625 0.545606228515625 0.262128326171875 0.535038931640625 0.267605634765625 0.536707453125 0.266823162109375 0.5239154609375 0.27151799609375 0.521690767578125 0.27882107421875 0.528364849609375 0.28299426171875 0.521690767578125 0.283776734375 0.516685205078125 0.27986437109375 0.50945494921875 0.27047469921875 0.51724137890625 0.263171623046875 0.508342603515625 0.242305685546875 0.500556173828125 0.2083985390625 0.4949944375 0.21231090234375 0.47886540625 0.21178925390625 0.462180201171875 0.2083985390625 0.456062291015625 0.189097548828125 0.470522802734375 0.176577986328125 0.484983314453125 0.173187271484375 0.49332591796875 0.186750130859375 0.516685205078125 0.195618154296875 0.55672969921875 0.203703703125 0.565072302734375 0.236045904296875 0.56840934375 0.247000521484375 0.578420466796875 0.251173708984375 0.57508342578125 0.263432447265625 0.57786429296875 0.29081898828125 0.565072302734375 0.2947313515625 0.553392658203125 0.296296296875 0.531145716796875 0.305425142578125 0.52614015625
0 0.755346896484375 0.819243603515625 0.749608763671875 0.78031145703125 0.745696400390625 0.77753058984375 0.742566509765625 0.766407119140625 0.736567552734375 0.761401556640625 0.735524255859375 0.73581757421875 0.71100678125 0.70912124609375 0.70683359375 0.694660734375 0.703703703125 0.66685205859375 0.6990088671875 0.65795328125 0.691705791015625 0.62791991015625 0.694314033203125 0.603448275390625 0.70657276953125 0.595105673828125 0.709963484375 0.5867630703125 0.7115284296875 0.570077865234375 0.697443921875 0.5500556171875 0.696400626953125 0.53559510546875 0.70918101171875 0.520578419921875 0.736828376953125 0.53281423828125 0.764997392578125 0.53281423828125 0.77230046875 0.5450500546875 0.781690140625 0.54727475 0.78977569140625 0.575639599609375 0.78873239453125 0.58565072265625 0.7936880546875 0.58843158984375 0.79655712109375 0.583426029296875 0.79186228515625 0.561179087890625 0.79238393359375 0.5500556171875 0.79812206640625 0.525583982421875 0.79864371484375 0.511123470703125 0.78482003125 0.492769744140625 0.7717788203125 0.4949944375 0.764997392578125 0.501668521484375 0.759780908203125 0.501668521484375 0.752999478515625 0.510567296875 0.745696400390625 0.510567296875 0.736306728515625 0.498331478515625 0.71335419921875 0.499443826171875 0.70187793359375 0.4949944375 0.696139802734375 0.49054505078125 0.693009912109375 0.48275862109375 0.687010955078125 0.502224693359375 0.688054251953125 0.53559510546875 0.686228482421875 0.56729699609375 0.685967658203125 0.502224693359375 0.682576943359375 0.49610678515625 0.673708919921875 0.500556173828125 0.6596244140625 0.48832035546875 0.6476265 0.487208009765625 0.640323421875 0.4816462734375 0.63693270703125 0.468854283203125 0.63954094921875 0.452169076171875 0.6356285859375 0.45272525 0.631977046875 0.447163515625 0.611893583984375 0.4076751953125 0.608763693359375 0.394327029296875 0.608242044921875 0.365406005859375 0.599113197265625 0.357063404296875 0.592853416015625 0.361512791015625 0.58085550390625 0.35817575 0.5779864375 0.329810900390625 0.57459572265625 0.325917685546875 0.56572769921875 0.327030033203125 0.560250390625 0.307563958984375 0.558163796875 0.29310344921875 0.5586854453125 0.2764182421875 0.5612936875 0.266407119140625 0.549034951171875 0.26473859765625 0.547730830078125 0.2764182421875 0.549295775390625 0.29310344921875 0.544861763671875 0.307007787109375 0.533124673828125 0.320912125 0.532081376953125 0.33537263671875 0.535211267578125 0.354282537109375 0.542514345703125 0.368743046875 0.541471048828125 0.3765294765625 0.547730830078125 0.409899888671875 0.5545122578125 0.417686318359375 0.556077203125 0.43548387109375 0.541471048828125 0.45105673046875 0.540949400390625 0.47775305859375 0.538341158203125 0.49332591796875 0.528951486328125 0.518909900390625 0.528951486328125 0.54338153515625 0.525560771484375 0.54838709765625 0.51460615625 0.551724138671875 0.50182576953125 0.54894326953125 0.50130412109375 0.531145716796875 0.5057381328125 0.5239154609375 0.5099113203125 0.52502780859375 0.51434533203125 0.518909900390625 0.513562859375 0.499443826171875 0.5041731875 0.499443826171875 0.49791340625 0.492769744140625 0.4827856015625 0.5183537265625 0.475482525390625 0.5183537265625 0.465571205078125 0.51167964453125 0.465310380859375 0.502224693359375 0.463484611328125 0.500556173828125 0.460615544921875 0.502224693359375 0.460354720703125 0.510567296875 0.458268126953125 0.510567296875 0.458007302734375 0.503337041015625 0.455138236328125 0.500556173828125 0.448617630859375 0.525583982421875 0.4428795 0.53559510546875 0.446009390625 0.561179087890625 0.4434011484375 0.584538375 0.4444444453125 0.59343715234375 0.447313509765625 0.59844271484375 0.454616587890625 0.600667408203125 0.479655712890625 0.600667408203125 0.48304642578125 0.596774193359375 0.488523734375 0.56840934375 0.4958268125 0.56729699609375 0.49869587890625 0.5711902109375 0.50130412109375 0.588987763671875 0.505216484375 0.595105673828125 0.521387583984375 0.599555060546875 0.541210224609375 0.59621801953125 0.544600939453125 0.58565072265625 0.540427751953125 0.56340378125 0.540949400390625 0.537819798828125 0.546165884765625 0.5133481640625 0.56103286328125 0.500556173828125 0.56885758984375 0.498331478515625 0.57459572265625 0.501668521484375 0.585289515625 0.532258064453125 0.582159625 0.574527251953125 0.57511737109375 0.591768630859375 0.5712050078125 0.5945495 0.576943140625 0.60678531640625 0.579029734375 0.619021134765625 0.590766822265625 0.62513904296875 0.596504955078125 0.614015572265625 0.603286384765625 0.616240267578125 0.607720396484375 0.6446051171875 0.616327595703125 0.650723025390625 0.624413146484375 0.667964404296875 0.62858633203125 0.689098998046875 0.6356285859375 0.695216908203125 0.63901930078125 0.7024471640625 0.63954094921875 0.711345939453125 0.64632237890625 0.720244716796875 0.65049556640625 0.76696329296875 0.6554512265625 0.781979978515625 0.667449138671875 0.78531701953125 0.675273865234375 0.79866518359375 0.679968701171875 0.79977753125 0.683359416015625 0.79477196875 0.684924361328125 0.771412681640625 0.689880021484375 0.7708565078125 0.692227439453125 0.779199109375 0.691184142578125 0.85372636328125 0.694053208984375 0.859844271484375 0.71100678125 0.8604004453125 0.71439749609375 0.859844271484375 0.72274387109375 0.84315906640625 0.750391236328125 0.832035595703125 0.755346896484375 0.819243603515625