1 0.734375 0.7451171875 0.515625 0.509765625
1 0.0634765625 0.4912109375 0.126953125 0.212890625
1 0.2021484375 0.681640625 0.314453125 0.3671875
1 0.2470703125 0.8427734375 0.216796875 0.248046875
1 0.4052734375 0.3896484375 0.140625 0.1640625
1 0.3203125 0.287109375 0.125 0.1484375
1 0.1064453125 0.2939453125 0.087890625 0.103515625
1 0.15625 0.400390625 0.08984375 0.1171875
1 0.1953125 0.4580078125 0.126953125 0.142578125
1 0.4306640625 0.2431640625 0.10546875 0.138671875
1 0.501953125 0.3642578125 0.109375 0.146484375
1 0.890625 0.232421875 0.0625 0.080078125
1 0.734375 0.2529296875 0.150390625 0.138671875
1 0.8720703125 0.5615234375 0.1015625 0.12890625
1 0.953125 0.48828125 0.09375 0.17578125
1 0.623046875 0.3623046875 0.060546875 0.08203125
1 0.5712890625 0.3623046875 0.05859375 0.07421875
1 0.0322265625 0.392578125 0.064453125 0.1328125
1 0.44921875 0.6474609375 0.26171875 0.318359375
1 0.291015625 0.1572265625 0.0546875 0.064453125
1 0.25390625 0.125 0.05078125 0.06640625
1 0.1083984375 0.10546875 0.05078125 0.0625
1 0.1484375 0.1689453125 0.0625 0.072265625
1 0.189453125 0.2724609375 0.078125 0.083984375
1 0.169921875 0.2314453125 0.064453125 0.076171875
1 0.9423828125 0.22265625 0.052734375 0.06640625
1 0.8564453125 0.2216796875 0.0390625 0.052734375
1 0.7939453125 0.1962890625 0.0546875 0.0546875
0 0.361204244140625 0 0.384549736328125 0.0109966796875 0.409018025390625 0.0274263984375 0.410091853515625 0.032284841796875 0.42972225390625 0.04062228125 0.431871798828125 0.045748927734375 0.480948267578125 0.065444966796875 0.507439423828125 0.068033083984375 0.51981676171875 0.055051626953125 0.5313811796875 0.05678728515625 0.534209416015625 0.046589513671875 0.5383799375 0.042464796875 0.554248162109375 0.04297816015625 0.562042857421875 0.055250685546875 0.566482779296875 0.0500454609375 0.56823435546875 0.041874603515625 0.576843857421875 0.034839779296875 0.582491837890625 0.035100302734375 0.5911032265625 0.023475244140625 0.60885537109375 0.021015291015625 0.61826646875 0.026804771484375 0.626067767578125 0.02301146875 0.634940064453125 0.03096196484375 0.64247290625 0.0259540546875 0.65376603515625 0.033360453125 0.658926703125 0.0243180625 0.56139228125 0 0.361204244140625 0
0 0.232058623046875 0 0.23340033203125 0.000855140625 0.23608584765625 0.01070612890625 0.242807654296875 0.01582509375 0.246029140625 0.030400419921875 0.257859185546875 0.040236041015625 0.260543755859375 0.052382146484375 0.29389000390625 0.06299165234375 0.30356578515625 0.079176216796875 0.314589517578125 0.087663123046875 0.3159299140625 0.098326412109375 0.319694919921875 0.0992651328125 0.327217380859375 0.119503521484375 0.3495417890625 0.1170358828125 0.36917124609375 0.127668439453125 0.380193087890625 0.140745583984375 0.3823379140625 0.157347822265625 0.390407669921875 0.154769130859375 0.405466748046875 0.160819134765625 0.4138011875 0.16863552734375 0.41756241796875 0.178754720703125 0.4267041171875 0.185624708984375 0.429121173828125 0.1942610859375 0.43611521484375 0.191414189453125 0.4429769140625 0.183369751953125 0.446483841796875 0.1578475625 0.451999482421875 0.152910546875 0.4560329453125 0.15506387890625 0.457241 0.160529625 0.4538701875 0.182068880859375 0.459515337890625 0.189214759765625 0.473232130859375 0.189191708984375 0.47900962109375 0.201535126953125 0.47253928515625 0.2389428984375 0.47777703125 0.255742447265625 0.499293234375 0.256516333984375 0.508837619140625 0.26520823828125 0.514216197265625 0.266549267578125 0.53426815625 0.230806263671875 0.546374205078125 0.22349555078125 0.564930775390625 0.226974546875 0.576635083984375 0.215546798828125 0.58538164453125 0.20223392578125 0.606628447265625 0.2040883203125 0.61092942578125 0.209751380859375 0.61898502734375 0.2415994609375 0.628937759765625 0.238342572265625 0.639155173828125 0.245480767578125 0.687041515625 0.2161038125 0.7050734375 0.187317052734375 0.712872849609375 0.18811398828125 0.727399732421875 0.1802591796875 0.7427282109375 0.18522867578125 0.7505313984375 0.176845140625 0.759138068359375 0.176695669921875 0.7650573359375 0.171285451171875 0.77177914453125 0.1764044140625 0.773657400390625 0.187201806640625 0.797332587890625 0.17015116015625 0.824492998046875 0.180366041015625 0.827857205078125 0.174892611328125 0.834053423828125 0.150040939453125 0.84885819921875 0.120449560546875 0.8436166796875 0.11283048046875 0.817529154296875 0.10976916015625 0.74734105078125 0.086530919921875 0.7513858359375 0.061142833984375 0.739554849609375 0.053602330078125 0.714275525390625 0.047299486328125 0.710239232421875 0.052031509765625 0.698135068359375 0.054751986328125 0.67958038671875 0.046682755859375 0.677295669921875 0.043243919921875 0.67972027734375 0.0335193515625 0.681918181640625 0.030050482421875 0.67347893359375 0.027946341796875 0.673534439453125 0.0331247265625 0.665995935546875 0.051903345703125 0.65590614453125 0.061438283203125 0.64514615625 0.065641576171875 0.63223662109375 0.064718220703125 0.627794810546875 0.0745136796875 0.6174365625 0.0828340078125 0.59134620703125 0.086658041015625 0.58367725 0.0956488828125 0.582594927734375 0.11144650390625 0.567519806640625 0.1444135078125 0.554474158203125 0.14747308203125 0.541027708984375 0.144120505859375 0.538343138671875 0.131974400390625 0.5246310625 0.120521859375 0.5063448359375 0.11366723828125 0.499088 0.10152881640625 0.485372150390625 0.099256748046875 0.459827201171875 0.08485394140625 0.38453935546875 0.036242978515625 0.3485066484375 0.018077603515625 0.34339558203125 0.02024630078125 0.3353343203125 0.0021689296875 0.3239708984375 0 0.232058623046875 0
0 0.535866869140625 0.594444525390625 0.552680353515625 0.58543831640625 0.561563974609375 0.565847396484375 0.572054564453125 0.562724609375 0.584154951171875 0.56918460546875 0.60123783984375 0.559097888671875 0.602594279296875 0.530744171875 0.607444435546875 0.508999919921875 0.62681864453125 0.486286212890625 0.63139562890625 0.474802939453125 0.623735162109375 0.46313771875 0.602225564453125 0.4462980078125 0.59873090234375 0.44198366015625 0.598599505859375 0.434491001953125 0.601963712890625 0.4290175703125 0.61191738671875 0.423465564453125 0.633437365234375 0.4150589765625 0.648505880859375 0.39815780078125 0.6608785 0.39665193359375 0.671376638671875 0.375168203125 0.642060078125 0.375892501953125 0.6334486875 0.387517560546875 0.614889287109375 0.390923919921875 0.6065529609375 0.387697763671875 0.599018232421875 0.39729591015625 0.590141216796875 0.40082100390625 0.553432646484375 0.39109469140625 0.557194822265625 0.398918767578125 0.55530807421875 0.408777439453125 0.545084998046875 0.415409951171875 0.544002677734375 0.431207572265625 0.54695759375 0.439978052734375 0.543992296875 0.45645387109375 0.54371534765625 0.475895322265625 0.532552671875 0.478276701171875 0.525421572265625 0.487401646484375 0.52582331640625 0.4915186796875 0.532011982421875 0.485027951171875 0.549493783203125 0.485943623046875 0.5610648046875 0.471613453125 0.57235793359375 0.4790198515625 0.576252451171875 0.49204146875 0.5714041796875 0.509195486328125 0.56427213671875 0.52061555078125 0.543829759765625 0.524700107421875 0.528495619140625 0.5335013203125 0.5196204921875 0.532436177734375 0.514912111328125 0.536426791015625 0.5052202890625 0.559259234375 0.503064138671875 0.570198412109375 0.50427125390625 0.57795927734375 0.51206877734375 0.58334644921875 0.526602265625 0.559425814453125 0.53440167578125 0.560222751953125 0.535607845703125 0.570278734375 0.53128894140625 0.608222916015625 0.535866869140625 0.594444525390625
0 0 0.673827541015625 0.00182134765625 0.67303836328125 0.00828036328125 0.66317201171875 0.015810373046875 0.665049453125 0.020917666015625 0.6720612265625 0.03166161328125 0.706874939453125 0.045642146484375 0.719542091796875 0.04792403125 0.72986628125 0.038776671875 0.736767001953125 0.0331183125 0.76175277734375 0.03284136328125 0.781194228515625 0.036470251953125 0.786115880859375 0.037407021484375 0.79725237109375 0.0293287734375 0.820487125 0.02797705078125 0.837365251953125 0.030259880859375 0.84539432421875 0.03805740625 0.850781494140625 0.03993 0.87534959375 0.047999755859375 0.872770904296875 0.053377392578125 0.87640705078125 0.056193361328125 0.896045818359375 0.054710712890625 0.9042837265625 0.06955559375 0.907984970703125 0.100438546875 0.89158374609375 0.109590625 0.873207435546875 0.12061718359375 0.87480898828125 0.123443533203125 0.869201455078125 0.1191435 0.86124327734375 0.12129776171875 0.8548943359375 0.13044983984375 0.8365180234375 0.139059341796875 0.829483201171875 0.1557461484375 0.801508744140625 0.15588509375 0.790640458984375 0.148354138671875 0.791058134765625 0.106924923828125 0.815158970703125 0.089980984375 0.814377400390625 0.083800806640625 0.80021206640625 0.080984837890625 0.78057330078125 0.083012419921875 0.755256109375 0.079248357421875 0.752022271484375 0.069027171875 0.754064548828125 0.06096873828125 0.729101822265625 0.054243154296875 0.73316333203125 0.051420580078125 0.729590392578125 0.0554606484375 0.715677896484375 0.061381802734375 0.705677439453125 0.066359583984375 0.7006063203125 0.073351736328125 0.70234966015625 0.076984400390625 0.698090837890625 0.088570521484375 0.64703878125 0.133630515625 0.623269361328125 0.13780198046875 0.616849525390625 0.141171849609375 0.59760538671875 0.1957790546875 0.575642517578125 0.212723939453125 0.57412896875 0.222947958984375 0.5652013359375 0.2431228203125 0.55760705078125 0.254955697265625 0.560557318359375 0.26355859375 0.5695883203125 0.300947740234375 0.55939998046875 0.3114468203125 0.535621130859375 0.399410658203125 0.499021470703125 0.41124825 0.490496146484375 0.428461591796875 0.49019720703125 0.4335736015625 0.485733392578125 0.451582876953125 0.51202946484375 0.468531537109375 0.501335443359375 0.473638828125 0.50834721875 0.472827794921875 0.518474095703125 0.47766662890625 0.5242712578125 0.480889056640625 0.53655146484375 0.49164244140625 0.548414 0.49635082421875 0.544423384765625 0.503085841796875 0.51741069921875 0.516407498046875 0.4972047890625 0.52165279296875 0.495643396484375 0.514796755859375 0.489917125 0.511573380859375 0.47993203515625 0.500276478515625 0.481706107421875 0.497456734375 0.471247814453125 0.50634318359375 0.4447715390625 0.51374462890625 0.43227096875 0.484965927734375 0.433129369140625 0.460771755859375 0.40414355078125 0.4491997890625 0.42076883984375 0.406428287109375 0.43879662109375 0.397407607421875 0.464665591796875 0.387316873046875 0.4764956484375 0.356383908203125 0.48370298828125 0.357196830078125 0.46898587890625 0.343481923828125 0.46441869140625 0.33541971484375 0.4486364375 0.32950422265625 0.444866185546875 0.32587155859375 0.449125005859375 0.322369349609375 0.4631716015625 0.324650291015625 0.47579091015625 0.329223498046875 0.473488109375 0.335136162109375 0.48414371484375 0.331904294921875 0.4948146875 0.285637189453125 0.5108232421875 0.25604556640625 0.52639875390625 0.23560319140625 0.530483310546875 0.21865453125 0.541177330078125 0.203860134765625 0.54552241015625 0.195792267578125 0.543510865234375 0.17696251953125 0.55029284765625 0.176022919921875 0.5460417109375 0.179925927734375 0.538407265625 0.196331068359375 0.541349849609375 0.204674943359375 0.526215060546875 0.218662080078125 0.52281638671875 0.228347296875 0.51604976953125 0.24125683203125 0.516973125 0.25793608984375 0.507359611328125 0.2602255234375 0.49932285546875 0.258212095703125 0.49021327734375 0.246383939453125 0.475787419921875 0.193387474609375 0.505037953125 0.1834356875 0.505999724609375 0.17186655078125 0.515739658203125 0.160302134765625 0.514004001953125 0.146327263671875 0.487566142578125 0.139870138671875 0.492842259765625 0.138393625 0.486161900390625 0.141624546875 0.477786046875 0.141494091796875 0.46799826953125 0.122131205078125 0.463170560546875 0.10547270703125 0.4222914765625 0.092566947265625 0.412187650390625 0.088945607421875 0.3889050546875 0.09002415234375 0.38228790625 0.106978474609375 0.357823177734375 0.109672482421875 0.347018103515625 0.109006056640625 0.332505984375 0.10335901953125 0.32995034375 0.096631548828125 0.338602087890625 0.066506787109375 0.34256790625 0.05925089453125 0.3281343671875 0.05010730859375 0.325854615234375 0.0492925 0.34516196484375 0.061518625 0.372885328125 0.060566759765625 0.398470724609375 0.071861775390625 0.40128688671875 0.080464673828125 0.410317892578125 0.1006159453125 0.460101556640625 0.10182305859375 0.467862421875 0.09993630859375 0.477721091796875 0.103159681640625 0.48770618359375 0.099118671875 0.503913794921875 0.099113953125 0.515389384765625 0.094267568359375 0.527953166015625 0.1000441171875 0.542591703125 0.111335359375 0.554588337890625 0.10904120703125 0.57410068359375 0.1002974765625 0.580528203125 0.066140193359375 0.580045572265625 0.03385739453125 0.5995408046875 0.016645939453125 0.5952495078125 0 0.610650931640625 0 0.673827541015625
0 0.031902169921875 0.310655103515625 0.04324844140625 0.32701369921875 0.049707453125 0.317147345703125 0.0483670546875 0.306484056640625 0.05147035546875 0.2814350703125 0.039423732421875 0.280487765625 0.031902169921875 0.310655103515625
0 0.25291372265625 0.293787212890625 0.260045765625 0.282367150390625 0.24567009765625 0.249517140625 0.235183283203125 0.243459453125 0.23115642578125 0.225240294921875 0.2244346171875 0.220121330078125 0.221748158203125 0.2125654609375 0.213949689453125 0.209473408203125 0.20910613671875 0.215151833984375 0.208305484375 0.200032412109375 0.2021224765625 0.19275243359375 0.19660778125 0.195394333984375 0.19498948828125 0.206467615234375 0.2053316953125 0.23716429296875 0.2316735234375 0.275866994140625 0.23462749609375 0.28693259375 0.249013546875 0.294536306640625 0.25291372265625 0.293787212890625
0 0.7277800078125 0.563677994140625 0.73423996484375 0.5515165234375 0.7493056484375 0.54150069921875 0.762221787109375 0.526358228515625 0.792891013671875 0.5064606875 0.791947640625 0.511390021484375 0.786164486328125 0.512817310546875 0.77822518359375 0.525183779296875 0.785887537109375 0.53225876171875 0.7885711640625 0.546699986328125 0.792874029296875 0.547772810546875 0.8064698046875 0.515010802734375 0.814408162109375 0.504939453125 0.8184425703125 0.50479766796875 0.846136119140625 0.5266222421875 0.850974009765625 0.5347145234375 0.86335134765625 0.52173306640625 0.87518799609375 0.51550286328125 0.883529984375 0.504958310546875 0.895093458984375 0.5089890859375 0.920905921875 0.52690162109375 0.9231896953125 0.53263557421875 0.92076414453125 0.544655259765625 0.923849513671875 0.563213517578125 0.92895963671875 0.5633399375 0.9500816484375 0.54163584375 0.95708795703125 0.5089524140625 0.95077355078125 0.4941797734375 0.924422287109375 0.47842825390625 0.93452623046875 0.434466544921875 0.934125431640625 0.428054392578125 0.90992465625 0.41513440234375 0.9065576171875 0.4274931875 0.9073611015625 0.43572725390625 0.89604626953125 0.481108568359375 0.88272933203125 0.489838888671875 0.87680912109375 0.4975442265625 0.873313513671875 0.495524998046875 0.876143638671875 0.4807369921875 0.869960630859375 0.47345701171875 0.87265558203125 0.460356818359375 0.88019219921875 0.446168435546875 0.89257897265625 0.410235798828125 0.90791311328125 0.4014345859375 0.91451390625 0.373814595703125 0.896497078125 0.36587946484375 0.880893537109375 0.375761185546875 0.851563767578125 0.408617134765625 0.837037826171875 0.414176826171875 0.82466143359375 0.424863162109375 0.81847559375 0.42446853515625 0.801539203125 0.4053260234375 0.7891694140625 0.39994653515625 0.79092287890625 0.38718544140625 0.78541195703125 0.380646869140625 0.783940162109375 0.362490921875 0.785557509765625 0.353712759765625 0.793095068359375 0.3372292578125 0.801838798828125 0.330801740234375 0.807079376953125 0.340715935546875 0.805049904296875 0.370623365234375 0.8143324375 0.362034830078125 0.816759875 0.34542491015625 0.82403180859375 0.320841443359375 0.823361609375 0.315509798828125 0.8101845625 0.31107671484375 0.799155171875 0.316360515625 0.793509078125 0.311509755859375 0.7875888671875 0.319215095703125 0.7666039140625 0.334641138671875 0.74401105078125 0.3358941640625 0.739037986328125 0.329489697265625 0.744697291015625 0.302208802734375 0.748329953125 0.297949984375 0.75720602734375 0.296720005859375 0.758553974609375 0.2890223515625 0.732467392578125 0.28366591015625 0.7214342265625 0.29813018359375 0.704754970703125 0.30774369921875 0.70286821875 0.317602369140625 0.69170648828125 0.31768862890625 0.682285955078125 0.334850328125 0.679182654296875 0.359899314453125 0.70903707421875 0.359309119140625 0.7153609140625 0.351130578125 0.7113312265625 0.3397967734375 0.712947630859375 0.33331373046875 0.716580294921875 0.329054908203125 0.721151615234375 0.33134234375 0.728411283203125 0.336595412109375 0.73539588671875 0.3566996953125 0.742656498046875 0.359657646484375 0.736860134765625 0.393216587890625 0.738069134765625 0.39638721875 0.75420204296875 0.407295662109375 0.7754469609375 0.41374029296875 0.78525696875 0.43053216015625 0.782294505859375 0.440122625 0.772473171875 0.450872173828125 0.75499231640625 0.447661384765625 0.746391306640625 0.43404014453125 0.737517123046875 0.430679884765625 0.71599242578125 0.4505620625 0.704828806640625 0.455238556640625 0.70777994921875 0.473189509765625 0.70023483984375 0.508033955078125 0.717840486328125 0.53480323046875 0.7171608515625 0.552422765625 0.722266255859375 0.564024775390625 0.7277800078125 0.563677994140625
0 0.949221310546875 0.34459479296875 0.956353353515625 0.33317473046875 0.9641612578125 0.313315603515625 0.96577860546875 0.30453744140625 0.964167865234375 0.29724977734375 0.97009279296875 0.27806884765625 0.97439848828125 0.272256318359375 0.97628429296875 0.264692765625 0.974537435546875 0.261388033203125 0.9659298203125 0.26383262109375 0.961489896484375 0.269037845703125 0.95717665625 0.293211318359375 0.941022044921875 0.335090587890625 0.939673154296875 0.34508336328125 0.949221310546875 0.34459479296875