1 0.3935546875 0.791015625 0.435546875 0.41796875
1 0.2001953125 0.6240234375 0.203125 0.173828125
1 0.0595703125 0.61328125 0.119140625 0.17578125
1 0.1826171875 0.3837890625 0.16796875 0.107421875
1 0.41015625 0.330078125 0.16796875 0.126953125
1 0.7255859375 0.3212890625 0.154296875 0.173828125
1 0.994140625 0.517578125 0.01171875 0.1484375
1 0.9375 0.2998046875 0.08203125 0.1328125
1 0.0185546875 0.4521484375 0.037109375 0.138671875
1 0.05859375 0.40234375 0.1171875 0.13671875
1 0.5087890625 0.376953125 0.091796875 0.109375
1 0.3623046875 0.384765625 0.08203125 0.11328125
1 0.5361328125 0.2392578125 0.080078125 0.08203125
1 0.798828125 0.2333984375 0.142578125 0.099609375
1 0.7333984375 0.224609375 0.099609375 0.078125
1 0.375 0.123046875 0.05859375 0.091796875
1 0.0732421875 0.154296875 0.037109375 0.068359375
1 0.0234375 0.30859375 0.046875 0.0703125
1 0.6298828125 0.21484375 0.115234375 0.1171875
1 0.59765625 0.13671875 0.166015625 0.099609375
1 0.828125 0.3037109375 0.12109375 0.142578125
0 0.240570177734375 1 0.24752745703125 0.97138755859375 0.202137333984375 0.8075423125 0.20533828515625 0.802506587890625 0.20683953125 0.805229087890625 0.25087044140625 0.9417663125 0.25520452734375 0.931558435546875 0.258830794921875 0.90064415234375 0.26313647265625 0.895353380859375 0.26027562109375 0.889261859375 0.256394869140625 0.89261307421875 0.247798111328125 0.876797064453125 0.213228013671875 0.749738185546875 0.218355134765625 0.745485404296875 0.223156361328125 0.749901318359375 0.240901845703125 0.8053448203125 0.249201509765625 0.800973419921875 0.2600933359375 0.7775890234375 0.26451225 0.7765688359375 0.268208748046875 0.781239796875 0.278221529296875 0.81452962109375 0.265842263671875 0.85667196875 0.269793640625 0.86496699609375 0.27477912109375 0.861360732421875 0.2762381484375 0.847519888671875 0.280529623046875 0.844687669921875 0.278816111328125 0.8309654453125 0.288065048828125 0.80550506640625 0.311110068359375 0.707498150390625 0.296806205078125 0.653101541015625 0.283054314453125 0.62251641015625 0.277020919921875 0.61654351171875 0.270392552734375 0.6180737890625 0.261455302734375 0.63732402734375 0.25188046875 0.6714531015625 0.22399319140625 0.67666375 0.215055943359375 0.695913986328125 0.194844943359375 0.70917351953125 0.1763478515625 0.712216271484375 0.161576060546875 0.691073880859375 0.157723716796875 0.689507990234375 0.146138275390625 0.689727427734375 0.133405498046875 0.697577568359375 0.127782826171875 0.692123662109375 0.11449847265625 0.6522233203125 0.09924494140625 0.64285469140625 0.0983240703125 0.659026564453125 0.08472723828125 0.67321437109375 0.065691984375 0.67392609375 0.037464607421875 0.690263990234375 0.030809046875 0.69041644921875 0.081657216796875 0.910664068359375 0.129705455078125 0.90835762890625 0.169673724609375 0.912634228515625 0.17599040234375 0.91731408984375 0.176188857421875 0.906833365234375 0.171062130859375 0.887147142578125 0.1548036875 0.836884693359375 0.144181728515625 0.813556599609375 0.141533537109375 0.794525798828125 0.136888154296875 0.787004814453125 0.135882853515625 0.77004999609375 0.12832019921875 0.7423326953125 0.134537845703125 0.740283419921875 0.146051873046875 0.776295748046875 0.15262342578125 0.784599677734375 0.1665169609375 0.814538287109375 0.168626990234375 0.831238060546875 0.164746240234375 0.8345892734375 0.1687402265625 0.83550864453125 0.17297488671875 0.842510634765625 0.17828547265625 0.878113681640625 0.2153311328125 1 0.240570177734375 1
0 0 0.548606255859375 0.00191761328125 0.54133319140625 0.006903091796875 0.537726927734375 0.043883072265625 0.534099974609375 0.04990226171875 0.54253142578125 0.077463646484375 0.545989470703125 0.084191046875 0.551188328125 0.092093796875 0.5677783828125 0.095336962890625 0.57930600390625 0.09447290625 0.585643669921875 0.108182189453125 0.623604455078125 0.11234622265625 0.618960203125 0.12387563671875 0.58069696875 0.144794845703125 0.564204841796875 0.1418065546875 0.5563012890625 0.14295389453125 0.5486705859375 0.14107033203125 0.540511982421875 0.12724781640625 0.49828061328125 0.117928646484375 0.488155748046875 0.113665974609375 0.462131861328125 0.118821501953125 0.4529619765625 0.123509494140625 0.4531073046875 0.1310157265625 0.466719810546875 0.134980912109375 0.496495287109375 0.152301470703125 0.553878345703125 0.158179017578125 0.562956318359375 0.20042776171875 0.554430064453125 0.202141666015625 0.54421328515625 0.2223242578125 0.535870857421875 0.231898302734375 0.5496197890625 0.253709580078125 0.54581189453125 0.2560890859375 0.539738177734375 0.24900777734375 0.5241861171875 0.249616955078125 0.514224384765625 0.239122828125 0.468769322265625 0.239038 0.4595816328125 0.243456912109375 0.4585614453125 0.24818712109375 0.47527012109375 0.2532432265625 0.4833101015625 0.26569271875 0.476753 0.281385380859375 0.481723517578125 0.28508187890625 0.486394478515625 0.286512107421875 0.501409740234375 0.277475828125 0.51393083984375 0.2759741875 0.53514733984375 0.2791463359375 0.55896772265625 0.3110256328125 0.67437145703125 0.31717226171875 0.68461494140625 0.33215789453125 0.621001048828125 0.378698111328125 0.60964257421875 0.37900980078125 0.60343243359375 0.358021544921875 0.512522306640625 0.349934935546875 0.48001542578125 0.34584191796875 0.47236691796875 0.3490570703125 0.464872640625 0.353249119140625 0.47925028515625 0.358446865234375 0.486643748046875 0.37263709765625 0.5607087734375 0.38425015625 0.60345023828125 0.388484818359375 0.6104522265625 0.39426333203125 0.612801060546875 0.4000844609375 0.60777423828125 0.484256052734375 0.599390423828125 0.4944388828125 0.627116626953125 0.50265332421875 0.6374965390625 0.49902744921875 0.644471818359375 0.5005993203125 0.6588405625 0.4986305390625 0.6654332734375 0.502935822265625 0.68408150390625 0.512977404296875 0.68851522265625 0.52637578125 0.684808146484375 0.529151802734375 0.6817119765625 0.52654622265625 0.65530551953125 0.531800783203125 0.6528647734375 0.517100796875 0.571551615234375 0.501749021484375 0.50757584375 0.496041521484375 0.49293425 0.49176425390625 0.49330791796875 0.488124173828125 0.50274175 0.482572521484375 0.484995083984375 0.475207931640625 0.470736060546875 0.46658316015625 0.435898150390625 0.467744703125 0.42580889453125 0.460464939453125 0.420737560546875 0.45244855859375 0.423815923828125 0.4561020546875 0.45980154296875 0.4462025078125 0.430782302734375 0.442236927734375 0.424945828125 0.42127550390625 0.424874607421875 0.40946359375 0.416552875 0.403656671875 0.41912114453125 0.40239609765625 0.42248126171875 0.413089076171875 0.433516595703125 0.421515783203125 0.45489623046875 0.42742134375 0.482996099609375 0.417719072265625 0.515313138671875 0.40117655859375 0.514221734375 0.382453392578125 0.4847843125 0.375967060546875 0.461729072265625 0.3695655546875 0.44786151953125 0.363503755859375 0.44680572265625 0.3599488984375 0.441488244140625 0.351564013671875 0.460610958984375 0.346139798828125 0.444676326171875 0.3289316875 0.439441857421875 0.323564287109375 0.413673017578125 0.330023 0.393767357421875 0.32913132421875 0.357144123046875 0.318409939453125 0.35102589453125 0.31845255078125 0.34365023828125 0.311158978515625 0.317098453125 0.313963408203125 0.3090851796875 0.313212982421875 0.295754427734375 0.310352130859375 0.28966290625 0.296245544921875 0.296602578125 0.2841929609375 0.282198224609375 0.264307859375 0.2867890625 0.258288669921875 0.278357611328125 0.253331595703125 0.277046767578125 0.23950829296875 0.28269340234375 0.242836287109375 0.303408712890625 0.254350708984375 0.31548203515625 0.261148732421875 0.33232713671875 0.265213341796875 0.344892748046875 0.266898447265625 0.363532076171875 0.255780150390625 0.378375302734375 0.240880525390625 0.379359880859375 0.23064048828125 0.38540688671875 0.2109250390625 0.40837310546875 0.182187908203125 0.417462869140625 0.182272736328125 0.426650556640625 0.19143566796875 0.46381949609375 0.191492087890625 0.4779242890625 0.17890173828125 0.43724990625 0.1716503828125 0.427261466796875 0.171466130859375 0.435283642578125 0.178745498046875 0.46429398046875 0.1771874375 0.4714056875 0.168392619140625 0.442131400390625 0.158974416015625 0.4252773984375 0.15319590234375 0.422928564453125 0.118396970703125 0.43096253125 0.109332677734375 0.42446173046875 0.09906423046875 0.435425845703125 0.084745376953125 0.43136579296875 0.058670642578125 0.457027802734375 0.039068822265625 0.460325603515625 0.029324333984375 0.476079298828125 0.00943923046875 0.480670134765625 0 0.487221244140625 0 0.548606255859375
0 1 0.443032197265625 0.9770398671875 0.3435809375 0.95851260546875 0.337672744140625 0.948839134765625 0.341133677734375 0.950368392578125 0.362878078125 0.937409146484375 0.362187046875 0.929166296875 0.356724240234375 0.92225464453125 0.359547556640625 0.922197830078125 0.369381765625 0.91936538671875 0.358373138671875 0.927240123046875 0.355941294921875 0.9263196484375 0.34817416796875 0.914833634765625 0.33118373828125 0.9067186171875 0.3035939609375 0.89381618359375 0.29306872265625 0.893462275390625 0.282715517578125 0.900005814453125 0.271997548828125 0.88970935546875 0.263939763671875 0.883350068359375 0.266635556640625 0.882627654296875 0.272326703125 0.888306748046875 0.29188540234375 0.895698955078125 0.349105328125 0.893829205078125 0.362427177734375 0.88737088671875 0.358393833984375 0.879369103515625 0.335074642578125 0.878179154296875 0.350081 0.868817373046875 0.34733179296875 0.85167988671875 0.35374356640625 0.8359588203125 0.353690150390625 0.830080876953125 0.368551181640625 0.817362302734375 0.373942771484375 0.81635660546875 0.380926955078125 0.8221769453125 0.42377813671875 0.824867748046875 0.43543328125 0.83142509765625 0.446195763671875 0.8357587890625 0.459926888671875 0.83558873828125 0.465490513671875 0.824513052734375 0.472958080078125 0.810902408203125 0.4656654375 0.808268419921875 0.44417608203125 0.811356134765625 0.4348697734375 0.81005334375 0.421666544921875 0.799502404296875 0.386045689453125 0.790934052734375 0.36531257421875 0.782860859375 0.378225146484375 0.748954388671875 0.375004341796875 0.743204279296875 0.367738404296875 0.74205694140625 0.375369107421875 0.734833599609375 0.38440256640625 0.7163507109375 0.38498676953125 0.690446419921875 0.38114615234375 0.682529462890625 0.36701465234375 0.679073638671875 0.368426310546875 0.681608595703125 0.383186525390625 0.67580206640625 0.361815794921875 0.66794153125 0.3617890859375 0.6599531640625 0.383889349609375 0.663167923828125 0.400334072265625 0.6622470546875 0.416505947265625 0.668364880859375 0.4556055390625 0.665702091796875 0.46297229296875 0.66230308203125 0.454549744140625 0.662090814453125 0.443550021484375 0.6528284609375 0.423590947265625 0.643523888671875 0.387068529296875 0.644005232421875 0.399233763671875 0.63271728125 0.39570161328125 0.63060685546875 0.40294084375 0.63110240625 0.41264752734375 0.640548619140625 0.4485234296875 0.635180431640625 0.470632591796875 0.635817623046875 0.479692759765625 0.623396537109375 0.4813327578125 0.60805817578125 0.462776439453125 0.601259759765625 0.469870341796875 0.602647376953125 0.492261259765625 0.593809947265625 0.470362630859375 0.583768365234375 0.465928912109375 0.5762479296875 0.45477495703125 0.568996966796875 0.420847515625 0.56530046875 0.4161765546875 0.529453623046875 0.414631359375 0.516451763671875 0.421315984375 0.514596216796875 0.43217928125 0.526818455078125 0.464959015625 0.526180869140625 0.4798378515625 0.51630894140625 0.49377951171875 0.507343677734375 0.494007849609375 0.519650349609375 0.559914275390625 0.541743333984375 0.650569353515625 0.54542562890625 0.657698865234375 0.5645176953125 0.64715293359375 0.570961810546875 0.653644830078125 0.580719716796875 0.6833105859375 0.586001896484375 0.7238307421875 0.59748791015625 0.740821169921875 0.59755853515625 0.752467412109375 0.592346587890625 0.747532501953125 0.592133927734375 0.76047178125 0.61383 0.87208831640625 0.624677640625 0.9518355859375 0.631099994140625 0.982885234375 1 0.897717958984375 1 0.476151986328125 0.997331568359375 0.469275060546875 1 0.464622857421875 1 0.443032197265625
0 0.859272916015625 0.25684875 0.856313033203125 0.244028091796875 0.853437978515625 0.24039512109375 0.822066466796875 0.251934533203125 0.826853490234375 0.258809 0.84171050390625 0.265200080078125 0.868351412109375 0.26089099609375 0.869470345703125 0.2581773984375 0.86686437109375 0.25570994140625 0.859272916015625 0.25684875
0 0.884187291015625 0.169458986328125 0.86672391015625 0.184539453125 0.864613484375 0.19177868359375 0.866992595703125 0.209643970703125 0.86553356640625 0.223484814453125 0.86945653515625 0.2366969453125 0.870603873046875 0.229066244140625 0.886608224609375 0.227826619140625 0.919098275390625 0.237512611328125 0.936788126953125 0.23097331640625 0.945540728515625 0.243684255859375 0.953665896484375 0.2423371484375 0.94709208203125 0.213862822265625 0.94239698828125 0.21494676953125 0.927497755859375 0.19199234375 0.923744837890625 0.17321658984375 0.911508001953125 0.166834412109375 0.897967982421875 0.1711880078125 0.884187291015625 0.169458986328125
0 0.469248705078125 0.26095837890625 0.48021037109375 0.297098228515625 0.506001427734375 0.296668259765625 0.507729142578125 0.3079319296875 0.4820797265625 0.307715380859375 0.483821646484375 0.316520501953125 0.489727603515625 0.320681369140625 0.523676681640625 0.316526515625 0.525772904296875 0.311745837890625 0.522529736328125 0.300218216796875 0.52629725390625 0.292596416015625 0.531778283203125 0.29869683984375 0.563532109375 0.29259352734375 0.583091318359375 0.2966713828125 0.58589575 0.288658111328125 0.589167322265625 0.295268626953125 0.623371279296875 0.29473783984375 0.64127339453125 0.299198267578125 0.65156985546875 0.30725605078125 0.65562105078125 0.2744022109375 0.653468408203125 0.265078095703125 0.65086243359375 0.262610640625 0.622182115234375 0.2618661953125 0.59412518359375 0.24870146484375 0.5816756875 0.255258568359375 0.57943782421875 0.260685765625 0.570090248046875 0.255478001953125 0.51822484765625 0.257630982421875 0.49069187109375 0.249255833984375 0.4790922265625 0.251933822265625 0.469248705078125 0.26095837890625