1 0.328125 0.53515625 0.203125 0.080078125
1 0.087890625 0.533203125 0.1484375 0.06640625
1 0.6640625 0.830078125 0.078125 0.076171875
1 0.56640625 0.8427734375 0.10546875 0.095703125
1 0.4462890625 0.84765625 0.076171875 0.083984375
1 0.4794921875 0.9658203125 0.103515625 0.068359375
1 0.3564453125 0.9755859375 0.095703125 0.048828125
1 0.212890625 0.880859375 0.07421875 0.078125
1 0.2666015625 0.9814453125 0.076171875 0.037109375
1 0.8115234375 0.6904296875 0.072265625 0.064453125
1 0.763671875 0.5908203125 0.08203125 0.09375
1 0.7353515625 0.5341796875 0.078125 0.060546875
1 0.4765625 0.51953125 0.068359375 0.0625
1 0.9619140625 0.5654296875 0.076171875 0.080078125
1 0.75390625 0.8232421875 0.072265625 0.087890625
1 0.59375 0.951171875 0.099609375 0.091796875
1 0.703125 0.9375 0.111328125 0.091796875
1 0.806640625 0.9140625 0.095703125 0.078125
1 0.3720703125 0.75390625 0.09765625 0.10546875
1 0.68359375 0.6220703125 0.046875 0.05859375
0 0.49515702734375 0.3649156015625 0.46977421875 0.38225641015625 0.376233666015625 0.39035398828125 0.36274097265625 0.40219359765625 0.27632587890625 0.409792916015625 0.25005499609375 0.42174776953125 0.38901251171875 0.42681848828125 0.411190169921875 0.422154501953125 0.41712413671875 0.4046171015625 0.42515919921875 0.4024986484375 0.447835380859375 0.419592017578125 0.494984767578125 0.420964771484375 0.498406552734375 0.411385978515625 0.512224197265625 0.40419340625 0.519414908203125 0.419256451171875 0.531629978515625 0.4184022890625 0.544928224609375 0.43303825390625 0.560673396484375 0.42415430859375 0.5754658984375 0.4309028515625 0.581248482421875 0.425828734375 0.5925324140625 0.43360091015625 0.60385941015625 0.427360796875 0.654972169921875 0.426899818359375 0.7371635390625 0.395468755859375 0.71682662109375 0.3898862109375 0.6263398359375 0.39777025 0.6236540859375 0.38861853515625 0.6156190234375 0.39073698828125 0.61065926171875 0.385635755859375 0.616896646484375 0.379751541015625 0.67335871875 0.36802039453125 0.675004359375 0.34766969140625 0.6882373515625 0.346744349609375 0.70040935546875 0.35990248046875 0.7080111484375 0.351587978515625 0.716111462890625 0.36503083203125 0.7351270390625 0.359031373046875 0.741667841796875 0.364800341796875 0.9601531640625 0.358861880859375 0.970765658203125 0.36434612890625 0.979060421875 0.35131341015625 0.9879620234375 0.3615870546875 0.991524751953125 0.36133792578125 0.986791900390625 0.293654994140625 0.925066154296875 0.2959387578125 0.692460421875 0.3339963515625 0.614881677734375 0.336308009765625 0.60944558203125 0.33902301953125 0.604074734375 0.357299333984375 0.49515702734375 0.3649156015625
0 0.861012771484375 0.901260310546875 0.8614023203125 0.884888908203125 0.86982693359375 0.8663990546875 0.87537134765625 0.86523305859375 0.844162234375 0.86508053125 0.810505541015625 0.85186816796875 0.8004346328125 0.85412898046875 0.794392349609375 0.8701173671875 0.783173669921875 0.87790649609375 0.795475525390625 0.885607494140625 0.829391919921875 0.887905587890625 0.851504984375 0.904260041015625 0.861012771484375 0.901260310546875
0 0.9293381875 0.59839616015625 0.935986654296875 0.5691343984375 0.9650078828125 0.545312822265625 0.96754159765625 0.530348072265625 0.97241457421875 0.526894146484375 0.970530111328125 0.5145732265625 0.96171529296875 0.512854740234375 0.9324774296875 0.533578291015625 0.929445849609375 0.563365427734375 0.920652564453125 0.554640794921875 0.886195236328125 0.581177380859375 0.89678619921875 0.593667775390625 0.91136206640625 0.59731829296875 0.915737177734375 0.608686755859375 0.9293381875 0.59839616015625
0 0.82001005078125 0.665969720703125 0.82481777734375 0.64695448828125 0.847320390625 0.6469375390625 0.856416439453125 0.630735615234375 0.869324478515625 0.625163234375 0.874435625 0.617801189453125 0.872226208984375 0.600833232421875 0.8672664453125 0.595731998046875 0.8551596953125 0.598135171875 0.811237642578125 0.6136591953125 0.809288583984375 0.62235671484375 0.8168473125 0.62805450390625 0.81377201171875 0.63527419140625 0.805736951171875 0.63739264453125 0.801123671875 0.62993230078125 0.79986758203125 0.6339116015625 0.802467201171875 0.67108790234375 0.82001005078125 0.665969720703125
0 0.710118798828125 0.73280436328125 0.744251828125 0.738200482421875 0.738597783203125 0.66465798046875 0.73294505078125 0.664274962890625 0.71512096875 0.687313560546875 0.6724334765625 0.7058644296875 0.672477197265625 0.72843187890625 0.68363128125 0.74166119140625 0.710118798828125 0.73280436328125
0 0.789972208984375 0.76302196484375 0.798938408203125 0.752277171875 0.787892646484375 0.740596875 0.785336744140625 0.725988025390625 0.765454630859375 0.719595384765625 0.76140447265625 0.712873958984375 0.794865408203125 0.67940240625 0.795493126953125 0.6591228828125 0.79031673046875 0.650923625 0.7510510234375 0.659895697265625 0.74583155859375 0.665708732421875 0.749428224609375 0.7463997421875 0.752330609375 0.75864948046875 0.7620335 0.765753923828125 0.789972208984375 0.76302196484375
0 1 0.808292705078125 0.97644778515625 0.796679927734375 0.965986673828125 0.778732396484375 0.942314755859375 0.791283806640625 0.934539392578125 0.7824879921875 0.925594724609375 0.78622663671875 0.911040388671875 0.775569974609375 0.90532240625 0.759625654296875 0.868785513671875 0.7637371484375 0.8509392421875 0.7572021484375 0.8462391796875 0.741186646484375 0.83913525390625 0.73467876171875 0.80649713671875 0.757974962890625 0.815268890625 0.773705744140625 0.8278519765625 0.763486326171875 0.842102892578125 0.762489806640625 0.866988490234375 0.7965511328125 0.919834330078125 0.820874353515625 0.927046572265625 0.82893125 0.927804794921875 0.83977433984375 0.9213292421875 0.849566673828125 0.9354072421875 0.868039580078125 0.948163900390625 0.874930482421875 0.9970241796875 0.871513837890625 1 0.872432197265625 1 0.808292705078125
0 0.758029681640625 0.92791892578125 0.758007494140625 0.898345326171875 0.765154486328125 0.890840919921875 0.8095098046875 0.8815129453125 0.827247759765625 0.886498935546875 0.860536435546875 0.9090765546875 0.862311923828125 0.883268716796875 0.870043568359375 0.869497080078125 0.882475271484375 0.871740943359375 0.883623044921875 0.866212630859375 0.844162234375 0.86508053125 0.81355930859375 0.85165462890625 0.797272546875 0.852793509765625 0.793374427734375 0.870188548828125 0.778647177734375 0.879001310546875 0.758721998046875 0.88662096484375 0.73793027734375 0.881848513671875 0.721860154296875 0.886085419921875 0.719802775390625 0.893233927734375 0.733815521484375 0.89614552734375 0.7519221484375 0.928346005859375 0.758029681640625 0.92791892578125
0 0.647509400390625 0.941873603515625 0.644130681640625 0.93744010546875 0.64384879296875 0.918780775390625 0.65805598828125 0.8952168046875 0.67884770703125 0.899989251953125 0.7167490078125 0.893447466796875 0.700375462890625 0.886031189453125 0.63715594921875 0.888895341796875 0.625438748046875 0.87492711328125 0.61950412890625 0.855884767578125 0.610342826171875 0.856525388671875 0.601593259765625 0.870368205078125 0.599601134765625 0.893078015625 0.55446605859375 0.898569048828125 0.556328990234375 0.917896115234375 0.626457326171875 0.911435677734375 0.643654345703125 0.94525634765625 0.647509400390625 0.941873603515625
0 0.096699115234375 0.649615314453125 0.10809070703125 0.62235676171875 0.12463716796875 0.61030361328125 0.1324340625 0.612093283203125 0.137134126953125 0.628108783203125 0.149349197265625 0.62725462109375 0.14646834375 0.607998734375 0.152922365234375 0.605212546875 0.163512669921875 0.581123197265625 0.174384865234375 0.5756931796875 0.184672408203125 0.576530390625 0.19342262890625 0.599267318359375 0.2139324609375 0.585380435546875 0.23327298828125 0.584028013671875 0.23827581640625 0.57511695703125 0.235958083984375 0.556599986328125 0.23089000390625 0.549949740234375 0.20780273828125 0.55623391796875 0.176030505859375 0.5553424765625 0.17330169140625 0.560203052734375 0.16177958984375 0.556338998046875 0.142287681640625 0.57015469921875 0.1231637890625 0.574605146484375 0.04664603125 0.562833333984375 0.028431744140625 0.565663587890625 0.026331302734375 0.586824384765625 0.019639115234375 0.593518697265625 0.0183614921875 0.60450414453125 0.02953710546875 0.610727310546875 0.034236513671875 0.59016306640625 0.042596529296875 0.592691650390625 0.05615512890625 0.632993091796875 0.066767625 0.63847733984375 0.07021159765625 0.658472142578125 0.096699115234375 0.649615314453125
0 0.309841017578125 0.984164716796875 0.3079350234375 0.9788499453125 0.302390609375 0.980015939453125 0.300072876953125 0.96149897265625 0.292642033203125 0.840604814453125 0.2852346875 0.822443748046875 0.290800634765625 0.814271603515625 0.289500826171875 0.795683453125 0.278584908203125 0.77854601953125 0.272932177734375 0.77816300390625 0.27104771484375 0.765842083984375 0.269899287109375 0.734790654296875 0.2722816171875 0.732289185546875 0.2759852890625 0.741369720703125 0.28007851171875 0.734078853515625 0.2757901875 0.731265548828125 0.27620126953125 0.707888 0.25592894921875 0.681287017578125 0.2608665234375 0.656814654296875 0.2491277890625 0.649852572265625 0.245381052734375 0.654784330078125 0.232949345703125 0.652540466796875 0.231650193359375 0.67053205859375 0.226105775390625 0.6716980546875 0.21859076953125 0.68856771875 0.21694512890625 0.708918419921875 0.204751591796875 0.702766435546875 0.204470359375 0.720686849609375 0.217919986328125 0.722859533203125 0.224374662109375 0.756653087890625 0.232583294921875 0.771644953125 0.252920212890625 0.77722749609375 0.260890677734375 0.796127484375 0.26288345703125 0.809997416015625 0.25969983984375 0.81566808984375 0.24226530859375 0.822335283203125 0.24599116796875 0.86098941796875 0.26041565234375 0.877103212890625 0.262300115234375 0.8894241328125 0.25153623828125 0.8964031640625 0.2482880234375 0.92309227734375 0.23771924609375 0.940175478515625 0.2278649765625 0.94553431640625 0.222277494140625 0.96071260546875 0.227345576171875 0.9673628515625 0.250541158203125 0.962627685546875 0.28172873828125 0.969786357421875 0.288919447265625 0.984849404296875 0.306202599609375 0.99064548828125 0.309841017578125 0.984164716796875
0 0.427097208984375 0.9860831796875 0.43227294921875 0.9577026953125 0.4810679765625 0.93872474609375 0.499282265625 0.9358944921875 0.527048060546875 0.952631958984375 0.54424442578125 0.94987288671875 0.549463888671875 0.944059853515625 0.55024298828125 0.911317048828125 0.547210751953125 0.9045244453125 0.54121153515625 0.906500537109375 0.526440564453125 0.892745849609375 0.52342986328125 0.878947095703125 0.512513947265625 0.8618096640625 0.5074243359375 0.862165564453125 0.5041108671875 0.87329337109375 0.48996826953125 0.875838904296875 0.476475578125 0.887678513671875 0.472469140625 0.9035245390625 0.458218224609375 0.90452105859375 0.45672396875 0.912408484375 0.446653060546875 0.914669296875 0.441021859375 0.9072801328125 0.431860556640625 0.90792075390625 0.428222138671875 0.914401525390625 0.4244101484375 0.9037719765625 0.420446775390625 0.905605708984375 0.41414413671875 0.89592862109375 0.408707384765625 0.862063884765625 0.404765544921875 0.85689147265625 0.38847878515625 0.858030353515625 0.381504708984375 0.84606533203125 0.36218571484375 0.840411607421875 0.373750880859375 0.830263373046875 0.37390226171875 0.81780009375 0.346114935546875 0.808068771484375 0.334570646484375 0.774631115234375 0.321900775390625 0.776295373046875 0.320991826171875 0.814495310546875 0.29972376953125 0.817539103515625 0.295954845703125 0.792897263671875 0.304772283203125 0.940934728515625 0.3065699609375 0.94470048828125 0.3136086328125 0.9356470703125 0.31421547265625 0.9589534375 0.326517328125 0.966654435546875 0.393700212890625 0.961956548828125 0.398551658203125 0.965508771484375 0.4026886015625 0.980785357421875 0.41351773046875 0.989367630859375 0.427097208984375 0.9860831796875