1 0.3837890625 0.6591796875 0.15625 0.267578125
1 0.5927734375 0.45703125 0.1171875 0.14453125
1 0.1865234375 0.1005859375 0.10546875 0.1328125
1 0.0625 0.7109375 0.099609375 0.1953125
1 0.298828125 0.1845703125 0.072265625 0.10546875
1 0.4423828125 0.1240234375 0.09375 0.138671875
1 0.8720703125 0.0576171875 0.13671875 0.107421875
1 0.73046875 0.0576171875 0.08203125 0.09765625
1 0.8193359375 0.267578125 0.193359375 0.2265625
1 0.5068359375 0.2294921875 0.099609375 0.111328125
1 0.005859375 0.1640625 0.01171875 0.08203125
1 0.390625 0.166015625 0.048828125 0.072265625
1 0.046875 0.248046875 0.0703125 0.072265625
1 0.3056640625 0.2724609375 0.0625 0.08984375
1 0.3759765625 0.26171875 0.052734375 0.08984375
1 0.65625 0.0205078125 0.0625 0.041015625
1 0.6298828125 0.6875 0.099609375 0.134765625
1 0.3349609375 0.0341796875 0.068359375 0.0390625
1 0.6357421875 0.095703125 0.09375 0.095703125
1 0.8046875 0.0927734375 0.111328125 0.099609375
1 0.193359375 0.310546875 0.060546875 0.083984375
1 0.02734375 0.58203125 0.052734375 0.0859375
1 0.21875 0.6953125 0.10546875 0.12890625
1 0.86328125 0.5712890625 0.06640625 0.1328125
0 0.492402447265625 0 0.492544728515625 0.00101237890625 0.501537083984375 0.00218778125 0.510515451171875 0.013731740234375 0.50921563671875 0.021232005859375 0.51298630078125 0.043874447265625 0.519020431640625 0.049124396484375 0.522051486328125 0.041380818359375 0.5190988125 0.01618422265625 0.512019765625 0.005592931640625 0.5245751015625 0 0.492402447265625 0
0 0.127646091796875 0.2645056796875 0.1145049375 0.269401544921875 0.114432107421875 0.27307057421875 0.126800123046875 0.287796943359375 0.13741447265625 0.2942325859375 0.15209635546875 0.279363396484375 0.164960185546875 0.2787751015625 0.172512619140625 0.26551769140625 0.1842222890625 0.2650916015625 0.190833498046875 0.270260451171875 0.195223208984375 0.261716126953125 0.180664556640625 0.26071321484375 0.172058771484375 0.249726693359375 0.14782144140625 0.25313302734375 0.142605302734375 0.245328919921875 0.1341171953125 0.2477414453125 0.127646091796875 0.2645056796875
0 0.9086966171875 0 0.9131151875 0.0059339765625 0.914868849609375 0.014224705078125 0.9353468359375 0.0552522578125 0.94104480078125 0.0581102578125 0.94143137109375 0.048299140625 0.933985294921875 0.007879267578125 0.9294275 0.015227615234375 0.9247320625 0 0.9086966171875 0
0 0.250813982421875 0.640516083984375 0.255825623046875 0.648958732421875 0.271502017578125 0.651633953125 0.301818330078125 0.67054564453125 0.317934583984375 0.6993804140625 0.321301806640625 0.694028787109375 0.32318425390625 0.657176271484375 0.32146700390625 0.647051029296875 0.302641875 0.63872033984375 0.290209466796875 0.64656559375 0.288573484375 0.65167391015625 0.282239599609375 0.6421974921875 0.27791428125 0.628170193359375 0.2715075703125 0.622362806640625 0.256503509765625 0.624471490234375 0.248892234375 0.63102937890625 0.250813982421875 0.640516083984375
0 0.556723978515625 0.101756439453125 0.56612533203125 0.101654763671875 0.570800806640625 0.1077054609375 0.580437517578125 0.134401875 0.56598255859375 0.1571665625 0.560688037109375 0.18230262890625 0.563464189453125 0.18740066015625 0.5665540859375 0.186356603515625 0.5870291875 0.179210421875 0.59100990234375 0.171943173828125 0.589261791015625 0.134381302734375 0.591334748046875 0.10725880078125 0.597959947265625 0.10205909375 0.608075599609375 0.075635662109375 0.607117501953125 0.05625673828125 0.602178689453125 0.04414505859375 0.59688972265625 0.040009978515625 0.592895017578125 0.05764577734375 0.554597734375 0.092908275390625 0.556723978515625 0.101756439453125
0 0.880911306640625 0.3043831796875 0.883037552734375 0.31323134375 0.896405630859375 0.316230978515625 0.901453685546875 0.322839111328125 0.915135505859375 0.319696658203125 0.920883873046875 0.310351587890625 0.933411533203125 0.30737133984375 0.93877333203125 0.307837388671875 0.945888791015625 0.3165941640625 0.958993533203125 0.313532814453125 0.977308859375 0.34754671875 0.983438787109375 0.3471974453125 0.97507563671875 0.2876905390625 0.95885342578125 0.29159973046875 0.95748078125 0.30276903125 0.9534412265625 0.30333675390625 0.95131498046875 0.29448858984375 0.946975673828125 0.290829841796875 0.880911306640625 0.3043831796875
0 0.770003056640625 0.45107716015625 0.756562150390625 0.451746556640625 0.75433509765625 0.467304529296875 0.75584784765625 0.4780683125 0.7490041640625 0.494275111328125 0.74034797265625 0.49549166015625 0.73479566796875 0.48529559765625 0.730010951171875 0.48474844921875 0.72867471875 0.494083232421875 0.731218396484375 0.52055691015625 0.721780630859375 0.522493099609375 0.718208912109375 0.528483265625 0.723220552734375 0.5369259140625 0.7291594296875 0.537310857421875 0.739014626953125 0.5530001796875 0.757635259765625 0.56196940625 0.763069884765625 0.558766421875 0.765397744140625 0.518802310546875 0.76958295703125 0.51089652734375 0.78177444921875 0.505524328125 0.783628921875 0.489408919921875 0.80411801171875 0.47189418359375 0.801246603515625 0.46193114453125 0.792363490234375 0.455252197265625 0.788660103515625 0.45821187109375 0.7844300390625 0.449049578125 0.773202193359375 0.444529556640625 0.770003056640625 0.45107716015625
0 0.8796676640625 0.3960278515625 0.88372964453125 0.40399416796875 0.885301236328125 0.42145747265625 0.8768271171875 0.413501443359375 0.873955708984375 0.403538404296875 0.87316014453125 0.4146266015625 0.854884115234375 0.42695191796875 0.851575736328125 0.43900306640625 0.854914978515625 0.454388546875 0.863389095703125 0.462344576171875 0.87274559765625 0.445174826171875 0.878925384765625 0.44308671484375 0.900731166015625 0.455876892578125 0.91685297265625 0.455440517578125 0.924200908203125 0.442821646484375 0.93449308203125 0.436496783203125 0.9325628984375 0.408107486328125 0.93637552734375 0.399644265625 0.945272630859375 0.395954662109375 0.94353295703125 0.377295380859375 0.91909112890625 0.381340255859375 0.908798955078125 0.38766512109375 0.891850720703125 0.3717530625 0.88285836328125 0.370577658203125 0.878541482421875 0.375452951171875 0.8796676640625 0.3960278515625
0 0.117398552734375 0.162280001953125 0.1126866640625 0.1580638203125 0.10917378515625 0.170753509765625 0.10217600390625 0.175395779296875 0.0954864140625 0.203167107421875 0.08865671484375 0.2090053515625 0.071249083984375 0.206573443359375 0.064783529296875 0.19406653125 0.051656365234375 0.18859384375 0.04470898828125 0.181033044921875 0.031626671875 0.19262843359375 0.044703435546875 0.210304189453125 0.051387474609375 0.21180400390625 0.063959986328125 0.2258918359375 0.077255236328125 0.232560498046875 0.080126642578125 0.242523537109375 0.078835263671875 0.268926396484375 0.054474701171875 0.288204830078125 0.0449501171875 0.30417860546875 0.040333482421875 0.304827431640625 0.02619781640625 0.29217888671875 0.013238732421875 0.28790217578125 0.009490494140625 0.273793775390625 0.007095359375 0.288155771484375 0.01134784765625 0.305852099609375 0.036047462890625 0.33713935546875 0.039137357421875 0.336095298828125 0.06362958984375 0.319847353515625 0.069932609375 0.30188714453125 0.08630931640625 0.288609162109375 0.09862404296875 0.26736486328125 0.110647455078125 0.2607966875 0.111647517578125 0.249069953125 0.10634167578125 0.20712969140625 0.111753876953125 0.195392671875 0.113008841796875 0.170824326171875 0.11756663671875 0.163475978515625 0.133352275390625 0.16064765234375 0.117398552734375 0.162280001953125
0 0.25649153515625 0.180539314453125 0.257841755859375 0.1608359765625 0.265965716796875 0.176768607421875 0.2732183984375 0.159284728515625 0.273173546875 0.142216654296875 0.270002388671875 0.1280271484375 0.275042005859375 0.11573269140625 0.287306330078125 0.1066914609375 0.297861841796875 0.106427578125 0.302405646484375 0.10944778515625 0.3066357109375 0.118610076171875 0.3114848203125 0.096585603515625 0.30834163671875 0.061658990234375 0.2908303125 0.035459482421875 0.26000419921875 0.0422310078125 0.254883314453125 0.03929190625 0.23973359375 0.048738650390625 0.22184413671875 0.0512528515625 0.2211578125 0.0568375 0.230721697265625 0.0872029453125 0.23487337890625 0.129305412109375 0.2303604375 0.1537218359375 0.21021594921875 0.192531115234375 0.21076505078125 0.213187119140625 0.214563693359375 0.215092451171875 0.2161408359375 0.20328461328125 0.22633775390625 0.192094740234375 0.24191889453125 0.189904953125 0.2434232109375 0.181766146484375 0.240506951171875 0.154735033203125 0.254729435546875 0.1533459921875 0.254788275390625 0.160045515625 0.250580638671875 0.15941726171875 0.245445763671875 0.166846712890625 0.24530010546875 0.174184775390625 0.24891667578125 0.185262685546875 0.25649153515625 0.180539314453125
0 0.46503659375 0 0.4081958984375 0.007988439453125 0.40696891015625 0.01181967578125 0.39600440234375 0.01336063671875 0.394113517578125 0.0313105625 0.3979345859375 0.041749931640625 0.399615421875 0.05370969140625 0.398183935546875 0.058179470703125 0.367503478515625 0.05761293359375 0.366240076171875 0.063278685546875 0.369697 0.0920632109375 0.360486158203125 0.1018948984375 0.3652428984375 0.12317915625 0.369341291015625 0.12931095703125 0.379224470703125 0.124263171875 0.40462439453125 0.13959722265625 0.404674796875 0.12739415234375 0.397419232421875 0.09670429296875 0.3975200390625 0.072298158203125 0.400755591796875 0.0639160390625 0.409338951171875 0.066368521484375 0.4157372265625 0.053273318359375 0.422275607421875 0.0621111953125 0.437688666015625 0.05872543359375 0.461948421875 0.06385313671875 0.48041495703125 0.061257833984375 0.486112921875 0.064115833984375 0.496136205078125 0.081001130859375 0.508400529296875 0.071959900390625 0.50723793359375 0.053219515625 0.501262640625 0.054669087890625 0.4925616015625 0.038817560546875 0.478112193359375 0.032311103515625 0.469688478515625 0.012152005859375 0.47441087109375 0 0.46503659375 0
0 0.40132755078125 0.344343314453125 0.41596746875 0.36057978515625 0.42924029296875 0.358714412109375 0.43351232421875 0.33677104296875 0.428069259765625 0.321071435546875 0.419581154296875 0.3234839609375 0.418536240234375 0.318142619140625 0.430792125 0.290198798828125 0.4364676640625 0.284522759765625 0.446972771484375 0.296461947265625 0.456301294921875 0.3000293046875 0.46404423828125 0.29650190625 0.467652373046875 0.2886772265625 0.4703556953125 0.297444287109375 0.47974305859375 0.3077111640625 0.48856733203125 0.307690591796875 0.485578244140625 0.284328509765625 0.48125292578125 0.270301212890625 0.474773384765625 0.26816285546875 0.471428587890625 0.28204851953125 0.4689521875 0.28117695703125 0.46391812109375 0.26420026953125 0.460197859375 0.22935476171875 0.44373988671875 0.227399185546875 0.440246548828125 0.200449173828125 0.42931845703125 0.200155619140625 0.4236933203125 0.19362858984375 0.40822430859375 0.23848856640625 0.39400182421875 0.23987760546875 0.401974576171875 0.292419443359375 0.39876144921875 0.309335599609375 0.3832755625 0.316390392578125 0.369162322265625 0.312275888671875 0.352886421875 0.301147732421875 0.347860791015625 0.30307363671875 0.343025669921875 0.3147295546875 0.33436948046875 0.315946103515625 0.336050314453125 0.32790586328125 0.343216177734375 0.3244595703125 0.34319375390625 0.31592553125 0.351712720703125 0.34094963671875 0.365980056640625 0.356628671875 0.369837541015625 0.365233525390625 0.359385720703125 0.3892650078125 0.34678523046875 0.39591428515625 0.348838646484375 0.408431478515625 0.3475836796875 0.43299982421875 0.35068201171875 0.450858359375 0.341412330078125 0.45399052734375 0.3391628515625 0.461014462890625 0.36094620703125 0.4652706015625 0.371851873046875 0.457030119140625 0.379858154296875 0.459563705078125 0.39992426171875 0.453694599609375 0.39681194140625 0.446204619140625 0.38806049609375 0.44255616015625 0.381463275390625 0.427018759765625 0.3723279296875 0.355736537109375 0.384592251953125 0.346695306640625 0.3859648984375 0.3355260078125 0.391976603515625 0.332241921875 0.396929404296875 0.333985046875 0.40132755078125 0.344343314453125
0 0.542429318359375 0.483670359375 0.538235666015625 0.4726735546875 0.520178125 0.47399177734375 0.509913931640625 0.45957953515625 0.492111291015625 0.448056150390625 0.488099712890625 0.427886765625 0.4895816015625 0.411213919921875 0.501700265625 0.40951075390625 0.5082386484375 0.418348630859375 0.5151636015625 0.417375392578125 0.523592865234375 0.408263345703125 0.5207354453125 0.387931755859375 0.51424746875 0.36689080859375 0.51372923046875 0.37367143359375 0.5092806796875 0.375516236328125 0.49775308203125 0.36676974609375 0.50000255859375 0.359745810546875 0.504619193359375 0.359096986328125 0.509381484375 0.35111009765625 0.508950064453125 0.343853138671875 0.501352779296875 0.34004247265625 0.49156485546875 0.349955265625 0.473098318359375 0.352550568359375 0.461038494140625 0.360953259765625 0.460242927734375 0.372041455078125 0.466131400390625 0.384629466796875 0.46783466015625 0.405123265625 0.46361303515625 0.414863564453125 0.455088513671875 0.41911060546875 0.4730368125 0.423295927734375 0.479561205078125 0.442502357421875 0.467983205078125 0.445958939453125 0.46342541015625 0.453307287109375 0.464865330078125 0.4677401015625 0.4707538046875 0.48032811328125 0.463924107421875 0.486166359375 0.465795451171875 0.5078561328125 0.463064150390625 0.519826177734375 0.481866853515625 0.519622828125 0.505162958984375 0.53464275 0.5153823046875 0.53198691796875 0.522357658203125 0.518810609375 0.53091859375 0.5127290546875 0.539742865234375 0.512708482421875 0.54734015234375 0.516519146484375 0.555668611328125 0.53181323828125 0.560184439453125 0.55557055078125 0.559915548828125 0.578780712890625 0.5682440078125 0.594074802734375 0.572502048828125 0.58249998828125 0.581567236328125 0.580006361328125 0.6146736875 0.59364753125 0.6536601796875 0.60097412109375 0.65452857421875 0.58621689453125 0.6503489140625 0.564851533203125 0.647740845703125 0.56094948046875 0.63470893359375 0.560341798828125 0.627307708984375 0.536990001953125 0.61379397265625 0.5413284296875 0.59645916796875 0.535227490234375 0.59008887109375 0.5275855859375 0.564820615234375 0.51528202734375 0.548903306640625 0.515079861328125 0.5464633203125 0.512373783203125 0.542429318359375 0.483670359375
0 0 0.112286654296875 0.0106275625 0.11020776953125 0.01297229296875 0.10804883984375 0.00787938671875 0.0843726328125 0.009179203125 0.07687236328125 0.02116619921875 0.072138703125 0.028077162109375 0.08153401953125 0.025550357421875 0.092865525390625 0.027830697265625 0.11327821875 0.031856265625 0.123079048828125 0.036713810546875 0.119957169921875 0.037509375 0.108868974609375 0.068985400390625 0.0983473125 0.08841003515625 0.115130935546875 0.09567958984375 0.135452240234375 0.099887228515625 0.1360804921875 0.129668427734375 0.12396762890625 0.14405899609375 0.123774564453125 0.140630048828125 0.074252931640625 0.137313232421875 0.06740148828125 0.133429208984375 0.04660437890625 0.126812033203125 0.047534361328125 0.1242000546875 0.05156024609375 0.1201605 0.05212796875 0.117651658203125 0.04882176953125 0.08206365625 0.0538233359375 0.0834767734375 0.073748111328125 0.078414728515625 0.07750853125 0.0611751796875 0.07627259765625 0.0500201640625 0.06808354296875 0.046304791015625 0.05884891796875 0 0.065356630859375 0 0.112286654296875
0 0.28401547265625 0.533403642578125 0.290926435546875 0.54279895703125 0.298428466796875 0.541744615234375 0.30609014453125 0.522983658203125 0.304504564453125 0.51588890625 0.294912703125 0.50626056640625 0.294531685546875 0.486800541015625 0.305115173828125 0.46579955078125 0.308451533203125 0.433011294921875 0.32149743359375 0.423250423828125 0.31958123828125 0.38449257421875 0.31276553125 0.379962265625 0.290909345703125 0.379375158203125 0.28047706640625 0.363766939453125 0.26520966796875 0.359814640625 0.254032224609375 0.343091548828125 0.247348185546875 0.341591732421875 0.229758482421875 0.348332400390625 0.2332433828125 0.356379818359375 0.2361232265625 0.385245447265625 0.238154216796875 0.389228603515625 0.243347931640625 0.38849867578125 0.245969990234375 0.382032177734375 0.248505228515625 0.38960326171875 0.247818908203125 0.395187912109375 0.241230123046875 0.3985531015625 0.23339192578125 0.3972154921875 0.230425263671875 0.382387447265625 0.227072029296875 0.377370521484375 0.211636546875 0.37222224609375 0.1845138203125 0.376034095703125 0.171095337890625 0.38523753125 0.15376053515625 0.37913658984375 0.14058296484375 0.385866970703125 0.141336564453125 0.405884435546875 0.138255107421875 0.425831080078125 0.147138220703125 0.43251003125 0.15711665234375 0.43232725390625 0.161719296875 0.44204698046875 0.158483744140625 0.45042909765625 0.14670124609375 0.454524216796875 0.14255244921875 0.460595486328125 0.150026501953125 0.480278251953125 0.150648431640625 0.497265224609375 0.1465808984375 0.518570052734375 0.159321494140625 0.533853859375 0.16994428125 0.559192091796875 0.173706509765625 0.562931939453125 0.1966440234375 0.567025873046875 0.211933849609375 0.5795122109375 0.239115416015625 0.5823998828125 0.243832857421875 0.55734491796875 0.2386531328125 0.54770629296875 0.226680125 0.5420713984375 0.222822642578125 0.53346654296875 0.224531455078125 0.524689197265625 0.223186787109375 0.515121388671875 0.22677249609375 0.498762669921875 0.240232943359375 0.45845357421875 0.24763971875 0.4525342265625 0.263820365234375 0.458797373046875 0.274479568359375 0.48230108984375 0.28401547265625 0.533403642578125
0 0.431952271484375 0.512002681640625 0.42908086328125 0.50203964453125 0.425892830078125 0.45004495703125 0.4319913515625 0.43272328515625 0.445673171875 0.429580833984375 0.447586482421875 0.420164947265625 0.439280447265625 0.413404892578125 0.4203320859375 0.4209463046875 0.41186640625 0.4318928671875 0.410698259765625 0.442423625 0.414351244140625 0.45166701953125 0.4099251171875 0.462045859375 0.41167878125 0.47033658984375 0.4206935625 0.48004603125 0.423573408203125 0.50891166015625 0.427131138671875 0.513290046875 0.4231140078125 0.522391806640625 0.429069759765625 0.56058193359375 0.42894652734375 0.576454033203125 0.432190513671875 0.586974505859375 0.434347623046875 0.62325930078125 0.436196541015625 0.63641503515625 0.439345275390625 0.64207050390625 0.4359445234375 0.697430380859375 0.437121107421875 0.705802212890625 0.441928251953125 0.714883400390625 0.441564107421875 0.733228556640625 0.448679568359375 0.741985330078125 0.4560499296875 0.737900498046875 0.46272553125 0.720497724609375 0.458713955078125 0.700328337890625 0.461700158203125 0.675516685546875 0.4533856875 0.649854041015625 0.451273431640625 0.630637322265625 0.447043365234375 0.62147503125 0.442768451171875 0.595244662109375 0.44039841015625 0.54069581640625 0.44886408984375 0.5297492578125 0.442362123046875 0.519076861328125 0.431952271484375 0.512002681640625
0 0.5465361484375 0.50870475390625 0.542261234375 0.482474384765625 0.538067583984375 0.471477578125 0.534532279296875 0.475633228515625 0.52190936328125 0.47374846875 0.5114042578125 0.461809279296875 0.492279375 0.449252126953125 0.488962556640625 0.44240068359375 0.487113638671875 0.429244947265625 0.490326763671875 0.41232879296875 0.498646787109375 0.40872029296875 0.51261437109375 0.420172861328125 0.519444068359375 0.414334615234375 0.520276046875 0.401411904296875 0.515723806640625 0.379489107421875 0.50370039453125 0.38605728125 0.49445869140625 0.368452341796875 0.4964084140625 0.3572019375 0.4945455078125 0.354414755859375 0.471126169921875 0.355266931640625 0.46137466015625 0.3633452109375 0.459665849609375 0.372122556640625 0.466708478515625 0.38454836328125 0.469134478515625 0.39762299609375 0.466644087890625 0.407119986328125 0.461450375 0.407849916015625 0.459573478515625 0.415431287109375 0.452780197265625 0.419435017578125 0.47476805078125 0.4230526171875 0.479561205078125 0.442502357421875 0.466420048828125 0.447398224609375 0.462439333984375 0.45466546875 0.464792501953125 0.471409130859375 0.472076046875 0.4813618828125 0.46857715625 0.483683017578125 0.463865267578125 0.479466837890625 0.46471412109375 0.504349306640625 0.455803029296875 0.51840746484375 0.456884361328125 0.521914287109375 0.48162594140625 0.5220958828125 0.494439365234375 0.53371065625 0.506821369140625 0.53806847265625 0.5164636328125 0.535493740234375 0.526397212890625 0.51824288671875 0.538756791015625 0.5140666640625 0.5479032421875 0.52680659765625 0.553550802734375 0.5418676640625 0.55469941015625 0.570976603515625 0.564372537109375 0.595838501953125 0.566731255859375 0.583311021484375 0.5748831953125 0.578506544921875 0.615446830078125 0.574025296875 0.6180548984375 0.577927349609375 0.618581576171875 0.59004931640625 0.621934806640625 0.595066244140625 0.63479863671875 0.59447794921875 0.639678609375 0.599890107421875 0.6536601796875 0.60097412109375 0.649589763671875 0.57410521484375 0.64151065234375 0.575240658203125 0.63622168359375 0.571105580078125 0.632781634765625 0.58012623828125 0.61874122265625 0.572342701171875 0.61666537890625 0.55129146875 0.612807896484375 0.542686611328125 0.596218255859375 0.53770054296875 0.585881232421875 0.526957333984375 0.571527078125 0.525315880859375 0.5531109453125 0.515708115234375 0.5465361484375 0.50870475390625
0 0.510461015625 0.93453626953125 0.5085532578125 0.91468101171875 0.50678560546875 0.916758837890625 0.510461015625 0.93453626953125
0 0.88834116015625 0.68385371875 0.885301669921875 0.67269470703125 0.8670704921875 0.70208809765625 0.8612772734375 0.694365091796875 0.8549882421875 0.70195675 0.865675421875 0.704723359375 0.875421376953125 0.725916228515625 0.870849595703125 0.74363312890625 0.872939423828125 0.75431580859375 0.87052186328125 0.76014376953125 0.851091677734375 0.772631291015625 0.825627359375 0.77986886328125 0.82263271875 0.78577792578125 0.827462287109375 0.80339315234375 0.8348775 0.81637639453125 0.84260645703125 0.82321755078125 0.8495762578125 0.839312388671875 0.854019255859375 0.866738732421875 0.85916256640625 0.87821187109375 0.8563948515625 0.892016431640625 0.858120537109375 0.921044267578125 0.863541173828125 0.928209837890625 0.86893938671875 0.926841369140625 0.879195142578125 0.92235101953125 0.881276537109375 0.914131109375 0.88039126953125 0.89108315234375 0.873808037109375 0.86517719921875 0.879124982421875 0.848575169921875 0.885002134765625 0.79408685546875 0.89422696484375 0.77388661328125 0.90744938671875 0.78422430859375 0.914315498046875 0.776551546875 0.89869505859375 0.73240211328125 0.8957927890625 0.695002447265625 0.88834116015625 0.68385371875