1 0.3974609375 0.826171875 0.119140625 0.216796875
1 0.4482421875 0.732421875 0.060546875 0.076171875
1 0.7021484375 0.5810546875 0.34765625 0.17578125
1 0.419921875 0.5615234375 0.076171875 0.08203125
1 0.970703125 0.513671875 0.05859375 0.10546875
1 0.953125 0.6865234375 0.09375 0.224609375
1 0.751953125 0.388671875 0.181640625 0.11328125
1 0.6259765625 0.396484375 0.107421875 0.1015625
1 0.9375 0.3623046875 0.11328125 0.09765625
1 0.42578125 0.4091796875 0.109375 0.142578125
1 0.3759765625 0.3251953125 0.0625 0.07421875
1 0.0859375 0.3759765625 0.171875 0.228515625
1 0.3720703125 0.220703125 0.09375 0.060546875
1 0.953125 0.19921875 0.0625 0.126953125
1 0.8173828125 0.0244140625 0.033203125 0.048828125
1 0.19921875 0.2041015625 0.0703125 0.072265625
0 0.93719273828125 0.3997799375 0.92641494140625 0.396802421875 0.9177992578125 0.384967642578125 0.912263384765625 0.385354748046875 0.913829412109375 0.395816900390625 0.9070050859375 0.405622037109375 0.85275354296875 0.409415673828125 0.837391888671875 0.42043966015625 0.81635557421875 0.4219106640625 0.8093842734375 0.4335916640625 0.80059549609375 0.41928154296875 0.797620158203125 0.42446449609375 0.76210403515625 0.42570430078125 0.76095436328125 0.445062421875 0.75663833203125 0.45096098828125 0.752010421875 0.444444119140625 0.7535323984375 0.434387896484375 0.75158587890625 0.42643980078125 0.733577142578125 0.431430267578125 0.731302365234375 0.4346986484375 0.732548326171875 0.44456131640625 0.731000228515625 0.450266330078125 0.72499731640625 0.4519298203125 0.72156312890625 0.446573201171875 0.7207842109375 0.435434150390625 0.717903609375 0.4300388203125 0.697420884765625 0.431471111328125 0.69592502734375 0.44587854296875 0.6931832109375 0.4504233046875 0.689922115234375 0.44754203125 0.684982328125 0.428609728515625 0.648878306640625 0.43735298828125 0.60109671875 0.43820675390625 0.58618417578125 0.431787193359375 0.581642810546875 0.426507998046875 0.58024987890625 0.418521189453125 0.562120287109375 0.42973873046875 0.5589979765625 0.436797548828125 0.561870388671875 0.45400883203125 0.564830900390625 0.512256861328125 0.569839302734375 0.516259673828125 0.700226232421875 0.503410958984375 0.72636568359375 0.495364490234375 0.747281140625 0.500120560546875 0.809576849609375 0.49203324609375 0.817413615234375 0.492728970703125 0.830631091796875 0.50672941015625 0.838320884765625 0.50930099609375 0.867634884765625 0.502898126953125 0.872876806640625 0.506262748046875 0.877607640625 0.490385380859375 0.87861033984375 0.472903123046875 0.87608411328125 0.46064253125 0.87930116015625 0.443005431640625 0.88974095703125 0.42921630078125 0.89970552734375 0.428519509765625 0.915811791015625 0.43609932421875 0.91967871484375 0.447644302734375 0.920042830078125 0.46876215625 0.92411715234375 0.47531773828125 0.942939115234375 0.474001578125 0.950931044921875 0.461005484375 0.99826274609375 0.457695728515625 0.995335216796875 0.415830109375 0.97758822265625 0.420585974609375 0.95637881640625 0.419581630859375 0.950583306640625 0.41625571875 0.9484898125 0.410183490234375 0.94470125 0.411692134765625 0.93719273828125 0.3997799375
0 0.83295853515625 0.301352125 0.84574327734375 0.309164201171875 0.851850666015625 0.324905546875 0.85859663671875 0.302046783203125 0.866735541015625 0.28717482421875 0.864744970703125 0.25870835546875 0.86305808984375 0.254473279296875 0.856900015625 0.2698285859375 0.853111451171875 0.271337234375 0.84300809765625 0.26209393359375 0.835310115234375 0.271338298828125 0.827940388671875 0.269366193359375 0.815985251953125 0.241596515625 0.804653869140625 0.238657708984375 0.79819210546875 0.229781626953125 0.7962537734375 0.210017576171875 0.801244248046875 0.197853228515625 0.816605904296875 0.186829240234375 0.825463298828125 0.18620987109375 0.834823591796875 0.2166484453125 0.841500947265625 0.208719173828125 0.86824622265625 0.20933641015625 0.8755637109375 0.20260609765625 0.88450765234375 0.20322440234375 0.88795003125 0.196765064453125 0.892932314453125 0.196416669921875 0.896859662109375 0.204848115234375 0.902568626953125 0.206936353515625 0.909159435546875 0.197769408203125 0.919504498046875 0.194558560546875 0.92790148828125 0.143600546875 0.8380032265625 0.126877943359375 0.540467287109375 0.143952509765625 0.535130626953125 0.151166171875 0.536014021484375 0.17971005859375 0.531023546875 0.19187441015625 0.466513490234375 0.20011656640625 0.453651943359375 0.2190499375 0.452182203125 0.237808578125 0.448151931640625 0.25177137109375 0.450643849609375 0.2714967109375 0.46295336328125 0.292401123046875 0.4738863203125 0.2816868203125 0.480529365234375 0.28122229296875 0.485624318359375 0.286462779296875 0.4897247578125 0.2973695703125 0.490296275390625 0.313498021484375 0.495383037109375 0.33055446484375 0.496568568359375 0.343530669921875 0.513365654296875 0.321212787109375 0.540404876953125 0.318078296875 0.544400841796875 0.31158025 0.556372359375 0.315718017578125 0.566354857421875 0.331188388671875 0.582495431640625 0.331303455078125 0.589847228515625 0.3171083984375 0.599171662109375 0.315212646484375 0.609275015625 0.324455947265625 0.621159986328125 0.327356041015625 0.62901468359375 0.344218931640625 0.6417471875 0.343328587890625 0.64383912890625 0.309601744140625 0.64599305078125 0.312560439453125 0.649410861328125 0.341548966796875 0.6636832734375 0.346769564453125 0.7002200234375 0.344214666015625 0.71715589453125 0.331836875 0.733988841796875 0.3418533203125 0.7882403828125 0.33805968359375 0.799346431640625 0.329820724609375 0.807062345703125 0.3367435234375 0.823142490234375 0.339972126953125 0.83295853515625 0.301352125
0 0.190617380859375 1 0.190606677734375 0.999846935546875 0.191522830078125 0.981127005859375 0.196867677734375 0.962097390625 0.196936294921875 0.9471678984375 0.209840341796875 0.908953826171875 0.210255142578125 0.898975025390625 0.2173995390625 0.889769369140625 0.216429595703125 0.85998780859375 0.22126490625 0.86151527734375 0.229516474609375 0.85223219921875 0.232741708984375 0.82277914453125 0.237031623046875 0.81252937109375 0.236788361328125 0.785184443359375 0.233881640625 0.77543790625 0.22957224609375 0.729721443359375 0.225644896484375 0.721289998046875 0.2278935546875 0.71367041015625 0.225159927734375 0.70639921875 0.221524974609375 0.65441697265625 0.223626658203125 0.648673248046875 0.22834111328125 0.6564277890625 0.244313251953125 0.773464732421875 0.249148560546875 0.774992201171875 0.2531870234375 0.749213453125 0.260711912109375 0.737493740234375 0.249202779296875 0.612682369140625 0.248293265625 0.579787271484375 0.251528244140625 0.5783173359375 0.253215123046875 0.582552412109375 0.256554576171875 0.5984873125 0.25979110546875 0.636816451171875 0.263597599609375 0.65147496875 0.269678869140625 0.66286510546875 0.273674833984375 0.656367060546875 0.2827053203125 0.65822303515625 0.28673559375 0.6442602421875 0.292565412109375 0.640121408203125 0.311093427734375 0.6425569765625 0.31817739453125 0.63646485546875 0.3148543203125 0.596898046875 0.312060265625 0.592740390625 0.2941723828125 0.591503783203125 0.291793130859375 0.577367326171875 0.287865783203125 0.5689358828125 0.2785203125 0.47506632421875 0.280656302734375 0.46185785546875 0.287508302734375 0.496203 0.2916430546875 0.49964504296875 0.293718615234375 0.489550109375 0.297507181640625 0.48804146484375 0.30609674609375 0.495525033203125 0.30623553125 0.505465123046875 0.30133160546875 0.51886714453125 0.2962627734375 0.5179778671875 0.29175571875 0.50523392578125 0.29389326171875 0.531824529296875 0.297422185546875 0.526602865234375 0.3164172421875 0.52776205078125 0.33383808203125 0.5302750390625 0.33791240625 0.53683062109375 0.34286193359375 0.58374604296875 0.3396791953125 0.5939183984375 0.344826384765625 0.607861302734375 0.34337147265625 0.5631889609375 0.347800169921875 0.562879275390625 0.35480733203125 0.5835326015625 0.37532436328125 0.574635564453125 0.37928601953125 0.575602263671875 0.38018579296875 0.5805142421875 0.3790345703125 0.560073291015625 0.382285923828125 0.5349714453125 0.3846815546875 0.5254759921875 0.392085587890625 0.51998335546875 0.417844544921875 0.514450939453125 0.445696998046875 0.514990755859375 0.45730594921875 0.5378097421875 0.4642951796875 0.54229590625 0.526123849609375 0.5354849765625 0.530292908203125 0.5314622734375 0.53338909765625 0.52005224609375 0.55425231640625 0.516105900390625 0.556595708984375 0.497908029296875 0.5545006640625 0.4520367265625 0.551108970703125 0.42739940625 0.557925109375 0.42941022265625 0.553581408203125 0.3911585078125 0.548866951171875 0.38340396484375 0.5166723515625 0.3844115078125 0.511802732421875 0.390348783203125 0.50937279296875 0.407308982421875 0.505117189453125 0.41009401171875 0.50010878515625 0.406091197265625 0.49226227734375 0.37741235546875 0.47722887890625 0.377219869140625 0.473899166015625 0.3892680859375 0.476720892578125 0.437576025390625 0.483243083984375 0.4433385703125 0.4755369140625 0.464398892578125 0.43853312109375 0.468230173828125 0.434311822265625 0.463550458984375 0.4230326796875 0.4693140703125 0.383174404296875 0.472101232421875 0.377767576171875 0.454445310546875 0.371709322265625 0.367808234375 0.361545541015625 0.361678470703125 0.356822896484375 0.3657398828125 0.352515052734375 0.359822494140625 0.351115482421875 0.403450716796875 0.347421654296875 0.39438108203125 0.338259021484375 0.33096998828125 0.30938594140625 0.331745265625 0.3026645390625 0.319156166015625 0.29942801171875 0.28082702734375 0.29494707421875 0.27243429296875 0.294341248046875 0.2637705859375 0.302367486328125 0.24330974609375 0.305047326171875 0.202079447265625 0.299527830078125 0.178834642578125 0.2980565390625 0.1577942109375 0.292408001953125 0.152592435546875 0.27938155078125 0.157234505859375 0.2754721328125 0.1649702265625 0.268579189453125 0.189704853515625 0.268476265625 0.212099091796875 0.256609224609375 0.22536616015625 0.25356526953125 0.24547860546875 0.255884095703125 0.262728599609375 0.252234318359375 0.2741773359375 0.255461103515625 0.28452335546875 0.246050123046875 0.285181435546875 0.24448409765625 0.274719283203125 0.233074357421875 0.2587268515625 0.2227636015625 0.254472951171875 0.19176272265625 0.256640744140625 0.1930004921875 0.278319369140625 0.197481427734375 0.286712103515625 0.19583859765625 0.3029953984375 0.197448671875 0.333975921875 0.1897245703125 0.338869078125 0.1825458671875 0.35553948046875 0.1803919453125 0.352580787109375 0.1754767265625 0.298200615234375 0.17317583203125 0.297117787109375 0.171792638671875 0.317114099609375 0.175045544921875 0.331811328125 0.178680498046875 0.38379357421875 0.18506545703125 0.4194151015625 0.1811560390625 0.427150822265625 0.18546543359375 0.47286728515625 0.184497044921875 0.482884794921875 0.1889257421875 0.482575111328125 0.187679783203125 0.472712443359375 0.189400970703125 0.4694827734375 0.19266206640625 0.472364046875 0.195568787109375 0.482110583984375 0.198718767578125 0.519202048828125 0.19370217578125 0.52701519140625 0.1933053046875 0.553161154296875 0.19120362109375 0.55890487890625 0.17222649609375 0.573912857421875 0.16774555859375 0.565520125 0.161829193359375 0.56842128515625 0.15892247265625 0.558674748046875 0.15496081640625 0.55770805078125 0.145211837890625 0.541599484375 0.145729564453125 0.5092264453125 0.149906810546875 0.493387791015625 0.15777788671875 0.486618767578125 0.1750860625 0.483542875 0.16944571484375 0.46652514453125 0.163147302734375 0.4321412890625 0.157359978515625 0.416999421875 0.155950669921875 0.43264452734375 0.16048384375 0.449739677734375 0.157119822265625 0.469252642578125 0.15281198046875 0.46333525390625 0.141740236328125 0.46410946484375 0.137198873046875 0.458830267578125 0.13843509375 0.440709818359375 0.148494396484375 0.429434748046875 0.142238482421875 0.375770189453125 0.1336407265625 0.380102576171875 0.129332884765625 0.374185189453125 0.131591283203125 0.39454871875 0.127154396484375 0.406674359375 0.116134890625 0.41615098828125 0.107831083984375 0.416731646484375 0.104734892578125 0.428141671875 0.094355521484375 0.438817265625 0.093880291015625 0.4519096015625 0.100376365234375 0.453320939453125 0.102789923828125 0.45999265234375 0.09494496875 0.4711128828125 0.06702390234375 0.48550255859375 0.009589623046875 0.49946855078125 0.0089151796875 0.505734333984375 0.025393751953125 0.52261604296875 0.02508342578125 0.549999681640625 0.027488796875 0.56848734765625 0.031883185546875 0.57564241015625 0.0335357578125 0.587342232421875 0.0408189375 0.58807666796875 0.044823091796875 0.569762666015625 0.036378947265625 0.52060416015625 0.036326708984375 0.511901740234375 0.038601486328125 0.50863336328125 0.0442500234375 0.513835138671875 0.05152656640625 0.5661846015625 0.068601220703125 0.56374690234375 0.079318587890625 0.569837953125 0.0815508671875 0.585850275390625 0.080089318359375 0.5927929609375 0.06181275390625 0.605886365234375 0.06292966796875 0.633792064453125 0.0853671015625 0.628491912109375 0.097892205078125 0.63259096875 0.09526969140625 0.591109583984375 0.099118681640625 0.586487400390625 0.105234259765625 0.59041279296875 0.103625736328125 0.59923134375 0.10779634765625 0.63500771484375 0.115711470703125 0.64875706640625 0.110838748046875 0.575096197265625 0.103356357421875 0.56753520703125 0.1014098359375 0.559587111328125 0.1044456015625 0.551290623046875 0.121079333984375 0.554480513671875 0.12168516015625 0.563144220703125 0.118329330078125 0.57084123046875 0.12539028125 0.639996048828125 0.136239796875 0.70764222265625 0.136724767578125 0.72253300390625 0.145436740234375 0.763588572265625 0.14829122265625 0.764632689453125 0.149726654296875 0.753338794921875 0.157658154296875 0.74345623828125 0.153038435546875 0.7251234140625 0.157302228515625 0.7105224296875 0.163504353515625 0.715685494140625 0.168210619140625 0.735255990234375 0.167942791015625 0.743358927734375 0.171964875 0.74121208984375 0.17685087109375 0.71164290234375 0.190223509765625 0.711951521484375 0.19801777734375 0.731927947265625 0.19626228125 0.742622359375 0.192413291015625 0.74724454296875 0.192396912109375 0.770876453125 0.18912762890625 0.779811134765625 0.1946814296875 0.795591193359375 0.1940592265625 0.810559396484375 0.19736437109375 0.833959041015625 0.190860109375 0.844363658203125 0.19442489453125 0.87147632421875 0.186139017578125 0.88822414453125 0.182472861328125 0.92330479296875 0.175553796875 0.9436882109375 0.17652373828125 0.9734697734375 0.17887687109375 0.983255021484375 0.175694134765625 0.993427376953125 0.175566572265625 1 0.190617380859375 1