1 0.15234375 0.7021484375 0.09375 0.125
1 0.28125 0.6025390625 0.044921875 0.08984375
1 0.171875 0.787109375 0.080078125 0.1171875
1 0.775390625 0.251953125 0.05078125 0.078125
1 0.943359375 0.5322265625 0.05078125 0.06640625
1 0.0146484375 0.7314453125 0.029296875 0.142578125
1 0.0712890625 0.7529296875 0.0625 0.125
1 0.892578125 0.5234375 0.033203125 0.052734375
0 0.19642262109375 0.662936994140625 0.20718178125 0.65186121875 0.21167362109375 0.630813380859375 0.211872427734375 0.59447633984375 0.205961666015625 0.54049681640625 0.214057609375 0.4828911953125 0.207924703125 0.461049474609375 0.210915513671875 0.422307515625 0.206178611328125 0.399263337890625 0.206570177734375 0.361554732421875 0.20243489453125 0.338595107421875 0.20313591796875 0.320511138671875 0.1961969609375 0.29785680859375 0.173936986328125 0.294728373046875 0.169293439453125 0.28848115234375 0.1588964609375 0.29261456640625 0.156524986328125 0.29857521484375 0.149340123046875 0.375890025390625 0.14276292578125 0.41832390625 0.13870891015625 0.482092197265625 0.1279143203125 0.558899693359375 0.125180240234375 0.64383328515625 0.12764507421875 0.65466959375 0.153298673828125 0.655477666015625 0.184209111328125 0.66471712890625 0.19642262109375 0.662936994140625
0 0.349596521484375 0.677470916015625 0.3588369375 0.681566876953125 0.371809818359375 0.672200873046875 0.38482937890625 0.67123334765625 0.3925220859375 0.649236708984375 0.402849044921875 0.632505578125 0.419198259765625 0.581654490234375 0.42328123828125 0.5591505390625 0.42713040234375 0.56668476953125 0.4471299765625 0.559704953125 0.457789732421875 0.566797697265625 0.472544138671875 0.553486109375 0.487356892578125 0.55067262109375 0.49306364453125 0.5318935078125 0.49509065234375 0.50000936328125 0.49865369921875 0.492118197265625 0.4975965390625 0.48217905078125 0.49090869140625 0.4686512578125 0.4903948046875 0.448298564453125 0.47971170703125 0.437006580078125 0.470903494140625 0.438565974609375 0.461873556640625 0.40023258984375 0.465536005859375 0.374172904296875 0.4738186640625 0.35016119921875 0.466733625 0.33727691015625 0.45489396484375 0.334214302734375 0.452031943359375 0.324021498046875 0.43475435546875 0.3159986796875 0.414492005859375 0.311752337890625 0.394299669921875 0.320103716796875 0.384025435546875 0.31026784765625 0.37587156640625 0.28534479296875 0.36626897265625 0.2881911953125 0.363295876953125 0.29406729296875 0.3670689765625 0.32396928515625 0.364697501953125 0.32992993359375 0.356905814453125 0.298064513671875 0.345767181640625 0.276917939453125 0.32350720703125 0.27378950390625 0.30290601171875 0.280684763671875 0.298647986328125 0.271694419921875 0.279804978515625 0.270444861328125 0.26300626953125 0.276475875 0.248082443359375 0.295358265625 0.2438477578125 0.29056716015625 0.233859642578125 0.2961566875 0.230308263671875 0.30614747265625 0.2280184765625 0.3268054609375 0.227305361328125 0.41482038671875 0.215126861328125 0.4228993828125 0.2213941796875 0.432871443359375 0.227345994140625 0.458184345703125 0.232555732421875 0.530247837890625 0.234997224609375 0.53688490625 0.240809001953125 0.53700237109375 0.239313595703125 0.556373349609375 0.246573681640625 0.600751935546875 0.240551427734375 0.634871890625 0.246625982421875 0.646215513671875 0.252356076171875 0.631635640625 0.255626958984375 0.64328455859375 0.25920167578125 0.637493013671875 0.258144515625 0.6275538671875 0.26529999609375 0.581005296875 0.28646780078125 0.5678957265625 0.2934944921875 0.570281916015625 0.29591264453125 0.57271974609375 0.296414861328125 0.590972818359375 0.29185862890625 0.63648803515625 0.2951528515625 0.652336193359375 0.29120428125 0.662970482421875 0.2926586328125 0.672266123046875 0.299492564453125 0.676023876953125 0.31590575 0.67273598828125 0.318960533203125 0.681557228515625 0.325181173828125 0.68313080859375 0.349596521484375 0.677470916015625
0 0.934643369140625 1 0.97973071484375 0.679186857421875 0.978401900390625 0.6777286015625 0.971001357421875 0.68018515625 0.960884453125 0.734709443359375 0.95692421484375 0.74324411328125 0.9534722421875 0.735066376953125 0.956965271484375 0.714577494140625 0.956667482421875 0.697052478515625 0.92153402734375 0.68512152734375 0.916347208984375 0.689287853515625 0.907795728515625 0.7370388828125 0.90321053125 0.741289759765625 0.898783083984375 0.737870216796875 0.88787784375 0.75871603515625 0.851202306640625 0.757757583984375 0.846266595703125 0.771050447265625 0.844777236328125 0.755455947265625 0.82251726171875 0.75232751171875 0.8174004609375 0.769091556640625 0.8110220703125 0.775188396484375 0.8140768515625 0.784009638671875 0.813352490234375 0.7978943671875 0.811594306640625 0.806039189453125 0.805624775390625 0.813592146484375 0.809725046875 0.830252912109375 0.815560166015625 0.8345696171875 0.8122598984375 0.853686939453125 0.8171895625 0.8753595546875 0.81624909765625 0.886416607421875 0.809929056640625 0.903011546875 0.80112084375 0.904570939453125 0.766250166015625 0.903866146484375 0.7569864140625 0.895570943359375 0.751057939453125 0.87445728125 0.75594696875 0.852765939453125 0.755216982421875 0.8295855703125 0.742302447265625 0.849449671875 0.73757116796875 0.86347059375 0.73666008984375 0.84376140625 0.731076080078125 0.848571236328125 0.72804463671875 0.843949234375 0.723967703125 0.83148770703125 0.726088068359375 0.816400521484375 0.73512405078125 0.81976842578125 0.73625123046875 0.842305291015625 0.7426473359375 0.80334258984375 0.737186068359375 0.794183140625 0.7406557578125 0.769495017578125 0.73056261328125 0.756187966796875 0.71915515625 0.758780712890625 0.712198484375 0.768992240234375 0.69934834375 0.764388962890625 0.691077357421875 0.7905002890625 0.676936240234375 0.805996048828125 0.646901873046875 0.8101669140625 0.625991220703125 0.797437541015625 0.622696998046875 0.781589384765625 0.6114589609375 0.778611328125 0.61036679296875 0.762373322265625 0.613959224609375 0.723715916015625 0.601313515625 0.719840697265625 0.5961266953125 0.724007025390625 0.590011083984375 0.741330021484375 0.58907062109375 0.75238707421875 0.572523021484375 0.767544625 0.560397244140625 0.74905662109375 0.56147212109375 0.726129908203125 0.55848735546875 0.729906384765625 0.5551170703125 0.73642598828125 0.55537984765625 0.747652146484375 0.551431279296875 0.758286435546875 0.543265318359375 0.803294337890625 0.531203515625 0.83236953125 0.527926587890625 0.855686091796875 0.5243635390625 0.8635772578125 0.519567865234375 0.90206555859375 0.512961705078125 0.903235103515625 0.514059919921875 0.88450762890625 0.509404703125 0.876160787109375 0.498867267578125 0.927129341796875 0.492045009765625 0.925471208984375 0.4877403046875 0.9080823828125 0.483032365234375 0.926302544921875 0.48469114453125 0.9363262421875 0.478493845703125 0.93895190234375 0.468003509765625 0.92628835546875 0.464528197265625 0.913911380859375 0.46828400390625 0.904648654296875 0.4630388359375 0.898316880859375 0.461047259765625 0.864469306640625 0.4642014453125 0.85512202734375 0.4685882578125 0.815177611328125 0.47064465234375 0.752527228515625 0.4804460546875 0.713343783203125 0.49517712109375 0.695832955078125 0.502256537109375 0.671652146484375 0.485785 0.6644419375 0.47142778515625 0.67711001953125 0.460761984375 0.704982755859375 0.447122666015625 0.810762166015625 0.443582958984375 0.8228525703125 0.43822671875 0.83258969921875 0.426842599609375 0.839381685546875 0.422076310546875 0.847103744140625 0.38326311328125 0.82206776171875 0.3610264765625 0.82313856640625 0.342831767578125 0.8303720390625 0.333941865234375 0.817234091796875 0.3311092265625 0.776275048828125 0.334771677734375 0.75021536328125 0.3303325625 0.744696201171875 0.309176423828125 0.759905390625 0.28592930859375 0.75943552734375 0.264557072265625 0.771817041015625 0.25091255078125 0.768500775390625 0.245737400390625 0.774766720703125 0.23230898046875 0.7742781328125 0.222729724609375 0.781323775390625 0.2102884453125 0.778176615234375 0.19730347265625 0.857473576171875 0.184862193359375 0.854326416015625 0.1486421953125 0.86322255859375 0.142988166015625 0.855434671875 0.132760611328125 0.853997283203125 0.10904023828125 0.87653868359375 0.09305320703125 0.920447408203125 0.090161798828125 0.94102084375 0.0918149609375 0.94754712109375 0.46503659375 1 0.934643369140625 1
0 0.80326496875 0.8216524140625 0.80358047265625 0.8063115703125 0.7989135859375 0.795865111328125 0.804480302734375 0.751890560546875 0.7933650078125 0.73494322265625 0.7934004375 0.669211505859375 0.8008186953125 0.63388908984375 0.796934521484375 0.620056001953125 0.789294541015625 0.615485638671875 0.792992419921875 0.523694234375 0.78892715625 0.513332326171875 0.79268296484375 0.504069599609375 0.78865270703125 0.50000655078125 0.786520673828125 0.5129941171875 0.779394578125 0.528776447265625 0.7631097578125 0.55516015625 0.758693982421875 0.553840232421875 0.757304025390625 0.5200772109375 0.76152141796875 0.48570359765625 0.75762557421875 0.469770888671875 0.765143234375 0.416279955078125 0.76445992578125 0.4014980625 0.73724090234375 0.40746325 0.728794869140625 0.40208027734375 0.725115125 0.38897524609375 0.703725595703125 0.3621920390625 0.699420892578125 0.344803216796875 0.690589337890625 0.342163369140625 0.683323208984375 0.33275026171875 0.678288515625 0.292181068359375 0.675222064453125 0.28126020703125 0.667763171875 0.273218662109375 0.641075751953125 0.26667068359375 0.61984959765625 0.269282154296875 0.612414046875 0.2654398515625 0.609633712890625 0.269944384765625 0.602145435546875 0.292669080078125 0.60144441015625 0.31075305078125 0.607040091796875 0.308042837890625 0.608879962890625 0.314595353515625 0.606613515625 0.33945258203125 0.60907834765625 0.350288890625 0.614662357421875 0.345479060546875 0.613756904296875 0.36283496875 0.618049935546875 0.37812417578125 0.6246327578125 0.372755390625 0.631507744140625 0.347846525390625 0.63651347265625 0.34715137890625 0.647804232421875 0.323562435546875 0.65022238671875 0.326000265625 0.6510634453125 0.333111734375 0.644147408203125 0.386687220703125 0.64118598046875 0.394662939453125 0.642219802734375 0.400402845703125 0.6374007890625 0.43469190625 0.6306835546875 0.451930349609375 0.63502326953125 0.47561803515625 0.64135498046875 0.461122712890625 0.643568703125 0.462832486328125 0.650227166015625 0.50712651953125 0.658830951171875 0.5048390703125 0.663556607421875 0.45375305078125 0.67143040234375 0.428285232421875 0.6735274296875 0.4089988046875 0.67653553515625 0.40942156640625 0.6762606640625 0.4681263671875 0.67197325390625 0.489902263671875 0.67400588671875 0.495083216796875 0.694677099609375 0.500785671875 0.709337724609375 0.542707703125 0.697696029296875 0.647369208984375 0.70425551171875 0.637801185546875 0.710873341796875 0.638731259765625 0.716504029296875 0.642319908203125 0.726632181640625 0.6619258203125 0.72639232421875 0.72692948046875 0.7295521328125 0.754647298828125 0.747524697265625 0.77955162890625 0.765403904296875 0.787659 0.7656900234375 0.80308439453125 0.7986681015625 0.823803673828125 0.80326496875 0.8216524140625
0 0.54452170703125 0.704865865234375 0.55480198828125 0.679736255859375 0.56843483984375 0.680952900390625 0.570970111328125 0.63235634765625 0.56504163671875 0.611242685546875 0.546607484375 0.6114492421875 0.537472099609375 0.626249857421875 0.539516400390625 0.633530431640625 0.536806083984375 0.650632685546875 0.53375130078125 0.6418114453125 0.522846060546875 0.662657263671875 0.519837955078125 0.662234501953125 0.521502783203125 0.637292720703125 0.50902044921875 0.6628121796875 0.5057201796875 0.681929501953125 0.50794557421875 0.685738892578125 0.521782853515625 0.687683595703125 0.53690506640625 0.7044947421875 0.54452170703125 0.704865865234375
0 1 0.214504517578125 0.995279201171875 0.217146359375 0.99032015234375 0.226239982421875 0.964111609375 0.233745837890625 0.95853926953125 0.240655287109375 0.95858594921875 0.249053767578125 0.9533757890625 0.249020853515625 0.9492344609375 0.26102670703125 0.929450990234375 0.27083419921875 0.9189079296875 0.28473765234375 0.914194365234375 0.26589271484375 0.906712134765625 0.2536519296875 0.901309216796875 0.254990578125 0.894492578125 0.290397544921875 0.8859238046875 0.298983853515625 0.8810347734375 0.320675197265625 0.896495826171875 0.32634473828125 0.896478111328125 0.35921059765625 0.910350404296875 0.36745416015625 0.909842138671875 0.38416656640625 0.9138490546875 0.384030375 0.91101037109375 0.378036810546875 0.917488166015625 0.35377144921875 0.917225388671875 0.34254529296875 0.922172767578125 0.331352048828125 0.926168013671875 0.329116240234375 0.9267052421875 0.353668171875 0.91976586328125 0.40304441796875 0.928533021484375 0.43015164453125 0.9346953125 0.42122712890625 0.936511845703125 0.42358040234375 0.930729029296875 0.46472727734375 0.920945341796875 0.471044861328125 0.918176677734375 0.477649017578125 0.91131940625 0.469692025390625 0.90571205859375 0.470302615234375 0.90475430078125 0.44219494921875 0.898884173828125 0.431579384765625 0.895502216796875 0.4359993671875 0.894608431640625 0.4554548984375 0.897832638671875 0.4587053359375 0.89012826171875 0.47860235546875 0.894421296875 0.493891560546875 0.907703634765625 0.504150189453125 0.908708072265625 0.5406563359375 0.91466593359375 0.531003759765625 0.91541363671875 0.52131826953125 0.923369119140625 0.5105477890625 0.939350107421875 0.501604544921875 0.959203599609375 0.504394771484375 0.9680935 0.517532716796875 0.965657630859375 0.547960748046875 0.95618340234375 0.57390296875 0.94795346875 0.571347673828125 0.9447642734375 0.57439609375 0.94619528515625 0.579492494140625 0.95560512109375 0.57801765625 0.95767276171875 0.58949746875 0.98916477734375 0.612060015625 1 0.534963400390625 1 0.214504517578125
0 0.88064236328125 0.502444955078125 0.886711298828125 0.476723478515625 0.89328244921875 0.469255076171875 0.894322314453125 0.440029501953125 0.8984403046875 0.423824412109375 0.89638433203125 0.414444216796875 0.891968556640625 0.413124294921875 0.89730145703125 0.39918792578125 0.875140884765625 0.377890970703125 0.865754388671875 0.383565048828125 0.86398453515625 0.389610251953125 0.863020732421875 0.396468064453125 0.866461037109375 0.4025461796875 0.864387349609375 0.426031845703125 0.8617297578125 0.416567099609375 0.8584178203125 0.433584802734375 0.848248611328125 0.44264551171875 0.84431171484375 0.455379421875 0.845958826171875 0.4633035 0.86383803125 0.47141087109375 0.86095829296875 0.49408392578125 0.868679962890625 0.51335162890625 0.88064236328125 0.502444955078125
0 0.185954185546875 0 0.183190755859375 0.01280164453125 0.18472075 0.0717601015625 0.177010328125 0.12662259765625 0.181285646484375 0.1747776640625 0.185870845703125 0.170526783203125 0.190502720703125 0.174674384765625 0.19592940234375 0.1055043984375 0.202599955078125 0.07986747265625 0.201811619140625 0.04618900390625 0.210456458984375 0.01523493359375 0.20880934765625 0.00731085546875 0.2005794140625 0.004755560546875 0.20082751171875 0 0.185954185546875 0
0 0.76751639453125 0.122196994140625 0.785565025390625 0.1247335625 0.789945791015625 0.119754625 0.816633212890625 0.12630260546875 0.821265087890625 0.130450205078125 0.8149100390625 0.14074628515625 0.81653380859375 0.144471126953125 0.83400415625 0.151122380859375 0.84757866015625 0.141840927734375 0.851813345703125 0.14663203515625 0.854897513671875 0.124687037109375 0.860551541015625 0.132474923828125 0.870586337890625 0.135283875 0.86583171875 0.145105556640625 0.86668444921875 0.15431664453125 0.88090725 0.15351822265625 0.896414984375 0.167586244140625 0.92165972265625 0.166938203125 0.924405048828125 0.156134806640625 0.91942870703125 0.126063712890625 0.9244638203125 0.094602328125 0.919808603515625 0.086255486328125 0.911193150390625 0.086443318359375 0.898196927734375 0.091610083984375 0.8866667265625 0.108172111328125 0.855837978515625 0.113629984375 0.864284431640625 0.04698237890625 0.864237708984375 0.046276484375 0.782714833984375 0.034819193359375 0.774081923828125 0.077663490234375 0.77833994921875 0.0866538359375 0.77596847265625 0.092614486328125 0.772347078125 0.090007552734375 0.7666636640625 0.11298590234375 0.76751639453125 0.122196994140625
0 0.58156884765625 0.087671849609375 0.581627193359375 0.098169947265625 0.573660041015625 0.106840810546875 0.571130814453125 0.1204718828125 0.575435517578125 0.137860705078125 0.5697754453125 0.165038298828125 0.576223853515625 0.17153917578125 0.58785908203125 0.173873728515625 0.59260203125 0.16195242578125 0.596235095703125 0.16665898046875 0.606018783203125 0.16034139453125 0.619856486328125 0.09025551953125 0.618927693359375 0.10341219140625 0.62097199609375 0.110692765625 0.617887826171875 0.132637763671875 0.62146254296875 0.12684621875 0.628273134765625 0.126404732421875 0.62992024609375 0.134328810546875 0.626018357421875 0.153361580078125 0.62766546875 0.161285658203125 0.63666644140625 0.158354703125 0.6420343515625 0.1507171953125 0.649686001953125 0.157387177734375 0.653021279296875 0.144568716796875 0.65759480859375 0.138218216796875 0.655141646484375 0.129481529296875 0.662390482421875 0.09972991796875 0.683593296875 0.09291920703125 0.682080599609375 0.073125466796875 0.68717405859375 0.052162181640625 0.699738080078125 0.0413400625 0.726776015625 0.038846056640625 0.72670988671875 0.0269482109375 0.576032490234375 0.0057718828125 0.574711998046875 0.007684279296875 0.575973587890625 0.018351482421875 0.587848255859375 0.027712951171875 0.5757337265625 0.08335514453125 0.57658645703125 0.092566234375 0.58156884765625 0.087671849609375
0 0.368033201171875 0.24508089453125 0.38524076953125 0.240505994140625 0.39213909375 0.2197963671875 0.404066486328125 0.202590833984375 0.41648442578125 0.201538755859375 0.427190861328125 0.21702998046875 0.432739861328125 0.2059212890625 0.4344513671875 0.189377986328125 0.4326231640625 0.184925091796875 0.43724337109375 0.186973072265625 0.439533158203125 0.166315083984375 0.437044986328125 0.15127953515625 0.43189317578125 0.161744720703125 0.427454060546875 0.156225556640625 0.428394525390625 0.145168505859375 0.422962642578125 0.10524281640625 0.412472306640625 0.092579271484375 0.41167230078125 0.05680118359375 0.39501967578125 0.053062154296875 0.37704106640625 0.0631233046875 0.36801675 0.06185501953125 0.365791357421875 0.05804562890625 0.369739927734375 0.047411337890625 0.36965823828125 0.032714 0.359769525390625 0.0201350078125 0.344104041015625 0.01373740625 0.333163791015625 0.0282843671875 0.32624212890625 0.044794755859375 0.32203078125 0.044202888671875 0.319057685546875 0.050078984375 0.3262127421875 0.075560994140625 0.33166233984375 0.082620822265625 0.328069908203125 0.121278228515625 0.32130599609375 0.1301181953125 0.325587359375 0.143307779296875 0.31724593359375 0.228851962890625 0.327052958984375 0.2267336171875 0.329938322265625 0.241125662109375 0.339768685546875 0.243206556640625 0.368033201171875 0.24508089453125
0 0.482744416015625 0.22553684765625 0.485565806640625 0.1923656953125 0.491418640625 0.163816541015625 0.490723662109375 0.146935029296875 0.49537325390625 0.118216771484375 0.491751859375 0.115609837890625 0.479970548828125 0.123045326171875 0.481676009765625 0.141467505859375 0.4793628828125 0.15792625390625 0.479742359375 0.190148607421875 0.474923345703125 0.22443766796875 0.475063380859375 0.24963310546875 0.482744416015625 0.22553684765625
0 0.21129625390625 0.238438138671875 0.219164005859375 0.247935796875 0.236611013671875 0.2503878125 0.242533865234375 0.23443637890625 0.245033705078125 0.251571544921875 0.28084484375 0.241219287109375 0.2842851484375 0.247297404296875 0.289869158203125 0.242487572265625 0.296498658203125 0.245517267578125 0.29286559375 0.24081071484375 0.294530419921875 0.21586893359375 0.291610048828125 0.19517803125 0.27668622265625 0.214060421875 0.264244943359375 0.21091326171875 0.26259783203125 0.20298918359375 0.264139916015625 0.19201668359375 0.267498533203125 0.1833974609375 0.271096587890625 0.181805154296875 0.267165736328125 0.1595735859375 0.2580186796875 0.17227458203125 0.246803982421875 0.173495765625 0.244543578125 0.163387513671875 0.234339361328125 0.166149365234375 0.232464482421875 0.15329798828125 0.21845777734375 0.156924087890625 0.216775658203125 0.142701150390625 0.195526166015625 0.141113380859375 0.195269009765625 0.16695232421875 0.189702294921875 0.210926873046875 0.19227215234375 0.240659759765625 0.1995032734375 0.2437740078125 0.203282421875 0.23871051953125 0.206132775390625 0.246803703125 0.21129625390625 0.238438138671875