1 0.91015625 0.5302734375 0.1796875 0.201171875
1 0.7490234375 0.4130859375 0.126953125 0.1171875
1 0.6083984375 0.4697265625 0.16796875 0.1953125
1 0.8984375 0.396484375 0.134765625 0.12109375
1 0.9296875 0.302734375 0.140625 0.13671875
1 0.7919921875 0.2685546875 0.150390625 0.1015625
1 0.17578125 0.3916015625 0.126953125 0.14453125
1 0.099609375 0.36328125 0.125 0.12890625
1 0.369140625 0.271484375 0.099609375 0.103515625
1 0.1962890625 0.259765625 0.091796875 0.080078125
1 0.302734375 0.21875 0.1015625 0.0625
1 0.041015625 0.232421875 0.052734375 0.09375
1 0.490234375 0.20703125 0.056640625 0.060546875
1 0.927734375 0.0869140625 0.041015625 0.068359375
1 0.6220703125 0.091796875 0.04296875 0.0703125
0 0.672238015625 0.428701501953125 0.68079216015625 0.352368078125 0.68217106640625 0.3326487890625 0.67965355078125 0.314988294921875 0.6838572578125 0.312368171875 0.6895506015625 0.299944359375 0.693476642578125 0.308961119140625 0.6950864296875 0.270607892578125 0.700553603515625 0.25758544921875 0.704450025390625 0.25552665234375 0.707889390625 0.271503162109375 0.706463701171875 0.28422540234375 0.701175916015625 0.290849423828125 0.7001557890625 0.29777187109375 0.70071415625 0.328117296875 0.704431189453125 0.332456921875 0.714647978515625 0.33200572265625 0.720016873046875 0.324221740234375 0.720417724609375 0.337654515625 0.724732162109375 0.3449499921875 0.7258286953125 0.356100154296875 0.74330487109375 0.351494056640625 0.757140416015625 0.360620943359375 0.7939489296875 0.363194845703125 0.798233748046875 0.359414763671875 0.802916380859375 0.31544826171875 0.8014953984375 0.308937931640625 0.794189228515625 0.3060957734375 0.79048465234375 0.3169102109375 0.787018703125 0.34347733984375 0.77916191015625 0.344676384765625 0.77728083984375 0.3025821640625 0.77136603125 0.295174779296875 0.758725294921875 0.29195959375 0.74755703125 0.283019220703125 0.727819134765625 0.281639013671875 0.722147662109375 0.27075175390625 0.722929166015625 0.248076615234375 0.730500544921875 0.22412782421875 0.7288705546875 0.212940357421875 0.7149195703125 0.21313044140625 0.69810474609375 0.223610935546875 0.693883875 0.230309564453125 0.691007583984375 0.225445912109375 0.68353919140625 0.224923671875 0.6782342421875 0.23562619921875 0.676368662109375 0.26230523828125 0.6633863125 0.267808390625 0.661073095703125 0.2740576015625 0.660726775390625 0.302008505859375 0.664751091796875 0.305786802734375 0.660628498046875 0.30724696875 0.6513288515625 0.325246755859375 0.647223423828125 0.322628416015625 0.6412524140625 0.346689115234375 0.63577749609375 0.3253249296875 0.6331102109375 0.325138416015625 0.626917740234375 0.329367916015625 0.62229130859375 0.341866333984375 0.613089939453125 0.354627658203125 0.61373412890625 0.364580560546875 0.621701650390625 0.373297115234375 0.634457828125 0.367195333984375 0.636805373046875 0.35278911328125 0.63916537109375 0.353536955078125 0.638661533203125 0.3645752109375 0.647064236328125 0.378567529296875 0.65434853125 0.40472076171875 0.6676459140625 0.43304291015625 0.672238015625 0.428701501953125
0 0.812508568359375 0.7532303046875 0.819128474609375 0.71988994140625 0.822129625 0.67697148828125 0.81799457421875 0.66327758984375 0.8132917421875 0.65770340234375 0.805862384765625 0.62979158203125 0.79972140625 0.62178556640625 0.79754550390625 0.595406736328125 0.782109587890625 0.58616794140625 0.778183548828125 0.577151177734375 0.776651833984375 0.56072525 0.771142587890625 0.547518076171875 0.770921125 0.527686875 0.764844091796875 0.522599408203125 0.79042039453125 0.513314392578125 0.822137677734375 0.512035388671875 0.82699028125 0.5001356015625 0.8329488359375 0.46092083984375 0.84072922265625 0.441649185546875 0.829757513671875 0.42223188671875 0.83463669921875 0.36778845703125 0.847201033203125 0.35293103515625 0.864514984375 0.350644853515625 0.87095079296875 0.342935478515625 0.899838568359375 0.34378987890625 0.902100291015625 0.34977618359375 0.908339546875 0.352543736328125 0.92427930078125 0.350744275390625 0.914067220703125 0.331962912109375 0.90934722265625 0.3304672265625 0.9055662421875 0.3232090546875 0.855942310546875 0.3045858203125 0.814008240234375 0.3063160234375 0.808750076171875 0.324015603515625 0.804763123046875 0.3656994921875 0.805633484375 0.37625102734375 0.813984693359375 0.402478861328125 0.80466317578125 0.443789720703125 0.8019787265625 0.447681712890625 0.775468115234375 0.443496650390625 0.77255749609375 0.446790009765625 0.747937375 0.446234033203125 0.738608109375 0.45315826171875 0.728303826171875 0.546853755859375 0.735703564453125 0.56369001953125 0.736040466796875 0.574204248046875 0.739885396484375 0.58438096875 0.756870189453125 0.6059671875 0.763330908203125 0.628565935546875 0.76374892578125 0.637920208984375 0.7834383671875 0.70515512890625 0.79260069921875 0.7197833828125 0.801485365234375 0.7460485234375 0.8095168359375 0.757683625 0.812508568359375 0.7532303046875
0 0.96625754296875 1 0.970554986328125 0.938543689453125 0.9692041796875 0.9425289375 0.964863162109375 0.977777103515625 0.960774896484375 0.9710802578125 0.958999845703125 0.958134203125 0.96543565625 0.950424828125 0.97061741796875 0.91465263671875 0.972734876953125 0.9073698125 0.97954616015625 0.809963919921875 0.9316050546875 0.80177258203125 0.91802530078125 0.804319884765625 0.90670726953125 0.812853490234375 0.90948528515625 0.822955603515625 0.907415404296875 0.825724939453125 0.882342939453125 0.823971701171875 0.879257638671875 0.814430916015625 0.867927154296875 0.8078104609375 0.8552739609375 0.7894412109375 0.852077931640625 0.769984826171875 0.853734501953125 0.73862865234375 0.841376140625 0.704544013671875 0.83476565234375 0.699419240234375 0.8300752734375 0.708999115234375 0.81925940625 0.779346232421875 0.818379626953125 0.8072598359375 0.811875162109375 0.83128323046875 0.80633462109375 0.879852263671875 0.808515232421875 0.88699852734375 0.80453769921875 0.89021728125 0.80167386328125 0.9005076953125 0.797964576171875 0.930554697265625 0.7983997578125 0.93583046484375 0.806644943359375 0.932910134765625 0.81474978125 0.908998646484375 0.825372130859375 0.90274765234375 0.826955337890625 0.90693806640625 0.82245680078125 0.925273580078125 0.826707291015625 0.9296505078125 0.830453943359375 0.94506569140625 0.83798628515625 0.94850648046875 0.83329590625 0.9580863515625 0.82951492578125 0.9508281796875 0.81519270703125 0.94866104296875 0.821222953125 0.946751458984375 0.824069626953125 0.94053955078125 0.8214538359375 0.928117521484375 0.814049390625 0.930513826171875 0.810733208984375 0.939606978515625 0.812525423828125 0.94847452734375 0.797426412109375 0.949749962890625 0.792590970703125 0.95757124609375 0.786159873046875 0.9460480546875 0.786727658203125 0.937928345703125 0.791644208984375 0.928947103515625 0.797312642578125 0.886215166015625 0.7984014296875 0.86297869921875 0.8037110859375 0.833043603515625 0.802648880859375 0.8137364296875 0.79407924609375 0.82129659375 0.789000470703125 0.832597751953125 0.78148529296875 0.825078458984375 0.774388130859375 0.8269134375 0.763893677734375 0.839001525390625 0.751670955078125 0.845140609375 0.7483547734375 0.854233759765625 0.74384378515625 0.8574152109375 0.730379470703125 0.850645544921875 0.698854033203125 0.8606801875 0.706143037109375 0.867600849609375 0.73060093359375 0.870476744140625 0.736259951171875 0.866209939453125 0.7378259921875 0.874478857421875 0.739750810546875 0.869950935546875 0.74730031640625 0.869313216796875 0.751068841796875 0.861417328125 0.754721927734375 0.86283840625 0.75531933203125 0.865794255859375 0.75142291015625 0.867853052734375 0.748234625 0.882783294921875 0.744935609375 0.88779794140625 0.7361101796875 0.88368391796875 0.71886017578125 0.88888864453125 0.745678072265625 0.8925123828125 0.7534365859375 0.896551798828125 0.754179052734375 0.90126623828125 0.5746131484375 0.893372287109375 0.53961401171875 0.8955874296875 0.51762684765625 0.903374978515625 0.505971912109375 0.90139435546875 0.468885732421875 0.910457337890625 0.44085586328125 0.90500041015625 0.42908548828125 0.912336755859375 0.41545894921875 0.90788700390625 0.412548330078125 0.911180365234375 0.343489078125 0.90984816015625 0.308443158203125 0.905066251953125 0.304743291015625 0.89664812109375 0.296207982421875 0.896051275390625 0.288043908203125 0.897811646484375 0.2855856328125 0.902302267578125 0.2679815625 0.901071271484375 0.27134452734375 0.898975171875 0.273738853515625 0.891566005859375 0.268438615234375 0.88303596484375 0.275941337890625 0.8754011953125 0.27017158984375 0.869752400390625 0.26716740234375 0.85905165625 0.263816892578125 0.87630181640625 0.261601955078125 0.8773125625 0.2594385078125 0.866087794921875 0.261048296875 0.82773456640625 0.2648043671875 0.8046846171875 0.263771783203125 0.796453 0.265568705078125 0.78608798046875 0.263840439453125 0.780138978515625 0.265752802734375 0.7604569921875 0.2701702265625 0.743281435546875 0.2753940625 0.7337388671875 0.297676056640625 0.710235927734375 0.304795091796875 0.68508987890625 0.305060302734375 0.6582989296875 0.320151568359375 0.622636865234375 0.328431083984375 0.611559525390625 0.352842197265625 0.6074383671875 0.36764334375 0.568259125 0.3815990390625 0.548836474609375 0.42969125390625 0.551033779296875 0.440684837890625 0.547140005859375 0.483036927734375 0.554764072265625 0.49563087890625 0.55098220703125 0.4950085625 0.517718232421875 0.499784763671875 0.48774583203125 0.501962337890625 0.441272900390625 0.5210264296875 0.4216246484375 0.523890265625 0.411334236328125 0.525999181640625 0.381175322265625 0.530104611328125 0.383793662109375 0.526254974609375 0.39284951171875 0.52552496484375 0.403289134765625 0.5288364375 0.41342855078125 0.543773224609375 0.414473033203125 0.5467010078125 0.40710116796875 0.547256337890625 0.3838273984375 0.5516098125 0.363733296875 0.555553017578125 0.368671552734375 0.582388078125 0.36821678125 0.59097487890625 0.35657811328125 0.591704888671875 0.346138490234375 0.589234158203125 0.335475046875 0.591517751953125 0.31815028125 0.587348376953125 0.31261339453125 0.5792654140625 0.31321380859375 0.573537740234375 0.3337946328125 0.571101337890625 0.314974181640625 0.567286029296875 0.315873017578125 0.562890478515625 0.309737501953125 0.55897689453125 0.315874802734375 0.5569366328125 0.3297196953125 0.54946353125 0.3484300234375 0.544662419921875 0.348094296875 0.540035990234375 0.36059271484375 0.53609278515625 0.355654458984375 0.533263275390625 0.357787861328125 0.5270364765625 0.37017437109375 0.526669953125 0.3485845859375 0.520383912109375 0.33881998046875 0.516607640625 0.312329240234375 0.510820728515625 0.310758951171875 0.490271708984375 0.32097832421875 0.475458109375 0.34500350390625 0.471510193359375 0.359297814453125 0.470738111328125 0.343507818359375 0.465582931640625 0.3367363671875 0.461443173828125 0.3422750390625 0.456108607421875 0.341902009765625 0.452340080078125 0.349797900390625 0.448768109375 0.34721686328125 0.43831740234375 0.3126828046875 0.43358023828125 0.315265625 0.42828774609375 0.34112221484375 0.426645302734375 0.3147806875 0.418046046875 0.311265294921875 0.41523841015625 0.29008762109375 0.407735689453125 0.297722390625 0.40325902734375 0.29274683203125 0.39801802734375 0.306367908203125 0.39473617578125 0.307304048828125 0.366138521484375 0.309966826171875 0.3605949453125 0.30491666015625 0.338851115234375 0.309224333984375 0.334984314453125 0.322358689453125 0.3377108359375 0.344696318359375 0.330028724609375 0.3587295078125 0.327314658203125 0.35154594140625 0.322513548828125 0.35121021484375 0.321544912109375 0.34589714453125 0.32657690234375 0.327598935546875 0.325920259765625 0.302491970703125 0.301961490234375 0.307810390625 0.26782026171875 0.30542300390625 0.263569771484375 0.30104607421875 0.25989177734375 0.26931687109375 0.256464865234375 0.268494423828125 0.242103607421875 0.293716865234375 0.2392865546875 0.311004328125 0.243519880859375 0.31945976171875 0.23540258984375 0.3282171875 0.2348348046875 0.33633689453125 0.239439361328125 0.347149546875 0.23710898046875 0.35747726171875 0.2349485703125 0.399871689453125 0.218667205078125 0.41038948828125 0.212602626953125 0.42045608203125 0.2001365703125 0.430075041015625 0.195040630859375 0.445454705078125 0.19128926953125 0.44927208984375 0.18246384375 0.44515806640625 0.1776751875 0.459976400390625 0.1329459375 0.455682998046875 0.13039409375 0.446179515625 0.1132204921875 0.4694568515625 0.104505796875 0.47525842578125 0.10369467578125 0.4868580078125 0.106664533203125 0.505715763671875 0.11293341015625 0.51955887109375 0.11728217578125 0.518697337890625 0.128054294921875 0.494972365234375 0.13547590625 0.488497552734375 0.14278207421875 0.4913397109375 0.150668484375 0.50121622265625 0.16362121484375 0.484637515625 0.168955783203125 0.485010544921875 0.175856390625 0.4936524921875 0.18693883203125 0.522985388671875 0.19165412109375 0.543713642578125 0.201824126953125 0.53626538671875 0.217827828125 0.537384474609375 0.22335423828125 0.54651314453125 0.223238798828125 0.55583011328125 0.209410998046875 0.581089857421875 0.19608703515625 0.59531134765625 0.1820549375 0.59666138671875 0.18064641015625 0.605305119140625 0.184798625 0.614920509765625 0.184764294921875 0.623077521484375 0.17646290625 0.65746593359375 0.16726153515625 0.670227259765625 0.15224363671875 0.670342736328125 0.140382728515625 0.717304173828125 0.11316701953125 0.753866861328125 0.105711080078125 0.768498681640625 0.081602541015625 0.791291080078125 0.06285819140625 0.82553206640625 0.061526068359375 0.852248408203125 0.051577525390625 0.879527861328125 0.035760958984375 0.90639698046875 0.03265378515625 0.920167267578125 0.027383166015625 0.92271278515625 0.01955599609375 0.934987388671875 0.003436853515625 0.943185267578125 0 0.9513451875 0 0.961967359375 0.01776496484375 0.967499791015625 0.075218251953125 0.97151731640625 0.295378025390625 0.984581125 0.498642658203125 1 0.924508486328125 1 0.92468697265625 0.9965318671875 0.927794146484375 0.982761580078125 0.93256563671875 0.972021748046875 0.93859588671875 0.970112166015625 0.948291673828125 0.98477772265625 0.961755986328125 0.991547388671875 0.963416576171875 1 0.96625754296875 1
0 1 0.377695462890625 0.989808654296875 0.3757250625 0.98623668359375 0.373144025390625 0.98368483984375 0.36364054296875 0.9628332421875 0.35518867578125 0.957985349609375 0.3478558984375 0.938387802734375 0.367466845703125 0.960463826171875 0.39290596875 0.961624306640625 0.4069746796875 0.956139970703125 0.42407562890625 0.96205477734375 0.431483013671875 1 0.43291384375 1 0.377695462890625
0 0.063991341796875 0.357027998046875 0.06508012890625 0.33379153125 0.0689126015625 0.328814189453125 0.075134693359375 0.335660244140625 0.07635912109375 0.352647501953125 0.083908626953125 0.35200978515625 0.0912195078125 0.335619375 0.09520175 0.313168052734375 0.09828705078125 0.32270883984375 0.10308816015625 0.32304456640625 0.11112433984375 0.315447099609375 0.1270812578125 0.309569134765625 0.132531265625 0.3006251953125 0.137912615234375 0.30799527734375 0.14903409375 0.309938595703125 0.15433433203125 0.31846863671875 0.157697298828125 0.316372537109375 0.158329029296875 0.31117137890625 0.15310990234375 0.30148137890625 0.1515142421875 0.28213690234375 0.139940419921875 0.278996322265625 0.13806709375 0.27128873046875 0.14710623828125 0.26084732421875 0.15075932421875 0.26226840234375 0.15233007421875 0.25130475390625 0.13449983203125 0.249475125 0.132395623046875 0.260401470703125 0.125780423828125 0.27450926953125 0.11700178125 0.277392294921875 0.10953809765625 0.25763748828125 0.107536875 0.244092802734375 0.103252056640625 0.247872884765625 0.102522046875 0.2583125078125 0.097153150390625 0.26609648828125 0.09341424609375 0.285067935546875 0.08958648046875 0.2708127109375 0.08606129296875 0.2752287265625 0.0677615390625 0.27628034375 0.0621025234375 0.280547146484375 0.051514501953125 0.278641130859375 0.035766591796875 0.28919623046875 0.01355944140625 0.288630572265625 0.010724322265625 0.329174662109375 0.01302754296875 0.3307344765625 0.0198127109375 0.348693390625 0.028232578125 0.35860720703125 0.03286675390625 0.38049541796875 0.03718119140625 0.38779089453125 0.063991341796875 0.357027998046875
0 0.740103822265625 0.550592966796875 0.75274455859375 0.553808154296875 0.755962462890625 0.549953466796875 0.749288025390625 0.541910150390625 0.740961728515625 0.5459904375 0.738926177734375 0.540602763671875 0.74115828125 0.53551351171875 0.746411736328125 0.537046498046875 0.75480669140625 0.516652189453125 0.768757677734375 0.516462107421875 0.77564583203125 0.5099499921875 0.81947039453125 0.511848875 0.824984349609375 0.505823482421875 0.832253154296875 0.463203453125 0.84286305078125 0.441798396484375 0.830290970703125 0.42226919140625 0.835007931640625 0.370145677734375 0.8377734921875 0.365093728515625 0.851549798828125 0.3520695 0.864967330078125 0.351842115234375 0.870869681640625 0.344095435546875 0.87681881640625 0.3433458125 0.899757455078125 0.344949837890625 0.9035384375 0.352208009765625 0.920899171875 0.356918880859375 0.9273989296875 0.35212805078125 0.925333759765625 0.3356648203125 0.911028703125 0.329419177734375 0.9042903203125 0.3184573125 0.87666601171875 0.307200591796875 0.853970708984375 0.30211669140625 0.841910212890625 0.305935859375 0.8205719453125 0.3044437421875 0.81937713671875 0.29853204296875 0.815561826171875 0.299430880859375 0.808831189453125 0.32285564453125 0.804554115234375 0.361022357421875 0.80489101953125 0.3715365859375 0.813532349609375 0.401281599609375 0.8135791328125 0.40827865234375 0.807966900390625 0.419542509765625 0.803677373046875 0.44255515625 0.800378357421875 0.447569802734375 0.795206013671875 0.444876859375 0.79221428125 0.44933017578125 0.775015771484375 0.442299388671875 0.77187898046875 0.444994119140625 0.772911564453125 0.453225734375 0.771294029296875 0.45719233203125 0.759152421875 0.46217145703125 0.75406119140625 0.458318552734375 0.74599068359375 0.474073029296875 0.745022046875 0.4687599609375 0.74908069140625 0.464381248046875 0.74864551171875 0.459105482421875 0.74499242578125 0.45768440234375 0.743345271484375 0.45057544140625 0.739205515625 0.456114111328125 0.731538896484375 0.5389205625 0.73557566796875 0.55785292578125 0.740103822265625 0.550592966796875
0 0.680617478515625 0.33953393359375 0.68262341015625 0.333846048828125 0.68223972265625 0.31633476953125 0.68901714453125 0.299907056640625 0.69339553125 0.310121078125 0.696455919921875 0.289353740234375 0.695538775390625 0.271805154296875 0.700472490234375 0.258745408203125 0.704206689453125 0.259006529296875 0.70727482421875 0.272625818359375 0.706011357421875 0.283028140625 0.7006424609375 0.29081212109375 0.6987893359375 0.33264522265625 0.715019208984375 0.334362939453125 0.720503546875 0.3172619921875 0.719884267578125 0.337617212890625 0.724198705078125 0.3449126875 0.725585359375 0.359580029296875 0.743142646484375 0.353813974609375 0.761245845703125 0.36323928515625 0.785947078125 0.362635302734375 0.79423905078125 0.3667120234375 0.79930066015625 0.359489369140625 0.803449837890625 0.315485564453125 0.801657623046875 0.306618015625 0.794270341796875 0.30493581640625 0.790113419921875 0.314552990234375 0.787343150390625 0.3388375078125 0.782524875 0.342580287109375 0.781927470703125 0.3396244375 0.78614833984375 0.33292580859375 0.7864603359375 0.313131912109375 0.7854105859375 0.30897880078125 0.78029748046875 0.328436970703125 0.778219857421875 0.29681967578125 0.739265060546875 0.2789425 0.7273667890625 0.280441751953125 0.722681119140625 0.270789056640625 0.722848052734375 0.24923657421875 0.731034001953125 0.224165126953125 0.7288705546875 0.212940357421875 0.715244017578125 0.208490607421875 0.713319197265625 0.21301853125 0.69728116796875 0.220056455078125 0.694498443359375 0.229186908203125 0.69186548828125 0.2208433828125 0.68295894921875 0.21788931640625 0.67770078515625 0.235588896484375 0.675301748046875 0.2622306328125 0.663548537109375 0.26548847265625 0.661154208984375 0.272897642578125 0.658234169921875 0.31465613671875 0.645396880859375 0.321917876953125 0.63911387890625 0.36577247265625 0.65212113671875 0.3905774453125 0.653751126953125 0.40176491015625 0.66174826953125 0.4215570234375 0.67129899609375 0.434463990234375 0.680617478515625 0.33953393359375