1 0.359375 0.78125 0.306640625 0.375
1 0.2041015625 0.619140625 0.22265625 0.287109375
1 0.11328125 0.54296875 0.19921875 0.23046875
1 0.4990234375 0.529296875 0.208984375 0.24609375
1 0.392578125 0.4091796875 0.1875 0.21484375
1 0.9482421875 0.318359375 0.103515625 0.15234375
1 0.896484375 0.255859375 0.115234375 0.11328125
1 0.80859375 0.1650390625 0.25 0.197265625
1 0.9482421875 0.4736328125 0.103515625 0.150390625
1 0.80859375 0.4541015625 0.1875 0.24609375
1 0.794921875 0.7333984375 0.39453125 0.4296875
1 0.6064453125 0.4287109375 0.15234375 0.1640625
1 0.5048828125 0.341796875 0.08203125 0.115234375
1 0.5087890625 0.244140625 0.091796875 0.109375
1 0.482421875 0.142578125 0.05078125 0.08203125
1 0.3740234375 0.1748046875 0.091796875 0.103515625
1 0.2421875 0.3544921875 0.18359375 0.189453125
1 0.1669921875 0.24609375 0.173828125 0.169921875
1 0.599609375 0.20703125 0.078125 0.1015625
1 0.6923828125 0.2265625 0.119140625 0.14453125
1 0.9931640625 0.193359375 0.013671875 0.09375
0 0.324974009765625 0.315472888671875 0.332848720703125 0.307659923828125 0.335484255859375 0.28255 0.347135619140625 0.258240357421875 0.362323951171875 0.236356658203125 0.37497765625 0.234023869140625 0.38051332421875 0.2206913125 0.380242248046875 0.21561127734375 0.36595559765625 0.219271111328125 0.346700845703125 0.210714017578125 0.3374515625 0.242788837890625 0.3338136875 0.245921908203125 0.31160822265625 0.251246822265625 0.300562298828125 0.242202384765625 0.2938224765625 0.244676115234375 0.281780193359375 0.273367033203125 0.281433373046875 0.28389619140625 0.287435455078125 0.296332896484375 0.312938203125 0.31235655078125 0.324974009765625 0.315472888671875
0 0.365802138671875 0.616567369140625 0.373323798828125 0.6053310859375 0.380549220703125 0.578964587890625 0.37959098046875 0.56313561328125 0.37799590625 0.5566580625 0.365915998046875 0.547393845703125 0.35567084765625 0.5256845546875 0.35988251953125 0.510954482421875 0.37013414453125 0.500856515625 0.3726939375 0.491355783203125 0.3719058671875 0.486165861328125 0.363835818359375 0.473289595703125 0.349007013671875 0.466789357421875 0.347884830078125 0.4542738125 0.344946822265625 0.450301044921875 0.319488177734375 0.4404252734375 0.305592447265625 0.439703830078125 0.307528111328125 0.4216997421875 0.303184138671875 0.417986171875 0.29456545703125 0.42675709375 0.3016015234375 0.439413578125 0.2981338203125 0.4531856953125 0.28527830078125 0.466636509765625 0.26995766796875 0.4700765625 0.266735880859375 0.47887853515625 0.259233150390625 0.486212521484375 0.252209546875 0.5014609921875 0.254554818359375 0.52093306640625 0.25303523828125 0.5446060546875 0.2787838984375 0.5556595625 0.294848501953125 0.551261552734375 0.30201063671875 0.568409205078125 0.316322453125 0.57479955078125 0.3203574765625 0.58123768359375 0.33615723046875 0.5857121171875 0.3434202734375 0.5973007578125 0.357505111328125 0.604758951171875 0.36055025390625 0.617125185546875 0.365802138671875 0.616567369140625
0 1 0.144943498046875 0.983332681640625 0.13397674609375 0.985394419921875 0.120463826171875 0.991636185546875 0.113977908203125 0.993969 0.105545025390625 0.98782191015625 0.092519451171875 0.970547267578125 0.088847611328125 0.96760244140625 0.099940640625 0.963201662109375 0.107933962890625 0.950964041015625 0.115935654296875 0.93855625 0.113298296875 0.933544048828125 0.094933490234375 0.941563767578125 0.08770939453125 0.941954689453125 0.0833281171875 0.941177802734375 0.082604939453125 0.86703393359375 0.066845173828125 0.864532060546875 0.071335798828125 0.86209833984375 0.0853276953125 0.864191470703125 0.095817435546875 0.8620856328125 0.103182474609375 0.870426759765625 0.1211387734375 0.909844171875 0.133981572265625 0.933890375 0.175923798828125 0.96778482421875 0.18424437890625 0.9647394375 0.21763787890625 0.959039826171875 0.234283865234375 0.9625830234375 0.2506622890625 0.9595882109375 0.258396416015625 0.968667078125 0.26144228125 0.9900025 0.25258415625 0.99219653515625 0.2575148828125 1 0.256255123046875 1 0.226836669921875 0.999812876953125 0.226767107421875 0.990336861328125 0.2141500390625 0.993842435546875 0.192573326171875 0.998924146484375 0.1813764609375 1 0.1774159453125 1 0.144943498046875
0 1 0.396024037109375 0.949487328125 0.3745551953125 0.946587193359375 0.362777828125 0.9434032734375 0.363775205078125 0.941442443359375 0.371729109375 0.93782350390625 0.370959880859375 0.940156318359375 0.36252699609375 0.905921525390625 0.3329283203125 0.905007384765625 0.323247228515625 0.910271974609375 0.304834634765625 0.90539207421875 0.30491347265625 0.896414115234375 0.29630859375 0.8723425 0.290075921875 0.8532895625 0.270400802734375 0.83273598046875 0.270496373046875 0.810959310546875 0.2636354140625 0.803986279296875 0.25322451171875 0.795941396484375 0.250398427734375 0.794138279296875 0.241086423828125 0.771075482421875 0.2250233515625 0.75189647265625 0.200857064453125 0.7432715625 0.195675505859375 0.72937583203125 0.1949540625 0.725284001953125 0.20022282421875 0.728638091796875 0.209864498046875 0.72775534765625 0.224186064453125 0.733013458984375 0.237580728515625 0.72525834375 0.28169211328125 0.71779971484375 0.29517398046875 0.701999962890625 0.290699546875 0.694516169921875 0.294131232421875 0.69888530859375 0.307894982421875 0.707157169921875 0.309653220703125 0.733656029296875 0.333701251953125 0.72975953515625 0.359659244140625 0.7328866484375 0.370368763671875 0.731297802734375 0.377843689453125 0.723587033203125 0.38234322265625 0.72179014453125 0.386983697265625 0.716960576171875 0.40716289453125 0.71938158984375 0.411025775390625 0.725957470703125 0.4118654765625 0.7323631796875 0.40206612890625 0.74762077734375 0.3963804921875 0.767720404296875 0.398420615234375 0.776294984375 0.3835018125 0.794755435546875 0.372916501953125 0.80296426171875 0.372429158203125 0.809256357421875 0.386043599609375 0.8100254921875 0.395135822265625 0.8151702421875 0.38618454296875 0.820422125 0.3856267265625 0.83897725390625 0.355529923828125 0.85390073828125 0.34251866796875 0.862040296875 0.32583326171875 0.870123052734375 0.32085475 0.880878962890625 0.328721451171875 0.881534486328125 0.36122746484375 0.90151426953125 0.372728900390625 0.88838742578125 0.426859412109375 0.8889106484375 0.44092178125 0.8951524140625 0.43443586328125 0.922136869140625 0.434591125 0.9303773359375 0.412346705078125 0.9404460859375 0.40946446875 0.963319775390625 0.418790791015625 0.971843779296875 0.429531361328125 1 0.447222220703125 1 0.396024037109375
0 0.66774637890625 1 0.675169513671875 0.959674384765625 0.678290396484375 0.95643142578125 0.691442158203125 0.958110826171875 0.700899486328125 0.928870458984375 0.753922615234375 0.94125696484375 0.755908609375 0.943353240234375 0.74809693359375 0.95341178515625 0.746356853515625 0.9463453671875 0.73485697265625 0.93943662109375 0.72898719140625 0.9454435625 0.7255825234375 0.96146126171875 0.732057498046875 0.9678599765625 0.753418083984375 0.96905203125 0.75587073828125 0.9511578359375 0.7604354609375 0.93985108203125 0.7644453203125 0.936239033203125 0.766399919921875 0.914332650390625 0.768486822265625 0.910869912109375 0.82719685546875 0.92446520703125 0.822783369140625 0.95031330859375 0.837549140625 0.9545679609375 0.839661205078125 0.96115540234375 0.834068732421875 0.98619485546875 0.845310240234375 0.9701687890625 0.845720095703125 0.961885212890625 0.856160828125 0.958523998046875 0.867143716796875 0.965322853515625 0.892640236328125 0.96739402734375 0.910417876953125 0.974002873046875 0.913722095703125 0.958457744140625 0.8793499453125 0.93331850390625 0.874470044921875 0.933397341796875 0.86273048046875 0.94541121875 0.868222048828125 0.925930779296875 0.864849021484375 0.920191404296875 0.812330423828125 0.88000983203125 0.785623521484375 0.853127349609375 0.74082192578125 0.82239872265625 0.739888849609375 0.8166199296875 0.72987690625 0.807795271484375 0.6987692265625 0.78890611328125 0.696285177734375 0.782797650390625 0.67661433984375 0.768571654296875 0.6665014921875 0.765306009765625 0.644365294921875 0.786828986328125 0.63294091015625 0.81007078125 0.62192637890625 0.82502900390625 0.599601072265625 0.839815228515625 0.5583421796875 0.916984490234375 0.550246720703125 0.93981778125 0.54638809765625 0.957971173828125 0.5474661796875 0.9643388359375 0.578939615234375 0.96879653515625 0.595981392578125 0.976325201171875 0.5912906015625 0.983140787109375 0.59050876171875 0.991903341796875 0.585947611328125 1 0.66774637890625 1
0 0.477985275390625 1 0.487123201171875 0.9520705859375 0.501246154296875 0.905964447265625 0.523609330078125 0.883373625 0.536017123046875 0.886010982421875 0.546029064453125 0.894835640625 0.55464774609375 0.886064720703125 0.570409875 0.852584017578125 0.588366041015625 0.8240340390625 0.594355666015625 0.8085657890625 0.591808580078125 0.8002117421875 0.5936622734375 0.783864373046875 0.609941642578125 0.70473382421875 0.6085105078125 0.69494284375 0.59255951953125 0.6759270625 0.595592203125 0.660388341796875 0.603529951171875 0.6548209609375 0.61386977734375 0.6570187578125 0.622847736328125 0.66562363671875 0.630842291015625 0.648349361328125 0.63309936328125 0.655525671875 0.6502736875 0.635738248046875 0.662946330078125 0.629503162109375 0.69046695703125 0.58010628125 0.690498599609375 0.558349205078125 0.663570951171875 0.546487048828125 0.668551755859375 0.540849197265625 0.671149419921875 0.523543869140625 0.669472375 0.51872303515625 0.6718809296875 0.494680955078125 0.669932806640625 0.4847800859375 0.663476767578125 0.474479072265625 0.652065087890625 0.479866091796875 0.646939275390625 0.48491507421875 0.640741607421875 0.497548873046875 0.6271610546875 0.50805534765625 0.607988029296875 0.543601271484375 0.608467150390625 0.551515759765625 0.604255478515625 0.566245833984375 0.59030294140625 0.57723128515625 0.5803161640625 0.578456806640625 0.57300254296875 0.59252754296875 0.562170890625 0.600270033203125 0.550992416015625 0.618541685546875 0.539996822265625 0.629597607421875 0.53603729296875 0.653310013671875 0.52764558984375 0.661013087890625 0.512904982421875 0.666808615234375 0.4991731953125 0.662773740234375 0.48535320703125 0.646443103515625 0.48654490234375 0.629396974609375 0.484016751953125 0.61714062890625 0.481431794921875 0.6165911796875 0.471136068359375 0.620541263671875 0.468084451171875 0.63998228515625 0.46337472265625 0.650700171875 0.44706420703125 0.660068326171875 0.44495837109375 0.667433361328125 0.4472974140625 0.67295295703125 0.4519503359375 0.673941966796875 0.492414189453125 0.714909501953125 0.49371925 0.720209318359375 0.486809009765625 0.757803732421875 0.4953581796875 0.778594484375 0.49470241015625 0.791848205078125 0.490326794921875 0.809891708984375 0.476191380859375 0.828092890625 0.47139968359375 0.840467490234375 0.459824060546875 0.849167939453125 0.45011458984375 0.869425974609375 0.4398818984375 0.875621642578125 0.4283125078125 0.8982745703125 0.411365158203125 0.916994146484375 0.40754440625 0.927342943359375 0.398055685546875 0.932580654296875 0.38733116796875 0.948716611328125 0.3777098984375 0.98127041015625 0.37761142578125 0.985155802734375 0.4474478828125 1 0.477985275390625 1
0 0.646915591796875 0.200306490234375 0.6536870546875 0.176075685546875 0.65134801171875 0.17055608984375 0.646985103515625 0.170744818359375 0.6453459296875 0.15811938671875 0.6387132421875 0.168986580078125 0.641020890625 0.150503515625 0.63969689453125 0.149106 0.6335181640625 0.157837501953125 0.632578857421875 0.138106228515625 0.628751876953125 0.134502546875 0.6258704296875 0.1645826171875 0.627175490234375 0.169882431640625 0.632156296875 0.164244580078125 0.63538431640625 0.1693950859375 0.63634878515625 0.1991765390625 0.646915591796875 0.200306490234375
0 0.68950446484375 0.18424695703125 0.69405025 0.1768425 0.696420935546875 0.16060501953125 0.69075296484375 0.15549393359375 0.685784865234375 0.143277005859375 0.687329609375 0.12965419921875 0.70276385546875 0.10280035546875 0.71003960546875 0.096534216796875 0.708217552734375 0.09112451171875 0.67490312890625 0.085159404296875 0.671265255859375 0.088292474609375 0.665653845703125 0.117234224609375 0.6597840625 0.123241166015625 0.645926203125 0.114715125 0.64056718359375 0.106879474609375 0.635069384765625 0.112407435546875 0.60637001171875 0.115235935546875 0.60359594921875 0.107949736328125 0.5987601484375 0.114176455078125 0.601326171875 0.118628205078125 0.61735290234375 0.122034791015625 0.626910888671875 0.132995140625 0.6334805390625 0.11988236328125 0.641525423828125 0.12270844921875 0.643782494140625 0.129884759765625 0.6532963828125 0.1346972265625 0.64521362890625 0.139675740234375 0.644305716796875 0.143947126953125 0.64687173828125 0.148398875 0.656770314453125 0.134877587890625 0.659355271484375 0.135427037109375 0.657173693359375 0.15840126953125 0.665010533203125 0.15839290234375 0.6659373828125 0.150219216796875 0.66182038671875 0.145437798828125 0.6657482734375 0.143482466796875 0.675993423828125 0.1651917578125 0.6734146953125 0.17859478515625 0.677840640625 0.180651642578125 0.68259446875 0.17608163671875 0.687808482421875 0.18332841796875 0.68950446484375 0.18424695703125