1 0.6259765625 0.8447265625 0.357421875 0.310546875
1 0.82421875 0.5986328125 0.291015625 0.4599609375
1 0.9287109375 0.3046875 0.142578125 0.32421875
1 0.900390625 0.07421875 0.0859375 0.119140625
1 0.6630859375 0.279296875 0.1865234375 0.2470703125
1 0.4638671875 0.373046875 0.236328125 0.263671875
1 0.345703125 0.6328125 0.2802734375 0.3876953125
1 0.13671875 0.515625 0.2646484375 0.32421875
1 0.2900390625 0.318359375 0.12890625 0.2080078125
1 0.2626953125 0.1767578125 0.1259765625 0.1865234375
1 0.4306640625 0.0556640625 0.095703125 0.111328125
1 0.59765625 0.08203125 0.0869140625 0.15234375
1 0.1044921875 0.107421875 0.150390625 0.1787109375
1 0.091796875 0.2998046875 0.18359375 0.1748046875
1 0.7392578125 0.0888671875 0.177734375 0.177734375
1 0.072265625 0.86328125 0.142578125 0.2734375
0 0.841623037109375 0.88278775 0.84738219921875 0.889123548828125 0.85445026171875 0.870644138671875 0.8518324609375 0.854804646484375 0.8570680625 0.836853220703125 0.859424083984375 0.832101373046875 0.86361256640625 0.832101373046875 0.8730366484375 0.808870115234375 0.8874345546875 0.791446673828125 0.881675392578125 0.786166841796875 0.880104712890625 0.767159451171875 0.875130890625 0.765575501953125 0.8732984296875 0.7597676875 0.883507853515625 0.75501583984375 0.88664921484375 0.763463568359375 0.8910994765625 0.7565997890625 0.89267015625 0.7502639921875 0.889005236328125 0.73548046484375 0.893193716796875 0.721752904296875 0.891361255859375 0.7106652578125 0.88848167578125 0.712249208984375 0.887958115234375 0.7206969375 0.8840314140625 0.726504751953125 0.87041884765625 0.732840548828125 0.865445025390625 0.74498416015625 0.865445025390625 0.757655755859375 0.8623036640625 0.76821541796875 0.868062828125 0.7756071796875 0.868062828125 0.7988384375 0.864659685546875 0.8152059140625 0.860994763671875 0.8152059140625 0.859162302734375 0.805174234375 0.86518324609375 0.798310453125 0.859424083984375 0.796198521484375 0.856806283203125 0.789862724609375 0.85 0.789862724609375 0.846596859375 0.791446673828125 0.846596859375 0.8020063359375 0.849738220703125 0.807286166015625 0.847643978515625 0.8146779296875 0.852356021484375 0.81995776171875 0.85287958203125 0.831573390625 0.85104712109375 0.835269271484375 0.84738219921875 0.83315733984375 0.843193716796875 0.843717001953125 0.839267015625 0.831573390625 0.840837697265625 0.82312566015625 0.833507853515625 0.82312566015625 0.83141361328125 0.831573390625 0.835863875 0.851108763671875 0.8447643984375 0.847940865234375 0.850261779296875 0.854804646484375 0.846073298828125 0.8600844765625 0.843193716796875 0.8732840546875 0.835863875 0.8574445625 0.829057591796875 0.864836326171875 0.825392669921875 0.863780359375 0.826178009765625 0.854804646484375 0.824345548828125 0.85216473046875 0.816492146484375 0.8542766640625 0.81361256640625 0.861140443359375 0.81151832421875 0.8801478359375 0.814136125 0.897043294921875 0.812041884765625 0.902323125 0.8159685859375 0.914466736328125 0.821989529296875 0.916050685546875 0.835340314453125 0.90707497265625 0.839005236328125 0.896515310546875 0.842408376953125 0.893875396484375 0.841623037109375 0.88278775
0 0.95811518359375 0.664730728515625 0.956020943359375 0.658394931640625 0.956544501953125 0.649947201171875 0.960994763671875 0.6399155234375 0.96518324609375 0.6399155234375 0.9696335078125 0.634107708984375 0.955759162109375 0.626187962890625 0.956544501953125 0.614044349609375 0.964659685546875 0.614572333984375 0.96858638671875 0.586589228515625 0.9767015703125 0.583949314453125 0.97748691015625 0.59292502734375 0.97068062890625 0.597148890625 0.970157068359375 0.609820486328125 0.9730366484375 0.627243927734375 0.9767015703125 0.612460400390625 0.9803664921875 0.62513199609375 0.984554974609375 0.612460400390625 0.989005236328125 0.60876451953125 0.993193716796875 0.591869060546875 0.99895287890625 0.580253431640625 0.999738220703125 0.515311509765625 0.9803664921875 0.520591341796875 0.971989529296875 0.533262935546875 0.967277486328125 0.5353748671875 0.9570680625 0.56335797265625 0.953141361328125 0.565997888671875 0.946335078125 0.58289334765625 0.942408376953125 0.586589228515625 0.942408376953125 0.597148890625 0.9374345546875 0.597676875 0.934554974609375 0.610876451171875 0.9089005234375 0.66367476171875 0.90732984375 0.673178458984375 0.910471205078125 0.68057022265625 0.909162302734375 0.690601900390625 0.918062828125 0.696937697265625 0.924345548828125 0.690601900390625 0.930628271484375 0.693769798828125 0.937958115234375 0.690601900390625 0.94031413671875 0.695353748046875 0.939790576171875 0.714361140625 0.94188481640625 0.7175290390625 0.9481675390625 0.69640971484375 0.946073298828125 0.691129884765625 0.94712041796875 0.68373812109375 0.95811518359375 0.664730728515625
0 0.174869109375 0.846356916015625 0.17748691015625 0.8347412890625 0.17748691015625 0.821013728515625 0.173821990234375 0.8083421328125 0.174869109375 0.79355860546875 0.16858638671875 0.770327349609375 0.162827224609375 0.7597676875 0.184293193359375 0.728088701171875 0.180104712890625 0.712249208984375 0.17958115234375 0.694297783203125 0.173560208984375 0.68848996875 0.171727748046875 0.679514255859375 0.164136125 0.669482576171875 0.1337696328125 0.651531150390625 0.110732984375 0.629355861328125 0.086125654296875 0.617740232421875 0.06361256640625 0.59239704296875 0.053141361328125 0.59556494140625 0.046596859375 0.62143611328125 0.045026177734375 0.65733896484375 0.039790576171875 0.69640971484375 0.04031413671875 0.7111932421875 0.038743455078125 0.719640970703125 0.03298429296875 0.728088701171875 0.03298429296875 0.7565997890625 0.125392669921875 0.85850052734375 0.12958115234375 0.8606124609375 0.130890052734375 0.85586061328125 0.12774869140625 0.824181626953125 0.129057591796875 0.820485744140625 0.145811517578125 0.83104540625 0.149476439453125 0.83949313671875 0.1589005234375 0.8405491015625 0.16178010546875 0.845300951171875 0.160994763671875 0.847940865234375 0.15 0.85533262890625 0.14371727734375 0.851108763671875 0.14031413671875 0.864308341796875 0.145287958984375 0.885955650390625 0.15261780078125 0.895459345703125 0.160209423828125 0.894931361328125 0.167801046875 0.885955650390625 0.17225130859375 0.867476240234375 0.175392669921875 0.86536430859375 0.174869109375 0.846356916015625
0 0.6269633515625 0.616684265625 0.63324607421875 0.611404435546875 0.64214659765625 0.59556494140625 0.65104712109375 0.590285111328125 0.667277486328125 0.591341076171875 0.68298429296875 0.570221751953125 0.689790576171875 0.5681098203125 0.69267015625 0.55702217578125 0.69371727734375 0.53062301953125 0.69921466015625 0.518479408203125 0.715445025390625 0.5163674765625 0.729057591796875 0.526927138671875 0.732460732421875 0.523231255859375 0.72931937109375 0.51478352734375 0.728010470703125 0.49524815234375 0.715445025390625 0.49208025390625 0.709162302734375 0.479408658203125 0.69921466015625 0.46884899609375 0.686125654296875 0.466737064453125 0.67853403125 0.456705384765625 0.668062828125 0.426082365234375 0.6732984296875 0.4123548046875 0.674345548828125 0.401795142578125 0.67958115234375 0.393347412109375 0.67931937109375 0.385427666015625 0.667277486328125 0.38437169921875 0.663089005859375 0.390707498046875 0.646335078125 0.40126716015625 0.645026177734375 0.40390707421875 0.6481675390625 0.415522703125 0.647643978515625 0.435586060546875 0.63481675390625 0.445617740234375 0.60445026171875 0.4318901796875 0.6052356015625 0.396515310546875 0.610994763671875 0.385955650390625 0.602356021484375 0.3769799375 0.584554974609375 0.37486800390625 0.582198953125 0.38278775 0.581675392578125 0.410242873046875 0.578272251953125 0.422386484375 0.562041884765625 0.44033791015625 0.549476439453125 0.463569166015625 0.54214659765625 0.4646251328125 0.530890052734375 0.473600845703125 0.533507853515625 0.4904963046875 0.538743455078125 0.497888068359375 0.538743455078125 0.522175291015625 0.54712041796875 0.552798310546875 0.54554973828125 0.567581837890625 0.541361255859375 0.577085533203125 0.53821989453125 0.5939809921875 0.538743455078125 0.60242872265625 0.541623037109375 0.606124603515625 0.55104712109375 0.604012671875 0.567801046875 0.61034846875 0.58821989453125 0.62829989453125 0.59267015625 0.640443505859375 0.59267015625 0.658394931640625 0.596858638671875 0.66367476171875 0.599738220703125 0.64941921875 0.606544501953125 0.643083421875 0.61858638671875 0.6399155234375 0.6269633515625 0.616684265625
0 0.463089005859375 0.8996832109375 0.467801046875 0.89757127734375 0.470942408203125 0.88489968359375 0.48141361328125 0.8796198515625 0.506806283203125 0.83896515234375 0.496073298828125 0.81942977734375 0.464136125 0.80042238671875 0.455759162109375 0.802534318359375 0.44371727734375 0.814149947265625 0.44005235546875 0.812038015625 0.436125654296875 0.7988384375 0.436125654296875 0.7756071796875 0.443455498046875 0.7502639921875 0.4445026171875 0.73548046484375 0.435863875 0.72228088671875 0.42225130859375 0.71594508984375 0.41335078515625 0.721224919921875 0.412041884765625 0.73548046484375 0.40445026171875 0.75184794140625 0.387958115234375 0.77138331640625 0.38638743359375 0.8020063359375 0.3803664921875 0.823653642578125 0.3589005234375 0.846884900390625 0.33848167578125 0.85216473046875 0.31439790625 0.84582893359375 0.305759162109375 0.831573390625 0.3 0.807286166015625 0.295026177734375 0.79725448828125 0.246335078125 0.75501583984375 0.24005235546875 0.75290390625 0.22225130859375 0.732840548828125 0.20968586328125 0.729672650390625 0.192408376953125 0.732840548828125 0.182722513671875 0.752375923828125 0.182722513671875 0.76821541796875 0.18848167578125 0.78088701171875 0.1910994765625 0.797782470703125 0.187958115234375 0.825237591796875 0.191623037109375 0.87803590234375 0.19554973828125 0.88278775 0.204973822265625 0.8796198515625 0.214659685546875 0.887539599609375 0.215706806640625 0.909714888671875 0.210209423828125 0.916578669921875 0.20785340234375 0.9255543828125 0.22041884765625 0.96568109765625 0.22146596875 0.9836325234375 0.228010470703125 0.995776134765625 0.443455498046875 0.997360083984375 0.446596859375 0.98891235546875 0.44554973828125 0.932946146484375 0.4589005234375 0.911298837890625 0.463089005859375 0.8996832109375
0 0.010471205078125 0.18637803515625 0.006544501953125 0.18057022265625 0 0.187434001953125 0.000523560546875 0.260295669921875 0.004188482421875 0.253959873046875 0.00732984375 0.233896515625 0.014659685546875 0.217001056640625 0.010471205078125 0.18637803515625
0 0.1376963359375 0.1525871171875 0.123821990234375 0.15733896484375 0.119895287109375 0.174762408203125 0.125130890625 0.184266103515625 0.11884816796875 0.1979936640625 0.1337696328125 0.20908130859375 0.141361255859375 0.208553326171875 0.1429319375 0.20644139453125 0.142408376953125 0.1916578671875 0.136125654296875 0.169482576171875 0.1376963359375 0.1525871171875
0 0.03298429296875 0.14413938671875 0.024869109375 0.135163673828125 0.00811518359375 0.1393875390625 0.0052356015625 0.1525871171875 0.00811518359375 0.162618796875 0.0123036640625 0.161562830078125 0.014136125 0.166314677734375 0.00785340234375 0.172650474609375 0.00785340234375 0.177930306640625 0.012041884765625 0.181098205078125 0.024869109375 0.175290390625 0.03324607421875 0.16684266015625 0.035078533203125 0.150475185546875 0.03298429296875 0.14413938671875
0 0.851308900390625 0.13463569140625 0.846335078125 0.131995775390625 0.81858638671875 0.13833157421875 0.812827224609375 0.14783526953125 0.795026177734375 0.158394931640625 0.786125654296875 0.176346357421875 0.77853403125 0.18321013671875 0.78141361328125 0.18690601953125 0.800523560546875 0.18848996875 0.809162302734375 0.185850052734375 0.8159685859375 0.1721224921875 0.84214659765625 0.149947201171875 0.851308900390625 0.13463569140625
0 0.110209423828125 0.195353748046875 0.10628272265625 0.182154171875 0.102356021484375 0.1784582890625 0.0767015703125 0.185850052734375 0.054712041015625 0.177402322265625 0.051308900390625 0.18321013671875 0.049476439453125 0.20274551171875 0.028272251953125 0.221224919921875 0.030628271484375 0.22914466796875 0.055759162109375 0.227032734375 0.071204189453125 0.234952482421875 0.104973822265625 0.210137275390625 0.110732984375 0.19957761328125 0.115706806640625 0.1979936640625 0.110209423828125 0.195353748046875
0 0.58141361328125 0.23336853125 0.612041884765625 0.205385427734375 0.610471205078125 0.190601900390625 0.603664921875 0.178986271484375 0.602094240234375 0.16103484765625 0.596596859375 0.143611404296875 0.571989529296875 0.136219640625 0.55261780078125 0.1203801484375 0.54214659765625 0.12143611328125 0.536910994140625 0.131995775390625 0.52958115234375 0.136219640625 0.50968586328125 0.128827876953125 0.502356021484375 0.11721225 0.48664921484375 0.11721225 0.48638743359375 0.087117212890625 0.475654451171875 0.07919746484375 0.45104712109375 0.095036958984375 0.410209423828125 0.084477296875 0.390575916015625 0.087117212890625 0.40445026171875 0.098204857421875 0.421204189453125 0.12460401171875 0.428010470703125 0.12988384375 0.435340314453125 0.128827876953125 0.44371727734375 0.107708552734375 0.4515706796875 0.09926082421875 0.467277486328125 0.106652587890625 0.486125654296875 0.1330517421875 0.50078533984375 0.136219640625 0.510209423828125 0.14466737109375 0.51675392578125 0.155755015625 0.52146596875 0.17370644140625 0.529842931640625 0.187434001953125 0.53141361328125 0.200105595703125 0.53141361328125 0.211721224609375 0.527225130859375 0.229672650390625 0.515445025390625 0.237592396484375 0.512041884765625 0.24551214453125 0.513089005859375 0.24868004296875 0.554712041015625 0.27138331640625 0.559162302734375 0.30359028515625 0.56151832421875 0.309398099609375 0.56701570703125 0.30992608203125 0.569109947265625 0.30675818359375 0.569109947265625 0.268743400390625 0.576439791015625 0.2434002109375 0.58141361328125 0.23336853125