1 0.4462890625 0.447265625 0.2890625 0.21875
1 0.552734375 0.330078125 0.048828125 0.046875
1 0.595703125 0.267578125 0.0703125 0.109375
1 0.216796875 0.85546875 0.34375 0.2890625
1 0.1875 0.32421875 0.072265625 0.103515625
1 0.017578125 0.33984375 0.03515625 0.0390625
0 0.83096757421875 0.8350824296875 0.82066860546875 0.816728056640625 0.815467982421875 0.8208545859375 0.7961079921875 0.802009310546875 0.78300798046875 0.80358536328125 0.78406275390625 0.822091990234375 0.790577642578125 0.85575198046875 0.80272666796875 0.89183971875 0.801507029296875 0.8981411640625 0.80532315234375 0.925124150390625 0.802267193359375 0.931815916015625 0.809501046875 0.944779599609375 0.82783412109375 0.94148700390625 0.88460708203125 0.9294195390625 0.886380818359375 0.927229859375 0.884535341796875 0.91553772265625 0.874298958984375 0.898982705078125 0.8638885546875 0.8951533046875 0.8483889609375 0.880925458984375 0.83096757421875 0.8350824296875
0 0.094797859375 0.684012048828125 0.09279667578125 0.70921044140625 0.085223939453125 0.733780443359375 0.089406412109375 0.75947712109375 0.086104693359375 0.765012685546875 0.18564159375 0.754731427734375 0.207547712890625 0.74040761328125 0.2027668671875 0.732964732421875 0.195523857421875 0.707918591796875 0.189031857421875 0.70446474609375 0.18774048046875 0.696884375 0.17035113671875 0.693329951171875 0.167286021484375 0.687939259765625 0.155159888671875 0.682057666015625 0.13812316015625 0.659093244140625 0.11767328125 0.656189359375 0.104944193359375 0.662520330078125 0.094797859375 0.684012048828125
0 0.297512326171875 0.378087966796875 0.29272690234375 0.36460385546875 0.282374505859375 0.35653258203125 0.270507861328125 0.369930876953125 0.265119486328125 0.36865933203125 0.254351888671875 0.378198697265625 0.25172486328125 0.38540351171875 0.252891072265625 0.389385166015625 0.27615573046875 0.390482314453125 0.287915515625 0.39765021875 0.278738484375 0.405643056640625 0.263454109375 0.43306066015625 0.250725021484375 0.4393916328125 0.238125681640625 0.45536255078125 0.233595171875 0.455117099609375 0.229011232421875 0.46515475 0.238076830078125 0.47168687890625 0.2445825625 0.49326441015625 0.255006701171875 0.5152175 0.25991729296875 0.532300328125 0.260051615234375 0.54798150390625 0.257607763671875 0.55454316015625 0.2646538671875 0.562108767578125 0.28460765234375 0.556659021484375 0.294039599609375 0.56190483984375 0.30426225 0.560336169921875 0.30805090625 0.551071783203125 0.305324673828125 0.50814740625 0.318410955078125 0.488447666015625 0.316315140625 0.469558099609375 0.330124962890625 0.435203279296875 0.3335289609375 0.40306028515625 0.32990974609375 0.393557830078125 0.3153397578125 0.394237896484375 0.311291609375 0.384222392578125 0.31135876953125 0.392062978515625 0.30872716796875 0.393226564453125 0.297512326171875 0.378087966796875
0 1 0.4474478828125 0.95707793359375 0.2455154375 0.950452310546875 0.2459477109375 0.94446098046875 0.25688873046875 0.937352294921875 0.247523763671875 0.9237561875 0.24074618359375 0.917871716796875 0.231121001953125 0.91223758203125 0.228693251953125 0.900983046875 0.241961443359375 0.898548349609375 0.26060555859375 0.893164552734375 0.2653752421875 0.8900505859375 0.276308880859375 0.902440791015625 0.307511591796875 0.908200091796875 0.313538056640625 0.909567787109375 0.341041474609375 0.92773560546875 0.402435568359375 0.93278509765625 0.441240798828125 0.95022021875 0.505207513671875 0.95341965625 0.52627937890625 0.951288724609375 0.541837828125 0.944122033203125 0.536714734375 0.945480572265625 0.552135693359375 0.9525984140625 0.5735831171875 0.94752295703125 0.581308359375 0.9452088515625 0.597509962890625 0.94018682421875 0.594952109375 0.938904603515625 0.599454193359375 0.949096712890625 0.638374767578125 0.946040755859375 0.64506653515625 0.950835333984375 0.67063310546875 0.94815487890625 0.68812101953125 0.9442410546875 0.693786689453125 0.9480434453125 0.70264598828125 0.946582626953125 0.7138324609375 0.949902654296875 0.7324618125 0.944031916015625 0.740960318359375 0.94564079296875 0.763578708984375 0.95424233984375 0.80404580859375 0.952660931640625 0.81767479296875 0.954631576171875 0.83296564453125 0.950972666015625 0.851869974609375 0.95282272265625 0.869603341796875 0.947434345703125 0.868331794921875 0.950378869140625 0.876165 0.951621396484375 0.900069701171875 0.95952078515625 0.902620173828125 0.96416730859375 0.894381884765625 0.975060072265625 0.888441234375 0.98588109765625 0.868618767578125 0.985188095703125 0.8427846015625 0.990692484375 0.835572404296875 0.99926198828125 0.833750900390625 1 0.833855697265625 1 0.4474478828125
0 0.766325568359375 0.11711183984375 0.76154472265625 0.10966895703125 0.7592260390625 0.11982933203125 0.686751609375 0.134025806640625 0.6560210703125 0.136932462890625 0.653447474609375 0.133854177734375 0.648921541015625 0.139649955078125 0.553799138671875 0.15866040625 0.5515384609375 0.16457891015625 0.554174640625 0.169456552734375 0.581121099609375 0.181855513671875 0.59123231640625 0.1948118125 0.5954056328125 0.208426033203125 0.603733955078125 0.211489552734375 0.605454265625 0.219582974609375 0.61452444140625 0.232156333984375 0.627415318359375 0.27775391015625 0.62638801171875 0.295494658203125 0.6194136484375 0.301810865234375 0.61954339453125 0.311450810546875 0.613610072265625 0.318149958984375 0.6150266171875 0.329329046875 0.607296669921875 0.30801173046875 0.601180173828125 0.315354033203125 0.586552181640625 0.320275970703125 0.59050262890625 0.3629401328125 0.59909501953125 0.391324771484375 0.607763728515625 0.4396324609375 0.60470319140625 0.440282998046875 0.602067009765625 0.4354053515625 0.586333888671875 0.355367140625 0.58203998046875 0.344195435546875 0.57389025390625 0.334447529296875 0.572063087890625 0.34692030859375 0.53974198828125 0.351373490234375 0.5301085546875 0.32260591015625 0.52023851953125 0.304764583984375 0.513259580078125 0.3050395625 0.511432412109375 0.31751234375 0.50421229296875 0.32267234765625 0.503301 0.331929353515625 0.506375267578125 0.349402501953125 0.50277436328125 0.364064962890625 0.495974021484375 0.35765555859375 0.48468744140625 0.328635142578125 0.479482240234375 0.326720443359375 0.473597767578125 0.31709526171875 0.4663730703125 0.3162140390625 0.459143794921875 0.3092915859375 0.45376457421875 0.320102498046875 0.4438456875 0.318585501953125 0.441156076171875 0.323990955078125 0.4300038203125 0.310651716796875 0.42265853125 0.312213005859375 0.425554205078125 0.336370541015625 0.421216025390625 0.347564392578125 0.410265251953125 0.3577469140625 0.412852583984375 0.37894888671875 0.423200404296875 0.380978931640625 0.556220037109375 0.364184919921875 0.5663984140625 0.384981806640625 0.578078810546875 0.44896328515625 0.57753844140625 0.462975208984375 0.56781188671875 0.472897513671875 0.569170423828125 0.48831847265625 0.563550021484375 0.504014412109375 0.580199015625 0.58083684765625 0.587298544921875 0.57811935546875 0.597435724609375 0.5445451796875 0.6174963671875 0.51852923046875 0.619006037109375 0.491018431640625 0.622120001953125 0.480084794921875 0.63937501953125 0.467958044921875 0.653198576171875 0.451726912109375 0.661262830078125 0.42946931640625 0.67362098828125 0.418383423828125 0.68586771484375 0.42182250390625 0.699593568359375 0.43824003125 0.721522578125 0.45412236328125 0.7323756484375 0.4765885 0.73889511328125 0.51628971875 0.7463793046875 0.536450833984375 0.75240267578125 0.56779841796875 0.760369228515625 0.5781894765625 0.773737888671875 0.6079757734375 0.788460509765625 0.647141798828125 0.795833263671875 0.6818278828125 0.803438044921875 0.699546484375 0.808798955078125 0.66457065625 0.80412038671875 0.63052034375 0.804830197265625 0.597741578125 0.816022150390625 0.582674029296875 0.817907322265625 0.56595937890625 0.81238462109375 0.549006658203125 0.803193857421875 0.5388758125 0.7952227265625 0.5224435234375 0.781992966796875 0.514379630859375 0.776590857421875 0.494984396484375 0.773516587890625 0.47751124609375 0.774798810546875 0.473009162109375 0.78410101171875 0.468615037109375 0.79027093359375 0.4509896328125 0.7807046640625 0.430062638671875 0.774305787109375 0.38791890625 0.774658404296875 0.368508908203125 0.78915665234375 0.35394702734375 0.791779099609375 0.340700984375 0.786135810546875 0.32619077734375 0.769412001953125 0.312223146484375 0.760891349609375 0.2977203203125 0.756583708984375 0.26842492578125 0.758656634765625 0.257108349609375 0.7571637734375 0.22600621484375 0.759790798828125 0.21880140234375 0.779614837890625 0.203711708984375 0.786459455078125 0.1877555546875 0.80115003125 0.1846329765625 0.807887791015625 0.1892430234375 0.843635779296875 0.18285299609375 0.865384685546875 0.12264186328125 0.893541625 0.116656919921875 0.900346544921875 0.1291075546875 0.90665537109375 0.133204556640625 0.926117640625 0.125442400390625 0.93037103125 0.119869341796875 0.92176405859375 0.07937671484375 0.820919138671875 0.09704853515625 0.79681034765625 0.11304898046875 0.778688306640625 0.112067177734375 0.773541111328125 0.10591060546875 0.770243970703125 0.1174873984375 0.766325568359375 0.11711183984375
0 0.552552119140625 1 0.78168559765625 0.95129617578125 0.78171045703125 0.94947823046875 0.774842953125 0.93522823828125 0.769329408203125 0.9303579765625 0.75546465234375 0.892218046875 0.744741328125 0.87939185546875 0.731516146484375 0.877369193359375 0.72944322265625 0.88868576953125 0.72368391796875 0.8826593046875 0.721977341796875 0.892689572265625 0.71609287109375 0.883064392578125 0.713036912109375 0.88975615625 0.70629915234375 0.885146111328125 0.705571033203125 0.893759958984375 0.70226016015625 0.88721306640625 0.698953865234375 0.886707400390625 0.69742588671875 0.890053283203125 0.6999414765625 0.897373439453125 0.69382040234375 0.898674513671875 0.69162230859375 0.906392376953125 0.686600283203125 0.90383451953125 0.687100955078125 0.9182293828125 0.68159198828125 0.919400349609375 0.681645416015625 0.90911725 0.67489392578125 0.886383515625 0.677704125 0.878535546875 0.672923279296875 0.8710926640625 0.67114038671875 0.86119988671875 0.667530326171875 0.863779888671875 0.6698627421875 0.871743201171875 0.668951447265625 0.881000205078125 0.66343790234375 0.8761299453125 0.661789333984375 0.88191833984375 0.66491703125 0.889108390625 0.655248482421875 0.894788826171875 0.649797521484375 0.891717919921875 0.65101716015625 0.8854164765625 0.648626736328125 0.88169503515625 0.63362323828125 0.87582082421875 0.62688090234375 0.865169548828125 0.62663056640625 0.857972115234375 0.619463875 0.852849021484375 0.615049376953125 0.844119828125 0.612605525390625 0.850681486328125 0.6069668125 0.842212509765625 0.59484525390625 0.84237214453125 0.58485462890625 0.82697333203125 0.579067861328125 0.7846994921875 0.568764314453125 0.760303888671875 0.560677173828125 0.752355341796875 0.545078373046875 0.6879983046875 0.54468913671875 0.65907846875 0.54797712109375 0.63541921875 0.557193849609375 0.59901958984375 0.5636721171875 0.584349748046875 0.568448384765625 0.585751400390625 0.568872740234375 0.58022321875 0.5688635859375 0.56814076171875 0.562840212890625 0.536793177734375 0.5540020625 0.507252333984375 0.5512452890625 0.504817203125 0.5485556796875 0.510222658203125 0.5273731015625 0.509891392578125 0.51501036328125 0.5149360546875 0.45452316796875 0.513291720703125 0.418529421875 0.518525546875 0.42350717578125 0.5434489609375 0.443873087890625 0.597125193359375 0.45355994921875 0.61560967578125 0.464730515625 0.653113830078125 0.464561076171875 0.671880673828125 0.4589895234375 0.67125228125 0.462729330078125 0.678312224609375 0.449629318359375 0.67988827734375 0.44247178125 0.686847642578125 0.453155408203125 0.72808062109375 0.456403697265625 0.732828158203125 0.460500697265625 0.72651933203125 0.461363140625 0.73358665625 0.455434396484375 0.746327033203125 0.450716134765625 0.7406835078125 0.447762455078125 0.720767845703125 0.4423695 0.7134550703125 0.437333740234375 0.692773525390625 0.4245771875 0.662857125 0.417941708984375 0.631639646484375 0.409537068359375 0.608653080078125 0.3980321953125 0.614723837890625 0.380049056640625 0.6354644375 0.37699767578125 0.648197435546875 0.371488708984375 0.64936840234375 0.35801319140625 0.640148306640625 0.34466741796875 0.64056815625 0.33278246484375 0.629801537109375 0.3161303984375 0.62971572265625 0.307185388671875 0.620741078125 0.29886164453125 0.62371878515625 0.2978297578125 0.635418302734375 0.2935495859375 0.64237028515625 0.295636244140625 0.64917739453125 0.2932549765625 0.65753841015625 0.2791719296875 0.65448965234375 0.273653806640625 0.643578162109375 0.263976099609375 0.637176138671875 0.26165283984375 0.64129528515625 0.252712408203125 0.638361869140625 0.238759107421875 0.644953056640625 0.23422401953125 0.638666376953125 0.234353765625 0.648306322265625 0.2196631875 0.651428900390625 0.213363517578125 0.659414359375 0.215695935546875 0.667377671875 0.2131314921875 0.67638184375 0.217188796875 0.6984798046875 0.21621491796875 0.705937451171875 0.2238914375 0.737537869140625 0.238220244140625 0.741742830078125 0.269562888671875 0.738706064453125 0.27372705078125 0.740237826171875 0.28157301171875 0.75307140234375 0.322472771484375 0.758879173828125 0.329398283203125 0.768887294921875 0.319135935546875 0.79886275390625 0.31865357421875 0.808632806640625 0.3325320625 0.864896423828125 0.327456607421875 0.87262166796875 0.322823818359375 0.898983646484375 0.316095212890625 0.906456056640625 0.31114950390625 0.923821244140625 0.311341833984375 0.935260548828125 0.30241055859375 0.944409591796875 0.3003467890625 0.967808626953125 0.288596158203125 0.972723181640625 0.279436759765625 1 0.552552119140625 1
0 0.69551344140625 0.143643607421875 0.698752576171875 0.13630868359375 0.70916298046875 0.1401380859375 0.720176333984375 0.131754921875 0.7276559453125 0.14587480859375 0.748284423828125 0.142094310546875 0.751099201171875 0.1402875703125 0.74686330078125 0.124873994140625 0.737435931640625 0.12566940234375 0.738302953125 0.138777955078125 0.735662193359375 0.12785908203125 0.728620669921875 0.126334705078125 0.72567614453125 0.118501498046875 0.723357462890625 0.128661875 0.68852992578125 0.13787735546875 0.698274791015625 0.152119966796875 0.700048529296875 0.14993028515625 0.69551344140625 0.143643607421875
0 0.6196655546875 0.149493828125 0.585753888671875 0.15549353515625 0.583247455078125 0.1602558359375 0.596043701171875 0.16176544921875 0.60326382421875 0.156605443359375 0.611958494140625 0.15838265625 0.640848130859375 0.14982509375 0.645074876953125 0.153156212890625 0.65100819921875 0.146457064453125 0.6805145234375 0.143810623046875 0.6873057109375 0.1381375703125 0.68307896484375 0.134806453125 0.660430990234375 0.139620427734375 0.657857392578125 0.136542140625 0.6511287890625 0.144014552734375 0.63068348828125 0.14715189453125 0.623213029296875 0.14511446875 0.61977698828125 0.134968857421875 0.6215598828125 0.144861634765625 0.6196655546875 0.149493828125
0 0.814758369140625 0.126756396484375 0.81022328125 0.12046971875 0.811626091796875 0.1135251171875 0.826196080078125 0.112845052734375 0.83708884375 0.10690440234375 0.84199028125 0.111904771484375 0.85165883203125 0.1062243359375 0.857109791015625 0.1092952421875 0.853321134765625 0.118559626953125 0.8566320078125 0.1251065234375 0.856944927734375 0.1341033125 0.866483732421875 0.11878293359375 0.8846011953125 0.1137235078125 0.89452008203125 0.11524050390625 0.904202365234375 0.127683755859375 0.914179255859375 0.124958880859375 0.927520451171875 0.118497802734375 0.92219008203125 0.112984384765625 0.91888836328125 0.118519947265625 0.9068248125 0.114437712890625 0.916430779296875 0.106957919921875 0.92194432421875 0.111828181640625 0.9283269609375 0.110252740234375 0.9221063046875 0.08098685546875 0.817492251953125 0.0989853828125 0.81063848046875 0.102859078125 0.80905249609375 0.11044683203125 0.80054557421875 0.114067693359375 0.810536203125 0.1294665078125 0.814758369140625 0.126756396484375
0 0.162531203125 0.391673583984375 0.157151984375 0.40248449609375 0.14937776171875 0.40353273828125 0.1517010234375 0.399413591796875 0.15046765234375 0.387591349609375 0.13968174609375 0.372965798828125 0.140150373046875 0.34507205859375 0.134087306640625 0.342131263671875 0.1276044609375 0.350759875 0.122904509765625 0.369281267578125 0.1262153828125 0.375828162109375 0.12499574609375 0.38212960546875 0.12879813671875 0.39098890625 0.1294193984375 0.402941255859375 0.13364156640625 0.400231146484375 0.144543486328125 0.40637295703125 0.148649642578125 0.412146587890625 0.152027677734375 0.4265340703125 0.1749839921875 0.424675654296875 0.24126103125 0.391857208984375 0.242534095703125 0.375272666015625 0.233410494140625 0.372982404296875 0.227159673828125 0.36464353515625 0.223366439453125 0.367866693359375 0.215038115234375 0.364803171875 0.200477283203125 0.377565693359375 0.187743619140625 0.377855435546875 0.17379489453125 0.390487853515625 0.1755823671875 0.406421861328125 0.172463822265625 0.411314267578125 0.162531203125 0.391673583984375
0 0.22433730859375 0.19485334765625 0.206215267578125 0.193871544921875 0.195702583984375 0.216649572265625 0.188835080078125 0.202399578125 0.1631265703125 0.207864091796875 0.151125603515625 0.20558121484375 0.14646534765625 0.195695818359375 0.14046486328125 0.19455437890625 0.134719294921875 0.206651603515625 0.125899455078125 0.201275673828125 0.116717841796875 0.203227287109375 0.113608455078125 0.22020215234375 0.112884912109375 0.23485723046875 0.116571291015625 0.2522002734375 0.125646044921875 0.270814861328125 0.129698771484375 0.286871595703125 0.132209783203125 0.2881505234375 0.133121080078125 0.278893517578125 0.127723548828125 0.265539513671875 0.13304476171875 0.25897047265625 0.136659400390625 0.26243169921875 0.13384919921875 0.27027966796875 0.139116984375 0.273993728515625 0.14035035546875 0.28581597265625 0.14384440234375 0.2917197109375 0.150148650390625 0.28977548046875 0.149603705078125 0.29774617578125 0.144161900390625 0.30675773046875 0.1493716796875 0.31471366015625 0.151757525390625 0.31239387109375 0.15144460546875 0.30339708203125 0.157440509765625 0.298497291015625 0.16012554296875 0.287050607421875 0.19954159765625 0.273838705078125 0.199474435546875 0.2659981171875 0.197329771484375 0.26343287890625 0.194765328125 0.27243705078125 0.19004248828125 0.260752296875 0.19083319140625 0.2539378046875 0.194872185546875 0.251870849609375 0.208906380859375 0.271243939453125 0.2235038359375 0.30681124609375 0.2353933671875 0.323619095703125 0.2457671484375 0.279118666015625 0.243921669921875 0.267426529296875 0.2523660078125 0.262006310546875 0.250341931640625 0.256998556640625 0.247652322265625 0.262404013671875 0.24158925390625 0.259463216796875 0.24268372265625 0.249563056640625 0.238881333984375 0.2407037578125 0.2387470078125 0.22502258203125 0.22514632421875 0.212203771484375 0.22673230859375 0.204616017578125 0.22433730859375 0.19485334765625