1 0.5634765625 0.8046875 0.22265625 0.208984375
1 0.57421875 0.904296875 0.28515625 0.1904296875
1 0.6103515625 0.4033203125 0.0791015625 0.1484375
1 0.5927734375 0.5458984375 0.2109375 0.1611328125
1 0.8564453125 0.5693359375 0.0908203125 0.1376953125
1 0.8251953125 0.474609375 0.1025390625 0.0791015625
1 0.9580078125 0.3115234375 0.083984375 0.140625
1 0.228515625 0.5205078125 0.115234375 0.1474609375
1 0.080078125 0.8154296875 0.1416015625 0.310546875
1 0.0693359375 0.4033203125 0.138671875 0.26171875
1 0.31640625 0.21875 0.0830078125 0.06640625
1 0.6181640625 0.30078125 0.0673828125 0.0966796875
1 0.6796875 0.2216796875 0.046875 0.0751953125
1 0.3955078125 0.0888671875 0.0810546875 0.05859375
1 0.2568359375 0.36328125 0.15234375 0.13671875
1 0.3701171875 0.369140625 0.05078125 0.0615234375
0 0.681628392578125 0.703362255859375 0.68110647265625 0.684924078125 0.69076200390625 0.672451193359375 0.69780793359375 0.6523861171875 0.69728601171875 0.646963123046875 0.69415448828125 0.643709328125 0.693632568359375 0.6285249453125 0.688413361328125 0.617678958984375 0.688413361328125 0.61225596484375 0.686586638671875 0.608459869140625 0.6620563671875 0.611713666015625 0.60464509375 0.608459869140625 0.602296451171875 0.62093275390625 0.603862212890625 0.64479392578125 0.597077244140625 0.66865509765625 0.5975991640625 0.678416486328125 0.592379958984375 0.70119305859375 0.59290187890625 0.716377439453125 0.603601251953125 0.734273318359375 0.659446763671875 0.754880693359375 0.666231732421875 0.76789587890625 0.671711900390625 0.771691974609375 0.6756263046875 0.76789587890625 0.678496869140625 0.75759219140625 0.676931107421875 0.740238611328125 0.681628392578125 0.703362255859375
0 1 0.50596529296875 0.995824634765625 0.5103036875 0.995824634765625 0.488611712890625 0.993997912109375 0.484815619140625 0.983559498046875 0.484815619140625 0.977296451171875 0.479392625 0.955375783203125 0.449023861328125 0.950156576171875 0.437093275390625 0.9324112734375 0.416485900390625 0.909446763671875 0.42733188671875 0.90031315234375 0.456073751953125 0.901356994140625 0.465835140625 0.905532359375 0.47342733203125 0.909707724609375 0.49078091015625 0.926409185546875 0.5103036875 0.934759916015625 0.5428416484375 0.936847599609375 0.564533623046875 0.935281837890625 0.57863340625 0.928496869140625 0.59490238671875 0.929801669921875 0.607375271484375 0.948590814453125 0.60520607421875 0.95407098046875 0.595986984375 0.956941544921875 0.58459869921875 0.969467640625 0.582429501953125 0.9759916484375 0.589479392578125 0.975469728515625 0.61984815625 0.965031314453125 0.637201736328125 0.9629436328125 0.65997830859375 0.96450939453125 0.66865509765625 0.961638830078125 0.6778741875 0.94754697265625 0.681127982421875 0.93763048046875 0.676789587890625 0.931889353515625 0.67895878515625 0.923016701171875 0.67028199609375 0.918319416015625 0.660520607421875 0.911534447265625 0.660520607421875 0.918058455078125 0.61984815625 0.91362212890625 0.611713666015625 0.901617953125 0.60954446875 0.896398748046875 0.6008676796875 0.892745302734375 0.6008676796875 0.887787056640625 0.6079175703125 0.8883089765625 0.62093275390625 0.890657619140625 0.627982646484375 0.894832986328125 0.624728849609375 0.8984864296875 0.633405640625 0.899791232421875 0.625271150390625 0.897964509765625 0.619305857421875 0.906315240234375 0.6182212578125 0.908141962890625 0.64045553125 0.90683716015625 0.648590021484375 0.901096033203125 0.64967462109375 0.8984864296875 0.639913232421875 0.894832986328125 0.651843818359375 0.87291231640625 0.64642082421875 0.8684759921875 0.638286333984375 0.867432150390625 0.6285249453125 0.87682672265625 0.61225596484375 0.87682672265625 0.60357917578125 0.874478080078125 0.5976138828125 0.870824634765625 0.598698482421875 0.867171189453125 0.606290671875 0.862734865234375 0.60357917578125 0.8616910234375 0.61225596484375 0.86638830859375 0.62744034765625 0.865344466796875 0.64479392578125 0.862212943359375 0.6556399140625 0.85621085546875 0.663774404296875 0.8447286015625 0.660520607421875 0.831680583984375 0.6626898046875 0.82750521875 0.67136659375 0.81967641015625 0.674620390625 0.77165970703125 0.673535791015625 0.76826722265625 0.67733188671875 0.774530271484375 0.71312364453125 0.771398748046875 0.743492408203125 0.767745302734375 0.75 0.76878914453125 0.759761388671875 0.7635699375 0.8063991328125 0.764091857421875 0.857375271484375 0.77557411328125 0.882321041015625 0.777661794921875 0.89967462109375 0.777139875 0.930043384765625 0.779749478515625 0.938720173828125 0.784707724609375 0.940347072265625 0.794624216796875 0.95444685546875 0.79749478125 0.9539045546875 0.803757828125 0.89642082421875 0.798016701171875 0.8476138828125 0.7938413359375 0.84002169140625 0.7938413359375 0.832429501953125 0.784968685546875 0.808568330078125 0.782881001953125 0.794468546875 0.782881001953125 0.767353580078125 0.78679540625 0.754880693359375 0.80245302734375 0.750542298828125 0.83950939453125 0.753796095703125 0.854123173828125 0.749457701171875 0.894832986328125 0.75271149609375 0.906315240234375 0.7722342734375 0.91362212890625 0.765726681640625 0.92092901953125 0.749457701171875 0.93397703515625 0.746203904296875 0.936847599609375 0.752169197265625 0.93789144140625 0.76952277734375 0.949112734375 0.77982646484375 1 0.784707158203125 1 0.50596529296875
0 0.38178496875 0.8221258125 0.39692066796875 0.802603037109375 0.416753654296875 0.802603037109375 0.423016701171875 0.798264642578125 0.428235908203125 0.778741865234375 0.43710855859375 0.7754880703125 0.444937369140625 0.763557484375 0.454853861328125 0.7603036875 0.468423798828125 0.7483731015625 0.474164927734375 0.74078091015625 0.4793841328125 0.72668112890625 0.506263048828125 0.70444685546875 0.50521920703125 0.67733188671875 0.4864300625 0.65997830859375 0.4832985390625 0.623101953125 0.479123173828125 0.61984815625 0.483820458984375 0.61225596484375 0.47807933203125 0.60683297265625 0.4765135703125 0.592733189453125 0.4759916484375 0.55585683203125 0.47964509375 0.53850325390625 0.479123173828125 0.5222342734375 0.466858037109375 0.51952277734375 0.459029228515625 0.539045552734375 0.455375783203125 0.54013015234375 0.455636744140625 0.50596529296875 0.446764091796875 0.50596529296875 0.441544884765625 0.4896963125 0.44467641015625 0.479934923828125 0.43893528125 0.472342732421875 0.44102296484375 0.4571583515625 0.425887265625 0.4159436015625 0.426931107421875 0.40075921875 0.431367431640625 0.388286333984375 0.436847599609375 0.383405640625 0.4324112734375 0.3546637734375 0.42745302734375 0.36713666015625 0.429540708984375 0.376898046875 0.4256263046875 0.383947939453125 0.40057411328125 0.393709328125 0.39665970703125 0.39967462109375 0.39665970703125 0.4094360078125 0.3922233828125 0.41865509765625 0.372390396484375 0.420824294921875 0.371085595703125 0.424620390625 0.374217119140625 0.439804771484375 0.372651357421875 0.478850326171875 0.3650835078125 0.482646419921875 0.353601251953125 0.497830802734375 0.335334029296875 0.505422994140625 0.33820459375 0.51789587890625 0.331941544921875 0.536334056640625 0.330114822265625 0.549891541015625 0.30558455078125 0.54880694140625 0.29932150390625 0.5563991328125 0.294624216796875 0.571583513671875 0.2841858046875 0.580260302734375 0.239300626953125 0.587852494140625 0.217379958984375 0.57809110546875 0.2027661796875 0.57809110546875 0.198851775390625 0.581887201171875 0.193632568359375 0.6046637734375 0.188152400390625 0.61388286328125 0.169885177734375 0.623644251953125 0.1620563671875 0.632321041015625 0.1417014609375 0.63774403515625 0.109342380859375 0.633405640625 0.095772443359375 0.62906724609375 0.086899791015625 0.620390455078125 0.066544884765625 0.62906724609375 0.0678496875 0.609002169921875 0.0641962421875 0.595986984375 0.064718162109375 0.586225595703125 0.06106471875 0.580802603515625 0.06106471875 0.57104121484375 0.051409185546875 0.555314533203125 0.034707724609375 0.570498916015625 0.0172233828125 0.595986984375 0.0234864296875 0.60357917578125 0.020876826171875 0.61225596484375 0.02218162890625 0.616052060546875 0.02844467578125 0.61713666015625 0.031576201171875 0.6008676796875 0.03575156640625 0.606290671875 0.038100208984375 0.59924078125 0.037839248046875 0.586767896484375 0.055062630859375 0.585683296875 0.060281837890625 0.58134490234375 0.060542796875 0.622017353515625 0.065240083984375 0.63611713671875 0.06236951953125 0.64642082421875 0.056889353515625 0.6523861171875 0.059759916015625 0.663774404296875 0.12969728515625 0.684381779296875 0.131002087890625 0.6936008671875 0.137787056640625 0.70119305859375 0.14013569921875 0.713665943359375 0.148225470703125 0.7207158359375 0.15005219140625 0.736442515625 0.153183716796875 0.741865509765625 0.158141962890625 0.74240780859375 0.15892484375 0.75271149609375 0.1688413359375 0.745119306640625 0.18032358984375 0.766811279296875 0.188674322265625 0.75921908984375 0.208768267578125 0.77494576953125 0.20772442578125 0.79880694140625 0.193632568359375 0.832429501953125 0.1925887265625 0.84002169140625 0.186847599609375 0.8476138828125 0.184759916015625 0.87255965234375 0.177974947265625 0.882321041015625 0.168319416015625 0.908893708984375 0.157620041015625 0.913774404296875 0.159968685546875 0.92190889453125 0.168319416015625 0.93058568359375 0.1722338203125 0.94414316796875 0.17379958203125 0.971258134765625 0.16753653515625 0.986442515625 0.171450939453125 0.99566160546875 0.306367431640625 0.996203904296875 0.32593945703125 0.99566160546875 0.336638830078125 0.986442515625 0.3475991640625 0.956073751953125 0.38178496875 0.8221258125
0 0.82620041796875 0.358459869140625 0.81602296484375 0.3579175703125 0.811325677734375 0.352494576171875 0.77035490625 0.35520607421875 0.769311064453125 0.3682212578125 0.780532359375 0.39804772265625 0.79906054296875 0.406182212890625 0.80271398828125 0.39316702734375 0.80871607421875 0.38286333984375 0.821764091796875 0.375271150390625 0.82620041796875 0.358459869140625
0 0.885177453125 0.293383947265625 0.884133611328125 0.268438177734375 0.87317327734375 0.251084599609375 0.872651357421875 0.24240780859375 0.8752609609375 0.23698481640625 0.87004175390625 0.231561822265625 0.866127349609375 0.216919740234375 0.8577766171875 0.216919740234375 0.8509916484375 0.2071583515625 0.843684759765625 0.2104121484375 0.83585594921875 0.20824294921875 0.835073068359375 0.253253796875 0.837682671875 0.2586767890625 0.83977035546875 0.2825379609375 0.83977035546875 0.29013015234375 0.835073068359375 0.30206073828125 0.837160751953125 0.313991322265625 0.843945720703125 0.3237527109375 0.843945720703125 0.33459869921875 0.847338205078125 0.3373101953125 0.855688935546875 0.3579175703125 0.86664926953125 0.36550976171875 0.87656576171875 0.3611713671875 0.887265134765625 0.366052060546875 0.894050103515625 0.342190888671875 0.894572025390625 0.3270065078125 0.893006263671875 0.313991322265625 0.885177453125 0.293383947265625