1 0.2861328125 0.78515625 0.25390625 0.3330078125
1 0.1826171875 0.5126953125 0.173828125 0.1982421875
1 0.7802734375 0.404296875 0.22265625 0.1689453125
1 0.837890625 0.34765625 0.2080078125 0.169921875
1 0.5419921875 0.337890625 0.30078125 0.2216796875
1 0.3701171875 0.244140625 0.09765625 0.1083984375
1 0.107421875 0.3720703125 0.1328125 0.103515625
1 0.0439453125 0.478515625 0.0859375 0.1328125
1 0.3095703125 0.05859375 0.0791015625 0.11328125
1 0.30078125 0.1884765625 0.0625 0.0810546875
1 0.23046875 0.2197265625 0.0537109375 0.0712890625
1 0.6044921875 0.138671875 0.0771484375 0.091796875
1 0.6787109375 0.150390625 0.05859375 0.09765625
1 0.658203125 0.0830078125 0.06640625 0.0595703125
1 0.84375 0.1826171875 0.064453125 0.072265625
0 1 0.135705669921875 0.99658074609375 0.13148371484375 0.992372435546875 0.136308806640625 0.976065228515625 0.137515078125 0.971067859375 0.1429433046875 0.9694897421875 0.163449939453125 0.965018412109375 0.16525934765625 0.963703314453125 0.170687576171875 0.965018412109375 0.179734619140625 0.96870068359375 0.17852834765625 0.9694897421875 0.18275030078125 0.9715938984375 0.20687575390625 0.96975276171875 0.2171290703125 0.94239873828125 0.194209890625 0.93766438671875 0.199034982421875 0.92188321875 0.1966224375 0.90715412890625 0.202653798828125 0.889794845703125 0.20144752734375 0.862966859375 0.21833534375 0.8603366640625 0.214716525390625 0.84665965234375 0.214716525390625 0.843503419921875 0.220747888671875 0.827722251953125 0.22557298046875 0.823250919921875 0.2346200234375 0.824302998046875 0.25150783984375 0.81983166796875 0.25814233984375 0.807732771484375 0.25814233984375 0.80536559765625 0.25271411328125 0.8045765390625 0.238841978515625 0.798790111328125 0.243667068359375 0.792740662109375 0.257539203125 0.793529720703125 0.2629674296875 0.80220936328125 0.270808203125 0.798527091796875 0.278045837890625 0.7998421875 0.28226779296875 0.809836927734375 0.27503015625 0.83403471875 0.290711701171875 0.867701208984375 0.29191797265625 0.874539716796875 0.2979493359375 0.882956337890625 0.2979493359375 0.89058390234375 0.288902291015625 0.8903208828125 0.27503015625 0.886638611328125 0.27141133984375 0.88243030078125 0.27503015625 0.86270383984375 0.270808203125 0.889794845703125 0.267792521484375 0.89216201953125 0.255126658203125 0.89058390234375 0.24185766015625 0.882956337890625 0.23642943359375 0.86322987890625 0.2346200234375 0.89400315625 0.231604341796875 0.89742241015625 0.238238841796875 0.89584429296875 0.297346201171875 0.898211466796875 0.302774427734375 0.922935296875 0.30518697265625 0.92609153125 0.3100120625 0.935034193359375 0.295536791015625 0.9374013671875 0.297346201171875 0.93871646484375 0.307599517578125 0.94134666015625 0.308805791015625 0.97343503515625 0.312424607421875 0.975802208984375 0.306996380859375 0.977380326171875 0.25271411328125 0.973698052734375 0.24185766015625 0.977380326171875 0.22496984375 0.976328248046875 0.215319662109375 0.978958443359375 0.192400482421875 0.98185165625 0.18938480078125 0.98474487109375 0.193606755859375 0.98527091015625 0.200844390625 0.98264071484375 0.215319662109375 0.98158863671875 0.262364294921875 0.979484482421875 0.2696019296875 0.980536560546875 0.279252111328125 0.977906365234375 0.288902291015625 0.978432404296875 0.306996380859375 0.98474487109375 0.3154402890625 0.98474487109375 0.354041013671875 0.98211467578125 0.363691193359375 0.98106259765625 0.386610373046875 0.9694897421875 0.40832328125 0.96607048828125 0.423401689453125 0.961336138671875 0.427020505859375 0.947133087890625 0.423401689453125 0.929247763671875 0.4246079609375 0.92188321875 0.429433052734375 0.91136244140625 0.427020505859375 0.8945291953125 0.440289505859375 0.874539716796875 0.4378769609375 0.856654392578125 0.45355850390625 0.823513939453125 0.46441495703125 0.779326669921875 0.4595898671875 0.750920568359375 0.44270205078125 0.72619673828125 0.44149577734375 0.708837453125 0.433051869140625 0.704629142578125 0.427020505859375 0.686743818359375 0.423401689453125 0.675170962890625 0.412545234375 0.66938453515625 0.416164052734375 0.659915833984375 0.4028950546875 0.655707521484375 0.412545234375 0.63519200390625 0.423401689453125 0.632824828125 0.40229191796875 0.63571804296875 0.38600723828125 0.655707521484375 0.383594693359375 0.658074697265625 0.37937273828125 0.656496580078125 0.360072376953125 0.648869015625 0.3570566953125 0.63571804296875 0.364294330078125 0.627827458984375 0.36067551171875 0.619936875 0.37394451171875 0.615202525390625 0.365500603515625 0.60783798046875 0.375150783203125 0.596265123046875 0.379975875 0.5925828515625 0.387213509765625 0.57890583984375 0.3896260546875 0.558916359375 0.404101326171875 0.549447658203125 0.40168878125 0.54260915234375 0.410132689453125 0.533140453125 0.411338962890625 0.5294581796875 0.4246079609375 0.503156234375 0.423401689453125 0.48211467578125 0.428226779296875 0.474750130859375 0.423401689453125 0.474750130859375 0.4137515078125 0.462125197265625 0.410132689453125 0.45581273046875 0.40168878125 0.447396107421875 0.410132689453125 0.4395055234375 0.411338962890625 0.435297212890625 0.41978287109375 0.431614939453125 0.416164052734375 0.416885849609375 0.41978287109375 0.4116254609375 0.412545234375 0.39479221484375 0.406513873046875 0.390057865234375 0.3920386015625 0.383219357421875 0.388419783203125 0.37611783203125 0.375753919921875 0.37664387109375 0.358866103515625 0.374276697265625 0.353437876953125 0.337980009765625 0.347406513671875 0.33166754296875 0.35102533203125 0.32982640625 0.3395657421875 0.33377169921875 0.334137515625 0.337453970703125 0.33896260546875 0.340347185546875 0.325090470703125 0.33061546484375 0.32689987890625 0.325355076171875 0.335343787109375 0.326144134765625 0.325090470703125 0.322724880859375 0.3220747890625 0.32035770703125 0.323884197265625 0.31799053125 0.336550060546875 0.313519201171875 0.340772013671875 0.313519201171875 0.348009650390625 0.3185165703125 0.388419783203125 0.323776958984375 0.3896260546875 0.326144134765625 0.3745476484375 0.326670173828125 0.387816646484375 0.330878484375 0.40229191796875 0.329300369140625 0.4203860078125 0.325881115234375 0.425814234375 0.308521830078125 0.425814234375 0.30431351953125 0.423401689453125 0.3024723828125 0.410735826171875 0.296948974609375 0.399276236328125 0.28984744921875 0.3962605546875 0.28932141015625 0.3612786484375 0.283534982421875 0.346803376953125 0.282745923828125 0.32810615234375 0.280378748046875 0.3504221953125 0.27432930078125 0.354644150390625 0.267227775390625 0.348009650390625 0.264071541015625 0.325090470703125 0.261178328125 0.3220747890625 0.247501314453125 0.318455970703125 0.206470279296875 0.3220747890625 0.204103103515625 0.325090470703125 0.204103103515625 0.33353437890625 0.2001578125 0.3462002421875 0.1964755390625 0.3437876953125 0.19358232421875 0.3504221953125 0.1964755390625 0.36067551171875 0.20042083203125 0.35765983203125 0.200946869140625 0.392641736328125 0.204366123046875 0.404101326171875 0.215938978515625 0.398069962890625 0.219621251953125 0.4137515078125 0.233298263671875 0.4246079609375 0.235139400390625 0.39022919140625 0.23961073046875 0.39565741796875 0.248553392578125 0.388419783203125 0.249342451171875 0.3612786484375 0.251972646484375 0.360072376953125 0.250920568359375 0.4420989140625 0.25670699609375 0.44933655078125 0.2596002109375 0.463208685546875 0.263019462890625 0.463811822265625 0.266701736328125 0.52171290625 0.271962125 0.531363087890625 0.267227775390625 0.54101326953125 0.264071541015625 0.58685162890625 0.262756443359375 0.59107358203125 0.256970015625 0.59107358203125 0.2564439765625 0.60313630859375 0.24539716015625 0.60313630859375 0.24329300390625 0.5971049453125 0.23961073046875 0.59831121875 0.236454498046875 0.605548853515625 0.219095212890625 0.6079613984375 0.21488690234375 0.620024125 0.20962651171875 0.623642943359375 0.204366123046875 0.623642943359375 0.203577064453125 0.612183353515625 0.201209888671875 0.609167671875 0.141767490234375 0.609167671875 0.13887427734375 0.612183353515625 0.13992635546875 0.62062726171875 0.137033140625 0.623642943359375 0.13308784765625 0.57599517578125 0.130194634765625 0.570566947265625 0.115991583984375 0.571773220703125 0.10941609765625 0.578407720703125 0.10836401953125 0.58564535546875 0.112046291015625 0.62062726171875 0.10836401953125 0.635102533203125 0.1054708046875 0.63811821484375 0.101525513671875 0.630277443359375 0.10520778515625 0.6145958984375 0.10310362890625 0.606151990234375 0.10468174609375 0.588057900390625 0.10310362890625 0.577201447265625 0.09337191015625 0.574185765625 0.08968963671875 0.58504221875 0.086533404296875 0.5753920390625 0.0786428203125 0.572979494140625 0.07837980078125 0.588057900390625 0.074960546875 0.605548853515625 0.03129931640625 0.6103739453125 0.02761704296875 0.62726176171875 0.01814834375 0.624849216796875 0.01420305078125 0.630277443359375 0.012887953125 0.640530759765625 0 0.64234016796875 0 0.767792521484375 0.003156234375 0.78106151953125 0.003156234375 0.802774427734375 0 0.819662244140625 0 0.969240048828125 0.00289321484375 0.97104945703125 0.038137822265625 0.96984318359375 0.05812730078125 0.963811822265625 0.054971068359375 0.956574185546875 0.0476065234375 0.95898673046875 0.04681746484375 0.95355850390625 0.0476065234375 0.94813027734375 0.050762755859375 0.951749095703125 0.056286166015625 0.9487334140625 0.0573382421875 0.9366706875 0.061020515625 0.928226779296875 0.058916359375 0.899276236328125 0.0625986328125 0.890832328125 0.05917937890625 0.886610373046875 0.054971068359375 0.895054283203125 0.050762755859375 0.886610373046875 0.047080484375 0.893848009765625 0.04681746484375 0.8787696015625 0.054182009765625 0.87394451171875 0.051288794921875 0.863691193359375 0.06023145703125 0.862484921875 0.061020515625 0.869119421875 0.0573382421875 0.87273823828125 0.066543923828125 0.876960193359375 0.066543923828125 0.863691193359375 0.0744345078125 0.8612786484375 0.07680168359375 0.882388419921875 0.0733824296875 0.89143546484375 0.079694896484375 0.8962605546875 0.09126775390625 0.893848009765625 0.093108890625 0.87273823828125 0.097843240234375 0.86308805859375 0.09074171484375 0.85645355859375 0.07811678125 0.85765983203125 0.07837980078125 0.835343787109375 0.082325091796875 0.8262967421875 0.09179379296875 0.825090470703125 0.096002103515625 0.83232810546875 0.097317201171875 0.82689987890625 0.093108890625 0.823281060546875 0.0936349296875 0.79191797265625 0.100736455078125 0.788902291015625 0.10783798046875 0.79191797265625 0.10625986328125 0.819662244140625 0.109942134765625 0.854644150390625 0.10678590234375 0.86067551171875 0.10836401953125 0.8896260546875 0.111257232421875 0.8962605546875 0.11914781640625 0.893848009765625 0.125986322265625 0.90108564453125 0.132298791015625 0.8962605546875 0.139137296875 0.897466828125 0.141504470703125 0.9137515078125 0.147553919921875 0.915560916015625 0.15202525 0.9354644140625 0.14913203515625 0.944511458984375 0.146238822265625 0.9354644140625 0.147027880859375 0.9203860078125 0.144923724609375 0.9203860078125 0.141241451171875 0.932448734375 0.1333508671875 0.932448734375 0.129668595703125 0.927623642578125 0.1236191484375 0.9354644140625 0.12177801171875 0.9553679140625 0.117043662109375 0.9529553671875 0.111257232421875 0.962605548828125 0.160704892578125 0.967430638671875 0.169121515625 0.967430638671875 0.172803787109375 0.962605548828125 0.18490268359375 0.96501809375 0.186217779296875 0.95838359375 0.1846396640625 0.9354644140625 0.18069437109375 0.939686369140625 0.177012099609375 0.928829916015625 0.173329826171875 0.934861279296875 0.172014728515625 0.93184559765625 0.171488689453125 0.899276236328125 0.169121515625 0.895054283203125 0.155707521484375 0.8920386015625 0.156759599609375 0.86308805859375 0.1536033671875 0.85102533203125 0.15018411328125 0.85645355859375 0.145449763671875 0.85162846875 0.142293529296875 0.85765983203125 0.13940031640625 0.854644150390625 0.141767490234375 0.831121833984375 0.143871646484375 0.8395657421875 0.146501841796875 0.840772013671875 0.1483429765625 0.831724970703125 0.1546554453125 0.8220747890625 0.15412940625 0.777442701171875 0.1504471328125 0.75814233984375 0.14992109375 0.73522316015625 0.1504471328125 0.720747888671875 0.157811677734375 0.71230398046875 0.157285638671875 0.702653798828125 0.1685954765625 0.6899879375 0.21173066796875 0.675512666015625 0.2243556015625 0.66224366796875 0.234876380859375 0.657418576171875 0.235928458984375 0.646562123046875 0.276959494140625 0.6429433046875 0.296422935546875 0.624849216796875 0.30641767578125 0.623642943359375 0.311678064453125 0.616405306640625 0.325881115234375 0.609167671875 0.342188322265625 0.611580216796875 0.342977380859375 0.62062726171875 0.3495528671875 0.62726176171875 0.353235138671875 0.63811821484375 0.356917412109375 0.630880578125 0.36586007421875 0.633293125 0.372435560546875 0.64234016796875 0.374539716796875 0.66646562109375 0.376906890625 0.67310012109375 0.388479748046875 0.680337755859375 0.39531825390625 0.693606755859375 0.403208837890625 0.697225572265625 0.40610205078125 0.711097708984375 0.413466595703125 0.72316043359375 0.414518673828125 0.74728588671875 0.40610205078125 0.756936068359375 0.40610205078125 0.802774427734375 0.40768016796875 0.818455970703125 0.413992634765625 0.82810615234375 0.414518673828125 0.84499396875 0.4116254609375 0.85765983203125 0.39058390234375 0.863691193359375 0.3913729609375 0.87394451171875 0.3945291953125 0.879975875 0.39268805859375 0.89143546484375 0.399526564453125 0.897466828125 0.42793266796875 0.897466828125 0.4395055234375 0.89143546484375 0.465281431640625 0.898673099609375 0.46659652734375 0.900482509765625 0.465018412109375 0.90892641796875 0.477906365234375 0.927623642578125 0.492635455078125 0.93606755078125 0.495791689453125 0.944511458984375 0.50210415625 0.94813027734375 0.511309837890625 0.93184559765625 0.5134139921875 0.91978287109375 0.508679642578125 0.8570566953125 0.508679642578125 0.755729794921875 0.506312466796875 0.750301568359375 0.50210415625 0.750301568359375 0.4984218828125 0.733413751953125 0.48790110546875 0.722557298828125 0.485007890625 0.708685162109375 0.48684902734375 0.69481302734375 0.5 0.700844390625 0.505786427734375 0.7129071171875 0.507101525390625 0.707478890625 0.506575486328125 0.664053076171875 0.495791689453125 0.657418576171875 0.491846396484375 0.6387213515625 0.492372435546875 0.612183353515625 0.496054708984375 0.594089263671875 0.522619673828125 0.583835947265625 0.524986849609375 0.588057900390625 0.52656496484375 0.602533171875 0.52709100390625 0.6387213515625 0.5155181484375 0.6495778046875 0.5160441875 0.7303980703125 0.522356654296875 0.74728588671875 0.5160441875 0.76899879296875 0.520778537109375 0.882388419921875 0.5186743828125 0.899276236328125 0.519200419921875 0.929433052734375 0.5165702265625 0.946320869140625 0.521304576171875 0.95476477734375 0.519989478515625 0.963811822265625 0.5273540234375 0.96501809375 0.5294581796875 0.96019300390625 0.533140453125 0.98190591015625 0.57417148828125 0.992762365234375 0.581009994140625 0.989143546875 0.593108890625 0.991556091796875 0.596265123046875 0.986731001953125 0.60836401953125 0.991556091796875 0.612046291015625 0.985524728515625 0.616254603515625 0.990349818359375 0.626249341796875 0.990349818359375 0.627827458984375 0.986731001953125 0.63887427734375 0.990349818359375 0.643082587890625 0.98311218359375 0.6514992109375 0.98311218359375 0.65412940625 0.990349818359375 0.658863755859375 0.985524728515625 0.66465018359375 0.991556091796875 0.689900052734375 0.990349818359375 0.694897421875 0.980096501953125 0.6959495 0.97165259375 0.689637033203125 0.96562123046875 0.689637033203125 0.952352232421875 0.6954234609375 0.945114595703125 0.6959495 0.9354644140625 0.690689111328125 0.927020505859375 0.689110994140625 0.864294330078125 0.686480798828125 0.855850421875 0.687006837890625 0.8220747890625 0.688584955078125 0.806393244140625 0.693056287109375 0.794933654296875 0.702524986328125 0.78166465625 0.706733298828125 0.78166465625 0.717780115234375 0.788902291015625 0.721199369140625 0.8100120625 0.718569173828125 0.841375150390625 0.713045765625 0.84559710546875 0.71173066796875 0.853437876953125 0.71436086328125 0.90892641796875 0.705944240234375 0.934258142578125 0.707522357421875 0.972858865234375 0.713045765625 0.990349818359375 1 0.9933655 1 0.800361880859375 0.988690162109375 0.794933654296875 0.9844818515625 0.800965017578125 0.977906365234375 0.7870928828125 0.978695423828125 0.78166465625 0.9973698046875 0.755729794921875 0.995265650390625 0.737635705078125 0.998947921875 0.727985525390625 1 0.714716525390625 1 0.135705669921875
0 0.054708048828125 0.9354644140625 0.054708048828125 0.945114595703125 0.0481325625 0.967430638671875 0.0433982109375 0.95898673046875 0.035507626953125 0.974668275390625 0.02919516015625 0.967430638671875 0.023934771484375 0.968636912109375 0.019726458984375 0.9770808203125 0.012887953125 0.968636912109375 0.004471330078125 0.973462001953125 0 0.969240048828125 0.00026301953125 0.9987937265625 0.070489216796875 0.998190591796875 0.067859021484375 0.94270205078125 0.06338769140625 0.9203860078125 0.06075749609375 0.9300361875 0.054708048828125 0.9354644140625
0 0.384008416015625 0.900482509765625 0.376906890625 0.866103740234375 0.373224619140625 0.8745476484375 0.36428195703125 0.873341375 0.309573908203125 0.91314837109375 0.298527091796875 0.915560916015625 0.282745923828125 0.928829916015625 0.249605470703125 0.9433051875 0.24329300390625 0.94813027734375 0.235928458984375 0.961399275390625 0.2275118359375 0.9529553671875 0.2238295625 0.956574185546875 0.204366123046875 0.956574185546875 0.201472908203125 0.949939685546875 0.19936875390625 0.916164052734375 0.1959495 0.904704462890625 0.192793267578125 0.91314837109375 0.188584955078125 0.911942099609375 0.186217779296875 0.917370326171875 0.185691740234375 0.927020505859375 0.191478169921875 0.939083232421875 0.191478169921875 0.945114595703125 0.186743818359375 0.95355850390625 0.186743818359375 0.962002412109375 0.176486060546875 0.973462001953125 0.173329826171875 0.968636912109375 0.161756970703125 0.97225573046875 0.157022619140625 0.968636912109375 0.146501841796875 0.974668275390625 0.1375591796875 0.968636912109375 0.129668595703125 0.973462001953125 0.12388216796875 0.968636912109375 0.113887427734375 0.97225573046875 0.1065228828125 0.96501809375 0.098106259765625 0.96984318359375 0.0920568125 0.951145958984375 0.09389794921875 0.92521109765625 0.09021567578125 0.9203860078125 0.081799052734375 0.92400482421875 0.074960546875 0.915560916015625 0.071015255859375 0.91857659765625 0.07417148828125 0.97647768359375 0.07811678125 0.9987937265625 0.2456601796875 0.99939686328125 0.299053130859375 0.996381181640625 0.356917412109375 0.927623642578125 0.383745396484375 0.919179734375 0.384008416015625 0.900482509765625
0 0.082588111328125 0.296139927734375 0.085481326171875 0.30398069921875 0.095476064453125 0.306393244140625 0.10599684375 0.318455970703125 0.110994212890625 0.317852833984375 0.114676486328125 0.296139927734375 0.104944765625 0.285886611328125 0.08968963671875 0.285886611328125 0.082588111328125 0.296139927734375
0 0.18122041015625 0.3112183359375 0.177538138671875 0.3112183359375 0.174381904296875 0.319662244140625 0.160704892578125 0.32689987890625 0.162019990234375 0.314234017578125 0.157285638671875 0.305790109375 0.156496580078125 0.296743064453125 0.1396633359375 0.290711701171875 0.1375591796875 0.278648974609375 0.129668595703125 0.26899879296875 0.127301419921875 0.284077201171875 0.120988953125 0.291314837890625 0.1215149921875 0.313027744140625 0.12335612890625 0.31604342578125 0.1365071015625 0.31724969921875 0.1643871640625 0.342581423828125 0.16622830078125 0.341978287109375 0.16465018359375 0.33474065234375 0.16596528125 0.325693607421875 0.17017359375 0.325693607421875 0.173329826171875 0.33896260546875 0.177275119140625 0.33353437890625 0.17806417578125 0.3220747890625 0.18437664453125 0.320868515625 0.1825355078125 0.3395657421875 0.1804313515625 0.341978287109375 0.1846396640625 0.341978287109375 0.1975276171875 0.33775633203125 0.201472908203125 0.33232810546875 0.19805365625 0.323281060546875 0.18122041015625 0.3112183359375