1 0.3984375 0.75 0.1826171875 0.1767578125
1 0.3662109375 0.5302734375 0.189453125 0.166015625
1 0.77734375 0.4814453125 0.1259765625 0.0888671875
1 0.7216796875 0.443359375 0.095703125 0.0673828125
1 0.7333984375 0.376953125 0.0849609375 0.072265625
1 0.8349609375 0.3427734375 0.1513671875 0.0849609375
1 0.955078125 0.287109375 0.08984375 0.0693359375
1 0.646484375 0.30078125 0.103515625 0.0869140625
1 0.7890625 0.2763671875 0.1494140625 0.064453125
1 0.982421875 0.7587890625 0.03515625 0.107421875
1 0.1796875 0.4521484375 0.10546875 0.1171875
1 0.046875 0.47265625 0.09375 0.1171875
1 0.2470703125 0.328125 0.0712890625 0.0458984375
1 0.3798828125 0.3271484375 0.0537109375 0.0654296875
1 0.439453125 0.2939453125 0.033203125 0.0419921875
1 0.09375 0.2978515625 0.158203125 0.107421875
1 0.91796875 0.1875 0.1640625 0.0859375
1 0.3857421875 0.9453125 0.224609375 0.1083984375
1 0.412109375 0.408203125 0.0615234375 0.072265625
1 0.40625 0.1416015625 0.0673828125 0.046875
0 0.156770833984375 0.800322927734375 0.161979166015625 0.791711517578125 0.164583333984375 0.772335845703125 0.169010416015625 0.770721205078125 0.18125 0.737890205078125 0.175 0.597954791015625 0.176302083984375 0.594187298828125 0.182291666015625 0.59687836328125 0.184375 0.64101183984375 0.188802083984375 0.649085037109375 0.194270833984375 0.6324004296875 0.194270833984375 0.607642626953125 0.197395833984375 0.583961248046875 0.196875 0.576426265625 0.188802083984375 0.555435953125 0.176822916015625 0.560818083984375 0.17109375 0.576964478515625 0.15625 0.601184068359375 0.141666666015625 0.63885898828125 0.1375 0.642088267578125 0.135416666015625 0.657158234375 0.131770833984375 0.66469321875 0.133333333984375 0.67330462890625 0.131770833984375 0.70667384375 0.1375 0.81108719140625 0.140885416015625 0.820236814453125 0.142708333984375 0.8196986015625 0.145572916015625 0.80947255078125 0.148177083984375 0.815931109375 0.153645833984375 0.817545748046875 0.156770833984375 0.800322927734375
0 0 0.993003228515625 0.005208333984375 0.99515608203125 0.03828125 0.994617869140625 0.051302083984375 0.9903121640625 0.06328125 0.968783638671875 0.068489583984375 0.969860064453125 0.074739583984375 0.960172228515625 0.089583333984375 0.92626480078125 0.090364583984375 0.919268029296875 0.09453125 0.925726587890625 0.097135416015625 0.918191603515625 0.1015625 0.91657696484375 0.096875 0.9079655546875 0.097916666015625 0.88428417578125 0.111458333984375 0.836921419921875 0.1171875 0.826157158203125 0.117708333984375 0.81108719140625 0.1140625 0.73466092578125 0.109895833984375 0.714208826171875 0.1109375 0.705597416015625 0.1 0.67330462890625 0.098177083984375 0.64477933203125 0.093229166015625 0.6474703984375 0.091666666015625 0.657158234375 0.0953125 0.66469321875 0.094791666015625 0.68083961328125 0.088802083984375 0.689989236328125 0.03984375 0.734122712890625 0.034635416015625 0.72335844921875 0.027864583984375 0.73842841796875 0.02421875 0.74058126953125 0.020572916015625 0.73842841796875 0.020052083984375 0.734122712890625 0.01640625 0.73842841796875 0.012239583984375 0.735199138671875 0 0.737890205078125 0 0.7970936484375 0.005729166015625 0.810010763671875 0.0078125 0.844456404296875 0.016666666015625 0.870290634765625 0.0125 0.890742734375 0.011979166015625 0.91872981640625 0 0.9348762109375 0 0.993003228515625
0 1 0.859526373046875 0.995572916015625 0.842841765625 0.98515625 0.83530678125 0.982552083984375 0.8256189453125 0.968229166015625 0.80247578125 0.96484375 0.79009687890625 0.961197916015625 0.79224973046875 0.959895833984375 0.798170076171875 0.94921875 0.941872982421875 0.9453125 0.932723359375 0.948958333984375 0.91657696484375 0.948958333984375 0.895048439453125 0.952083333984375 0.8928955859375 0.952083333984375 0.8315392890625 0.95625 0.77879440234375 0.956770833984375 0.74434876171875 0.955208333984375 0.73681377734375 0.961458333984375 0.704520990234375 0.9671875 0.618406888671875 0.96484375 0.60818083984375 0.95 0.607642626953125 0.951822916015625 0.58342303515625 0.946875 0.58503767578125 0.946614583984375 0.595263724609375 0.94140625 0.596340150390625 0.940364583984375 0.58342303515625 0.92578125 0.57588805078125 0.918229166015625 0.5592034453125 0.91953125 0.551130248046875 0.91015625 0.552206673828125 0.89375 0.529063509765625 0.893229166015625 0.51614639453125 0.888541666015625 0.503229279296875 0.888020833984375 0.494617869140625 0.90234375 0.474703982421875 0.908072916015625 0.472551130859375 0.90546875 0.4617868671875 0.87421875 0.44564047265625 0.8734375 0.45479009765625 0.87109375 0.458557587890625 0.866927083984375 0.457481162109375 0.866145833984375 0.462325080078125 0.866666666015625 0.48170075390625 0.86875 0.48385360546875 0.866927083984375 0.508073197265625 0.865104166015625 0.504305705078125 0.866666666015625 0.494617869140625 0.86484375 0.48546824609375 0.862239583984375 0.48546824609375 0.859635416015625 0.493003228515625 0.854947916015625 0.486544671875 0.853645833984375 0.494617869140625 0.847395833984375 0.505382130859375 0.84375 0.522604951171875 0.83984375 0.513455328125 0.835677083984375 0.516684607421875 0.832291666015625 0.53552206640625 0.827864583984375 0.543595263671875 0.800260416015625 0.543595263671875 0.795572916015625 0.53175457421875 0.790104166015625 0.534445640625 0.785416666015625 0.5592034453125 0.776822916015625 0.74596340234375 0.775520833984375 0.68083961328125 0.778645833984375 0.657158234375 0.779166666015625 0.603336921875 0.782291666015625 0.5516684609375 0.78046875 0.5457481171875 0.77109375 0.540365984375 0.7296875 0.549515607421875 0.727604166015625 0.576426265625 0.721354166015625 0.582884822265625 0.7234375 0.608719052734375 0.719791666015625 0.63132400390625 0.71875 0.6894510234375 0.734895833984375 0.713132400390625 0.742708333984375 0.765877287109375 0.743489583984375 0.789020451171875 0.77265625 0.794402583984375 0.781510416015625 0.806243271484375 0.7875 0.825080732421875 0.790625 0.860602798828125 0.7828125 0.8928955859375 0.781770833984375 0.90904198046875 0.784114583984375 0.917115177734375 0.790364583984375 0.92034445703125 0.79375 0.931646931640625 0.794270833984375 0.966092572265625 0.790104166015625 0.98008611328125 0.791927083984375 0.992465015625 0.906510416015625 0.99138858984375 0.909895833984375 0.973627556640625 0.909375 0.96286329296875 0.914583333984375 0.919806244140625 0.921354166015625 0.7970936484375 0.924479166015625 0.7701829921875 0.92734375 0.7664155 0.930208333984375 0.76910656640625 0.930729166015625 0.783100107421875 0.9234375 0.87459633984375 0.922916666015625 0.90688912890625 0.91875 0.932723359375 0.919791666015625 0.94564047265625 0.916145833984375 0.973627556640625 0.9171875 0.991926802734375 1 0.99407965625 1 0.859526373046875
0 0.774479166015625 0.981162541015625 0.775 0.972551130859375 0.769270833984375 0.965016146484375 0.771354166015625 0.9424111953125 0.770052083984375 0.938643703125 0.75078125 0.935414423828125 0.734375 0.91872981640625 0.730729166015625 0.902583423828125 0.731770833984375 0.875672765625 0.727604166015625 0.86706135546875 0.728645833984375 0.841227125 0.7265625 0.8196986015625 0.720572916015625 0.8105489765625 0.70234375 0.804090419921875 0.69765625 0.806243271484375 0.694270833984375 0.80247578125 0.692708333984375 0.7626480078125 0.6953125 0.71743810546875 0.694010416015625 0.71367061328125 0.681510416015625 0.709364908203125 0.677864583984375 0.69752421875 0.670052083984375 0.689989236328125 0.672916666015625 0.68083961328125 0.6640625 0.653928955078125 0.664583333984375 0.63885898828125 0.671354166015625 0.62378901953125 0.673697916015625 0.61033369140625 0.690625 0.6054897734375 0.692708333984375 0.58503767578125 0.688541666015625 0.56781485546875 0.690104166015625 0.53552206640625 0.695052083984375 0.5306781484375 0.718489583984375 0.527448869140625 0.719791666015625 0.519375671875 0.706510416015625 0.489773951171875 0.701822916015625 0.49730893359375 0.698177083984375 0.49515608203125 0.69453125 0.499461787109375 0.68671875 0.48546824609375 0.67421875 0.486544671875 0.672395833984375 0.493541443359375 0.6734375 0.51614639453125 0.670833333984375 0.54520990234375 0.674479166015625 0.573196986328125 0.666666666015625 0.57965554296875 0.665104166015625 0.606566201171875 0.66015625 0.609257265625 0.658333333984375 0.583961248046875 0.652604166015625 0.561356296875 0.655729166015625 0.54520990234375 0.6546875 0.51076426171875 0.6609375 0.46447793359375 0.672916666015625 0.44940796484375 0.675520833984375 0.427879439453125 0.680989583984375 0.420882669921875 0.69296875 0.41657696484375 0.695833333984375 0.410656619140625 0.695833333984375 0.400968783203125 0.690104166015625 0.38912809375 0.6875 0.354682455078125 0.634635416015625 0.354144240234375 0.631510416015625 0.359526373046875 0.620052083984375 0.353067814453125 0.61171875 0.35737351953125 0.608072916015625 0.350914962890625 0.605729166015625 0.365446716796875 0.603385416015625 0.368137783203125 0.58828125 0.36706135546875 0.586458333984375 0.35898816015625 0.5875 0.340688912109375 0.594791666015625 0.328848224609375 0.596875 0.31700753515625 0.592708333984375 0.28471474609375 0.584114583984375 0.280947255859375 0.579427083984375 0.28848223828125 0.57578125 0.280947255859375 0.573958333984375 0.285791173828125 0.578645833984375 0.29009687890625 0.576302083984375 0.30355220703125 0.571614583984375 0.301399353515625 0.56796875 0.307857912109375 0.561197916015625 0.301399353515625 0.557552083984375 0.317545748046875 0.549739583984375 0.31431646875 0.546614583984375 0.306781486328125 0.53828125 0.300322927734375 0.536979166015625 0.2911733046875 0.532291666015625 0.2836383203125 0.53125 0.276103337890625 0.5359375 0.267491927734375 0.533333333984375 0.261033369140625 0.533854166015625 0.251345533203125 0.530208333984375 0.242734123046875 0.532291666015625 0.220129171875 0.53125 0.184607103515625 0.52578125 0.178686759765625 0.51796875 0.178686759765625 0.500260416015625 0.185145318359375 0.498177083984375 0.196986005859375 0.49453125 0.2012917109375 0.48515625 0.2012917109375 0.477083333984375 0.21151776171875 0.474739583984375 0.223896662109375 0.469270833984375 0.226587728515625 0.469791666015625 0.235199138671875 0.47578125 0.238966630859375 0.479166666015625 0.250269107421875 0.48125 0.285791173828125 0.492708333984375 0.323466091796875 0.491666666015625 0.342841765625 0.49375 0.356835306640625 0.486979166015625 0.37836383203125 0.48046875 0.38213132421875 0.47109375 0.3735199140625 0.467447916015625 0.361679224609375 0.462239583984375 0.361679224609375 0.458854166015625 0.365446716796875 0.458854166015625 0.371905275390625 0.455208333984375 0.381593111328125 0.451302083984375 0.385360603515625 0.443489583984375 0.354144240234375 0.427864583984375 0.3466092578125 0.423697916015625 0.348762109375 0.4234375 0.34176533984375 0.420052083984375 0.3390742734375 0.415104166015625 0.340688912109375 0.415104166015625 0.365446716796875 0.420052083984375 0.360602798828125 0.423697916015625 0.36706135546875 0.435677083984375 0.3659849296875 0.446354166015625 0.3869752421875 0.451041666015625 0.409580193359375 0.454947916015625 0.411194833984375 0.461197916015625 0.429494080078125 0.465885416015625 0.431646931640625 0.470572916015625 0.414424111328125 0.483072916015625 0.421959095703125 0.486458333984375 0.417115177734375 0.489322916015625 0.39827771875 0.497135416015625 0.3928955859375 0.500520833984375 0.39773950390625 0.502604166015625 0.42249730859375 0.501041666015625 0.438643703125 0.507291666015625 0.453713669921875 0.506770833984375 0.462325080078125 0.51015625 0.47793326171875 0.5140625 0.4558665234375 0.5171875 0.50861141015625 0.529166666015625 0.53552206640625 0.531770833984375 0.5516684609375 0.53125 0.564585576171875 0.523958333984375 0.583961248046875 0.530729166015625 0.603336921875 0.530208333984375 0.62378901953125 0.523958333984375 0.633476857421875 0.521875 0.64962325 0.528125 0.67330462890625 0.529166666015625 0.6894510234375 0.527083333984375 0.69806243359375 0.532552083984375 0.70613562890625 0.536458333984375 0.699138859375 0.536458333984375 0.67330462890625 0.5390625 0.650699677734375 0.536979166015625 0.642088267578125 0.538541666015625 0.6205597421875 0.536979166015625 0.606566201171875 0.5390625 0.581808396484375 0.54140625 0.574811625 0.542708333984375 0.581808396484375 0.540625 0.68083961328125 0.542708333984375 0.730355220703125 0.536458333984375 0.76049515625 0.540104166015625 0.77125941796875 0.5390625 0.843379978515625 0.5421875 0.854144240234375 0.5390625 0.875672765625 0.5390625 0.9004305703125 0.5359375 0.9079655546875 0.54140625 0.91496232421875 0.552864583984375 0.916038751953125 0.55625 0.92411194921875 0.554166666015625 0.948869751953125 0.56640625 0.952637244140625 0.577083333984375 0.9693218515625 0.580989583984375 0.992465015625 0.58828125 0.99138858984375 0.590104166015625 0.9790096875 0.591666666015625 0.861679224609375 0.592447916015625 0.857911732421875 0.59609375 0.8600645859375 0.597395833984375 0.9004305703125 0.594791666015625 0.9542518828125 0.5953125 0.989773951171875 0.59921875 0.993541443359375 0.617708333984375 0.99407965625 0.73515625 0.993541443359375 0.746614583984375 0.98923573828125 0.768489583984375 0.992465015625 0.774479166015625 0.981162541015625
0 0.41953125 0.33046286328125 0.4125 0.33638320703125 0.411458333984375 0.364370291015625 0.414322916015625 0.370290634765625 0.435677083984375 0.36706135546875 0.444791666015625 0.380516685546875 0.449479166015625 0.375134552734375 0.447395833984375 0.340688912109375 0.445052083984375 0.3315392890625 0.41953125 0.33046286328125
0 0.737239583984375 0.310010763671875 0.722135416015625 0.294940796875 0.71796875 0.284176533203125 0.713802083984375 0.289558666015625 0.709375 0.267491927734375 0.71015625 0.25941873046875 0.698177083984375 0.258342302734375 0.7 0.267491927734375 0.696875 0.278256189453125 0.6953125 0.30193756640625 0.701041666015625 0.322389666015625 0.700520833984375 0.340688912109375 0.706770833984375 0.34391819140625 0.752864583984375 0.33799784765625 0.7578125 0.315931109375 0.752864583984375 0.31108719140625 0.737239583984375 0.310010763671875
0 0.6078125 0.390204521484375 0.612239583984375 0.361679224609375 0.615885416015625 0.36706135546875 0.633072916015625 0.369214208984375 0.68671875 0.368137783203125 0.6890625 0.348223896484375 0.678385416015625 0.343379978515625 0.616927083984375 0.345532830078125 0.608072916015625 0.3390742734375 0.605729166015625 0.3675995703125 0.595572916015625 0.37244348828125 0.597916666015625 0.381593111328125 0.59296875 0.38428417578125 0.588802083984375 0.396124865234375 0.584114583984375 0.376749193359375 0.580208333984375 0.38805166796875 0.580208333984375 0.39773950390625 0.583072916015625 0.404736275390625 0.58828125 0.39827771875 0.602864583984375 0.4004305703125 0.60625 0.408503767578125 0.6078125 0.43003229296875 0.616666666015625 0.43110871875 0.619270833984375 0.4289558671875 0.609895833984375 0.41496232421875 0.610416666015625 0.396663078125 0.6078125 0.390204521484375
0 0.991666666015625 0.33530678125 0.987239583984375 0.326157158203125 0.97734375 0.3196986015625 0.952864583984375 0.325080732421875 0.93828125 0.307857912109375 0.925260416015625 0.301399353515625 0.91171875 0.28848223828125 0.90546875 0.275565123046875 0.891145833984375 0.276103337890625 0.896354166015625 0.285791173828125 0.897395833984375 0.29978471484375 0.888020833984375 0.315931109375 0.91015625 0.3315392890625 0.91328125 0.35737351953125 0.926822916015625 0.3293864375 0.934114583984375 0.33046286328125 0.943489583984375 0.321851453125 0.9515625 0.332077501953125 0.954947916015625 0.34983853515625 0.961197916015625 0.351991388671875 0.96484375 0.3584499453125 0.969010416015625 0.35522066796875 0.975 0.35898816015625 0.981510416015625 0.34983853515625 0.988802083984375 0.3466092578125 0.992447916015625 0.34983853515625 0.991666666015625 0.33530678125
0 0.12734375 0.402583423828125 0.140885416015625 0.39827771875 0.148697916015625 0.390742734375 0.180989583984375 0.38966630859375 0.185416666015625 0.381593111328125 0.171614583984375 0.379978470703125 0.162239583984375 0.386437029296875 0.14921875 0.387513455078125 0.143229166015625 0.36867599609375 0.141666666015625 0.354682455078125 0.154166666015625 0.32454251953125 0.15078125 0.318622173828125 0.12890625 0.3315392890625 0.115885416015625 0.34983853515625 0.105989583984375 0.35522066796875 0.023697916015625 0.353067814453125 0.021875 0.356835306640625 0.023958333984375 0.4063509140625 0.027864583984375 0.417653390625 0.034114583984375 0.420882669921875 0.047135416015625 0.41872981640625 0.051822916015625 0.405812701171875 0.057552083984375 0.417653390625 0.070572916015625 0.417653390625 0.079947916015625 0.438105490234375 0.091145833984375 0.4407965546875 0.10546875 0.43379978515625 0.10859375 0.420882669921875 0.121614583984375 0.4155005390625 0.12734375 0.402583423828125
0 0.261458333984375 0.43972012890625 0.247135416015625 0.4348762109375 0.245833333984375 0.4289558671875 0.247395833984375 0.419268029296875 0.265364583984375 0.403659849609375 0.27265625 0.403659849609375 0.278645833984375 0.409580193359375 0.279166666015625 0.4461786875 0.277083333984375 0.4634015078125 0.27890625 0.47039827734375 0.282552083984375 0.47039827734375 0.295572916015625 0.45102260546875 0.340364583984375 0.45102260546875 0.35859375 0.446716900390625 0.360416666015625 0.43003229296875 0.38046875 0.4004305703125 0.384375 0.380516685546875 0.390104166015625 0.372981701171875 0.353385416015625 0.368137783203125 0.345052083984375 0.34983853515625 0.321614583984375 0.344456404296875 0.31796875 0.38428417578125 0.31484375 0.38213132421875 0.31171875 0.37244348828125 0.30078125 0.37244348828125 0.29453125 0.368137783203125 0.290885416015625 0.379978470703125 0.286197916015625 0.377825619140625 0.27578125 0.387513455078125 0.270572916015625 0.38213132421875 0.21953125 0.388589880859375 0.215104166015625 0.384822390625 0.208072916015625 0.34983853515625 0.199739583984375 0.350914962890625 0.196354166015625 0.3622174375 0.195833333984375 0.381593111328125 0.210677083984375 0.40904198046875 0.21796875 0.413347685546875 0.217708333984375 0.42249730859375 0.223697916015625 0.437029064453125 0.226041666015625 0.435414423828125 0.227864583984375 0.42626480078125 0.2296875 0.43003229296875 0.227083333984375 0.43756727734375 0.228125 0.450484392578125 0.232552083984375 0.4542518828125 0.240364583984375 0.471474703125 0.244791666015625 0.47201291796875 0.247395833984375 0.469860064453125 0.249739583984375 0.45317545703125 0.255989583984375 0.45102260546875 0.261458333984375 0.43972012890625
0 0.521614583984375 0.4155005390625 0.5234375 0.418191603515625 0.523697916015625 0.432723359375 0.529947916015625 0.43595263671875 0.5328125 0.43110871875 0.538020833984375 0.4138858984375 0.5328125 0.40312163671875 0.535677083984375 0.38428417578125 0.539583333984375 0.38805166796875 0.539583333984375 0.393433798828125 0.535416666015625 0.39773950390625 0.536197916015625 0.403659849609375 0.54140625 0.397201291015625 0.545572916015625 0.39935414453125 0.54375 0.393433798828125 0.545052083984375 0.385360603515625 0.551302083984375 0.390742734375 0.555729166015625 0.384822390625 0.5546875 0.348223896484375 0.550520833984375 0.342841765625 0.54921875 0.3315392890625 0.560416666015625 0.33423035546875 0.558333333984375 0.364370291015625 0.559375 0.375134552734375 0.5578125 0.391280947265625 0.555208333984375 0.39558665234375 0.55703125 0.40150699609375 0.563541666015625 0.398815931640625 0.564583333984375 0.365446716796875 0.563020833984375 0.342841765625 0.56484375 0.34015069921875 0.566145833984375 0.3449946171875 0.566666666015625 0.4138858984375 0.56953125 0.41657696484375 0.571354166015625 0.393433798828125 0.577604166015625 0.381593111328125 0.573958333984375 0.374058126953125 0.575 0.365446716796875 0.584635416015625 0.369214208984375 0.5875 0.338536060546875 0.59453125 0.3315392890625 0.596354166015625 0.322389666015625 0.596354166015625 0.306243271484375 0.592447916015625 0.284176533203125 0.579947916015625 0.2852529609375 0.576822916015625 0.291711517578125 0.572135416015625 0.290635091796875 0.570052083984375 0.2970936484375 0.560677083984375 0.29386437109375 0.555989583984375 0.31431646875 0.540885416015625 0.299246501953125 0.535677083984375 0.2874058125 0.528645833984375 0.2836383203125 0.534895833984375 0.267491927734375 0.530208333984375 0.236275564453125 0.532291666015625 0.2222820234375 0.531770833984375 0.184607103515625 0.528385416015625 0.177610333984375 0.50234375 0.1819160390625 0.497135416015625 0.194833154296875 0.485677083984375 0.19806243359375 0.47890625 0.205597416015625 0.469270833984375 0.225511302734375 0.46875 0.235199138671875 0.473697916015625 0.240043056640625 0.477604166015625 0.252421958984375 0.478125 0.2836383203125 0.4921875 0.323466091796875 0.4921875 0.357911732421875 0.486197916015625 0.379978470703125 0.482552083984375 0.3810548984375 0.473177083984375 0.3735199140625 0.469010416015625 0.359526373046875 0.46484375 0.3584499453125 0.457291666015625 0.365446716796875 0.453645833984375 0.374058126953125 0.45390625 0.38213132421875 0.444791666015625 0.3869752421875 0.450520833984375 0.4063509140625 0.462760416015625 0.425188375 0.470572916015625 0.41011840625 0.474739583984375 0.412271259765625 0.47890625 0.421959095703125 0.48515625 0.421959095703125 0.4859375 0.398815931640625 0.498177083984375 0.39181916015625 0.501041666015625 0.398815931640625 0.502083333984375 0.4138858984375 0.500520833984375 0.42034445703125 0.501041666015625 0.442949408203125 0.502864583984375 0.447793326171875 0.510416666015625 0.450484392578125 0.513020833984375 0.4461786875 0.5125 0.435414423828125 0.51875 0.426803013671875 0.521614583984375 0.4155005390625