1 0.501953125 0.849609375 0.1298828125 0.1533203125
1 0.2099609375 0.923828125 0.1826171875 0.15234375
1 0.513671875 0.6162109375 0.0693359375 0.076171875
1 0.7333984375 0.5673828125 0.07421875 0.1171875
1 0.96875 0.6806640625 0.0625 0.162109375
1 0.8818359375 0.865234375 0.076171875 0.1025390625
1 0.7197265625 0.8837890625 0.06640625 0.1123046875
1 0.6044921875 0.9052734375 0.0615234375 0.1171875
1 0.6279296875 0.779296875 0.0634765625 0.0888671875
1 0.7802734375 0.369140625 0.1484375 0.09375
1 0.9501953125 0.3310546875 0.099609375 0.1728515625
1 0.578125 0.521484375 0.0615234375 0.0673828125
1 0.2197265625 0.25390625 0.0400390625 0.041015625
1 0.7041015625 0.458984375 0.0712890625 0.0517578125
1 0.796875 0.4970703125 0.0341796875 0.0654296875
1 0.955078125 0.9638671875 0.0634765625 0.072265625
1 0.875 0.966796875 0.060546875 0.0654296875
1 0.625 0.5234375 0.0400390625 0.052734375
0 0 0.99678249609375 0.020604396484375 0.99678249609375 0.0240384609375 0.9916344921875 0.02815933984375 0.958172458984375 0.02678571484375 0.891248390625 0.03090659375 0.87065637109375 0.0381181328125 0.857142857421875 0.0703983515625 0.8198198203125 0.104052197265625 0.80051480078125 0.110233515625 0.790218791015625 0.118475275390625 0.786357787109375 0.04223901171875 0.7889317890625 0 0.796010296875 0 0.99678249609375
0 0.057005494140625 0.602960103515625 0.052884615234375 0.58108108203125 0.057005494140625 0.524453025390625 0.05082417578125 0.5077220078125 0.05906593359375 0.470398970703125 0.05906593359375 0.453667953125 0.0542582421875 0.447232947265625 0.059752748046875 0.443371943359375 0.05940933984375 0.424710423828125 0.044986263671875 0.42599742578125 0.03537087890625 0.4453024453125 0.0319368125 0.438867439453125 0.0236950546875 0.440154439453125 0.01991758203125 0.458815958984375 0.01991758203125 0.525740025390625 0.016140109375 0.536679537109375 0.01201923046875 0.536679537109375 0.0085851640625 0.525096525390625 0.00446428515625 0.525096525390625 0.0006868125 0.533462033203125 0 0.696911197265625 0.002060439453125 0.696911197265625 0.077609890625 0.68404118359375 0.0707417578125 0.65958816015625 0.06662087890625 0.623552123046875 0.057005494140625 0.602960103515625
0 0.87465659375 0.16859716796875 0.87946428515625 0.172458171875 0.8828983515625 0.166023166015625 0.884615384765625 0.174388673828125 0.889766484375 0.1801801796875 0.895947802734375 0.177606177734375 0.892170330078125 0.171814671875 0.89423076953125 0.162805662109375 0.88736263671875 0.155083654296875 0.89457417578125 0.140283140625 0.90625 0.135135134765625 0.915865384765625 0.118404119140625 0.928228021484375 0.111969111328125 0.94127747265625 0.111969111328125 0.952953296875 0.09781209765625 0.955357142578125 0.099742599609375 0.956043955078125 0.110038609375 0.959821427734375 0.110682111328125 0.9615384609375 0.1023166015625 0.958791208984375 0.095881595703125 0.9608516484375 0.092020591796875 0.958791208984375 0.08172458203125 0.969780220703125 0.061132560546875 0.97287087890625 0.045045044921875 0.981456044921875 0.044401544921875 0.974587912109375 0.0392535390625 0.9773351640625 0.030244529296875 0.97218406640625 0.02831402734375 0.9611950546875 0.03603603515625 0.95673076953125 0.041827541015625 0.954326923828125 0.056628056640625 0.936469779296875 0.05920205859375 0.92548076953125 0.0707850703125 0.922046703125 0.08236808203125 0.908997251953125 0.083655083984375 0.889766484375 0.110682111328125 0.876030220703125 0.1171171171875 0.828983515625 0.176962677734375 0.828983515625 0.18339768359375 0.8365384609375 0.201415701171875 0.85473901171875 0.1866151875 0.860920330078125 0.193050193359375 0.865041208984375 0.1788931796875 0.87465659375 0.16859716796875
0 0.958447802734375 0.4375804375 0.935096154296875 0.442728443359375 0.9296016484375 0.4375804375 0.881524724609375 0.435006435546875 0.87843406640625 0.4292149296875 0.881181318359375 0.40218790234375 0.8990384609375 0.3828828828125 0.891826923828125 0.3667953671875 0.876030220703125 0.380952380859375 0.8513049453125 0.423423423828125 0.83207417578125 0.424710423828125 0.827953296875 0.4144144140625 0.8056318671875 0.412483912109375 0.8042582421875 0.4305019296875 0.80872252734375 0.440154439453125 0.833104396484375 0.44079794140625 0.833104396484375 0.44980694921875 0.822802197265625 0.46396396484375 0.82383241796875 0.4993565 0.829670330078125 0.4922779921875 0.83138736328125 0.469755470703125 0.84787087890625 0.46460746484375 0.8513049453125 0.459459458984375 0.862293955078125 0.46846846875 0.876717033203125 0.471042470703125 0.8756868125 0.478120978515625 0.87877747265625 0.48906048828125 0.891140109375 0.483912484375 0.89457417578125 0.494208494140625 0.903502748046875 0.494208494140625 0.90625 0.48906048828125 0.91037087890625 0.4929214921875 0.911744505859375 0.486486486328125 0.915865384765625 0.486486486328125 0.924793955078125 0.5238095234375 0.948145603515625 0.5238095234375 0.95741758203125 0.53088803125 0.962912087890625 0.55148005078125 0.955357142578125 0.55791505859375 0.95707417578125 0.575289576171875 0.96462912109375 0.57400257421875 0.971497251953125 0.579150580078125 0.974587912109375 0.55920205859375 0.979395603515625 0.55920205859375 0.982142857421875 0.58108108203125 0.9694368125 0.588159587890625 0.971497251953125 0.59716859765625 0.991071427734375 0.600386099609375 1 0.599099099609375 0.99965659375 0.450450451171875 0.9769917578125 0.450450451171875 0.958447802734375 0.4375804375
0 0.591002748046875 0.96396396484375 0.587225275390625 0.950450451171875 0.580357142578125 0.94144144140625 0.577609890625 0.911840412109375 0.56696428515625 0.903474904296875 0.551854396484375 0.90218790234375 0.546359890625 0.907335908203125 0.501717033203125 0.904761904296875 0.470810439453125 0.908622908203125 0.467719779296875 0.911840412109375 0.46840659375 0.935006435546875 0.46462912109375 0.9382239375 0.453983515625 0.93371943359375 0.451579669921875 0.911196912109375 0.443337912109375 0.911196912109375 0.44230769140625 0.922136421875 0.436126373046875 0.927284427734375 0.436469779296875 0.93436293359375 0.424107142578125 0.9305019296875 0.397321427734375 0.9446589453125 0.392170330078125 0.962033462890625 0.3835851640625 0.96911196875 0.3743131875 0.9916344921875 0.380151099609375 0.99613899609375 0.596153845703125 0.99549549609375 0.603021978515625 0.9929214921875 0.603021978515625 0.97232947265625 0.59855769140625 0.96396396484375 0.591002748046875 0.96396396484375
0 0.82417582421875 0.920849419921875 0.8193681328125 0.91827541796875 0.82417582421875 0.916988416015625 0.826923076171875 0.896396396484375 0.830357142578125 0.8976833984375 0.830357142578125 0.90540540625 0.837912087890625 0.91827541796875 0.830013736328125 0.922779921875 0.828296703125 0.9298584296875 0.825549451171875 0.974903474609375 0.827266484375 0.993564994140625 0.829670330078125 0.969755470703125 0.842032966796875 0.962033462890625 0.846153845703125 0.947876447265625 0.84752747265625 0.920849419921875 0.858859890625 0.90604890625 0.860576923828125 0.8976833984375 0.83962912109375 0.8674388671875 0.8197115390625 0.875160875 0.806662087890625 0.859716859375 0.79223901171875 0.861003861328125 0.779876373046875 0.85585585546875 0.7578983515625 0.862290861328125 0.73901098828125 0.830759330078125 0.736950548828125 0.81660231640625 0.73008241796875 0.80115830078125 0.71875 0.7889317890625 0.70638736328125 0.764478763671875 0.702609890625 0.78571428515625 0.703296703125 0.8127413125 0.70707417578125 0.8211068203125 0.71394230859375 0.822393822265625 0.71909340625 0.833333333984375 0.720467033203125 0.84749034765625 0.74656593359375 0.89382239453125 0.7493131875 0.91055341015625 0.748626373046875 0.93371943359375 0.744848900390625 0.939510939453125 0.696771978515625 0.943371943359375 0.678228021484375 0.9382239375 0.642513736328125 0.9446589453125 0.634958791015625 0.9613899609375 0.610233515625 0.966537966796875 0.607142857421875 0.9916344921875 0.610920330078125 0.99613899609375 0.653502748046875 0.99613899609375 0.657967033203125 0.9929214921875 0.658653845703125 0.978764478515625 0.6644917578125 0.970398970703125 0.69127747265625 0.958815958984375 0.71875 0.96396396484375 0.7421016484375 0.994851994140625 0.7578983515625 0.984555984375 0.7736950546875 0.99613899609375 0.8125 0.99678249609375 0.822115384765625 0.9916344921875 0.82348901171875 0.942728443359375 0.826236263671875 0.932432431640625 0.82417582421875 0.920849419921875
0 0.94230769140625 0.618404119140625 0.963255494140625 0.60489060546875 0.96428571484375 0.599099099609375 0.9608516484375 0.596525095703125 0.962225275390625 0.588803087890625 0.93715659375 0.584298583984375 0.93372252734375 0.5701415703125 0.9296016484375 0.580437580078125 0.92616758203125 0.579150580078125 0.92513736328125 0.55920205859375 0.922046703125 0.5546975546875 0.91037087890625 0.55855855859375 0.884958791015625 0.5546975546875 0.876717033203125 0.55855855859375 0.87843406640625 0.56563706640625 0.87465659375 0.57400257421875 0.87190933984375 0.568854568359375 0.86298076953125 0.57400257421875 0.859546703125 0.561132560546875 0.828640109375 0.561132560546875 0.798420330078125 0.553410552734375 0.793956044921875 0.55920205859375 0.795673076171875 0.619047619140625 0.7743818671875 0.610038609375 0.740728021484375 0.615186615234375 0.7263049453125 0.611325611328125 0.712568681640625 0.584298583984375 0.702266484375 0.572715572265625 0.674793955078125 0.568854568359375 0.657280220703125 0.5862290859375 0.654876373046875 0.61261261328125 0.642170330078125 0.618404119140625 0.64457417578125 0.642213642578125 0.62465659375 0.6164736171875 0.615728021484375 0.619047619140625 0.59031593359375 0.61261261328125 0.569024724609375 0.62162162109375 0.549793955078125 0.6177606171875 0.537431318359375 0.64478764453125 0.525755494140625 0.655083654296875 0.518200548828125 0.655083654296875 0.505151099609375 0.64478764453125 0.478021978515625 0.640283140625 0.478021978515625 0.59781209765625 0.48008241796875 0.59009008984375 0.49965659375 0.577863578125 0.501373626953125 0.55791505859375 0.51888736328125 0.528957529296875 0.545673076171875 0.52767052734375 0.548076923828125 0.5231660234375 0.548763736328125 0.498712998046875 0.5546016484375 0.490347490234375 0.58138736328125 0.48906048828125 0.591689560546875 0.48005148046875 0.596497251953125 0.46846846875 0.608173076171875 0.465894466796875 0.61366758203125 0.44144144140625 0.639079669921875 0.435006435546875 0.642857142578125 0.412483912109375 0.64526098828125 0.41055341015625 0.654876373046875 0.40926641015625 0.658997251953125 0.415701416015625 0.66861263671875 0.4144144140625 0.686469779296875 0.422136421875 0.689560439453125 0.411196912109375 0.6947115390625 0.40669240625 0.71462912109375 0.4131274140625 0.71909340625 0.404761904296875 0.7180631875 0.396396396484375 0.705700548828125 0.392535392578125 0.698145603515625 0.40283140234375 0.69059066015625 0.40154440234375 0.686126373046875 0.3828828828125 0.694024724609375 0.374517375 0.704326923828125 0.377091376953125 0.705357142578125 0.353281853515625 0.709821427734375 0.3513513515625 0.72218406640625 0.323037322265625 0.734546703125 0.319176318359375 0.74965659375 0.3037323046875 0.752403845703125 0.29214929296875 0.765453296875 0.28185328125 0.77026098828125 0.2728442734375 0.7805631875 0.27027026953125 0.799107142578125 0.240669240234375 0.814217033203125 0.229086228515625 0.8193681328125 0.192406693359375 0.81215659375 0.1866151875 0.79223901171875 0.196911197265625 0.783997251953125 0.217503216796875 0.765453296875 0.223938224609375 0.7578983515625 0.236808236328125 0.73798076953125 0.25353925390625 0.721497251953125 0.275418275390625 0.717376373046875 0.287001287109375 0.698145603515625 0.294723294921875 0.686469779296875 0.317889318359375 0.672046703125 0.329472330078125 0.666552197265625 0.33976833984375 0.634958791015625 0.36293436328125 0.631524724609375 0.375804375 0.62809066015625 0.37194337109375 0.623969779296875 0.3822393828125 0.612293955078125 0.3835263828125 0.6013049453125 0.404118404296875 0.58138736328125 0.41827541796875 0.576579669921875 0.435006435546875 0.5552884609375 0.438867439453125 0.54223901171875 0.447876447265625 0.53537087890625 0.46460746484375 0.51888736328125 0.485199484375 0.516140109375 0.49549549609375 0.484546703125 0.5083655078125 0.483516484375 0.515444015625 0.479052197265625 0.517374517578125 0.466689560546875 0.545688544921875 0.452953296875 0.559845560546875 0.450206044921875 0.567567568359375 0.439217033203125 0.5701415703125 0.436126373046875 0.579794080078125 0.438530220703125 0.5855855859375 0.451923076171875 0.588803087890625 0.451923076171875 0.624839125 0.44848901171875 0.638996138671875 0.451923076171875 0.6480051484375 0.44848901171875 0.66087516015625 0.44986263671875 0.671171171875 0.4457417578125 0.68275418359375 0.450549451171875 0.698198197265625 0.438873626953125 0.705920205078125 0.438873626953125 0.721364220703125 0.444024724609375 0.734877734375 0.50446428515625 0.733590734375 0.544986263671875 0.7258687265625 0.56696428515625 0.734877734375 0.57486263671875 0.729086228515625 0.576923076171875 0.702059201171875 0.584134615234375 0.678249677734375 0.654876373046875 0.67567567578125 0.658997251953125 0.701415701171875 0.67616758203125 0.703989703125 0.685782966796875 0.67567567578125 0.709821427734375 0.669240669921875 0.73798076953125 0.670527669921875 0.7805631875 0.655083654296875 0.80048076953125 0.658944658203125 0.806662087890625 0.646074646484375 0.818337912109375 0.643500642578125 0.825892857421875 0.647361646484375 0.830700548828125 0.657657658203125 0.865728021484375 0.65637065625 0.87843406640625 0.67631917578125 0.87843406640625 0.69948519921875 0.88633241796875 0.70656370703125 0.91037087890625 0.702702703125 0.93715659375 0.705276705078125 0.939560439453125 0.721364220703125 0.9443681328125 0.727799228515625 0.938873626953125 0.736808236328125 0.939217033203125 0.752895751953125 0.9694368125 0.763191763671875 0.9756181328125 0.7734877734375 0.993475275390625 0.776061775390625 1 0.78442728515625 0.99965659375 0.74903475 0.979052197265625 0.728442728515625 0.9375 0.669884169921875 0.94230769140625 0.618404119140625
0 0.94059066015625 0.899613900390625 0.922046703125 0.868725869140625 0.921016484375 0.90283140234375 0.91792582421875 0.907335908203125 0.900755494140625 0.90604890625 0.8828983515625 0.912483912109375 0.8828983515625 0.903474904296875 0.87465659375 0.904761904296875 0.87156593359375 0.91055341015625 0.883928572265625 0.931145431640625 0.88598901171875 0.947876447265625 0.89388736328125 0.9601029609375 0.895604396484375 0.9453024453125 0.900068681640625 0.935649935546875 0.92616758203125 0.921492921875 0.93715659375 0.9305019296875 0.946771978515625 0.927927927734375 0.962568681640625 0.935649935546875 0.989697802734375 0.971042470703125 0.98832417578125 0.944015443359375 1 0.936293435546875 0.99965659375 0.889317888671875 0.94059066015625 0.899613900390625