1 0.330078125 0.3994140625 0.2578125 0.2421875
1 0.65234375 0.2568359375 0.095703125 0.091796875
1 0.169921875 0.154296875 0.25 0.24609375
1 0.63671875 0.927734375 0.1015625 0.14453125
1 0.78125 0.8642578125 0.140625 0.1796875
1 0.861328125 0.830078125 0.05859375 0.1015625
1 0.94921875 0.6904296875 0.0625 0.103515625
1 0.689453125 0.5654296875 0.05078125 0.07421875
1 0.3779296875 0.650390625 0.099609375 0.095703125
1 0.7919921875 0.54296875 0.048828125 0.0703125
1 0.7529296875 0.2177734375 0.03515625 0.0390625
1 0.0166015625 0.87109375 0.033203125 0.07421875
1 0.0537109375 0.8515625 0.068359375 0.087890625
1 0.07421875 0.884765625 0.05078125 0.076171875
1 0.3779296875 0.9345703125 0.078125 0.087890625
1 0.27734375 0.8486328125 0.064453125 0.0859375
1 0.919921875 0.498046875 0.044921875 0.0546875
1 0.98828125 0.4541015625 0.0234375 0.056640625
1 0.7666015625 0.3974609375 0.046875 0.0546875
1 0.90234375 0.37890625 0.060546875 0.0625
1 0.716796875 0.236328125 0.078125 0.06640625
1 0.5888671875 0.6533203125 0.052734375 0.0703125
0 0 0.738428896484375 0.0115993671875 0.7366094765625 0.019472966796875 0.7108989375 0.040578740234375 0.678336 0.057403341796875 0.67976440625 0.065318712890625 0.695407404296875 0.069709390625 0.69741455859375 0.090675896484375 0.67180228515625 0.09338715234375 0.676674130859375 0.103034490234375 0.669059751953125 0.111958912109375 0.66988280859375 0.11424097265625 0.684328408203125 0.1168015703125 0.6848726796875 0.1243213046875 0.670899685546875 0.1248935625 0.65813467578125 0.131671392578125 0.6338020546875 0.1519035859375 0.605348982421875 0.156290466796875 0.603596724609375 0.159645513671875 0.59410793359375 0.16490976953125 0.59200522265625 0.16484203515625 0.597360263671875 0.16981636328125 0.59788064453125 0.1660017421875 0.58686789453125 0.161611064453125 0.58486073828125 0.163422158203125 0.567526560546875 0.1580034453125 0.561542287109375 0.143178572265625 0.584701396484375 0.14501625 0.59368310546875 0.1248403984375 0.60550290234375 0.12251338671875 0.61896881640625 0.12412507421875 0.6214591640625 0.122596310546875 0.62865142578125 0.1172643203125 0.636109173828125 0.116759796875 0.64351914453125 0.102111544921875 0.62429725390625 0.101516501953125 0.6145057890625 0.097491080078125 0.612039328125 0.09609398828125 0.6047621015625 0.09493428125 0.61525446875 0.089820685546875 0.621684751953125 0.08917309765625 0.632285974609375 0.085448994140625 0.63847466015625 0.088284328125 0.621358189453125 0.082123708984375 0.605014287109375 0.0848951015625 0.597012267578125 0.079913177734375 0.5889730625 0.07567316015625 0.591293478515625 0.0709887578125 0.58815000390625 0.063898216796875 0.5925492421875 0.0683002890625 0.605834634765625 0.07392980078125 0.603272619140625 0.071896513671875 0.6178748515625 0.0691213203125 0.622117458984375 0.04029198828125 0.611694046875 0.03911329296875 0.6033893515625 0.04122950390625 0.598469732421875 0.044599740234375 0.60401858984375 0.0544654765625 0.595376744140625 0.0629303203125 0.575698259765625 0.070536779296875 0.575167287109375 0.073323365234375 0.582202916015625 0.082605447265625 0.57504784375 0.084201943359375 0.56250054296875 0.092888982421875 0.545554005859375 0.100566970703125 0.543427408203125 0.108734291015625 0.549349017578125 0.12394419921875 0.550600630859375 0.140487423828125 0.5362847890625 0.146519630859375 0.5388878828125 0.150786078125 0.53120884765625 0.13412541015625 0.519742107421875 0.123243115234375 0.526014876953125 0.10956198828125 0.523767306640625 0.1083334765625 0.5109576015625 0.08979348046875 0.52234440625 0.078534455078125 0.527468435546875 0.05973670703125 0.5277683984375 0.046195619140625 0.518446828125 0.04018565625 0.5064305 0.039225357421875 0.497098341796875 0.048639109375 0.475473779296875 0.05601578125 0.46469203515625 0.06946634765625 0.456812171875 0.074504615234375 0.448218103515625 0.085100865234375 0.43865764453125 0.092997248046875 0.43550358203125 0.103939765625 0.406686755859375 0.1126343984375 0.397259044921875 0.1241194140625 0.39862637109375 0.145583470703125 0.431109763671875 0.1589738984375 0.43610376171875 0.165932765625 0.44617401171875 0.16886621484375 0.453777802734375 0.1676463671875 0.477144033203125 0.170964056640625 0.503085580078125 0.174767287109375 0.50282009375 0.181123517578125 0.4955800546875 0.186395369140625 0.500996169921875 0.200584044921875 0.499716517578125 0.207249189453125 0.508650447265625 0.215503236328125 0.49751825390625 0.21923873046875 0.5026078046875 0.223979474609375 0.489118005859375 0.220387046875 0.480837201171875 0.21956980859375 0.4683137890625 0.209594568359375 0.440957138671875 0.213939673828125 0.397851345703125 0.217147859375 0.387794392578125 0.220728896484375 0.3847969609375 0.294285421875 0.358550283203125 0.299835806640625 0.350065068359375 0.313361703125 0.34434898828125 0.3194995390625 0.33813641796875 0.328423958984375 0.33895947265625 0.34268037109375 0.332324783203125 0.354316046875 0.338019685546875 0.36191491015625 0.32996988671875 0.381006384765625 0.330806244140625 0.418880416015625 0.316304986328125 0.4420764375 0.325531001953125 0.449472095703125 0.333546322265625 0.451757955078125 0.351751333984375 0.447548318359375 0.38414705078125 0.452236517578125 0.3910499375 0.476418802734375 0.362899537109375 0.48329474609375 0.363287177734375 0.4876176875 0.37064937109375 0.49142091796875 0.370383884765625 0.51408203515625 0.356944572265625 0.53103451171875 0.340144076171875 0.536374099609375 0.34020515234375 0.54559983984375 0.34968335546875 0.55568396875 0.340014044921875 0.570949427734375 0.318559412109375 0.57658273828125 0.319756810546875 0.581990060546875 0.31446284765625 0.592081783203125 0.312312361328125 0.6096444921875 0.320340978515625 0.623170390625 0.314624900390625 0.628573916015625 0.305571525390625 0.630754064453125 0.291537455078125 0.622635486328125 0.29195957421875 0.605434236328125 0.279712236328125 0.60140121875 0.269726951171875 0.60212413671875 0.261289513671875 0.617897919921875 0.23618432421875 0.626528615234375 0.2358710625 0.64860608203125 0.22391851953125 0.6522434609375 0.2042878125 0.650548849609375 0.192114853515625 0.653542435546875 0.186844779296875 0.668386296875 0.18248273046875 0.678116560546875 0.184550962890625 0.682454693359375 0.2069508046875 0.6858173359375 0.204980837890625 0.690704943359375 0.192059197265625 0.700928337890625 0.175439220703125 0.716811626953125 0.186332529296875 0.729833001953125 0.188026421875 0.737303990234375 0.198205525390625 0.75009177734375 0.185889232421875 0.768081080078125 0.20380821484375 0.785298677734375 0.2312441953125 0.7999565625 0.22115078125 0.77206903125 0.188144576171875 0.770708216796875 0.175773916015625 0.78349220703125 0.1596982109375 0.797688478515625 0.1659373828125 0.811883888671875 0.182077533203125 0.817522986328125 0.19582476171875 0.821102896484375 0.17413593359375 0.82344130078125 0.1719482578125 0.820436318359375 0.16594009375 0.821814423828125 0.154420259765625 0.829707009765625 0.147506783203125 0.836048048828125 0.12522909375 0.84671203125 0.110313599609375 0.85233015234375 0.096473345703125 0.8628548671875 0.088508517578125 0.866375763671875 0.098384947265625 0.865005255859375 0.11742360546875 0.851168501953125 0.14287517578125 0.8465603125 0.167653306640625 0.853149455078125 0.186225630859375 0.86453491015625 0.158668287109375 0.869124994140625 0.1408509140625 0.86765257421875 0.131409900390625 0.89098406640625 0.12992583984375 0.903410396484375 0.121828265625 0.9174522109375 0.119980451171875 0.91501419921875 0.101877390625 0.9261503828125 0.0804681796875 0.927828265625 0.092712970703125 0.936918033203125 0.09332415234375 0.94495288671875 0.083407357421875 0.834959251953125 0.061101376953125 0.815001794921875 0.071893708984375 0.807899861328125 0.065014708984375 0.7982525234375 0.07262908984375 0.790277009765625 0.069859955078125 0.778942654296875 0.07282019921875 0.76350375 0.06739078515625 0.753193630859375 0.070568736328125 0.743998271484375 0.091165833984375 0.73368055859375 0.086824962890625 0.725787970703125 0.0937384375 0.707502341796875 0.094147255859375 0.694782287109375 0.101108509765625 0.6834403359375 0.0965499296875 0.65250238671875 0.098564962890625 0.648262369140625 0.10088537890625 0.64008365234375 0.114181361328125 0.6341566171875 0.111847642578125 0.6160969765625 0.1187478203125 0.603512392578125 0.11499899609375 0.59641045703125 0.10812 0.58354733984375 0.11827250390625 0.58032396484375 0.113291806640625 0.579875783203125 0.104068501953125 0.583076373046875 0.0864927265625 0.592207794921875 0.075010080078125 0.60047703125 0.07891553515625 0.603911205078125 0.075349943359375 0.593593494140625 0.0710090703125 0.582093287109375 0.05460409375 0.567829279296875 0.053719958984375 0.56489962890625 0.04987558203125 0.562049107421875 0.051954400390625 0.562199765625 0.056281974609375 0.566669572265625 0.064212326171875 0.569316890625 0.07819862109375 0.56021964453125 0.123515978515625 0.553867212890625 0.1345154296875 0.5340452265625 0.13459768359375 0.53097251171875 0.13394455859375 0.529134833984375 0.1249628515625 0.5243826953125 0.127174416015625 0.517649818359375 0.123595521484375 0.5204098203125 0.104315267578125 0.527786490234375 0.093533525390625 0.53334447265625 0.092567134765625 0.54086800390625 0.082353552734375 0.555342810546875 0.074691396484375 0.558475666015625 0.062470658203125 0.54647853125 0.060994474609375 0.5411465390625 0.06845222265625 0.53404460546875 0.061573224609375 0.52527844140625 0.072596564453125 0.51548044140625 0.075883373046875 0.5082468359375 0.083473861328125 0.50197353125 0.100396513671875 0.496272484375 0.10455415234375 0.49109115234375 0.116339474609375 0.4818090703125 0.123494546875 0.442888013671875 0.11522162109375 0.4352739609375 0.10823376953125 0.43089087890625 0.1137454375 0.423209091796875 0.112112623046875 0.42253871875 0.100157373046875 0.415075326171875 0.09749709375 0.408116455078125 0.087426841796875 0.39582559765625 0.08481433984375 0.387420890625 0.0916189609375 0.3640818046875 0.08558419921875 0.360632439453125 0.074112140625 0.352943056640625 0.06496050390625 0.3504426015625 0.0515423671875 0.337858015625 0.047793544921875 0.33464603515625 0.05409108203125 0.3262868984375 0.106008654296875 0.33617162109375 0.116163869140625 0.34386859765625 0.132834333984375 0.345273283203125 0.147630384765625 0.3406002734375 0.1557651484375 0.330583880859375 0.160079419921875 0.318067029296875 0.15097555859375 0.315736220703125 0.16068205859375 0.310551091796875 0.168707966796875 0.29606109765625 0.16133247265625 0.2913842890625 0.16570782421875 0.2823845390625 0.16272098046875 0.279978400390625 0.170263693359375 0.285626900390625 0.186498740234375 0.28409433984375 0.18993158984375 0.281315349609375 0.190414783203125 0.27193894921875 0.176609009765625 0.263767830078125 0.197423814453125 0.259746205078125 0.198716767578125 0.257178013671875 0.190653671875 0.234577037109375 0.191219119140625 0.22331801171875 0.196343150390625 0.2215670546875 0.20080346484375 0.222741955078125 0.205348748046875 0.216750982421875 0.21212948046875 0.2161559375 0.202338015625 0.20613194921875 0.199133462890625 0.142139837890625 0.20808315234375 0.136212802734375 0.205749435546875 0.130440224609375 0.211502701171875 0.118545001953125 0.23850619140625 0.111879857421875 0.229572259765625 0.09907687890625 0.226850904296875 0.09498372265625 0.229739482421875 0.08914720703125 0.24460719921875 0.084466603515625 0.24522313671875 0.083645568359375 0.228940314453125 0.076785267578125 0.22314716015625 0.046152611328125 0.230316921875 0 0.447447880859375 0 0.738428896484375
0 0.29166903125 0.882051095703125 0.305635513671875 0.878039498046875 0.293777646484375 0.869612650390625 0.2896882890625 0.876260638671875 0.27520588671875 0.87640397265625 0.26958396875 0.8864848125 0.267701341796875 0.9054146171875 0.261706572265625 0.9084359375 0.265219873046875 0.91079354296875 0.26551739453125 0.915689275390625 0.26216614453125 0.92893748046875 0.241918759765625 0.94235290234375 0.232105572265625 0.930602060546875 0.224111072265625 0.90903586328125 0.22548917578125 0.89751603125 0.234759865234375 0.879082720703125 0.235848041015625 0.870185978515625 0.22897209765625 0.869798337890625 0.22457382421875 0.860272359375 0.217035099609375 0.85544829296875 0.218266341796875 0.843360298828125 0.212843830078125 0.833616611328125 0.21422573046875 0.8258561875 0.206980732421875 0.82216844140625 0.192648990234375 0.82663934765625 0.18979846875 0.82871816796875 0.18579962890625 0.85256759375 0.180030849609375 0.8620802734375 0.17609974609375 0.88057466015625 0.180061228515625 0.892155572265625 0.182275556640625 0.9119562109375 0.18024226953125 0.926558443359375 0.17586678125 0.9395889375 0.17660109375 0.94242973828125 0.203231291015625 0.94809016015625 0.205422830078125 0.945334326171875 0.209888837890625 0.949505265625 0.238675326171875 0.9556240234375 0.2564011640625 0.942209572265625 0.262606734375 0.930641958984375 0.284089154296875 0.908897953125 0.291100568359375 0.898575515625 0.289338220703125 0.891757595703125 0.29166903125 0.882051095703125
0 0 0.850348984375 0.00519880859375 0.84478548828125 0.00929576171875 0.845656322265625 0.013313587890625 0.840603958984375 0.0137351875 0.823511376953125 0.007213107421875 0.811386193359375 0.011878521484375 0.795732607421875 0.020358556640625 0.791091771484375 0.030088822265625 0.79316000390625 0.0365957109375 0.790247537109375 0.044864947265625 0.7941529921875 0.047933865234375 0.791046705078125 0.04060214453125 0.773916935546875 0.04022929296875 0.766857416015625 0.043878064453125 0.758504947265625 0.04556508203125 0.763159080078125 0.048634 0.760052794921875 0.051175607421875 0.741800005859375 0.046062009765625 0.74823028515625 0.042620240234375 0.7442770546875 0.02938806640625 0.751129453125 0.00071698828125 0.7525524375 0 0.7531266015625 0 0.850348984375
0 0.580705197265625 1 0.562098326171875 0.969601458984375 0.560776568359375 0.964488017578125 0.562523724609375 0.9562682890625 0.57107529296875 0.950031828125 0.57758977734375 0.95463818359375 0.583072427734375 0.951508009765625 0.586002078125 0.95535238671875 0.591778455078125 0.953358533203125 0.59652679296875 0.94738755859375 0.604614990234375 0.916890140625 0.597144001953125 0.906711037109375 0.602238611328125 0.88148369140625 0.5887652578125 0.866807083984375 0.587289041015625 0.853606658203125 0.57991996484375 0.8719072265625 0.557718421875 0.90584808203125 0.554291841796875 0.916932498046875 0.554525427734375 0.930942681640625 0.549562490234375 0.94170053515625 0.546124517578125 0.94150671484375 0.540186091796875 0.92789476171875 0.541714853515625 0.9207025 0.53965878125 0.9127482578125 0.546368875 0.89377067578125 0.572072328125 0.850909189453125 0.582894564453125 0.84784008984375 0.575352044921875 0.83925661328125 0.57131143359375 0.821752501953125 0.574218298828125 0.80304040625 0.58246475 0.784389388671875 0.587725208984375 0.778527267578125 0.600302197265625 0.774757265625 0.61011538671875 0.786508107421875 0.60024576171875 0.833766640625 0.602933123046875 0.84535942578125 0.621620470703125 0.799140849609375 0.621618505859375 0.799673109375 0.6039342734375 0.847303119140625 0.62269299609375 0.85576256640625 0.623653298828125 0.865094724609375 0.6163633515625 0.889318490234375 0.61856628515625 0.89784089453125 0.62769391015625 0.8825988359375 0.6602093671875 0.849239439453125 0.66042016796875 0.8406931484375 0.670255521484375 0.801976005859375 0.67588883203125 0.80317340234375 0.671377875 0.826913974609375 0.673648544921875 0.8300813359375 0.68972364453125 0.81363129296875 0.70126120703125 0.79460593359375 0.704906177734375 0.78249405078125 0.704533328125 0.77543453125 0.68980974609375 0.75404885546875 0.688988712890625 0.73776603125 0.678595669921875 0.731261375 0.680843552734375 0.711872263671875 0.678859013671875 0.70232239453125 0.668100712890625 0.69627704296875 0.673489048828125 0.67218601953125 0.698725951171875 0.67432862890625 0.70442319921875 0.66641157421875 0.711645412109375 0.64754284765625 0.709593138671875 0.643348017578125 0.680327015625 0.63497953515625 0.6718881328125 0.607949447265625 0.67274651953125 0.588801935546875 0.666431443359375 0.564371048828125 0.66270354296875 0.566800322265625 0.6485826015625 0.562724935546875 0.640968548828125 0.55573708203125 0.64023044140625 0.549136869140625 0.633211431640625 0.551940482421875 0.62128203125 0.545109259765625 0.62287473046875 0.528802548828125 0.629795625 0.50127867578125 0.634619294921875 0.497471486328125 0.642594806640625 0.500240619140625 0.645151603515625 0.49702548046875 0.64726022265625 0.484587033203125 0.645057287109375 0.4760646328125 0.63467183984375 0.477078798828125 0.632551830078125 0.4782390078125 0.62825546875 0.49719269921875 0.61574621484375 0.4956076640625 0.624470609375 0.4432307890625 0.624097755859375 0.43617126953125 0.608214466796875 0.425277962890625 0.59721097265625 0.396980025390625 0.606687634765625 0.370017005859375 0.59592882421875 0.360217498046875 0.52576516015625 0.388233140625 0.523733400390625 0.402826578125 0.5002673984375 0.40749785546875 0.427417197265625 0.453187412109375 0.44235494921875 0.473534310546875 0.474734216796875 0.46217173828125 0.482381396484375 0.4337466328125 0.493929837890625 0.429761896484375 0.501263849609375 0.450639046875 0.520979416015625 0.425852375 0.53571835546875 0.39678819140625 0.5491637109375 0.3889137421875 0.559259728515625 0.394279412109375 0.54915228125 0.446865962890625 0.553918609375 0.459684681640625 0.5691614765625 0.423214962890625 0.5843096015625 0.435020666015625 0.591785501953125 0.453465548828125 0.580771453125 0.483878 0.55722156640625 0.48638952734375 0.532591099609375 0.50531662109375 0.5375014921875 0.514951455078125 0.537305880859375 0.53853539453125 0.539064431640625 0.541593904296875 0.54513453125 0.540736369140625 0.552070615234375 0.528250146484375 0.556536623046875 0.5324210859375 0.5676525859375 0.53048830859375 0.57140326953125 0.550615509765625 0.577846220703125 0.556817494140625 0.575820529296875 0.57893855078125 0.565815529296875 0.594531060546875 0.55038421875 0.596620470703125 0.543662732421875 0.60431981640625 0.543892517578125 0.6145705859375 0.551943361328125 0.6195035078125 0.555023671875 0.627675458984375 0.564234220703125 0.622116009765625 0.573392224609375 0.63694925 0.58187226171875 0.6323084140625 0.5891020703125 0.62095851171875 0.60182971875 0.621516083984375 0.615954458984375 0.629350880859375 0.60990714453125 0.652764890625 0.612403802734375 0.662423611328125 0.618922083984375 0.6707893828125 0.618635955078125 0.67717188671875 0.6148403203125 0.684956197265625 0.605851962890625 0.693247591796875 0.59538358984375 0.684579146484375 0.589019765625 0.684300359375 0.58098411328125 0.69440508984375 0.573016197265625 0.69915478125 0.54949669140625 0.73174160546875 0.549406171875 0.714540169921875 0.526127224609375 0.69563154296875 0.524937134765625 0.67604861328125 0.517025560546875 0.66416502734375 0.51899111328125 0.654917833984375 0.51787255859375 0.63373927734375 0.513557208984375 0.633895908203125 0.503401548828125 0.645160845703125 0.49479363671875 0.668030583984375 0.48902105859375 0.6737838515625 0.485797685546875 0.66880315234375 0.4817760625 0.67009610546875 0.481037951171875 0.663495892578125 0.47108169921875 0.654936302734375 0.468438177734375 0.644709419921875 0.45826353125 0.637177294921875 0.455254751953125 0.627409720703125 0.464950837890625 0.595643240234375 0.497572005859375 0.5945229296875 0.504560634765625 0.56164401953125 0.51326286328125 0.55973512890625 0.515537330078125 0.566661904296875 0.51853091796875 0.56139183203125 0.522974140625 0.543006298828125 0.52655137890625 0.536249455078125 0.5231058125 0.528536810546875 0.512569705078125 0.525223404296875 0.50637552734375 0.548069251953125 0.502794490234375 0.551066685546875 0.494013134765625 0.547052376953125 0.482588259765625 0.53281118359375 0.4718489453125 0.545562892578125 0.465048333984375 0.5473390390625 0.456432826171875 0.562689951171875 0.43265694921875 0.55871012109375 0.41973369140625 0.581736490234375 0.406350859375 0.58426131640625 0.40546588671875 0.577092943359375 0.41049276171875 0.557220638671875 0.42628553125 0.55091251171875 0.435270091796875 0.538861705078125 0.443531732421875 0.5352483359375 0.4473273671875 0.527464025390625 0.459761291015625 0.526885275390625 0.470718998046875 0.513106099609375 0.4786191796875 0.513711447265625 0.48546854296875 0.487783201171875 0.47543316015625 0.473300412109375 0.47214584765625 0.477434166015625 0.4673335703125 0.492519591796875 0.460612083984375 0.5002189375 0.450738755859375 0.50134195703125 0.4418820703125 0.49516386328125 0.427474998046875 0.497470982421875 0.421762560546875 0.490350384765625 0.42845746484375 0.456335154296875 0.419747640625 0.45072521875 0.41543229296875 0.450881849609375 0.404625244140625 0.468988599609375 0.383500484375 0.482754474609375 0.376330818359375 0.481230513671875 0.369650484375 0.45725893359375 0.366502439453125 0.4544420234375 0.356712033203125 0.46524765234375 0.328560671875 0.47429831640625 0.323522404296875 0.482892384765625 0.3108776796875 0.49201742578125 0.299776908203125 0.508987853515625 0.27541358203125 0.502735380859375 0.231107990234375 0.522312890625 0.2119411875 0.51931274609375 0.20638700390625 0.524038548828125 0.20142406640625 0.53479640234375 0.197492962890625 0.5532907890625 0.192895283203125 0.563589337890625 0.18522108984375 0.569475349609375 0.176372 0.570816078125 0.1638475546875 0.554193392578125 0.159095419921875 0.556404955078125 0.149448078125 0.564019333984375 0.139808333984375 0.5791525390625 0.112899603515625 0.5873934453125 0.104943080078125 0.60342137109375 0.099754154296875 0.6076878671875 0.103489646484375 0.612777419921875 0.098323505859375 0.639600390625 0.09935154296875 0.64357751171875 0.130368619140625 0.64748567578125 0.13561008984375 0.6228264921875 0.14547962109375 0.617944060546875 0.158259814453125 0.598108943359375 0.171281189453125 0.599802833984375 0.176553041015625 0.60521894921875 0.181681826171875 0.61382631640625 0.18382082421875 0.631463169921875 0.190629033203125 0.63720584765625 0.197937966796875 0.63177914453125 0.205954630859375 0.6028773515625 0.223442013671875 0.608742185546875 0.226669185546875 0.617482294921875 0.222587423828125 0.631649111328125 0.219300111328125 0.63578286328125 0.2056988828125 0.63933515625 0.1999301015625 0.6488478359375 0.19510263671875 0.64889561328125 0.19312189453125 0.64310515625 0.18896859765625 0.658867599609375 0.175009708984375 0.670398021484375 0.168367349609375 0.68402056640625 0.144380673828125 0.688587025390625 0.1240693515625 0.7111168984375 0.114700546875 0.704829951171875 0.1056330625 0.70719814453125 0.09604586328125 0.701938662109375 0.088002615234375 0.704524564453125 0.066079607421875 0.724564091796875 0.062573900390625 0.72972530859375 0.064189384765625 0.735975072265625 0.0943328828125 0.743993099609375 0.0867492109375 0.767080544921875 0.07834070703125 0.770125755859375 0.063512037109375 0.789525455078125 0.05561565234375 0.79267951953125 0.055566904296875 0.816831619140625 0.062593509765625 0.82154683203125 0.0679255 0.814089083984375 0.0739956015625 0.813231548828125 0.081952125 0.797203623046875 0.08726892578125 0.774708224609375 0.095086181640625 0.765630962890625 0.098369697265625 0.757737798828125 0.106989 0.746146296875 0.118541751953125 0.742158587890625 0.13563729296875 0.722166837890625 0.15466103125 0.728358232421875 0.16112297265625 0.753357279296875 0.164346345703125 0.758337978515625 0.17458873046875 0.760515064453125 0.194410716796875 0.76043280859375 0.196673791015625 0.75608134765625 0.197539775390625 0.744452658203125 0.20097015234375 0.737127654296875 0.202009580078125 0.75238301171875 0.209307123046875 0.7356780703125 0.216845845703125 0.74050213671875 0.221597982421875 0.73829057421875 0.220875064453125 0.746728009765625 0.226583705078125 0.750089193359375 0.2309142421875 0.7649702109375 0.244824384765625 0.77759188671875 0.245709357421875 0.784760259765625 0.242949353515625 0.804040515625 0.255756130859375 0.81052128515625 0.252984734375 0.8185233046875 0.240050083984375 0.8302714375 0.236107587890625 0.837487587890625 0.2375160703125 0.856043052734375 0.240374189453125 0.861483056640625 0.2507444453125 0.845431240234375 0.265219251953125 0.837769083984375 0.279392740234375 0.82145178125 0.284438599609375 0.8203765390625 0.289834529296875 0.80380433984375 0.28931861328125 0.799936072265625 0.279076228515625 0.797758986328125 0.275551533203125 0.78412314453125 0.26712783984375 0.772130705078125 0.274056330078125 0.752125658203125 0.271631203125 0.74087130859375 0.274899529296875 0.71794049609375 0.271823015625 0.71352795703125 0.26875409765625 0.716634244140625 0.259220064453125 0.76400653125 0.254908513671875 0.767922576171875 0.25409127734375 0.755399166015625 0.261659759765625 0.7172740703125 0.262589681640625 0.6965309296875 0.255642203125 0.697738916015625 0.25113124609375 0.72147948828125 0.244997208984375 0.731451474609375 0.237323017578125 0.737337482421875 0.226711580078125 0.731860291015625 0.223480609375 0.71936076953125 0.212658373046875 0.7224298671875 0.213814283203125 0.7081780859375 0.20955907421875 0.69546085546875 0.21949254296875 0.681463970703125 0.2243086171875 0.67013795703125 0.23352296484375 0.668337921875 0.231828353515625 0.656164962890625 0.234230693359375 0.6448628359375 0.244314822265625 0.635193525390625 0.2521206875 0.614838025390625 0.263899427734375 0.61734167578125 0.265443380859375 0.6251870625 0.27591175390625 0.633855505859375 0.281823599609375 0.62115157421875 0.312919802734375 0.6309829375 0.31714333984375 0.6311679609375 0.348511826171875 0.66493553515625 0.348968171875 0.691802671875 0.341964353515625 0.709643931640625 0.32597715625 0.706509330078125 0.30733423046875 0.667344537109375 0.286278724609375 0.66973774609375 0.331533955078125 0.738569611328125 0.33227586328125 0.748929236328125 0.33564230078125 0.75071868359375 0.342292255859375 0.74461496484375 0.3501924375 0.7452203125 0.35837875 0.73944315625 0.365548416015625 0.7409671171875 0.36971310546875 0.736482912109375 0.382952873046875 0.737149337890625 0.38479055078125 0.746131044921875 0.388156990234375 0.747920490234375 0.394513220703125 0.740680451171875 0.40818977734375 0.7392919453125 0.41265958203125 0.747222298828125 0.41282923046875 0.770346931640625 0.421471318359375 0.781311904296875 0.417690875 0.804133865234375 0.423934419921875 0.830160376953125 0.421016162109375 0.837594236328125 0.415894970703125 0.836505693359375 0.405697537109375 0.80641709375 0.387261248046875 0.80249833984375 0.388051900390625 0.7887058671875 0.380381505859375 0.7983512890625 0.38550649609375 0.803199244140625 0.386037603515625 0.82210516015625 0.39021748046875 0.83265860546875 0.386881421875 0.860944458984375 0.364163962890625 0.891017044921875 0.3804840390625 0.899855421875 0.3821033203125 0.909864595703125 0.3902294921875 0.916961302734375 0.39397258203125 0.9295696796875 0.403047662109375 0.93472030859375 0.407573810546875 0.926017384765625 0.407445935546875 0.944246287109375 0.412122744140625 0.9398709375 0.41841883203125 0.94550476171875 0.420260306640625 0.958245880859375 0.418441619140625 0.968061236328125 0.422975359375 0.966877138671875 0.425833478515625 0.972317142578125 0.425984138671875 0.97664471484375 0.41963550390625 0.991403578125 0.42135466015625 0.99445371484375 0.441252896484375 0.99868321484375 0.445968177734375 0.992168267578125 0.4584021015625 0.99158951953125 0.46475833203125 0.98434948046875 0.48363141015625 0.986213302734375 0.490582685546875 0.98876473046875 0.490286216796875 1 0.580705197265625 1
0 0.60288185546875 0.35971125 0.60771312109375 0.363422884765625 0.618297974609375 0.34258419140625 0.622537994140625 0.340263771484375 0.628246634765625 0.343624955078125 0.63416607421875 0.338439849609375 0.646818392578125 0.3368336328125 0.6505273046875 0.315607298828125 0.635544177734375 0.326920013671875 0.62735026953125 0.325178345703125 0.62536952734375 0.319387890625 0.6165204375 0.320728619140625 0.60221527734375 0.35151541015625 0.60288185546875 0.35971125
0 0.840715326171875 0.32864888671875 0.85373669921875 0.330342779296875 0.865726240234375 0.32430013671875 0.868862892578125 0.3158388125 0.864826078125 0.302094115234375 0.86752594140625 0.29568772265625 0.880471986328125 0.295217826171875 0.8783595703125 0.303896861328125 0.882091267578125 0.305227001953125 0.88757012109375 0.2983374140625 0.883028783203125 0.2920026875 0.887607474609375 0.262907076171875 0.87473296484375 0.261781345703125 0.869182578125 0.27026655859375 0.850979873046875 0.280357986328125 0.825223255859375 0.270587701171875 0.82037680078125 0.251838416015625 0.826002515625 0.24551698828125 0.8289093828125 0.226804892578125 0.826269658203125 0.220337423828125 0.8200488984375 0.21686738671875 0.809452650390625 0.226427841796875 0.787593580078125 0.237352916015625 0.78826015625 0.2455487578125 0.7960172734375 0.249345357421875 0.800713068359375 0.263767068359375 0.800208544921875 0.2711770390625 0.78990269921875 0.288589087890625 0.77636574609375 0.294958048828125 0.765881439453125 0.294710916015625 0.76408166796875 0.277458568359375 0.7688939453125 0.262373142578125 0.76786591015625 0.258396021484375 0.762744716796875 0.257307478515625 0.739428416015625 0.2738291875 0.723191263671875 0.274673423828125 0.715223345703125 0.279423115234375 0.70090679296875 0.298931666015625 0.690446015625 0.297782048828125 0.672326236328125 0.317556087890625 0.66135333984375 0.31629761328125 0.658276828125 0.31188507421875 0.650768484375 0.33713630859375 0.659033921875 0.337282349609375 0.6682596640625 0.346760552734375 0.671370353515625 0.38500780078125 0.679127470703125 0.388804400390625 0.68994211328125 0.378216478515625 0.70011676171875 0.385748603515625 0.701954439453125 0.394730310546875 0.71643683984375 0.394586978515625 0.72265000390625 0.39053819140625 0.724706076171875 0.398492431640625 0.736191091796875 0.399859759765625 0.743658283203125 0.406279453125 0.750217716796875 0.38297430078125 0.757519056640625 0.37002876953125 0.767173990234375 0.36993321484375 0.776693455078125 0.38054773828125 0.784375244140625 0.382180552734375 0.79321294140625 0.3695615859375 0.79737003515625 0.357558556640625 0.802265236328125 0.3521557421875 0.8113890625 0.333154271484375 0.82053187890625 0.332949861328125 0.8263911796875 0.3406386171875 0.840715326171875 0.32864888671875
0 0.694641705078125 0.396397603515625 0.6818311328125 0.386157419921875 0.6745221953125 0.391584125 0.6678121015625 0.41056170703125 0.675640751953125 0.412762681640625 0.678280474609375 0.41923015234375 0.6774822265625 0.42550380078125 0.6733890703125 0.42839237890625 0.664532384765625 0.42221428515625 0.6669347265625 0.410912158203125 0.65721585546875 0.4201221640625 0.657520970703125 0.432536720703125 0.6715817734375 0.449485970703125 0.670275203125 0.459410177734375 0.65417731640625 0.45330375 0.646582251953125 0.465112958984375 0.655299669921875 0.47824171875 0.667300603515625 0.4834773125 0.67657319921875 0.4716613203125 0.67085389453125 0.509412328125 0.68616988671875 0.48158172265625 0.699628046875 0.481220681640625 0.711312470703125 0.462763482421875 0.701578408203125 0.45693583984375 0.698931091796875 0.442949544921875 0.700309193359375 0.431429708984375 0.70804352734375 0.412669837890625 0.707527609375 0.4088015703125 0.701517650390625 0.3967852421875 0.694641705078125 0.396397603515625
0 1 0.476225384765625 0.99914940234375 0.47723101953125 0.976533234375 0.4627588203125 0.9625028125 0.475884869140625 0.943479072265625 0.46969347265625 0.93833889453125 0.44980787109375 0.938180640625 0.43796147265625 0.94350503515625 0.422984900390625 0.940055671875 0.41151284375 0.940401939453125 0.3922564765625 0.937912876953125 0.390116578125 0.93016715234375 0.39759821484375 0.9165925078125 0.42746639453125 0.9030628125 0.429423060546875 0.899794486328125 0.452353875 0.88614830859375 0.4838176796875 0.883079392578125 0.486923966796875 0.865448947265625 0.48425038671875 0.845954861328125 0.519303673828125 0.83515541015625 0.544929244140625 0.830331740234375 0.54873643359375 0.82213783203125 0.546994765625 0.816150658203125 0.557534912109375 0.8083935390625 0.5537383125 0.793930126953125 0.572678705078125 0.789483107421875 0.587304826171875 0.78699024609375 0.581405515625 0.778284220703125 0.5795549921875 0.7721913359375 0.5578560546875 0.765089400390625 0.5509770546875 0.762886466796875 0.542454654296875 0.765360341796875 0.52955690234375 0.769600359375 0.527236484375 0.773042126953125 0.531189716796875 0.78291166015625 0.52630728515625 0.785750791015625 0.5129502265625 0.782892671875 0.50751022265625 0.7660079296875 0.5189556796875 0.760969662109375 0.527549748046875 0.753581599609375 0.52705325390625 0.751160271484375 0.519558318359375 0.75268903515625 0.512366056640625 0.75750890625 0.504799455078125 0.75822802734375 0.49260260546875 0.749529595703125 0.498270908203125 0.743820955078125 0.49490972265625 0.73929101171875 0.499853234375 0.729440466796875 0.523532728515625 0.71614055859375 0.535740166015625 0.70762183984375 0.523876271484375 0.709626728515625 0.50514931640625 0.7000924921875 0.5097272734375 0.6890343828125 0.519925384765625 0.6818713828125 0.511798322265625 0.664228181640625 0.498757650390625 0.638986123046875 0.541605287109375 0.649243271484375 0.539822806640625 0.655641857421875 0.54844783203125 0.67100577734375 0.567564396484375 0.686089287109375 0.543075666015625 0.702864568359375 0.535413671875 0.707299765625 0.5594722265625 0.7078415625 0.574783873046875 0.703533810546875 0.582459328125 0.70500243359375 0.588140931640625 0.703556595703125 0.605015802734375 0.69415803125 0.641678013671875 0.68797524609375 0.675802099609375 0.68900328125 0.679779220703125 0.697046529296875 0.677193318359375 0.710990228515625 0.650625244140625 0.72268604296875 0.643446283203125 0.7315876796875 0.621712865234375 0.757445587890625 0.586938365234375 0.763591017578125 0.5882446171875 0.765793955078125 0.596767017578125 0.749948640625 0.623467833984375 0.751274197265625 0.6323406875 0.749820765625 0.641696736328125 0.739962626953125 0.657857404296875 0.7409343203125 0.67846780078125 0.73240173828125 0.703501326171875 0.7353351875 0.711105115234375 0.741043828125 0.714466298828125 0.742233916015625 0.734049228515625 0.748511017578125 0.720885990234375 0.746820203125 0.712472443359375 0.73884469140625 0.70970330859375 0.739496078125 0.702861498046875 0.742708060546875 0.696563958984375 0.7490680859375 0.69308333203125 0.7731598515625 0.647731498046875 0.7789324296875 0.641978232421875 0.7896116015625 0.642100384765625 0.795260103515625 0.658335431640625 0.810390091796875 0.647590876953125 0.811719447265625 0.660223142578125 0.808368201171875 0.673471345703125 0.79514741796875 0.691601982421875 0.78403145703125 0.69353476171875 0.77490762890625 0.712536232421875 0.7684760703125 0.717612482421875 0.77558939453125 0.73576971875 0.782759064453125 0.7372936796875 0.794037078125 0.7509667109375 0.7918531328125 0.76124137109375 0.778922279296875 0.7767489140625 0.7802440390625 0.78186235546875 0.806091177734375 0.808834078125 0.8355908828125 0.8312127421875 0.844067123046875 0.822812494140625 0.84514390625 0.802637513671875 0.8398720546875 0.797221400390625 0.840888697265625 0.789920283203125 0.845049587890625 0.781676666015625 0.85375561328125 0.783527189453125 0.8630338984375 0.772612705078125 0.874594244140625 0.776143818359375 0.8776745546875 0.78431576953125 0.88953621875 0.79650202734375 0.891076375 0.80058800390625 0.88452453515625 0.831411982421875 0.855974357421875 0.880111701171875 0.84991944921875 0.896006884765625 0.849565583984375 0.907744427734375 0.856904900390625 0.932393021484375 0.866409173828125 0.92796989453125 0.874166291015625 0.931766494140625 0.878489234375 0.9391286875 0.897806697265625 0.94645640234375 0.90389198828125 0.960636517578125 0.91077173046875 0.9647835703125 0.91240168359375 0.964669791015625 0.938401326171875 0.84235108984375 0.91618160546875 0.8172001015625 0.916102478515625 0.81127690234375 0.924266005859375 0.782943271484375 0.9211141640625 0.776366947265625 0.8991531796875 0.758812349609375 0.898991126953125 0.743206541015625 0.901973322265625 0.72665823046875 0.8979441015625 0.720432357421875 0.902910837890625 0.713433916015625 0.90795669921875 0.712358673828125 0.917912951171875 0.720918263671875 0.92310567578125 0.7204111796875 0.92957079296875 0.676145177734375 0.9081219296875 0.65869943359375 0.891952509765625 0.654188630859375 0.8871098515625 0.639198759765625 0.8796464609375 0.63653848046875 0.876216083984375 0.643863484375 0.877835365234375 0.653872658203125 0.875508353515625 0.6673385703125 0.86995796875 0.675823783203125 0.86967943359375 0.68972511328125 0.863029478515625 0.695828830078125 0.85931676953125 0.71329575390625 0.84806913671875 0.72969801953125 0.84309860546875 0.73293705078125 0.826552537109375 0.717607314453125 0.8218567421875 0.703185603515625 0.822873384765625 0.695884486328125 0.8284991015625 0.689563060546875 0.83499080078125 0.671612943359375 0.8365195625 0.664420681640625 0.83481735546875 0.6447288984375 0.84014555078125 0.63351173828125 0.845334474609375 0.6292452421875 0.853528380859375 0.630986912109375 0.858077314453125 0.644840462890625 0.870217515625 0.64312539453125 0.877654326171875 0.619469787109375 0.883795958984375 0.617016625 0.8868009375 0.623024791015625 0.890604166015625 0.6227593046875 0.905715169921875 0.5932176875 0.9119998671875 0.587573275390625 0.928380083984375 0.583537787109375 0.9365815859375 0.59279828125 0.94250102734375 0.587613173828125 0.946597978515625 0.5884840078125 0.95150457421875 0.594359427734375 0.9446438203125 0.6090094375 0.946696095703125 0.613204267578125 0.970118107421875 0.628921640625 0.974215060546875 0.6297924765625 0.976990251953125 0.625549869140625 0.97937740234375 0.59921009375 0.9759242421875 0.583978625 0.964062576171875 0.5717923671875 0.9576835625 0.556475931640625 0.948473009765625 0.56203537890625 0.9392548671875 0.560076001953125 0.93749251953125 0.553258080078125 0.91745213671875 0.55436780078125 0.911144654296875 0.537455740234375 0.918370666015625 0.522346423828125 0.89927159765625 0.513991244140625 0.8970085234375 0.518342705078125 0.9018435859375 0.52581375390625 0.90273994921875 0.54426036328125 0.889300771484375 0.56341846484375 0.879058390625 0.56124137890625 0.875612822265625 0.553528734375 0.88064349609375 0.537415841796875 0.8778493125 0.52286138671875 0.889383078125 0.500076615234375 0.8995501328125 0.5000899140625 0.912330326171875 0.480254796875 0.92629301171875 0.472483787109375 0.9349464921875 0.494726998046875 0.947979259765625 0.507699125 0.946232103515625 0.515918853515625 0.941333103515625 0.5175622578125 0.937974259765625 0.52329163671875 0.925615662109375 0.526034169921875 0.93681455078125 0.53378400390625 0.941935740234375 0.534872546875 0.94712466796875 0.53060605078125 0.964913369140625 0.545126029296875 0.99526387109375 0.540838353515625 1 0.545997451171875 1 0.476225384765625
0 0.78107599609375 0.429259181640625 0.7927090390625 0.449996015625 0.790521294921875 0.456511263671875 0.785257037109375 0.45861397265625 0.772966177734375 0.456001470703125 0.7706201796875 0.4506703203125 0.77214894140625 0.44347805859375 0.781058171875 0.429263466796875 0.781122109375 0.420149015625 0.777763265625 0.42587839453125 0.75875091796875 0.430965236328125 0.75956435546875 0.439729236328125 0.753509447265625 0.455624419921875 0.753227115234375 0.4657663359375 0.76295737890625 0.467834568359375 0.766994193359375 0.481579265625 0.77964651171875 0.47997305078125 0.78374726171875 0.484603296875 0.79449796875 0.48312982421875 0.80720283203125 0.461130921875 0.81780667578125 0.4590892890625 0.829348033203125 0.443823341796875 0.832111833984375 0.428302498046875 0.817324314453125 0.4160312734375 0.813814810546875 0.417433078125 0.808046029296875 0.426945759765625 0.799121609375 0.426122703125 0.79406055859375 0.412160294921875 0.78587804296875 0.42169686328125 0.78107599609375 0.429259181640625
0 0.94162983984375 0.2037118203125 0.961091443359375 0.183411802734375 0.94204968359375 0.175401611328125 0.944918630859375 0.15696134765625 0.94403366015625 0.1497929765625 0.93891246875 0.14870443359375 0.914496599609375 0.1628446484375 0.900089525390625 0.165151767578125 0.891255626953125 0.181530146484375 0.87202868359375 0.191403865234375 0.863262517578125 0.20242720703125 0.859602353515625 0.199501439453125 0.852444078125 0.209255716796875 0.85736586328125 0.230168787109375 0.861974935546875 0.231148474609375 0.865397716796875 0.216304646484375 0.873945486328125 0.2063087734375 0.8787615625 0.1949827578125 0.89704719140625 0.194573939453125 0.9062577421875 0.1890144921875 0.915536025390625 0.178100005859375 0.919489916015625 0.182162091796875 0.92045021484375 0.191494251953125 0.90957163671875 0.211196626953125 0.8896819140625 0.216633919921875 0.883916931640625 0.22990601171875 0.877707564453125 0.2377142109375 0.862415521484375 0.232852955078125 0.86176793359375 0.243454177734375 0.866678326171875 0.25308901171875 0.868452064453125 0.271185169921875 0.876954884765625 0.28910080859375 0.88215140625 0.29235313671875 0.883330103515625 0.30065783203125 0.88881275390625 0.29752765625 0.89793658203125 0.278526185546875 0.914087013671875 0.26423992578125 0.907858658203125 0.253251064453125 0.912230349609375 0.236461158203125 0.924227484375 0.237937341796875 0.93321204296875 0.225886533203125 0.953843671875 0.2308088671875 0.95697273046875 0.214828716796875 0.954261474609375 0.209956873046875 0.945466626953125 0.215094580078125 0.94162983984375 0.2037118203125
0 1 0.102673599609375 0.999063375 0.102426107421875 0.999662216796875 0.115976984375 0.9967553515625 0.134689080078125 0.994198552734375 0.13790422265625 0.9787596484375 0.132474806640625 0.973499189453125 0.138336927734375 0.968238716796875 0.16983991015625 0.9479072265625 0.192993099609375 0.956749208984375 0.20174125 0.951550150390625 0.223652646484375 0.962090125 0.212157845703125 0.9675689765625 0.205268259765625 0.9789786640625 0.20447180078125 0.985914748046875 0.191985578125 0.998058744140625 0.194029919921875 1 0.186786744140625 1 0.171075912109375 0.99913173046875 0.170095529296875 0.99846515234375 0.161899689453125 1 0.159090380859375 1 0.102673599609375
0 1 0.314023833984375 0.9982141328125 0.311653595703125 0.999584640625 0.2926149375 0.99007276953125 0.289519240234375 0.987369111328125 0.29216621875 0.986503126953125 0.303794908203125 0.993906380859375 0.31932905078125 0.994132369140625 0.32582041015625 0.99173002734375 0.337122537109375 0.98756533984375 0.341606740234375 0.97178451953125 0.3375886640625 0.9644190234375 0.350553005859375 0.97824210546875 0.38043273828125 0.9710158671875 0.418660890625 0.978295271484375 0.433064509765625 0.98349179296875 0.43631683984375 0.985751068359375 0.428205966796875 0.977331171875 0.419972939453125 0.980531763671875 0.4023971640625 1 0.39857188671875 1 0.393500982421875 0.997785560546875 0.3942518125 0.987686240234375 0.388883474609375 0.983717162109375 0.369783740234375 0.985095263671875 0.358263904296875 0.993786099609375 0.34507677734375 1 0.345494365234375 1 0.314023833984375
0 0.894901841796875 0.315467181640625 0.88665159375 0.3303587890625 0.899970490234375 0.3369484140625 0.9090531640625 0.3496178671875 0.920978765625 0.35268967578125 0.92615630078125 0.337144943359375 0.907712416015625 0.32570736328125 0.90053515234375 0.316664580078125 0.894901841796875 0.315467181640625
0 1 0.235321421875 0.998537306640625 0.2333285234375 0.986563791015625 0.2370752421875 0.981022408203125 0.23061378515625 0.972061568359375 0.2357550859375 0.981441765625 0.2533202734375 0.990806771484375 0.255847810546875 1 0.2517329453125 1 0.235321421875
0 0.7406981796875 0.806747126953125 0.75333151171875 0.786343849609375 0.737421638671875 0.749134654296875 0.717004607421875 0.7394254453125 0.7108705703125 0.749397431640625 0.708039033203125 0.7702733125 0.709360794921875 0.77538675390625 0.71988930859375 0.7711813359375 0.72581634375 0.773515052734375 0.726204384765625 0.79561222265625 0.731995951171875 0.808656015625 0.7406981796875 0.806747126953125
0 0.765158677734375 1 0.76749166796875 0.97406227734375 0.7777638125 0.933290203125 0.76217044921875 0.919773802734375 0.755271720703125 0.896829689453125 0.74890030078125 0.889032078125 0.735577607421875 0.87868304296875 0.7270222421875 0.881160091796875 0.7278958203125 0.87705023046875 0.73301321484375 0.874379359375 0.734029857421875 0.867078244140625 0.728230697265625 0.846515623046875 0.73048997265625 0.83840475 0.73097930859375 0.8159571328125 0.72657723828125 0.802671740234375 0.722265685546875 0.806587783203125 0.70795673046875 0.833615162109375 0.714697203125 0.84471287890625 0.713176037109375 0.85942396484375 0.7069780625 0.87851040234375 0.694122537109375 0.896181732421875 0.688214490234375 0.912645076171875 0.684335931640625 0.91074677734375 0.671547521484375 0.850038607421875 0.666351 0.846786279296875 0.6632896796875 0.857411388671875 0.66257435546875 0.873367650390625 0.672259669921875 0.903347396484375 0.67322376953125 0.916438966796875 0.672500849609375 0.92487640234375 0.6643297265625 0.945691208984375 0.670264357421875 0.95554375 0.651770794921875 1 0.661428509765625 1 0.659916884765625 0.994152041015625 0.662612951171875 0.983986234375 0.68465623828125 0.938198982421875 0.70146944921875 0.928349150390625 0.705717060546875 0.93354755859375 0.709614607421875 0.954242919921875 0.7056911015625 0.9802561328125 0.6971032578125 1 0.765158677734375 1
0 0.960556828125 0.31875612109375 0.97060191796875 0.303719515625 0.951521064453125 0.29279505859375 0.9615958984375 0.28045941015625 0.944533076171875 0.267269248046875 0.930103578125 0.284808283203125 0.906746166015625 0.26782326953125 0.89494222265625 0.279051671875 0.916191505859375 0.29387140625 0.922328416015625 0.2891657265625 0.936199357421875 0.296407025390625 0.941637828125 0.29498725 0.948076416015625 0.298931572265625 0.952064060546875 0.308365046875 0.953708724609375 0.31472475390625 0.960556828125 0.31875612109375