1 0.16796875 0.615234375 0.3359375 0.3125
1 0.79296875 0.7158203125 0.4140625 0.455078125
1 0.6279296875 0.259765625 0.11328125 0.10546875
1 0.4912109375 0.2666015625 0.125 0.10546875
1 0.8125 0.181640625 0.201171875 0.1484375
1 0.244140625 0.310546875 0.07421875 0.056640625
1 0.2138671875 0.34375 0.041015625 0.033203125
1 0.1376953125 0.4013671875 0.068359375 0.072265625
1 0.8076171875 0.46875 0.279296875 0.220703125
1 0.8486328125 0.287109375 0.236328125 0.146484375
1 0.6005859375 0.1806640625 0.05078125 0.041015625
0 0.56139227734375 1 0.66167069140625 0.974997783203125 0.661483818359375 0.9730522109375 0.656244205078125 0.9663899296875 0.656557732421875 0.955686876953125 0.652940666015625 0.945963830078125 0.652442923828125 0.93679116015625 0.646018287109375 0.927768119140625 0.644585275390625 0.9148443046875 0.637538904296875 0.89136706640625 0.635546154296875 0.866629818359375 0.61989640625 0.80147 0.620085943359375 0.785485419921875 0.6088025390625 0.725877501953125 0.612610916015625 0.70766253125 0.609868890625 0.6870964296875 0.620918498046875 0.6405138125 0.61599507421875 0.60521832421875 0.62254725 0.595616021484375 0.642200228515625 0.590715982421875 0.646071490234375 0.56916505859375 0.6430159375 0.55930201171875 0.622619 0.532512890625 0.61376409375 0.50417412890625 0.613454111328125 0.4909703125 0.60802851171875 0.476385744140625 0.6083438125 0.45372925390625 0.60940573046875 0.444831771484375 0.61527151171875 0.43606466015625 0.601298326171875 0.424275296875 0.593688666015625 0.41289149609375 0.5930633828125 0.422344169921875 0.58776088671875 0.419017841796875 0.59224944921875 0.441804705078125 0.591811041015625 0.45320294921875 0.5867583046875 0.4484862421875 0.58021144921875 0.422228240234375 0.57241402734375 0.41487558203125 0.567363951171875 0.39222872265625 0.571107671875 0.389303142578125 0.57029728515625 0.38485680859375 0.55925566015625 0.377648966796875 0.559191888671875 0.386961638671875 0.556696076171875 0.388912025390625 0.549585046875 0.38072417578125 0.530068474609375 0.307231693359375 0.5245179921875 0.293342314453125 0.508420970703125 0.299347919921875 0.51696057421875 0.350343169921875 0.521575791015625 0.36048140625 0.5168968046875 0.359655841796875 0.516399060546875 0.350483171875 0.50361533203125 0.311170982421875 0.494817986328125 0.315356572265625 0.4864546171875 0.33802750390625 0.49393673828125 0.36803665234375 0.500860892578125 0.374278927734375 0.50379156640625 0.384837166015625 0.494056296875 0.403201765625 0.464106533203125 0.42660640625 0.43721764453125 0.42401378515625 0.43085500390625 0.4176315078125 0.391800576171875 0.414087767578125 0.385685919921875 0.418268541015625 0.37595419921875 0.412726271484375 0.3715240859375 0.41648704296875 0.373267962890625 0.436637955078125 0.37064726953125 0.439283533203125 0.36010516015625 0.4292949296875 0.355365953125 0.413875166015625 0.34376192578125 0.412784044921875 0.32273616015625 0.41935446484375 0.321923115234375 0.43283828515625 0.3119416328125 0.428686396484375 0.30788526953125 0.436338314453125 0.274254669921875 0.459332578125 0.273504505859375 0.46948044140625 0.275998546875 0.479483490234375 0.2791798671875 0.48267462890625 0.284977447265625 0.513103779296875 0.284976560546875 0.51908049609375 0.280172693359375 0.518950123046875 0.2754919375 0.53007799609375 0.28110352734375 0.552584853515625 0.28684176953125 0.56244308984375 0.290834361328125 0.56410384375 0.294952720703125 0.55909269140625 0.300442091796875 0.564364587890625 0.302189515625 0.560608630859375 0.29121609375 0.514204529296875 0.279679384765625 0.47989386328125 0.281614572265625 0.47210676171875 0.293780111328125 0.4730578828125 0.297584052734375 0.484726501953125 0.29078212109375 0.495719185546875 0.314727033203125 0.57740433203125 0.324832505859375 0.586837748046875 0.323520830078125 0.59712561328125 0.314724373046875 0.595334484375 0.30667896484375 0.577418775390625 0.292954650390625 0.570215748046875 0.29001954296875 0.58954109765625 0.279412779296875 0.594841880859375 0.275919701171875 0.590400361328125 0.2757921640625 0.60902570703125 0.26630665234375 0.625999923828125 0.248088455078125 0.63187033984375 0.242659306640625 0.641192640625 0.229498279296875 0.621896177734375 0.22706357421875 0.632464044921875 0.228371705078125 0.64608305078125 0.218136916015625 0.6672284140625 0.184067021484375 0.707597642578125 0.14289053125 0.709895431640625 0.126980384765625 0.717846609375 0.11662515234375 0.70980357421875 0.12454390625 0.74036791015625 0.13202780078125 0.758423623046875 0.138765078125 0.762720326171875 0.141324662109375 0.751457267578125 0.156795513671875 0.760881056640625 0.173386734375 0.7879549921875 0.178250822265625 0.8026795625 0.178311931640625 0.811297044921875 0.170948482421875 0.82242973046875 0.162026259765625 0.82731051171875 0.154228837890625 0.819957853515625 0.152731171875 0.8223234296875 0.16694525 0.892489587890625 0.157841470703125 0.859564490234375 0.141189142578125 0.8238730703125 0.137011447265625 0.80831330859375 0.13881820703125 0.825128265625 0.132641556640625 0.82666827734375 0.12322158984375 0.822376388671875 0.110057015625 0.826986796875 0.094460396484375 0.82423491796875 0.066639791015625 0.8286698828125 0.109357185546875 1 0.492172328125 1 0.465035515625 0.8932055703125 0.46160532421875 0.885428095703125 0.45517980078125 0.8823817734375 0.452124248046875 0.8725187265625 0.45044502734375 0.837078423828125 0.45262997265625 0.8279009375 0.4559990546875 0.8270609296875 0.46024051953125 0.833308021484375 0.463046314453125 0.844561451171875 0.463106537109375 0.859155650390625 0.470712650390625 0.894446322265625 0.496278333984375 0.98502413671875 0.499397064453125 1 0.56139227734375 1
0 0.7404430390625 0.294622734375 0.732022107421875 0.284769314453125 0.73046421875 0.272540693359375 0.746187490234375 0.2626439453125 0.73733435546875 0.222351748046875 0.727729287109375 0.20416084765625 0.732216962890625 0.232924427734375 0.731528796875 0.2457130546875 0.697152466796875 0.248971595703125 0.69577879296875 0.25661869921875 0.707812359375 0.306078751953125 0.70843764453125 0.296626078125 0.71966791796875 0.293826056640625 0.737197951171875 0.300744267578125 0.7404430390625 0.294622734375
0 0.75685625 0.259983923828125 0.7533658359375 0.23761225 0.763781291015625 0.26024948046875 0.786617365234375 0.246587146484375 0.808828154296875 0.242377484375 0.819561572265625 0.22442807421875 0.811327517578125 0.216520228515625 0.761916080078125 0.216886888671875 0.75742397265625 0.218006896484375 0.755987416015625 0.228989955078125 0.750062296875 0.217186150390625 0.7438236484375 0.2160853984375 0.74650279296875 0.239987455078125 0.753798923828125 0.262074310546875 0.75685625 0.259983923828125
0 0.59830654296875 0.405099578125 0.5997422109375 0.40009323828125 0.5950021171875 0.3906501953125 0.589142541015625 0.357580283203125 0.56887846484375 0.27630551171875 0.56351397265625 0.270338421875 0.554590861328125 0.281195921875 0.5612652578125 0.288828578125 0.56375841015625 0.304808345703125 0.557582646484375 0.300371640625 0.555775 0.2895333984375 0.5519063984375 0.293154169921875 0.5451700078125 0.282880748046875 0.539804630859375 0.282890376953125 0.540863 0.297899765625 0.55576524609375 0.35527729296875 0.56374954296875 0.3645755234375 0.57204737109375 0.363170697265625 0.58433158203125 0.405263650390625 0.58196330859375 0.388588693359375 0.58427224609375 0.384692734375 0.59225476953125 0.4059443984375 0.59830654296875 0.405099578125
0 0.642667013671875 0.3880627734375 0.632816619140625 0.341378669921875 0.6323817578125 0.328870044921875 0.64123932421875 0.339278654296875 0.65009423046875 0.3676174140625 0.653086015625 0.386793134765625 0.655830701171875 0.389429083984375 0.6587038125 0.367462970703125 0.667753576171875 0.343956845703125 0.689402853515625 0.339887185546875 0.700449798828125 0.311234720703125 0.688291353515625 0.262469859375 0.662398837890625 0.27224586328125 0.658029833984375 0.2846241171875 0.664952212890625 0.302819828125 0.663516544921875 0.307826166015625 0.659898591796875 0.304079837890625 0.657780076171875 0.286014498046875 0.652103828125 0.278797029296875 0.632886595703125 0.290228974609375 0.63862483984375 0.30008720703125 0.63587837890625 0.309404693359375 0.631075400390625 0.303297603515625 0.630640541015625 0.290788978515625 0.619971779296875 0.293449 0.6192845 0.30026091015625 0.605995931640625 0.2995897890625 0.60056678515625 0.30891208984375 0.587590859375 0.303514634765625 0.58784150390625 0.29614753515625 0.593082890625 0.290856380859375 0.58204037890625 0.2896252578125 0.5841580078125 0.313667314453125 0.600431265625 0.38132789453125 0.609912341796875 0.394237265625 0.626880857421875 0.4012954765625 0.642667013671875 0.3880627734375