1 0.265625 0.7158203125 0.0966796875 0.123046875
1 0.5185546875 0.55078125 0.15234375 0.1201171875
1 0.3974609375 0.6015625 0.11328125 0.140625
1 0.7919921875 0.369140625 0.05078125 0.0546875
1 0.724609375 0.3955078125 0.0478515625 0.05078125
1 0.7880859375 0.4208984375 0.0732421875 0.0478515625
1 0.7626953125 0.3369140625 0.056640625 0.0361328125
0 1 0.81589147265625 0.9967414921875 0.82170542578125 0.994207095703125 0.81201550390625 0.999637943359375 0.811369509765625 1 0.8016795859375 0.9920347578125 0.7978036171875 0.9967414921875 0.786821705078125 1 0.7900516796875 0.99927588671875 0.693152455078125 0.95329471484375 0.60594315234375 0.937364228515625 0.586563306640625 0.891021 0.560723513671875 0.8642288203125 0.56201550390625 0.861694423828125 0.58204134375 0.863142650390625 0.609173126953125 0.875090513671875 0.61369508984375 0.921433744140625 0.65762273828125 0.932657494140625 0.67248062109375 0.952208544921875 0.718992248046875 0.97248370703125 0.879198966796875 0.978276611328125 0.897286822265625 0.985517740234375 0.94379844921875 1 0.995478037109375 1 0.81589147265625
0 0.377262853515625 0.890826873046875 0.382693701171875 0.8720930234375 0.397175958984375 0.8720930234375 0.40948587890625 0.86175710546875 0.4178131796875 0.846899224609375 0.426140478515625 0.812661498046875 0.431933380859375 0.808785529296875 0.442795076171875 0.811369509765625 0.450760318359375 0.8036175703125 0.471035482421875 0.77002583984375 0.49058653125 0.750645994140625 0.544170890625 0.680878552734375 0.551049962890625 0.664728681640625 0.548877625 0.65568475390625 0.538377986328125 0.643410853515625 0.51810282421875 0.63824289453125 0.486965966796875 0.621447029296875 0.479000724609375 0.611111111328125 0.468863142578125 0.611111111328125 0.462708181640625 0.6143410859375 0.456915279296875 0.6375968984375 0.442795076171875 0.65633075 0.439898625 0.66795865625 0.4290369296875 0.670542634765625 0.408037654296875 0.68992248046875 0.39283128125 0.684754521484375 0.387762490234375 0.69379844921875 0.3834178125 0.68604651171875 0.37617668359375 0.684754521484375 0.3721940625 0.69961240234375 0.3736422890625 0.7177002578125 0.371107892578125 0.72222222265625 0.344315712890625 0.740310078125 0.336350470703125 0.739018087890625 0.3218682109375 0.724806201171875 0.31317885546875 0.724806201171875 0.3106444609375 0.744832041015625 0.297972484375 0.754521962890625 0.294713974609375 0.769379845703125 0.30267921875 0.7822997421875 0.296162201171875 0.810723513671875 0.297610427734375 0.824935400390625 0.3106444609375 0.850775193359375 0.3106444609375 0.88436692578125 0.307385953125 0.89018087890625 0.290731353515625 0.89018087890625 0.282766111328125 0.866925064453125 0.231354091796875 0.885012919921875 0.227371470703125 0.8779069765625 0.22628530078125 0.833333333984375 0.20601013671875 0.829457365234375 0.18863142578125 0.816537466796875 0.17125271484375 0.812661498046875 0.158218681640625 0.7958656328125 0.152425779296875 0.7958656328125 0.034395365234375 0.912144703125 0.020275162109375 0.93217054296875 0.0173787109375 0.94379844921875 0.020999275390625 0.959302326171875 0.0300506875 0.9715762265625 0.043808833984375 0.979328166015625 0.05901520703125 0.997416021484375 0.2918175234375 0.996770025390625 0.310282404296875 0.9922480625 0.3247646640625 0.97803617578125 0.337074583984375 0.94961240234375 0.377262853515625 0.890826873046875
0 0.060463431640625 0.779069767578125 0.07494569140625 0.757105943359375 0.097393193359375 0.744186046875 0.102099927734375 0.73578811328125 0.103548154296875 0.722868216796875 0.116944244140625 0.7041343671875 0.1278059375 0.698966408203125 0.148805212890625 0.698966408203125 0.167632150390625 0.688630490234375 0.1799420703125 0.670542634765625 0.21614771875 0.64599483203125 0.229181751953125 0.6317829453125 0.24511223828125 0.625322998046875 0.2632150625 0.60981912109375 0.267559740234375 0.600775193359375 0.29507603125 0.582687337890625 0.308834177734375 0.564599482421875 0.334178130859375 0.552971576171875 0.36821144140625 0.524547802734375 0.375090513671875 0.513565890625 0.377986966796875 0.495478037109375 0.38233164453125 0.442506458984375 0.38088341796875 0.43217054296875 0.37400434375 0.425064599609375 0.34938450390625 0.416020671875 0.329833453125 0.414728681640625 0.3218682109375 0.403100775390625 0.299420708984375 0.392764857421875 0.27045619140625 0.388888888671875 0.258146271484375 0.39405684765625 0.23569876953125 0.3798449609375 0.2146994921875 0.356589146484375 0.077842142578125 0.316537466796875 0.03946415625 0.30232558203125 0.024981896484375 0.294573642578125 0.01484431640625 0.2803617578125 0.000362056640625 0.27777777734375 0.00072411328125 0.835271318359375 0.0079652421875 0.826227390625 0.009775525390625 0.811369509765625 0.043808833984375 0.7842377265625 0.060463431640625 0.779069767578125
0 0.410572048828125 0.007105943359375 0.423244025390625 0.01421188671875 0.480811005859375 0.014857880859375 0.515206373046875 0.0077519375 0.527154236328125 0.000645994140625 0.416002896484375 0 0.410572048828125 0.007105943359375
0 0.363142650390625 0.02196382421875 0.369659666015625 0.024547802734375 0.376900796875 0.005167958984375 0.389934830078125 0.009043927734375 0.391021 0.004521962890625 0.389210716796875 0 0.3848660390625 0.00387596875 0.381969587890625 0 0.30376538671875 0.00387596875 0.283490224609375 0 0.1310644453125 0.000645994140625 0.132874728515625 0.02971576171875 0.303403330078125 0.032945736328125 0.337798697265625 0.02971576171875 0.345763939453125 0.024547802734375 0.353729181640625 0.0284237734375 0.363142650390625 0.02196382421875
0 0.843591599609375 0.908914728515625 0.83997103515625 0.90374676953125 0.84286748828125 0.89599483203125 0.8406951484375 0.8895348828125 0.842143375 0.85206718359375 0.828385228515625 0.846899224609375 0.831643736328125 0.837209302734375 0.8406951484375 0.841731265625 0.83997103515625 0.81201550390625 0.836350470703125 0.7939276484375 0.8312816796875 0.7861757109375 0.831643736328125 0.77390180859375 0.836350470703125 0.77971576171875 0.836350470703125 0.77196382421875 0.8312816796875 0.766795865234375 0.83345401953125 0.708656330078125 0.828385228515625 0.68023255859375 0.812092685546875 0.651162791015625 0.8059377265625 0.693152455078125 0.8124547421875 0.726744185546875 0.8124547421875 0.77196382421875 0.80847212109375 0.78165374609375 0.78457639453125 0.77777777734375 0.7805937734375 0.826227390625 0.782766111328125 0.839147287109375 0.78928312890625 0.846899224609375 0.78783490234375 0.854651162109375 0.791455466796875 0.8740310078125 0.7856625625 0.893410853515625 0.79109341015625 0.90956072265625 0.801593048828125 0.91020671875 0.805575669921875 0.93410852734375 0.78457639453125 0.936692505859375 0.780955830078125 0.931524546875 0.776611150390625 0.932816537109375 0.776611150390625 0.928940568359375 0.78928312890625 0.92441860546875 0.78167994140625 0.919896640625 0.776611150390625 0.92248062109375 0.774076755859375 0.91795865625 0.7729905859375 0.896640826171875 0.769370021484375 0.900516794921875 0.76574945703125 0.892764857421875 0.759956552734375 0.891472869140625 0.758146271484375 0.879198966796875 0.750905140625 0.875322998046875 0.750543083984375 0.8643410859375 0.744750181640625 0.866925064453125 0.741491671875 0.861111111328125 0.74221578515625 0.839147287109375 0.734612599609375 0.822997416015625 0.726647357421875 0.82428940625 0.718682115234375 0.834625322265625 0.71216509765625 0.83204134375 0.709992759765625 0.82558139453125 0.706372193359375 0.83204134375 0.69804489453125 0.828811369140625 0.693700216796875 0.818475453125 0.695148443359375 0.799095607421875 0.698406951171875 0.789405685546875 0.702389572265625 0.788759689453125 0.702389572265625 0.777131783203125 0.71542360546875 0.762919896484375 0.713251267578125 0.759043927734375 0.713975380859375 0.729328166015625 0.70601013671875 0.7177002578125 0.7034757421875 0.705426357421875 0.698406951171875 0.71447028515625 0.69478638671875 0.709302326171875 0.690441708984375 0.7157622734375 0.6875452578125 0.709302326171875 0.682476466796875 0.710594314453125 0.6828385234375 0.700904392578125 0.68609703125 0.702842376953125 0.68863142578125 0.693152455078125 0.67885590234375 0.691214470703125 0.6593048515625 0.702842376953125 0.6433743671875 0.70155038671875 0.612237509765625 0.757105943359375 0.565170166015625 0.804909560546875 0.56082548828125 0.80232558203125 0.557204923828125 0.807493541015625 0.541998552734375 0.841085271484375 0.5333091953125 0.84625323046875 0.526430123046875 0.861111111328125 0.53403330859375 0.873385013671875 0.53874004296875 0.8740310078125 0.537653873046875 0.881136951171875 0.532947140625 0.883074935546875 0.532947140625 0.89599483203125 0.524981896484375 0.90245478125 0.52932657421875 0.91020671875 0.527154236328125 0.930878552734375 0.532947140625 0.938630490234375 0.5314989140625 0.9541343671875 0.52751629296875 0.9599483203125 0.504344677734375 0.97028423828125 0.490948587890625 0.989018087890625 0.490948587890625 0.994186046875 0.496379435546875 0.998708009765625 0.70564808203125 0.994832041015625 0.754525705078125 0.998062015625 0.843591599609375 0.994186046875 0.83997103515625 0.959302326171875 0.843591599609375 0.92829457421875 0.843591599609375 0.908914728515625