1 0.603515625 0.84765625 0.20703125 0.1640625
1 0.7744140625 0.69140625 0.09375 0.12109375
1 0.1328125 0.875 0.16015625 0.109375
1 0.658203125 0.3740234375 0.103515625 0.10546875
1 0.5263671875 0.7060546875 0.078125 0.11328125
1 0.6064453125 0.205078125 0.119140625 0.0859375
1 0.984375 0.806640625 0.03125 0.22265625
1 0.576171875 0.4736328125 0.1328125 0.123046875
1 0.5263671875 0.623046875 0.111328125 0.142578125
1 0.54296875 0.2490234375 0.072265625 0.056640625
1 0.42578125 0.294921875 0.056640625 0.072265625
0 0.543744328125 1 0.5437523359375 0.999998587890625 0.543826794921875 0.994064603515625 0.566344490234375 0.9930545546875 0.584194130859375 0.975105044921875 0.60370400390625 0.976105568359375 0.613347251953125 0.9855068046875 0.6139307578125 0.98762423828125 0.630064763671875 0.98477937890625 0.631029361328125 0.980908759765625 0.628103470703125 0.954780826171875 0.636704439453125 0.939202212890625 0.65747996875 0.94738063671875 0.66785469140625 0.963313857421875 0.68064537109375 0.95957830078125 0.686493482421875 0.9689086171875 0.6878131484375 0.95017325390625 0.6944188203125 0.94234753515625 0.7013037109375 0.912269375 0.697957158203125 0.898057326171875 0.675467384765625 0.896842130859375 0.673808986328125 0.899354873046875 0.6804723359375 0.908541439453125 0.67634030078125 0.913710669921875 0.67923643359375 0.920601072265625 0.664787357421875 0.926849369140625 0.65967071875 0.924051037109375 0.660035537109375 0.916585638671875 0.65264071484375 0.900867087890625 0.640862560546875 0.910344962890625 0.636335951171875 0.90374205859375 0.62140853125 0.904893951171875 0.62051136328125 0.93317620703125 0.606399181640625 0.9341843515625 0.602153625 0.92679178125 0.603333681640625 0.919182638671875 0.5974018046875 0.9165280546875 0.59563171875 0.92794176953125 0.599062037109375 0.93547808984375 0.574042783203125 0.94136987109375 0.568250517578125 0.92758906640625 0.554391466796875 0.930032791015625 0.550173833984375 0.920414978515625 0.5352464140625 0.92156687109375 0.53243587890625 0.92946351171875 0.527347162109375 0.9244399375 0.52897947265625 0.94561521484375 0.522345880859375 0.955666177734375 0.518468810546875 0.983733763671875 0.509754322265625 0.986750578125 0.494629615234375 0.982016404296875 0.488500451171875 0.973475751953125 0.484815166015625 0.943041076171875 0.491785658203125 0.9277499609375 0.503816943359375 0.91970766796875 0.504715947265625 0.912888185546875 0.4901496796875 0.8636491328125 0.4803947421875 0.863148869140625 0.464622328125 0.84520698046875 0.452170380859375 0.865165158203125 0.438620306640625 0.864593974609375 0.419134685546875 0.81844265625 0.399708580078125 0.810766400390625 0.390149095703125 0.7946894296875 0.35989784765625 0.7637583046875 0.351462578125 0.7445226796875 0.337826904296875 0.729164451171875 0.323234548828125 0.703613416015625 0.31996992578125 0.661262859375 0.3229479921875 0.64001475390625 0.3343594921875 0.6165395 0.359404833984375 0.586959697265625 0.3623270546875 0.570162080078125 0.366150115234375 0.5680077578125 0.391199125 0.581353505859375 0.411302693359375 0.6214750078125 0.41695351953125 0.6249192578125 0.423758310546875 0.644442380859375 0.44304480859375 0.66324485546875 0.443158330078125 0.67580665625 0.42679772265625 0.683132115234375 0.423144029296875 0.693397748046875 0.437511173828125 0.7152879609375 0.448053427734375 0.717869716796875 0.4525521171875 0.7266978671875 0.462226955078125 0.776799412109375 0.470606380859375 0.800485525390625 0.473532271484375 0.826613458984375 0.48837592578125 0.832137298828125 0.498073181640625 0.8156252734375 0.52992331640625 0.80556859375 0.5327617734375 0.79544670703125 0.519520673828125 0.791860615234375 0.51181504296875 0.757694197265625 0.500989900390625 0.734439328125 0.48178166796875 0.644572794921875 0.472892310546875 0.57508996875 0.476799134765625 0.566259916015625 0.554246765625 0.55260380859375 0.55798605859375 0.55712521875 0.566760060546875 0.592583466796875 0.5766321875 0.648571080078125 0.581158796875 0.655173986328125 0.57860139453125 0.66450620703125 0.591870416015625 0.6658670546875 0.58599071484375 0.615836431640625 0.572972990234375 0.59444838671875 0.563607126953125 0.541331935546875 0.5606830703125 0.53666677734375 0.54325409375 0.54270040234375 0.531727236328125 0.53215108203125 0.52385407421875 0.511336126953125 0.520366078125 0.486787521484375 0.523710794921875 0.479536794921875 0.547914810546875 0.47378876171875 0.55207293359375 0.44493151171875 0.57950814453125 0.419370951171875 0.598511755859375 0.41750031640625 0.601828552734375 0.412474833984375 0.60981340234375 0.4243888125 0.622745525390625 0.4309898125 0.626568583984375 0.428835490234375 0.627776564453125 0.4190011015625 0.608009890625 0.373639447265625 0.602582443359375 0.352393248046875 0.59459759375 0.340479267578125 0.594033650390625 0.320595822265625 0.586949638671875 0.32332513671875 0.584139107421875 0.331221779296875 0.574103115234375 0.3315111796875 0.567413677734375 0.3460126328125 0.55512926171875 0.35261934765625 0.542759244140625 0.34443901953125 0.533227685546875 0.326136806640625 0.522516064453125 0.315443736328125 0.50921912109375 0.3163081328125 0.506689642578125 0.323415109375 0.512708953125 0.362319513671875 0.501718115234375 0.373878884765625 0.485188142578125 0.37309303125 0.48133532421875 0.3560098203125 0.484763810546875 0.34208336328125 0.477510431640625 0.3367013671875 0.469527416015625 0.3462501640625 0.473268544921875 0.37223434765625 0.470794908203125 0.37489083984375 0.461827287109375 0.376472072265625 0.454854962890625 0.370300412109375 0.45499640625 0.380636966796875 0.42483259375 0.385955662109375 0.407094638671875 0.395004197265625 0.40265362890625 0.403188333984375 0.392673482421875 0.39902725 0.37254566015625 0.404056541015625 0.36591206640625 0.41410750390625 0.358686611328125 0.406500265625 0.350281095703125 0.406502171875 0.343057474609375 0.42035770703125 0.357454376953125 0.46148544921875 0.366872416015625 0.46722586328125 0.37789117578125 0.453441248046875 0.42548580078125 0.463551705078125 0.413145541015625 0.474608908203125 0.428694578125 0.510352748046875 0.422736615234375 0.53138618359375 0.413994203125 0.536628240234375 0.415598591796875 0.560028763671875 0.411382791015625 0.5718737265625 0.40277815625 0.544526787109375 0.389732509765625 0.52536398828125 0.37705351953125 0.52019856640625 0.374157384765625 0.513308166015625 0.367017529296875 0.520487970703125 0.35453582421875 0.5212086171875 0.337328388671875 0.487977517578125 0.3353033359375 0.47649287890625 0.338166046875 0.421220197265625 0.334171787109375 0.39380043359375 0.348873994140625 0.38898771484375 0.350026130859375 0.383603814453125 0.3320277109375 0.30536566796875 0.318194748046875 0.284121373046875 0.30992701171875 0.251534283203125 0.307421783203125 0.21349046484375 0.299209888671875 0.17645288671875 0.301400638671875 0.15312328515625 0.312028490234375 0.170492087890625 0.321474451171875 0.1740072578125 0.317990123046875 0.192384203125 0.323050919921875 0.199633025390625 0.32794234765625 0.198770533203125 0.332441037109375 0.207598681640625 0.33339771875 0.21779148828125 0.3284225234375 0.225329712890625 0.322293359375 0.216789060546875 0.328312669921875 0.255693462890625 0.336269599609375 0.269832685546875 0.336943392578125 0.259352380859375 0.346782095703125 0.253176912109375 0.352289640625 0.224821830078125 0.3397781796875 0.2063049453125 0.3400294765625 0.18627775 0.3531291328125 0.179527287109375 0.37137518359375 0.1948126875 0.37759178125 0.239603158203125 0.372168001953125 0.261282509765625 0.380634861328125 0.321218443359375 0.3766424375 0.315261453125 0.368458462890625 0.275998630859375 0.369893486328125 0.291287841796875 0.3790620625 0.3385182265625 0.39089789453125 0.346052640625 0.3963514296875 0.3436108203125 0.405570349609375 0.322002390625 0.3958955078125 0.271900845703125 0.40033651953125 0.26371670703125 0.395415333984375 0.245341666015625 0.38793674609375 0.23629884765625 0.372525484375 0.167966009765625 0.381491271484375 0.144922001953125 0.3902616015625 0.13745469921875 0.405695283203125 0.139173966796875 0.413680134765625 0.1510879453125 0.427961681640625 0.15819111328125 0.4265005703125 0.166589921875 0.416661869140625 0.172765392578125 0.415453890625 0.18259978125 0.42397292578125 0.19515967578125 0.439153474609375 0.195443361328125 0.443399033203125 0.2028359296875 0.438704890625 0.209584490234375 0.44112268359375 0.21137848828125 0.44708248046875 0.211807828125 0.44944259765625 0.1965895390625 0.45877503515625 0.18754291015625 0.46855789453125 0.185817927734375 0.4850041015625 0.193279513671875 0.49341144921875 0.214740384765625 0.496955291015625 0.234838501953125 0.5052211953125 0.24596281640625 0.510308076171875 0.2295236171875 0.508592 0.2150240703125 0.5201728671875 0.19966012890625 0.504231087890625 0.17360692578125 0.471115296875 0.17648570703125 0.4457870703125 0.1853923984375 0.438280560546875 0.178574822265625 0.4410613359375 0.1514406484375 0.4492695625 0.14555267578125 0.44114326953125 0.123302140625 0.44617430859375 0.111313431640625 0.454496056640625 0.1179872578125 0.45992350390625 0.13923345703125 0.464984296875 0.146482279296875 0.47268626171875 0.137723146484375 0.47915232421875 0.141023646484375 0.4973965390625 0.134846271484375 0.494976912109375 0.111589498046875 0.5009367109375 0.112018837890625 0.505154345703125 0.121636650390625 0.52247163671875 0.124504 0.530512330078125 0.1319674921875 0.56036716796875 0.12966370703125 0.56346058984375 0.14244017578125 0.541955421875 0.149192544921875 0.545583025390625 0.1626149296875 0.53436698046875 0.1705134765625 0.5313330703125 0.196212068359375 0.540470056640625 0.2027421484375 0.5440120625 0.201377490234375 0.544263361328125 0.18135029296875 0.550279001953125 0.177329146484375 0.60307219921875 0.162099427734375 0.61707269140625 0.1699922578125 0.64836071875 0.16151490625 0.6531963046875 0.16510290234375 0.668322845703125 0.191299853515625 0.66913991796875 0.2126188828125 0.626944818359375 0.22597987109375 0.618457373046875 0.254120283203125 0.60465416796875 0.25211351953125 0.598329548828125 0.259149576171875 0.579325939453125 0.2610202109375 0.5748849296875 0.269204349609375 0.54202226953125 0.2735187109375 0.53842441796875 0.27933385546875 0.5570352890625 0.287153859375 0.5636688828125 0.277102896484375 0.573704873046875 0.276813494140625 0.584444412109375 0.2852813203125 0.609210533203125 0.27795395703125 0.6115148046875 0.267186154296875 0.623799220703125 0.260579439453125 0.631052599609375 0.265961435546875 0.636563814453125 0.280531904296875 0.641708375 0.2811049921875 0.651602919921875 0.27047903515625 0.653765748046875 0.2493746796875 0.667598708984375 0.270618974609375 0.692308986328125 0.26774209765625 0.69675183203125 0.281020734375 0.695179033203125 0.298320521484375 0.667460935546875 0.30320796875 0.6695995078125 0.32725440625 0.681435337890625 0.334788818359375 0.7012541875 0.332774435546875 0.7108974375 0.342175673828125 0.714046701171875 0.35050165625 0.712501826171875 0.365576197265625 0.70311354296875 0.3790733125 0.7112956796875 0.396873359375 0.7097508046875 0.411947900390625 0.705843978515625 0.420777955078125 0.693838779296875 0.40513223046875 0.69434687890625 0.429466166015625 0.70312087890625 0.464924416015625 0.710880521484375 0.4731775703125 0.724936857421875 0.4766199140625 0.73635202734375 0.4960702109375 0.729437380859375 0.506910837890625 0.71990765234375 0.510071400390625 0.693228166015625 0.4970131484375 0.6903617890625 0.509360279296875 0.671190646484375 0.524582376953125 0.658455810546875 0.5238674453125 0.648531509765625 0.51525587109375 0.642262734375 0.517841439453125 0.6423762578125 0.53040323828125 0.65055839453125 0.54820328515625 0.65359597265625 0.5654302421875 0.65163043359375 0.59242066796875 0.63855869921875 0.59694588671875 0.626441814453125 0.590201138671875 0.620651380859375 0.597883111328125 0.64151251171875 0.620848578125 0.649752328125 0.655660912109375 0.653828517578125 0.65494216796875 0.65239349609375 0.639652958984375 0.666053423828125 0.609860390625 0.697341451171875 0.601383041015625 0.712214859375 0.62614441015625 0.725880291015625 0.66074016796875 0.72276078125 0.67165171875 0.7321508984375 0.679617376953125 0.741792314453125 0.66755583984375 0.77934911328125 0.656492919921875 0.77650882421875 0.64515203125 0.76248041015625 0.639484443359375 0.759893251953125 0.629579134765625 0.7621137578125 0.6254870625 0.77577551953125 0.6171572734375 0.78193260546875 0.6234726796875 0.79171546484375 0.621747697265625 0.80079660546875 0.632728263671875 0.800770517578125 0.656416283203125 0.807659076171875 0.66926367578125 0.808697689453125 0.651317974609375 0.81786259765625 0.655622810546875 0.822247763671875 0.65188916015625 0.824862845703125 0.6595692265625 0.815530404296875 0.668615853515625 0.81789235546875 0.674860341796875 0.82331796875 0.674643765625 0.822727939453125 0.678448337890625 0.813732396484375 0.682254814453125 0.820481345703125 0.706228427734375 0.8234928359375 0.747143404296875 0.828948205078125 0.766164361328125 0.837915826171875 0.764583126953125 0.845448423828125 0.747712681640625 0.84567180078125 0.72991073046875 0.856493271484375 0.710240048828125 0.836614912109375 0.673779369140625 0.83023078125 0.642340361328125 0.82010919140625 0.627842720703125 0.817577876953125 0.613486923828125 0.8226089140625 0.6014982109375 0.839728916015625 0.598479494140625 0.850974720703125 0.609818478515625 0.852688962890625 0.60285525 0.846952541015625 0.58462395703125 0.836129232421875 0.582831865234375 0.83244578515625 0.573859966796875 0.82651390625 0.5712053828125 0.819148841796875 0.57472436328125 0.824209634765625 0.58197318359375 0.8116162421875 0.591594806640625 0.788592287109375 0.589733697265625 0.78547094140625 0.579182470703125 0.778161720703125 0.578250962890625 0.775602484375 0.56612041015625 0.772369453125 0.56447016015625 0.764470203125 0.567343224609375 0.76978412890625 0.576027625 0.76486477734375 0.579115359375 0.758342873046875 0.58026534765625 0.7481654375 0.5702181953125 0.7529731015625 0.57603143359375 0.75207409765625 0.582850916015625 0.74423069140625 0.5812734921875 0.740070734375 0.588667966796875 0.74130846875 0.598071109375 0.7285177890625 0.601806666015625 0.718364611328125 0.546608716796875 0.73388205859375 0.54165225 0.74166962109375 0.547680162109375 0.747994240234375 0.54064410546875 0.750354353515625 0.52542581640625 0.764916953125 0.5317393203125 0.767980619140625 0.525278259765625 0.7750087890625 0.5269994296875 0.778353505859375 0.519748705078125 0.763228798828125 0.515014529296875 0.7591507734375 0.49427049609375 0.7466132265625 0.4994416328125 0.742620798828125 0.493484642578125 0.770928927734375 0.48479262109375 0.77466822265625 0.48931403125 0.7702272109375 0.497498169921875 0.7753438515625 0.50029650390625 0.780767630859375 0.47861715234375 0.79625715625 0.475885931640625 0.804240171875 0.466337134765625 0.79102516015625 0.4390630234375 0.792316908203125 0.42255290234375 0.805049908203125 0.40180505859375 0.814073373046875 0.395773337890625 0.823601265625 0.37115 0.81505430859375 0.360815349609375 0.81224194140625 0.347249216796875 0.8308788984375 0.33138119921875 0.829106978515625 0.321332142578125 0.8071216328125 0.30152533203125 0.805630767578125 0.290686609375 0.8203050546875 0.28809913671875 0.828289904296875 0.300013115234375 0.841839978515625 0.30058430078125 0.84420009375 0.285366009765625 0.860560701171875 0.278040552734375 0.860305736328125 0.255142197265625 0.854708921875 0.225784685546875 0.86769872265625 0.24939797265625 0.86910582421875 0.266912427734375 0.879873287109375 0.2731550078125 0.884144931640625 0.25685955859375 0.883299935546875 0.237765775390625 0.890214583984375 0.226925146484375 0.924454587890625 0.220887708984375 0.93238359375 0.237252177734375 0.941827720703125 0.219304572265625 0.9575005 0.215229029296875 0.952282541015625 0.185636509765625 0.932435771484375 0.189876138671875 0.931564689453125 0.194470375 0.93912704296875 0.196837462890625 0.940562064453125 0.212126673828125 0.931425078125 0.20559659375 0.92363568359375 0.178105908203125 0.91346008203125 0.18952153125 0.913095263671875 0.19698692578125 0.918409189453125 0.205671326171875 0.90913259375 0.210267466796875 0.901540484375 0.188662849609375 0.894540236328125 0.18471643359375 0.8969021875 0.190960919921875 0.89254494140625 0.192469328125 0.88644369921875 0.1817034296875 0.878797580078125 0.186012076171875 0.883858375 0.193260896484375 0.876184333984375 0.19979478515625 0.85768698828125 0.204536578125 0.8501525546875 0.199944248046875 0.840313853515625 0.20611971875 0.810231970703125 0.18329990625 0.793420943359375 0.18330371484375 0.782175142578125 0.17196473046875 0.7772837109375 0.172827220703125 0.778240392578125 0.18302002734375 0.763004 0.187186830078125 0.751732107421875 0.19953586328125 0.735792162109375 0.1949454375 0.726429966796875 0.184754537109375 0.7214826953125 0.190067515625 0.716928162109375 0.185689853515625 0.715746271484375 0.17183622265625 0.720328724609375 0.173988638671875 0.725303919921875 0.16645041796875 0.722798693359375 0.128406599609375 0.729207078125 0.114694810546875 0.7692654375 0.098750158203125 0.80966252734375 0.099028130859375 0.818377015625 0.096011318359375 0.82450434765625 0.0830891953125 0.838953423828125 0.076840896484375 0.833217001953125 0.05860960546875 0.825457359375 0.05035644921875 0.809461572265625 0.05021651171875 0.804681830078125 0.04217802734375 0.782473111328125 0.04017316796875 0.717254056640625 0.051673046875 0.71160323046875 0.048228798828125 0.708286435546875 0.05325428125 0.6821988125 0.057854232421875 0.66870458203125 0.0528325625 0.641801720703125 0.05757626171875 0.640087478515625 0.064539490234375 0.649449673828125 0.074730392578125 0.658841625 0.104158826171875 0.6669381640625 0.107171828125 0.657157138671875 0.130359587890625 0.63067494140625 0.12318740234375 0.618500376953125 0.0994303671875 0.6037404921875 0.087230796875 0.598566173828125 0.06742017578125 0.58993544921875 0.063761255859375 0.51524251171875 0.0739712109375 0.49098265234375 0.084169732421875 0.454661751953125 0.083173017578125 0.397595078125 0.093235412109375 0.39503767578125 0.1025676328125 0.386688005859375 0.098119052734375 0.376596171875 0.10285894140625 0.352250712890625 0.098270419921875 0.311686091796875 0.1113439140625 0.306344244140625 0.104884755859375 0.303280576171875 0.111345818359375 0.29492907421875 0.085434458984375 0.29520829296875 0.063182021484375 0.290398794921875 0.03590600390625 0.294502908203125 0.032962017578125 0.30040686328125 0.037841845703125 0.30838987890625 0.028293048828125 0.307454337890625 0.026237689453125 0.265010896484375 0.03372161328125 0.264929123046875 0.034476138671875 0.27269059765625 0.064192068359375 0.27452203125 0.11271619140625 0.28386180859375 0.1895206640625 0.281585458984375 0.198063220703125 0.26418440234375 0.201871603515625 0.26691300390625 0.222113470703125 0.277596701171875 0.235031783203125 0.273915083984375 0.24752266015625 0.279454220703125 0.259867884765625 0.286541900390625 0.30006412109375 0.28482766015625 0.30702734765625 0.27892187109375 0.280684744140625 0.27085325390625 0.275446498046875 0.274652060546875 0.318442970703125 0.285363677734375 0.3291360390625 0.2856149765625 0.309108845703125 0.289776765625 0.32317714453125 0.289300259765625 0.339543517578125 0.28727704296875 0.349521654296875 0.27774731640625 0.352682216796875 0.27139477734375 0.361943515625 0.27198847265625 0.40106449609375 0.25672415625 0.4074565390625 0.26029591796875 0.4253294140625 0.262600189453125 0.414561611328125 0.270415673828125 0.418364279296875 0.278826689453125 0.482750701171875 0.284055017578125 0.476648056640625 0.284334236328125 0.454395619140625 0.275925052734375 0.411471970703125 0.2824469609375 0.410321984375 0.288522115234375 0.444775900390625 0.2988409921875 0.465159609375 0.3044657265625 0.492291876953125 0.283355134765625 0.510816380859375 0.306695404296875 0.595513685546875 0.304674021484375 0.62695459765625 0.30965105078125 0.640879150390625 0.3102429140625 0.658537353515625 0.30698562890625 0.7020378984375 0.31390577734375 0.75558559765625 0.32461923046875 0.78774144140625 0.327686564453125 0.8242059296875 0.32321946484375 0.85607808984375 0.325108576171875 0.9216145 0.283475583984375 0.93339616015625 0.280019177734375 0.949547861328125 0.291183048828125 0.989025353515625 0.293430626953125 1 0.543744328125 1
0 0.285601927734375 1 0.268293197265625 0.911649697265625 0.262556775390625 0.893418404296875 0.2520703671875 0.88638616015625 0.2489769453125 0.873609689453125 0.2555249375 0.84877168359375 0.24739864453125 0.8265211484375 0.243095408203125 0.802116291015625 0.235365525390625 0.813100666015625 0.2244845390625 0.794296287109375 0.20950127734375 0.79989866796875 0.204946744140625 0.795521005859375 0.208291462890625 0.78827028125 0.225917728515625 0.78812272265625 0.23803278125 0.7734046953125 0.22371964453125 0.725601220703125 0.198585033203125 0.697468427734375 0.193719693359375 0.6746428984375 0.193943068359375 0.656840947265625 0.201475666015625 0.63997050390625 0.21345110546875 0.636378697265625 0.223684384765625 0.641975361328125 0.22672012890625 0.637739544921875 0.220140544921875 0.62187724609375 0.208362390625 0.631355119140625 0.196723845703125 0.629706775390625 0.205577943359375 0.6155637421875 0.21755338671875 0.611971935546875 0.215217525390625 0.582039427734375 0.2126303671875 0.5721341171875 0.20537698828125 0.566752123046875 0.1851933203125 0.576231904296875 0.17957041796875 0.57056241015625 0.185922958984375 0.561301111328125 0.202283568359375 0.553975654296875 0.201859236328125 0.522965986328125 0.210800767578125 0.545072771484375 0.222016814453125 0.5371742265625 0.232586990234375 0.53753073828125 0.23295364453125 0.551528119140625 0.223621203125 0.560574748046875 0.2174082734375 0.558709828125 0.216200294921875 0.568544216796875 0.226774138671875 0.61182628125 0.234362578125 0.590505349609375 0.233573427734375 0.566961078125 0.236609171875 0.56272526171875 0.2427941796875 0.566815423828125 0.24048991015625 0.577583224609375 0.244119349609375 0.61246838671875 0.2388910234375 0.61857103125 0.228039794921875 0.6190041796875 0.227338078125 0.631709728515625 0.24822896484375 0.6739127265625 0.247387638671875 0.697744494140625 0.24103693359375 0.7284685703125 0.248180458984375 0.76421431640625 0.25619323046875 0.773903052734375 0.262908755859375 0.735713580078125 0.29138625 0.73513287109375 0.296837951171875 0.71122827734375 0.291522189453125 0.681081099609375 0.277041521484375 0.64662908984375 0.2773207421875 0.624376650390625 0.286400046875 0.61389444140625 0.28431915234375 0.6068602890625 0.29159678515625 0.5670914921875 0.277056603515625 0.49416441796875 0.258108837890625 0.491584564453125 0.252681390625 0.470338365234375 0.254140666015625 0.44047678125 0.249895111328125 0.4330842109375 0.23628919140625 0.436963515625 0.228866447265625 0.42347020703125 0.228698916015625 0.436821671875 0.222458064453125 0.43718199609375 0.220686142578125 0.4271329375 0.228950212890625 0.4167944765625 0.224982041015625 0.36568669140625 0.22779257421875 0.357790048828125 0.22652691796875 0.350612150390625 0.220088779296875 0.34508640625 0.214158736328125 0.363894599609375 0.19914755078125 0.371722224609375 0.1998790234375 0.37825420703125 0.21146172265625 0.3843530390625 0.2123625625 0.398996333984375 0.21607393359375 0.40574298828125 0.20772609765625 0.4227571796875 0.198758478515625 0.4243384140625 0.1924059375 0.43359971484375 0.19898735546875 0.4709247890625 0.191231384765625 0.50559718359375 0.1755724921875 0.50021709375 0.16339609375 0.454997283203125 0.166206626953125 0.447100642578125 0.16018731640625 0.40819623828125 0.166342568359375 0.39304887109375 0.17474808203125 0.39304696484375 0.18003225390625 0.382493833984375 0.17238246484375 0.343876927734375 0.176568509765625 0.31279443359375 0.18666034375 0.308054544921875 0.197653015625 0.31795794921875 0.201476076171875 0.315803626953125 0.203752423828125 0.3072610703125 0.2010238203125 0.287019205078125 0.205971095703125 0.281706224609375 0.200910298828125 0.274457404296875 0.22174167578125 0.27818533984375 0.225929552734375 0.268565623046875 0.236864546875 0.261456740234375 0.2378994921875 0.20058548828125 0.220554279296875 0.199943380859375 0.21304776953125 0.193125806640625 0.21371973046875 0.161182728515625 0.234437583984375 0.15234886328125 0.22855971484375 0.123781015625 0.220800076171875 0.115527859375 0.195836666015625 0.116969154296875 0.16401262109375 0.103337814453125 0.055276962890625 0.125471271484375 0 0.1307857421875 0 0.543744337890625 0.011244919921875 0.607517447265625 0.02270778515625 0.6034022734375 0.0216430859375 0.6450359921875 0.04140608984375 0.64747209765625 0.072132009765625 0.64057407421875 0.1111238359375 0.6448003671875 0.08332196875 0.656363546875 0.022178111328125 0.6695226484375 0.047413701171875 0.81264079296875 0.04988212109375 0.814721908203125 0.073017765625 0.80768204296875 0.08319519921875 0.8177291953125 0.09477606640625 0.80236525390625 0.099611650390625 0.80595325 0.103743685546875 0.80078401953125 0.114848044921875 0.80178644921875 0.122858982421875 0.790012408203125 0.135087556640625 0.7878561796875 0.14439391015625 0.8024975703125 0.15195626171875 0.804864658203125 0.1529687890625 0.810606978515625 0.148274646484375 0.817355537109375 0.151198701171875 0.8220206953125 0.1715238125 0.822877470703125 0.16800789453125 0.800554109375 0.1722236953125 0.788709146484375 0.1899058046875 0.784111099609375 0.19836899609375 0.801121482421875 0.192271421875 0.833281138671875 0.202113791015625 0.87003121875 0.20447757421875 0.89773848046875 0.20172471875 0.922647408203125 0.196073896484375 0.91920316015625 0.194529017578125 0.934277701171875 0.183903 0.938371677734375 0.1949794375 0.941599349609375 0.20082755078125 0.9509296640625 0.211790466796875 0.9415955390625 0.219324896484375 0.94618787109375 0.229725705078125 0.938433072265625 0.212793818359375 0.84002398046875 0.22954716796875 0.8230078828125 0.242339681640625 0.840735103515625 0.247178935546875 0.887248650390625 0.246337611328125 0.91108041796875 0.253590990234375 0.9164624140625 0.2623054765625 0.9134456015625 0.269588611328125 0.938065126953125 0.26762123828125 0.94359277734375 0.252693818359375 0.944744671875 0.17803063671875 0.974192154296875 0.151745724609375 0.972906037109375 0.14775330078125 0.966949048828125 0.14721728125 0.944840359375 0.141341248046875 0.93773528515625 0.14688221875 0.97154328515625 0.14409960546875 0.97721468359375 0.138167728515625 0.974560099609375 0.133162779296875 0.9628607890625 0.133529431640625 0.976858169921875 0.12830110546875 0.9829608125 0.079735462890625 0.99594661328125 0.08045018359375 1 0.285601927734375 1
0 1 0.456255666015625 0.968097451171875 0.275327322265625 0.903656638671875 0.279322857421875 0.8758826953125 0.288660794921875 0.859942751953125 0.2840703671875 0.857694322265625 0.290387681640625 0.847658333984375 0.29067708203125 0.84127787109375 0.302163626953125 0.834755966796875 0.303313615234375 0.841897658203125 0.3175965859375 0.840183416015625 0.32455981640625 0.81788909375 0.3077679140625 0.816962169921875 0.31681263671875 0.82860071484375 0.318460982421875 0.830711365234375 0.344732666015625 0.824835333984375 0.337627591796875 0.82489301171875 0.354639880859375 0.818652158203125 0.355000203125 0.812750037109375 0.37158315234375 0.809997181640625 0.396492080078125 0.7991198671875 0.42061325 0.7939473828125 0.42226540625 0.797293935546875 0.436477455078125 0.793106056640625 0.446097171875 0.798756880859375 0.449541421875 0.80213135546875 0.461528228515625 0.806235466796875 0.458584240234375 0.807247994140625 0.464326560546875 0.803032193359375 0.4761715234375 0.7945708359375 0.480623916015625 0.794937490234375 0.494621294921875 0.7877976328125 0.501801099609375 0.7941240859375 0.5162278203125 0.802388154296875 0.505889357421875 0.81059821484375 0.521464162109375 0.79474387109375 0.53166077734375 0.798652529296875 0.544293498046875 0.80407814453125 0.544076923828125 0.80776159375 0.553048822265625 0.7935656484375 0.56073269921875 0.79398814453125 0.57027958984375 0.805515 0.58082891015625 0.81476183984375 0.55699523828125 0.820526185546875 0.57300128515625 0.8244646015625 0.6048715390625 0.841500837890625 0.608528552734375 0.8562328046875 0.622953365234375 0.857667826171875 0.638242578125 0.846479701171875 0.64391587890625 0.848843484375 0.671623142578125 0.853960123046875 0.6744214765625 0.85620855078125 0.668104162109375 0.88429146875 0.65575131640625 0.929129568359375 0.647845150390625 0.94186623828125 0.670022857421875 0.94363816015625 0.680071916015625 0.9380729375 0.691414712890625 0.94876030078125 0.747258576171875 0.9560695234375 0.748190083984375 0.9575585546875 0.73756603125 0.963827328125 0.73498046484375 0.969225021484375 0.7369891328125 0.975579396484375 0.749190607421875 0.986458544921875 0.746532212890625 1 0.730003314453125 1 0.456255666015625
0 0.87834166015625 0.1143021015625 0.878933521484375 0.1319603046875 0.891134173828125 0.132029322265625 0.895941837890625 0.137842560546875 0.889533451171875 0.151554349609375 0.881127939453125 0.15155625390625 0.8780363515625 0.160242560546875 0.881327060546875 0.17890509765625 0.886218490234375 0.178042607421875 0.88402590625 0.17990943359375 0.889002935546875 0.193833986328125 0.88619240234375 0.201730626953125 0.893164728515625 0.20790228515625 0.89386827734375 0.21665951171875 0.9037088125 0.2319468203125 0.932411517578125 0.23502693359375 0.934125759765625 0.228063705078125 0.942025009765625 0.225190640625 0.94351404296875 0.2145665859375 0.955377796875 0.2198757578125 0.95773277734375 0.21654633984375 0.934265537109375 0.083457005859375 0.93349496875 0.083854091796875 0.93400378515625 0.081972537109375 0.931135732421875 0.065707001953125 0.896863259765625 0.06440951171875 0.897004703125 0.07474606640625 0.888487501953125 0.083648947265625 0.882585380859375 0.10023189453125 0.883288931640625 0.108989123046875 0.87834166015625 0.1143021015625
0 0 0.11766919140625 0.003859279296875 0.117515138671875 0.02412487890625 0.0798968515625 0.022750921875 0.07643858203125 0 0.08045018359375 0 0.11766919140625
0 0.543744333984375 1 0.544741494140625 0.999824173828125 0.544586189453125 0.99837134375 0.564714013671875 0.993342052734375 0.572724953125 0.98156801171875 0.590716037109375 0.973955056640625 0.607977482421875 0.98127289453125 0.612785146484375 0.987086134765625 0.61294876953125 0.987797390625 0.631006455078125 0.984613333984375 0.62785033984375 0.95334524609375 0.634286646484375 0.93740821484375 0.631137380859375 0.929082232421875 0.63341373046875 0.92053967578125 0.64260839453125 0.944082041015625 0.650142826171875 0.948674373046875 0.65615846875 0.9446532265625 0.663244314453125 0.96338668359375 0.68016886328125 0.975944673828125 0.68669076953125 0.974794685546875 0.68922025 0.96768770703125 0.689134650390625 0.952900666015625 0.696246583984375 0.947946103515625 0.70032094140625 0.925764587890625 0.695232224609375 0.920741009765625 0.694500751953125 0.91420902734375 0.717271578125 0.91463455859375 0.72871466796875 0.931859611328125 0.731834177734375 0.920948060546875 0.736416630859375 0.9231004765625 0.7392271640625 0.9152038359375 0.754098740234375 0.9185024296875 0.765145421875 0.902492572265625 0.762781638671875 0.87478530859375 0.767700990234375 0.871697576171875 0.77975836328125 0.839967259765625 0.785606474609375 0.849297578125 0.788472853515625 0.83695044921875 0.797159419921875 0.836158876953125 0.809250216796875 0.866591646484375 0.81166984375 0.889848419921875 0.823535431640625 0.91662036328125 0.8307311328125 0.904990072265625 0.839951884765625 0.90484441796875 0.841104017578125 0.899460517578125 0.836577408203125 0.89285761328125 0.841749892578125 0.891205458984375 0.84264889453125 0.8843859765625 0.8389933671875 0.8731888359375 0.836994404296875 0.838016177734375 0.84225065234375 0.829688291015625 0.829035640625 0.8024141796875 0.821132720703125 0.762361693359375 0.822846962890625 0.75539846484375 0.82577101953125 0.76006362109375 0.832492046875 0.786262478515625 0.83991112109375 0.756830234375 0.846769923828125 0.750440095703125 0.84373234765625 0.733213134765625 0.8399930546875 0.7286917265625 0.837379806640625 0.7424744375 0.82439183984375 0.740323923828125 0.82259383203125 0.753962884765625 0.817560958984375 0.7444888203125 0.80676557421875 0.740471482421875 0.77027714453125 0.752826232421875 0.767889107421875 0.770269763671875 0.762969755859375 0.7733575 0.7359515390625 0.744076625 0.731765494140625 0.775159119140625 0.732133982421875 0.8106192734375 0.73998105859375 0.855122248046875 0.74734795703125 0.87306604296875 0.742119630859375 0.879168685546875 0.72483026171875 0.87407609375 0.726684115234375 0.85598664453125 0.7153527109375 0.8298606171875 0.71161158203125 0.8038764296875 0.697384046875 0.77086 0.691759310546875 0.743727732421875 0.685377013671875 0.7337515 0.659289392578125 0.738351451171875 0.655691541015625 0.74416659765625 0.660106462890625 0.75967048046875 0.684425833984375 0.78794701953125 0.70087937890625 0.88125970703125 0.7001776640625 0.893965255859375 0.66461615625 0.89727528125 0.664083806640625 0.918092140625 0.65401805859375 0.89914401171875 0.62680622265625 0.90690262109375 0.618709685546875 0.9038896171875 0.573562609375 0.91481069140625 0.54753083203125 0.91496015625 0.53117022265625 0.92228561328125 0.52661569140625 0.917907953125 0.5231276953125 0.893359345703125 0.516970607421875 0.887043939453125 0.5135961328125 0.875057134765625 0.51694451953125 0.910731958984375 0.52613918359375 0.934274326171875 0.523667380859375 0.95839358984375 0.528502966796875 0.961981587890625 0.53317101953125 0.978921046875 0.52302334375 0.988111423828125 0.526453662109375 0.995647744140625 0.530838828125 0.991914091796875 0.536641646484375 1 0.543744333984375 1