1 0.4462890625 0.8603515625 0.216796875 0.173828125
1 0.375 0.404296875 0.119140625 0.130859375
1 0.2275390625 0.720703125 0.09765625 0.12890625
1 0.9365234375 0.7607421875 0.126953125 0.142578125
1 0.2861328125 0.1162109375 0.0859375 0.08984375
1 0.2587890625 0.3037109375 0.10546875 0.09375
1 0.46484375 0.564453125 0.111328125 0.16796875
1 0.4853515625 0.666015625 0.07421875 0.130859375
1 0.4716796875 0.1689453125 0.052734375 0.08984375
1 0.345703125 0.1416015625 0.068359375 0.060546875
0 0.55999624609375 0 0.565549791015625 0.058983865234375 0.570575607421875 0.075719505859375 0.57590315234375 0.184989048828125 0.574096509765625 0.19223499609375 0.5782558828125 0.20760730078125 0.57097865625 0.213811865234375 0.571895759765625 0.2379544296875 0.576041349609375 0.2255611953125 0.58588102734375 0.2284329453125 0.57950712109375 0.231014537109375 0.578801970703125 0.237471501953125 0.590139486328125 0.2452222421875 0.59831071875 0.295912087890625 0.6121738046875 0.31772545703125 0.61819048046875 0.348631041015625 0.613736083984375 0.37314921484375 0.61331664453125 0.400233083984375 0.62574633984375 0.4677122265625 0.64311207421875 0.48999262890625 0.681691875 0.51790921484375 0.684464046875 0.51344359375 0.681864716796875 0.509353587890625 0.681714970703125 0.4851573671875 0.677060169921875 0.462700091796875 0.681489234375 0.426792302734375 0.679307109375 0.35147696484375 0.6778092734375 0.34659797265625 0.6676607890625 0.355851162109375 0.65451663671875 0.355346369140625 0.6492811015625 0.3521526640625 0.64425528515625 0.335417025390625 0.642868083984375 0.31557910546875 0.65071449609375 0.306486892578125 0.651258349609375 0.29220962890625 0.65093576171875 0.27656903125 0.644077974609375 0.255689728515625 0.65159025 0.24733283984375 0.652963669921875 0.239405224609375 0.649596984375 0.235368876953125 0.638356322265625 0.18489366796875 0.6353491015625 0.191511607421875 0.6205711484375 0.18969713671875 0.607314125 0.16000980859375 0.603200943359375 0.0791338125 0.59370694921875 0.059150810546875 0.584139201171875 0.0491404296875 0.574709966796875 0 0.55999624609375 0
0 0.64517120703125 0 0.646219123046875 0.01062522265625 0.643175025390625 0.02222947265625 0.631231451171875 0.0223526875 0.630526302734375 0.028809650390625 0.632383603515625 0.0443429296875 0.641642546875 0.066478251953125 0.651606640625 0.082156609375 0.666979109375 0.092473046875 0.68009793359375 0.081588228515625 0.687301404296875 0.08535628125 0.6898154296875 0.11579483203125 0.69314523828125 0.12481748828125 0.716437875 0.11606909375 0.723072158203125 0.122724794921875 0.733729853515625 0.148322115234375 0.737197859375 0.19791691796875 0.75097340625 0.201937369140625 0.766308998046875 0.217240115234375 0.77336495703125 0.240953408203125 0.77205374609375 0.255284330078125 0.78044624609375 0.27605631640625 0.7773790546875 0.320412412109375 0.770733220703125 0.330132634765625 0.7588265234375 0.3252695390625 0.754902201171875 0.307744916015625 0.747203298828125 0.296891890625 0.738462880859375 0.24908969140625 0.71958776171875 0.23830622265625 0.7115547265625 0.2281885234375 0.708236466796875 0.202789943359375 0.712011044921875 0.19611834375 0.71671426953125 0.197213384765625 0.716652064453125 0.19081008203125 0.698074201171875 0.184277595703125 0.688506451171875 0.174267212890625 0.69011715625 0.20832873828125 0.69593566015625 0.236400330078125 0.70422907421875 0.25575532421875 0.6975832421875 0.265475544921875 0.6814318671875 0.27158869140625 0.693066640625 0.283590416015625 0.695988556640625 0.303321021484375 0.695767287109375 0.33323887890625 0.685816978515625 0.34532605859375 0.6891628046875 0.42625571484375 0.70889281640625 0.454778443359375 0.71122021875 0.466007080078125 0.707805107421875 0.483332966796875 0.712570544921875 0.4908313125 0.72514551171875 0.49422375390625 0.730233537109375 0.517362697265625 0.7342684921875 0.519928392578125 0.72840380078125 0.5573604921875 0.7318464765625 0.595565681640625 0.759213181640625 0.6285381328125 0.778867205078125 0.622892021484375 0.797334431640625 0.644383435546875 0.800514494140625 0.629209873046875 0.79835993359375 0.609425609375 0.779272861328125 0.56804261328125 0.77766215625 0.533981087890625 0.791857142578125 0.510917669921875 0.819283822265625 0.50615196484375 0.834743828125 0.534261318359375 0.838234931640625 0.551104275390625 0.8373200625 0.571103171875 0.8176429453125 0.6095011328125 0.816778736328125 0.6522792578125 0.825244994140625 0.663078625 0.85560513671875 0.661667599609375 0.861817748046875 0.651265708984375 0.869689490234375 0.653563109375 0.881471771484375 0.645619595703125 0.890804470703125 0.657782298828125 0.91612725 0.65601155859375 0.919938705078125 0.644353650390625 0.983654662109375 0.65128958203125 1 0.6481454453125 1 0.482539607421875 0.998872431640625 0.466414626953125 0.8612765 0.472601201171875 0.87109084765625 0.464083337890625 0.916166736328125 0.458083478515625 0.9332214296875 0.448347359375 0.94733111328125 0.451632482421875 0.9829014609375 0.442025546875 0.986676037109375 0.435353947265625 0.98464589453125 0.428376294921875 0.967217951171875 0.399692587890625 0.97079435546875 0.390187001953125 0.987800626953125 0.401813115234375 0.994383318359375 0.402217333984375 0.96625754296875 0 0.64517120703125 0
0 1 0.886517845703125 0.968641287109375 0.88871066015625 0.96771487109375 0.925085484375 0.963543951171875 0.926089103515625 0.9608824140625 0.91559579296875 0.9626752734375 0.880584306640625 0.848585681640625 0.8700512265625 0.843573650390625 0.881081126953125 0.84838043359375 0.971876083984375 0.850070109375 0.976741662109375 1 0.96625754296875 1 0.886517845703125
0 0.7707231640625 0.86481648046875 0.748267169921875 0.77525567578125 0.73727533984375 0.750393681640625 0.727693806640625 0.712617763671875 0.720338357421875 0.64051202734375 0.708021533203125 0.602215416015625 0.696253033203125 0.63792446484375 0.685065267578125 0.6543699453125 0.672109970703125 0.717216525390625 0.66513000390625 0.72767207421875 0.656020806640625 0.729732974609375 0.6502045390625 0.745802841796875 0.644733953125 0.744761458984375 0.633583064453125 0.756220630859375 0.6270638828125 0.822888921875 0.622088728515625 0.828932509765625 0.610281115234375 0.82548641015625 0.595848845703125 0.806560689453125 0.592111146484375 0.808245978515625 0.5849583359375 0.82725715234375 0.57024258984375 0.831845984375 0.573906533203125 0.840133314453125 0.576086423828125 0.87130719140625 0.5803564296875 0.87172056640625 0.58340052734375 0.86011631640625 0.590405826171875 0.8610503828125 0.59079062109375 0.883094283203125 0.60673227734375 0.890523072265625 0.6090850078125 0.91314132421875 0.574987166015625 0.916237638671875 0.57621307421875 0.92825526171875 0.58011206640625 0.9343902734375 0.59565737890625 0.936151083984375 0.602291662109375 0.94280678515625 0.617270025390625 0.99159670703125 0.663081662109375 0.98981716796875 0.84188873046875 0.977313759765625 0.843578119140625 0.969364048828125 0.83953869140625 0.878515431640625 0.835639701171875 0.872380421875 0.82623324609375 0.87019033984375 0.7900683828125 0.87129530859375 0.7707231640625 0.86481648046875
0 0.5174603828125 1 0.57669919140625 0.995857619140625 0.579038140625 0.99071033203125 0.56148578125 0.94922001953125 0.560024822265625 0.93935471875 0.565668248046875 0.931840474609375 0.562610369140625 0.9156791875 0.54756048828125 0.921003345703125 0.47763191796875 0.9244693046875 0.46651790625 0.9309421640625 0.4490415390625 0.923620693359375 0.432556029296875 0.930469162109375 0.41287667578125 0.924725662109375 0.401490736328125 0.93833715234375 0.392058951171875 0.92475745703125 0.3590626015625 0.92706478515625 0.35612913671875 0.92371010546875 0.353453818359375 0.8854512578125 0.34822983203125 0.86588162890625 0.34486091015625 0.817703822265625 0.346616890625 0.78767864453125 0.3327422578125 0.78224119921875 0.326677158203125 0.772697849609375 0.324040951171875 0.77359415234375 0.3250686875 0.782777787109375 0.32113281640625 0.7816290859375 0.316888140625 0.792605328125 0.317286720703125 0.842414765625 0.321718021484375 0.850648439453125 0.319837623046875 0.867867005859375 0.31562982421875 0.8738569375 0.321224826171875 0.8877049296875 0.316175916015625 0.903721138671875 0.32380105859375 0.924546783203125 0.306412228515625 0.935018228515625 0.302810494140625 0.933134201171875 0.302315064453125 0.92604923046875 0.309269701171875 0.90420406640625 0.3039950546875 0.8618552109375 0.3081775234375 0.844475666015625 0.30265627734375 0.820655056640625 0.30933898828125 0.8059485234375 0.30875601953125 0.781070634765625 0.303582693359375 0.784280234375 0.30098336328125 0.780190228515625 0.29857066015625 0.795310134765625 0.293929640625 0.800618396484375 0.274075208984375 0.75928905859375 0.257790107421875 0.81311298046875 0.252554572265625 0.80991927734375 0.249757072265625 0.80299528125 0.250697271484375 0.79438599609375 0.23919846484375 0.77881495703125 0.204370142578125 0.77697862109375 0.190954060546875 0.78361245703125 0.18102684765625 0.7629477890625 0.17445476953125 0.762695392578125 0.171892318359375 0.75361907421875 0.16028287890625 0.753006962890625 0.159874986328125 0.76371491015625 0.156669595703125 0.767498859375 0.13795576953125 0.7645356875 0.127374068359375 0.773107208984375 0.125394583984375 0.788908783203125 0.129381115234375 0.812836712890625 0.147749255859375 0.8329111328125 0.149235544921875 0.854166048828125 0.157639595703125 0.858562111328125 0.180130232421875 0.898995146484375 0.18401767578125 0.921506080078125 0.17362259765625 0.949287515625 0.17481162890625 0.96629144921875 0.19038226953125 0.979441875 0.194902796875 1 0.245375001953125 1 0.244221671875 0.98849236328125 0.246175826171875 0.961301177734375 0.24327923828125 0.9529601875 0.246385544921875 0.9477592421875 0.256559357421875 0.949895666015625 0.263638412109375 0.940857111328125 0.28038653515625 0.98738739453125 0.290400423828125 1 0.5174603828125 1
0 0 0.51746039453125 0.020391095703125 0.80906665234375 0.031505107421875 0.802593791015625 0.02954871875 0.785643517578125 0.0222461640625 0.78045846875 0.03019166015625 0.772783251953125 0.0298321953125 0.762128962890625 0.039399943359375 0.772139345703125 0.042838150390625 0.722061611328125 0.0504241796875 0.70373210546875 0.125922421875 0.7027245234375 0.131888435546875 0.71085087890625 0.137160849609375 0.709058271484375 0.141022962890625 0.720179591796875 0.151097689453125 0.72089901953125 0.156531396484375 0.72692671484375 0.157324083984375 0.73826266796875 0.149242623046875 0.749507203125 0.164020576171875 0.751321673828125 0.168749134765625 0.763806330078125 0.17795741796875 0.763162423828125 0.186234814453125 0.710610416015625 0.19271935546875 0.693069896484375 0.189599267578125 0.670505302734375 0.179400125 0.656979265625 0.17967205078125 0.649840634765625 0.188520869140625 0.63854244140625 0.198496509765625 0.637844876953125 0.207877634765625 0.62864534375 0.2210217890625 0.629150138671875 0.22435159765625 0.638172796875 0.209624302734375 0.6591375546875 0.208177126953125 0.6770377890625 0.25528316015625 0.678015583984375 0.25938032421875 0.686984583984375 0.258205076171875 0.6977461875 0.272116587890625 0.69819732421875 0.270171748046875 0.664871126953125 0.276877552734375 0.61741274609375 0.2840672421875 0.59341526171875 0.289240568359375 0.590205662109375 0.315925220703125 0.596883228515625 0.326854841796875 0.61534191796875 0.33410897265625 0.64188919921875 0.335224248046875 0.66886575 0.339457376953125 0.67426543359375 0.336673658203125 0.6951069765625 0.3642985078125 0.693175259765625 0.367725166015625 0.659473451171875 0.353380435546875 0.658340646484375 0.347227796875 0.63100437890625 0.348463017578125 0.5825046171875 0.3537101015625 0.569322396484375 0.351654626953125 0.55095512890625 0.33473589453125 0.557121931640625 0.324301703125 0.54574821484375 0.3180131015625 0.521981265625 0.317690513671875 0.50634066796875 0.321700138671875 0.49751674609375 0.32224399609375 0.483239486328125 0.317849572265625 0.47001950390625 0.286586109375 0.475053505859375 0.278417109375 0.46850512109375 0.24465340234375 0.470866109375 0.223464666015625 0.4766195390625 0.2138600390625 0.471595466796875 0.138262712890625 0.4711860546875 0.1330640546875 0.46300604296875 0.122989328125 0.462286611328125 0.07887896875 0.47106680078125 0 0.467174390625 0 0.51746039453125
0 0.1072637265625 0.81082350390625 0.112808068359375 0.801892265625 0.1264223203125 0.79809241796875 0.13175470703125 0.758561654296875 0.13066476171875 0.742974716796875 0.11260766015625 0.754916814453125 0.06233311328125 0.75273666015625 0.054090359375 0.7561608984375 0.050947177734375 0.76634815234375 0.043743705078125 0.762580099609375 0.035724453125 0.7802279375 0.01828742578125 0.77898276953125 0.021661830078125 0.827238982421875 0.04176645703125 0.8225231328125 0.04643280859375 0.828604486328125 0.063227123046875 0.809631072265625 0.09402048828125 0.808901712890625 0.09832737109375 0.80432877734375 0.1072637265625 0.81082350390625
0 0.577307861328125 0.795041892578125 0.579448638671875 0.7870606171875 0.577492251953125 0.77011034375 0.567021181640625 0.763722935546875 0.565633978515625 0.743885015625 0.5672055703125 0.73879138671875 0.57013903515625 0.74214606640625 0.57213230078125 0.75411003125 0.57523860546875 0.7489090859375 0.573480388671875 0.734792802734375 0.577266513671875 0.711745279296875 0.575038197265625 0.70193363671875 0.576423166015625 0.677630095703125 0.5942683125 0.635088470703125 0.59170586328125 0.626012154296875 0.586866671875 0.6284864296875 0.586408119140625 0.6164151484375 0.57096189453125 0.616071328125 0.564041900390625 0.588788720703125 0.5665536875 0.575085810546875 0.5718261015625 0.573293203125 0.580080404296875 0.55349304296875 0.57339545703125 0.524058115234375 0.579843119140625 0.511503904296875 0.5826037421875 0.523414208984375 0.5888048046875 0.5293882421875 0.595648810546875 0.5225020078125 0.59275222265625 0.51416101953125 0.594558865234375 0.5069150703125 0.589422416015625 0.505138361328125 0.5875166875 0.510967314453125 0.578481248046875 0.503055595703125 0.548554326171875 0.5051482890625 0.532686427734375 0.487746880859375 0.516671015625 0.4902907109375 0.511942458984375 0.4778060546875 0.508006587890625 0.476657353515625 0.505222869140625 0.497498896484375 0.517431294921875 0.5948958984375 0.522288740234375 0.708470083984375 0.51961565625 0.714352697265625 0.521028189453125 0.745580232421875 0.523293380859375 0.75040556640625 0.531969357421875 0.747662998046875 0.535658630859375 0.767339943359375 0.5430602734375 0.773941984375 0.539483869140625 0.783447572265625 0.550226865234375 0.78269634765625 0.558891294921875 0.796329703125 0.566329814453125 0.7979454375 0.577307861328125 0.795041892578125
0 0.446703333984375 0.454601517578125 0.44688772265625 0.42966996875 0.46146750390625 0.428650451171875 0.464500056640625 0.433422125 0.463559857421875 0.442031408203125 0.468993564453125 0.4480591015625 0.474846708984375 0.427002923828125 0.473459505859375 0.40716500390625 0.477171875 0.394090099609375 0.46356916796875 0.3815140234375 0.455128244140625 0.382104271484375 0.458939697265625 0.370446361328125 0.474782267578125 0.376458158203125 0.480971783203125 0.3988081171875 0.4856496796875 0.388513544921875 0.493917763671875 0.396478921875 0.502531533203125 0.38733305078125 0.50854820703125 0.4182386328125 0.50946307421875 0.398239732421875 0.518894861328125 0.411819431640625 0.525837951171875 0.40635019140625 0.516108908203125 0.38851951171875 0.517085984375 0.37492391796875 0.521256904296875 0.373920296875 0.52341146484375 0.393704560546875 0.527013201171875 0.3955885859375 0.540341744140625 0.37116183203125 0.541355697265625 0.352579927734375 0.513668638671875 0.348108341796875 0.509559927734375 0.355515267578125 0.47658890625 0.369212208984375 0.469818658203125 0.36612582421875 0.477999205078125 0.35629828515625 0.50119275390625 0.346132892578125 0.54800153125 0.342859705078125 0.554783326171875 0.32957016796875 0.5640906953125 0.3303432578125 0.57060056640625 0.324192349609375 0.58377005078125 0.3360867578125 0.5853163125 0.319603515625 0.58219622265625 0.297038923828125 0.5844360859375 0.290474642578125 0.58870609375 0.290888015625 0.581650134765625 0.267174724609375 0.525100767578125 0.26899315625 0.5133922421875 0.266964048828125 0.50906002734375 0.260147373046875 0.4834653203125 0.2690567421875 0.466385294921875 0.26740325 0.455815140625 0.25959884765625 0.447671470703125 0.264440078125 0.3855155546875 0.268786443359375 0.33207249609375 0.2654039296875 0.32115665625 0.274710779296875 0.318879916015625 0.286261369140625 0.312035912109375 0.293147603515625 0.306938576171875 0.330526046875 0.308288900390625 0.355350275390625 0.32526983984375 0.35558677734375 0.327484373046875 0.3376328828125 0.332422650390625 0.336575603515625 0.3383886640625 0.34470195703125 0.352869359375 0.3422654453125 0.381584154296875 0.355920666015625 0.388750748046875 0.364675029296875 0.395868916015625 0.394791626953125 0.42892747265625 0.3988876015625 0.433261921875 0.449845740234375 0.43726 0.457397744140625 0.443064720703125 0.457703798828125 0.446703333984375 0.454601517578125
0 0.50212811328125 0.48632391796875 0.498190005859375 0.441033755859375 0.488548501953125 0.440995994140625 0.487359470703125 0.4239920625 0.474784501953125 0.42059962109375 0.458670005859375 0.42172645703125 0.454524416015625 0.434119689453125 0.456987779296875 0.44177901171875 0.4491160390625 0.439481611328125 0.443050939453125 0.42993826171875 0.434139912109375 0.434833150390625 0.426046904296875 0.462453609375 0.410824181640625 0.47633339453125 0.404858166015625 0.4682070390625 0.402247291015625 0.48049295703125 0.40547801171875 0.48809862109375 0.447682646484375 0.485147384765625 0.45275688671875 0.4805207890625 0.4983904140625 0.48800920703125 0.50212811328125 0.48632391796875
0 0 0.450360759765625 0.0003597265625 0.45092678515625 0.00543396875 0.44630019140625 0.02241490625 0.44653669140625 0.02484139453125 0.459182322265625 0.03501520703125 0.461318748046875 0.0776899375 0.454062869140625 0.09486905078125 0.457133359375 0.10127983203125 0.44956545703125 0.119399142578125 0.444026662109375 0.122295728515625 0.45236765234375 0.1430396953125 0.4623084765625 0.21216403125 0.463882486328125 0.218772984375 0.45914857421875 0.222522232421875 0.44108736328125 0.234502685546875 0.435977837890625 0.239118375 0.4192799609375 0.2338206328125 0.409682953125 0.23676564453125 0.3966617109375 0.232136171875 0.385594048828125 0.23567569921875 0.381074771484375 0.232878197265625 0.374150775390625 0.234956767578125 0.359766197265625 0.2252530546875 0.353325130859375 0.223345091796875 0.315012625 0.211302431640625 0.31371884375 0.207080849609375 0.291943236328125 0.20735277734375 0.284804607421875 0.212662068359375 0.278025689453125 0.23798484765625 0.276254947265625 0.2424276953125 0.268112697265625 0.239356033203125 0.22418587109375 0.236224396484375 0.217997203125 0.22638471875 0.215125453125 0.2338601171875 0.211754873046875 0.237113935546875 0.18660869140625 0.24393484375 0.2124743046875 0.242425458984375 0.223971236328125 0.245050119140625 0.239450857421875 0.2520185390625 0.24537123046875 0.254493453125 0.236654630859375 0.263701736328125 0.236010724609375 0.27120246484375 0.244029759765625 0.27641266796875 0.235833849609375 0.26911011328125 0.23064880078125 0.26841651171875 0.220729841796875 0.264084296875 0.213913162109375 0.2667573828125 0.20803055078125 0.26704085546875 0.18451599609375 0.277585681640625 0.180930783203125 0.28758665234375 0.191622833984375 0.312736591796875 0.198407716796875 0.330063212890625 0.181532966796875 0.358455419921875 0.17954758984375 0.362229998046875 0.1728759921875 0.359667546875 0.16379967578125 0.35573167578125 0.1626509765625 0.313626126953125 0.167019205078125 0.308316837890625 0.17379812109375 0.311547560546875 0.18140378515625 0.2985024921875 0.182315984375 0.298341197265625 0.1744956875 0.294442205078125 0.16836067578125 0.28830334765625 0.1687899453125 0.281470892578125 0.159300255859375 0.269861451171875 0.158688142578125 0.2634000078125 0.14347681640625 0.2556273515625 0.142596412109375 0.25119605078125 0.13436273828125 0.234784298828125 0.131238591796875 0.215130275390625 0.136884703125 0.21157696484375 0.113638443359375 0.21835876171875 0.10034890625 0.219534009765625 0.08958730078125 0.226811236328125 0.083382734375 0.25606988671875 0.082760693359375 0.27532756640625 0.071446603515625 0.302779576171875 0.078070509765625 0.3164929140625 0.075687658203125 0.32072604296875 0.081087341796875 0.32960019140625 0.08117876171875 0.32909321484375 0.09046971484375 0.322954357421875 0.090898984375 0.319278869140625 0.098987578125 0.325678103515625 0.107795599609375 0.33498547265625 0.1085686875 0.338760048828125 0.10189708984375 0.340343189453125 0.0804275390625 0.334785064453125 0.06159323828125 0.3218759609375 0.05893612109375 0.32222164453125 0.041824873046875 0.317665927734375 0.020784591796875 0.332950857421875 0.013308109375 0.333775830078125 0.010402578125 0.232729376953125 0.01746843359375 0.22794737109375 0.033465978515625 0.207254064453125 0.046304380859375 0.202785884765625 0.043057017578125 0.19872559765625 0.0291017109375 0.1995858046875 0.01978605859375 0.01506690625 0.032688876953125 0.0143870859375 0.050535453125 0.00843485546875 0.07017463671875 0 0.071665501953125 0 0.450360759765625
0 0.559456755859375 0.230992673828125 0.561795703125 0.22584538671875 0.56035560546875 0.139086775390625 0.5527304609375 0.118261130859375 0.55099533984375 0.071392998046875 0.53155103515625 0.06349717578125 0.51876634765625 0.07364666796875 0.528668232421875 0.08292172265625 0.532456591796875 0.104015662109375 0.52894239453125 0.1199245546875 0.53431836328125 0.207831865234375 0.524709265625 0.11452487109375 0.518236275390625 0.115689466796875 0.509373673828125 0.099222125 0.4976651484375 0.097193017578125 0.4940887421875 0.106698603515625 0.50158947265625 0.114717640625 0.494448208984375 0.117352890625 0.49240651953125 0.12675116015625 0.494736154296875 0.182121259765625 0.5094288046875 0.2102842734375 0.526409744140625 0.2105207734375 0.531138302734375 0.2230054296875 0.534876001953125 0.221320140625 0.547612263671875 0.232532880859375 0.559456755859375 0.230992673828125
0 0.49241471484375 0.777483466796875 0.490990634765625 0.76263185546875 0.504259203125 0.7759432578125 0.51918466796875 0.757812490234375 0.51887362890625 0.725795970703125 0.5112369375 0.721346248046875 0.461927919921875 0.721946423828125 0.458932248046875 0.712188439453125 0.450924541015625 0.71346035546875 0.453498541015625 0.706160748046875 0.450168732421875 0.69713808984375 0.441826892578125 0.69914533203125 0.437879474609375 0.7143725546875 0.436791763671875 0.742927078125 0.4407045390625 0.776827625 0.45591571484375 0.779323763671875 0.46169510546875 0.76824020703125 0.46170665234375 0.751864283203125 0.473007287109375 0.7646013359375 0.47596608203125 0.779345630859375 0.483404603515625 0.78096136328125 0.49241471484375 0.777483466796875