1 0.4619140625 0.611328125 0.1484375 0.1015625
1 0.6904296875 0.2939453125 0.0625 0.095703125
1 0.5947265625 0.333984375 0.080078125 0.08984375
1 0.779296875 0.376953125 0.091796875 0.091796875
1 0.173828125 0.6015625 0.12109375 0.107421875
1 0.2841796875 0.7412109375 0.16015625 0.134765625
1 0.67578125 0.650390625 0.05078125 0.07421875
1 0.1416015625 0.4169921875 0.056640625 0.0546875
1 0.2158203125 0.27734375 0.078125 0.05859375
1 0.396484375 0.1884765625 0.23046875 0.125
1 0.740234375 0.05859375 0.12109375 0.06640625
1 0.6767578125 0.1337890625 0.130859375 0.091796875
1 0.9453125 0.1982421875 0.05078125 0.076171875
1 0.873046875 0.4072265625 0.064453125 0.07421875
1 0.91796875 0.453125 0.0546875 0.05859375
1 0.9697265625 0.4580078125 0.04296875 0.052734375
1 0.86328125 0.5966796875 0.0703125 0.064453125
1 0.90234375 0.5244140625 0.048828125 0.060546875
1 0.56640625 0.48046875 0.029296875 0.044921875
1 0.5263671875 0.5283203125 0.08984375 0.09765625
1 0.5791015625 0.935546875 0.07421875 0.08203125
1 0.32421875 0.986328125 0.046875 0.02734375
1 0.7060546875 0.3671875 0.068359375 0.06640625
1 0.3330078125 0.3740234375 0.05078125 0.056640625
1 0.4111328125 0.3369140625 0.033203125 0.03515625
1 0.4453125 0.32421875 0.044921875 0.04296875
1 0.9072265625 0.0439453125 0.0625 0.046875
1 0.9541015625 0.4091796875 0.044921875 0.0390625
1 0.2783203125 0.3291015625 0.033203125 0.060546875
0 0.768369427734375 0.44464418359375 0.7720720390625 0.454373283203125 0.78592859765625 0.46217672265625 0.793760224609375 0.47343558984375 0.799407712890625 0.472742166015625 0.80906024609375 0.45797868359375 0.81835269921875 0.46362686328125 0.822161912109375 0.471306130859375 0.839219662109375 0.4760008515625 0.848955892578125 0.491099353515625 0.856992037109375 0.48943372265625 0.859487291015625 0.48641168359375 0.86022481640625 0.463238017578125 0.85543882421875 0.456357599609375 0.836969201171875 0.451836234375 0.830172001953125 0.443166017578125 0.818712779296875 0.443215203125 0.81546262890625 0.45176125 0.806285458984375 0.452888064453125 0.79873336328125 0.44974185546875 0.788668646484375 0.43196802734375 0.7794914765625 0.433094841796875 0.768369427734375 0.44464418359375
0 0.337870751953125 0.78739946875 0.298058798828125 0.78414078125 0.257491953125 0.78640610546875 0.2439638828125 0.781277994140625 0.222137505859375 0.787352509765625 0.239714044921875 0.82253470703125 0.256195369140625 0.793354455078125 0.27993503515625 0.799944400390625 0.2988571171875 0.8227409140625 0.30033531640625 0.834779884765625 0.295575376953125 0.854373951171875 0.297373380859375 0.860263419921875 0.30117390625 0.859117857421875 0.319386908203125 0.82361475 0.3346869296875 0.808157841796875 0.352335330078125 0.805990890625 0.360921849609375 0.81172575 0.364895306640625 0.8207426796875 0.369130923828125 0.820222611328125 0.379480708984375 0.796547623046875 0.377141013671875 0.792082498046875 0.370032693359375 0.798386607421875 0.361117685546875 0.78997642578125 0.348575078125 0.79287429296875 0.337870751953125 0.78739946875
0 0.638766162109375 0.6438645078125 0.636426466796875 0.639399380859375 0.6254599765625 0.643461556640625 0.621544166015625 0.637832123046875 0.6210340625 0.6161694765625 0.631801568359375 0.57547032421875 0.628804896484375 0.565654544921875 0.620284705078125 0.57213201171875 0.61658209375 0.562402912109375 0.618526974609375 0.551980384765625 0.62465851171875 0.54647512109375 0.623229271484375 0.528998822265625 0.637215337890625 0.502840609375 0.627524919921875 0.4239184765625 0.632466470703125 0.42331173046875 0.638428228515625 0.466030275390625 0.645003541015625 0.469975333984375 0.650011419921875 0.4815809140625 0.649723205078125 0.464643427734375 0.6417273359375 0.4520468984375 0.6476196171875 0.42416681640625 0.654776896484375 0.412425375 0.65275700390625 0.40181074609375 0.6490054375 0.3975189765625 0.630913259765625 0.39023560546875 0.622113537109375 0.388600416015625 0.620546107421875 0.3962609375 0.628035021484375 0.445581123046875 0.624078935546875 0.454213849609375 0.62687108984375 0.476954125 0.624047345703125 0.477300837890625 0.62212537109375 0.455811544921875 0.61569693359375 0.435554494140625 0.612939517578125 0.44811353125 0.6024744453125 0.465013525390625 0.600693810546875 0.47677371484375 0.587938001953125 0.48377125 0.58024771875 0.50576186328125 0.58378608203125 0.51415330078125 0.58910508203125 0.51078455078125 0.596879064453125 0.518655919921875 0.595919650390625 0.53710442578125 0.588318599609375 0.539395546875 0.582440537109375 0.526538984375 0.57480789453125 0.55191709375 0.5639480078125 0.55392943359375 0.56489319921875 0.57621757421875 0.572592169921875 0.563051791015625 0.579709173828125 0.565572505859375 0.58325622265625 0.582788771484375 0.581368986328125 0.596598796875 0.577306298828125 0.60728135546875 0.56883506640625 0.6083214921875 0.56431991796875 0.60072890234375 0.554117009765625 0.6080918984375 0.556136900390625 0.618706525390625 0.57817094140625 0.658093814453125 0.58693907421875 0.6828159921875 0.594819658203125 0.688637529296875 0.5966753046875 0.6979144921875 0.594246376953125 0.713148857421875 0.5974649375 0.727689796875 0.600888015625 0.7293062421875 0.60256205078125 0.719595884765625 0.6056163671875 0.732799162109375 0.63021752734375 0.731815263671875 0.63498615234375 0.72104602734375 0.63900856640625 0.724625626953125 0.6662115859375 0.71856985546875 0.6755040390625 0.72421803515625 0.69102594921875 0.713486291015625 0.677884009765625 0.714421001953125 0.671415298828125 0.708426109375 0.636660185546875 0.711335669921875 0.625765560546875 0.67804869921875 0.626125638671875 0.6576370390625 0.629646634765625 0.648378818359375 0.638766162109375 0.6438645078125
0 0.49668686328125 1 0.4954942421875 0.97104131640625 0.491898236328125 0.959262380859375 0.49379415625 0.9542771875 0.508405611328125 0.956556615234375 0.521210376953125 0.944121748046875 0.531534111328125 0.893972275390625 0.54233635546875 0.888572435546875 0.55212154296875 0.89823360546875 0.556939125 0.88202703515625 0.544833998046875 0.777602623046875 0.547698017578125 0.76299375 0.556728310546875 0.7781789296875 0.560182978515625 0.75670838671875 0.547343474609375 0.7338439375 0.545044052734375 0.71511665234375 0.533115001953125 0.679241033203125 0.529988822265625 0.703386904296875 0.52364408203125 0.712991833984375 0.5165531328125 0.736945603515625 0.509067365234375 0.74601171875 0.4401477890625 0.744969169921875 0.424257115234375 0.767287748046875 0.399336150390625 0.774421146484375 0.39957540625 0.79679596484375 0.40773551953125 0.810730158203125 0.413893111328125 0.831699380859375 0.419220796875 0.83715545703125 0.42718192578125 0.81445267578125 0.461164775390625 0.79941746484375 0.479305912109375 0.80126350390625 0.4817435234375 0.79485396875 0.480420884765625 0.775327833984375 0.493505181640625 0.771005625 0.4984064609375 0.784661037109375 0.48077857421875 0.8628639453125 0.45863554296875 0.933474267578125 0.45518955859375 0.963769638671875 0.44321469921875 0.99171765234375 0.437354005859375 0.996510744140625 0.4157321484375 0.989660765625 0.4026478515625 0.993982974609375 0.398838642578125 0.98630370703125 0.390367408203125 0.98734384375 0.3939057734375 0.99573528125 0.390642345703125 1 0.49668686328125 1
0 1 0.49427874609375 0.97794636328125 0.49698659375 0.948985615234375 0.48289073828125 0.9320431484375 0.48497101171875 0.902327505859375 0.476399162109375 0.8862378515625 0.462080765625 0.880688279296875 0.45189952734375 0.864615994140625 0.45523078515625 0.861800935546875 0.464402326171875 0.867967208984375 0.494196376953125 0.89403788671875 0.496426619140625 0.9219642109375 0.507933828125 0.941871759765625 0.5387563203125 0.9359881640625 0.57546123046875 0.925998455078125 0.578724556640625 0.930170892578125 0.62437846484375 0.929113564453125 0.6537016328125 0.924918220703125 0.639959541015625 0.92233926953125 0.61311959765625 0.911856830078125 0.612369935546875 0.91083108984375 0.618606115234375 0.91404096484375 0.6243222265625 0.918276580078125 0.623802158203125 0.921814947265625 0.632193595703125 0.924771345703125 0.656271533203125 0.920930544921875 0.671679255859375 0.930572005859375 0.75603871875 0.9402016328125 0.7731870546875 0.94017558203125 0.746712568359375 0.93564306640625 0.721470322265625 0.937645587890625 0.71443529296875 0.934902392578125 0.6862576875 0.936469822265625 0.678597166015625 0.940221392578125 0.6828889375 0.947381818359375 0.729533794921875 0.94478864453125 0.74343049609375 0.9463995 0.7798941171875 0.954118986328125 0.842764291015625 0.96575113671875 0.85287759765625 0.98601008203125 0.8544636015625 0.99232323046875 0.867945658203125 0.997233193359375 0.890425900390625 1 0.89110321484375 1 0.81310218359375 0.995241744140625 0.798337982421875 1 0.798501923828125 1 0.669446171875 0.99879671875 0.658045001953125 0.999467916015625 0.622659009765625 1 0.62090254296875 1 0.49427874609375
0 0.06917408984375 1 0.068958818359375 0.981320552734375 0.0811468828125 0.949272873046875 0.09449333984375 0.9354136640625 0.120560869140625 0.87925760546875 0.132495453125 0.86557175390625 0.139897525390625 0.826643654296875 0.171171916015625 0.81873015234375 0.2014924296875 0.77970368359375 0.1993627890625 0.712752587890625 0.201143423828125 0.700992396484375 0.221367630859375 0.66727908984375 0.26102955859375 0.62846346875 0.279020671875 0.588235197265625 0.29285986328125 0.578388978515625 0.294631814453125 0.5578039609375 0.30591810546875 0.54759228515625 0.307050447265625 0.539306271484375 0.303831888671875 0.524765330078125 0.31359970703125 0.51677684375 0.315149771484375 0.491466666015625 0.324868630859375 0.488915509765625 0.33077828125 0.4786850859375 0.334964939453125 0.48360234765625 0.357013203125 0.4822529921875 0.361240134765625 0.472908095703125 0.35883411328125 0.456230642578125 0.379896908203125 0.446855306640625 0.3808563203125 0.42840680078125 0.372154517578125 0.415896951171875 0.37116905078125 0.407870970703125 0.36850955078125 0.409555345703125 0.369224171875 0.41829349609375 0.340280791015625 0.421847294921875 0.336143091796875 0.411492703125 0.325931498046875 0.410030869140625 0.322090697265625 0.425438587890625 0.315737271484375 0.42621869140625 0.307070205078125 0.449008154296875 0.298270484375 0.447372962890625 0.293715060546875 0.454042533203125 0.292813291015625 0.47587853515625 0.290318037109375 0.47890057421875 0.2973284375 0.483471125 0.2982073046875 0.4935469375 0.292724060546875 0.495578025390625 0.285549412109375 0.4896698125 0.280181453125 0.49847589453125 0.275994794921875 0.493558630859375 0.27057787890625 0.507802044921875 0.25292079296875 0.50114416796875 0.266103005859375 0.485947296875 0.2638035859375 0.46722001171875 0.260757953125 0.462841560546875 0.2487570390625 0.464315087890625 0.23437615625 0.4755856484375 0.231126005859375 0.484131697265625 0.216891998046875 0.479090263671875 0.22011055859375 0.493631203125 0.232497603515625 0.498220501953125 0.240248681640625 0.538003685546875 0.24775181640625 0.5465872265625 0.2477605 0.5554120546875 0.240381333984375 0.5624283359375 0.23709091015625 0.585236544921875 0.224170857421875 0.59089641796875 0.21246684375 0.618132259765625 0.187185798828125 0.6456773203125 0.146241505859375 0.650704646484375 0.1524251484375 0.69814835546875 0.15069347265625 0.704471212890625 0.128924740234375 0.7139332265625 0.116644296875 0.70729409765625 0.11556959765625 0.718967607421875 0.122859529296875 0.731650814453125 0.118321478515625 0.75597004296875 0.1100721328125 0.76173533984375 0.109982900390625 0.781434830078125 0.1032836171875 0.76188994921875 0.09535407421875 0.76150574609375 0.09581521875 0.78860572265625 0.09016773046875 0.789299146484375 0.087246068359375 0.800520521484375 0.078725876953125 0.80699798828125 0.054332380859375 0.853443693359375 0.040362162109375 0.859304734375 0.057637369140625 1 0.06917408984375 1
0 0.39086893359375 0.39323166015625 0.40310041796875 0.40530812109375 0.416224990234375 0.386723751953125 0.436697138671875 0.384210087890625 0.45107801953125 0.37293952734375 0.4590478359375 0.359061572265625 0.458768306640625 0.350948916015625 0.432919517578125 0.35344383203125 0.42597544140625 0.361085607421875 0.41326858984375 0.3626458125 0.39621083984375 0.357951091796875 0.39464340625 0.365611611328125 0.397107072265625 0.3856765625 0.39086893359375 0.39323166015625
0 0.726588931640625 0.31738576171875 0.715187353515625 0.3208224453125 0.72654865625 0.331647921875 0.73520150390625 0.349595107421875 0.737123478515625 0.371084396484375 0.741359095703125 0.370564328125 0.747481947265625 0.356234236328125 0.748121556640625 0.343935232421875 0.754466296875 0.334330302734375 0.77830387890625 0.3300455859375 0.7798713125 0.3223850625 0.776981240234375 0.310519451171875 0.759816888671875 0.3078745625 0.74090348828125 0.293902876953125 0.7254218515625 0.290372462890625 0.72456035546875 0.2979463046875 0.728484853515625 0.312400568359375 0.726588931640625 0.31738576171875
0 0.624752521484375 0.31088008203125 0.629694072265625 0.3102733359375 0.632074044921875 0.300476302734375 0.636473904296875 0.3012938984375 0.64300894140625 0.319501115234375 0.653327138671875 0.318913115234375 0.661847330078125 0.312435646484375 0.660613921875 0.273210021484375 0.664676609375 0.2625274609375 0.670865791015625 0.2604096953125 0.673516607421875 0.2499004921875 0.671176912109375 0.2454353671875 0.596365052734375 0.272272896484375 0.5834047265625 0.2921949296875 0.5846610390625 0.299508736328125 0.591507197265625 0.302741625 0.60442725 0.297081751953125 0.624752521484375 0.31088008203125
0 0.775882876953125 0.187770701171875 0.7617151953125 0.19494159375 0.736350455078125 0.192624671875 0.708064052734375 0.201529125 0.700102921875 0.224231908203125 0.68734711328125 0.2312294453125 0.6849095 0.237638982421875 0.68807041796875 0.248792423828125 0.703716298828125 0.2536605 0.70577646484375 0.250012970703125 0.704289578125 0.229149171875 0.731115150390625 0.22585540625 0.738684615234375 0.2466512734375 0.780556732421875 0.246262427734375 0.790817283203125 0.2422869296875 0.766100837890625 0.236495833984375 0.75426416796875 0.2393070234375 0.75034835546875 0.23367758984375 0.749904580078125 0.22422726953125 0.77613081640625 0.21897034765625 0.787195224609375 0.204033509765625 0.793712892578125 0.2045910703125 0.79528032421875 0.19693055078125 0.78499371875 0.1744315625 0.780052166015625 0.17503830859375 0.775882876953125 0.187770701171875
0 0.65860901171875 0.38819282421875 0.65688601953125 0.40334051171875 0.65209134375 0.387635263671875 0.6358548125 0.389628859375 0.6193213828125 0.365860140625 0.61188457421875 0.36948892578125 0.604709927734375 0.3635807109375 0.581791484375 0.36367908203125 0.5618349765625 0.338293919921875 0.57060864453125 0.313454625 0.58254323046875 0.299768771484375 0.58101607421875 0.293167134765625 0.56722583984375 0.297576021484375 0.560610251953125 0.307893123046875 0.543880990234375 0.305873728515625 0.506959111328125 0.314480654296875 0.475240943359375 0.3129438359375 0.470308076171875 0.322375412109375 0.4761948203125 0.344056802734375 0.492808796875 0.339301203125 0.503513125 0.34477602734375 0.5206198359375 0.34403341796875 0.52741703515625 0.35270363671875 0.544687990234375 0.353298689453125 0.55833134765625 0.365201794921875 0.57261431640625 0.364805896484375 0.604891541015625 0.382568033203125 0.616705306640625 0.411668658203125 0.6092858671875 0.432947099609375 0.6084330546875 0.449345771484375 0.623044509765625 0.451625201171875 0.630737943359375 0.488020888671875 0.634374224609375 0.4855376640625 0.63484958984375 0.471900998046875 0.63036603125 0.441221419921875 0.63078375390625 0.424197255859375 0.638099740234375 0.46335494921875 0.641145373046875 0.4677333984375 0.643139208984375 0.45187354296875 0.650025640625 0.440844267578125 0.658199974609375 0.41404181640625 0.669938728515625 0.4221052890625 0.687636087890625 0.4145010078125 0.6937273515625 0.423257904296875 0.698389373046875 0.4145385 0.711145181640625 0.407540962890625 0.71924765234375 0.41808766015625 0.725511845703125 0.437007048828125 0.744638447265625 0.44687906640625 0.767179443359375 0.449542701171875 0.7735991953125 0.460974921875 0.78538690625 0.463601064453125 0.79251259375 0.474946609375 0.799194509765625 0.476841833984375 0.81482301953125 0.46406025390625 0.82232615625 0.472643794921875 0.827702798828125 0.472662541015625 0.830575501953125 0.46687849609375 0.828391365234375 0.45492620703125 0.832298494140625 0.451730810546875 0.8214701953125 0.4306561640625 0.788340158203125 0.429292701171875 0.780295330078125 0.422133501953125 0.7637303125 0.421451771484375 0.74514540234375 0.410155412109375 0.739134685546875 0.3728741953125 0.707220685546875 0.393086703125 0.6745170546875 0.38352390234375 0.65860901171875 0.38819282421875
0 0.469418693359375 0 0 0.0576373671875 0 0.312652154296875 0.018874587890625 0.30787623046875 0.015007734375 0.29680946484375 0.022173697265625 0.2938928515625 0.0286250390625 0.2822380859375 0.05274215234375 0.28606602734375 0.056320791015625 0.2801953046875 0.072770525390625 0.27410204296875 0.10823157421875 0.271105802734375 0.103837248046875 0.220726736328125 0.11435127734375 0.198389412109375 0.126853611328125 0.209753703125 0.13252715234375 0.23553476171875 0.139373310546875 0.238767650390625 0.1810235390625 0.23365364453125 0.22037434765625 0.209812353515625 0.23769426171875 0.204970076171875 0.243932400390625 0.197414978515625 0.277817333984375 0.193254431640625 0.290786345703125 0.182157228515625 0.31733238671875 0.1707508046875 0.43688037890625 0.12891555859375 0.441870888671875 0.12287148046875 0.4493392890625 0.09615570703125 0.466987689453125 0.093988755859375 0.47547629296875 0.110598275390625 0.49985556640625 0.104889216796875 0.5020799765625 0.102579349609375 0.50087262109375 0.089828208984375 0.52162430078125 0.095427205078125 0.5268453828125 0.102933115234375 0.538074033203125 0.08933394140625 0.576407783203125 0.080553658203125 0.586930498046875 0.06704116015625 0.606647751953125 0.0700515078125 0.615381146484375 0.05947437109375 0.639760419921875 0.0537653125 0.650611623046875 0.042928142578125 0.6847097578125 0.0346679296875 0.68910093359375 0.0266606953125 0.687475689453125 0 0.469418693359375 0