1 0.20703125 0.84765625 0.0703125 0.0703125
1 0.1884765625 0.7919921875 0.0625 0.072265625
1 0.1591796875 0.8310546875 0.05859375 0.0625
1 0.2578125 0.6845703125 0.03515625 0.060546875
1 0.3037109375 0.759765625 0.04296875 0.068359375
1 0.333984375 0.75390625 0.0546875 0.078125
1 0.298828125 0.96875 0.0859375 0.0625
1 0.171875 0.9443359375 0.044921875 0.076171875
1 0.2548828125 0.5283203125 0.06640625 0.07421875
1 0.38671875 0.2705078125 0.037109375 0.0390625
1 0.4228515625 0.16015625 0.037109375 0.048828125
1 0.357421875 0.1201171875 0.037109375 0.05078125
1 0.3017578125 0.5693359375 0.0390625 0.0546875
1 0.3935546875 0.3876953125 0.056640625 0.0625
1 0.2587890625 0.830078125 0.056640625 0.076171875
1 0.3486328125 0.484375 0.03515625 0.052734375
0 0 0.552552119140625 0.00598573828125 0.580712802734375 0.009621703125 0.57810664453125 0.07518931640625 0.59484003515625 0.11132512890625 0.59795050390625 0.119784400390625 0.586496990234375 0.12586106640625 0.5664624453125 0.12538546875 0.556340130859375 0.117096140625 0.533111533203125 0.119252369140625 0.498575193359375 0.12648409765625 0.483974798828125 0.13327415625 0.479123728515625 0.136388359375 0.46880634375 0.131260732421875 0.463080650390625 0.129643642578125 0.4554728359375 0.133978607421875 0.444328005859375 0.1219613046875 0.4298433515625 0.12011319921875 0.421148705078125 0.1216103125 0.4032235078125 0.132834958984375 0.400837634765625 0.15227644921875 0.42396763671875 0.161349494140625 0.414087560546875 0.189202763671875 0.397943759765625 0.196579455078125 0.3787688203125 0.178626134765625 0.28773442578125 0.188161208984375 0.280028013671875 0.1920341484375 0.266709521484375 0.20502084765625 0.267356916015625 0.21699744140625 0.257995609375 0.235111765625 0.264368697265625 0.248243423828125 0.26044154296875 0.259785130859375 0.264803880859375 0.26994076171875 0.262645234375 0.276341275390625 0.253333224609375 0.28378366015625 0.22789668359375 0.29552245703125 0.21347421875 0.29205726171875 0.1971717578125 0.287688369140625 0.18844495703125 0.27377762109375 0.183450240234375 0.26795695703125 0.1744640546875 0.25832226171875 0.168560431640625 0.237014466796875 0.170817677734375 0.230724990234375 0.15568350390625 0.22499037890625 0.1523586953125 0.218628419921875 0.139511796875 0.212742060546875 0.136787212890625 0.208115013671875 0.1110762734375 0.2146944140625 0.117061349609375 0.2162390234375 0.126956439453125 0.220825359375 0.12882141796875 0.22318761328125 0.125479470703125 0.221570521484375 0.11787165625 0.2236881953125 0.10549422265625 0.23216782421875 0.105963689453125 0.238799349609375 0.097738513671875 0.251324021484375 0.09621224609375 0.253448478515625 0.087809138671875 0.263142083984375 0.083476833984375 0.269680771484375 0.06561594921875 0.263398080078125 0.0544561015625 0.267898365234375 0.050659703125 0.272840318359375 0.037113984375 0.07747893359375 0.078639328125 0.072988037109375 0.09810536328125 0.088631208984375 0.1015948125 0.106193349609375 0.0948331953125 0.14680399609375 0.103615986328125 0.14686963671875 0.11268804296875 0.15426638671875 0.11944465625 0.1449107890625 0.12976208984375 0.125258517578125 0.13545364453125 0.1105079609375 0.148432150390625 0.07582845703125 0.15353200390625 0.035331916015625 0.152296630859375 0.029759236328125 0.1436685234375 0.032545056640625 0.133990369140625 0.03977064453125 0.129425853515625 0.060312466796875 0.1068875390625 0.070794416015625 0.10011652734375 0.075793888671875 0.078997494140625 0 0.095107982421875 0 0.552552119140625
0 0.678756142578125 0 0.679384771484375 0.00352122265625 0.674587779296875 0.01249239453125 0.678125455078125 0.026507578125 0.68479090625 0.038154033203125 0.706257232421875 0.039270896484375 0.7088640703125 0.04496443359375 0.703783939453125 0.067059025390625 0.693093802734375 0.06933128515625 0.68844855859375 0.077702234375 0.691062181640625 0.087370095703125 0.6942760078125 0.09066274609375 0.702656015625 0.0775221796875 0.7082388828125 0.08144720703125 0.712456029296875 0.090774232421875 0.710021291015625 0.096403455078125 0.694520591796875 0.09969823046875 0.693847908203125 0.10836071875 0.69708208984375 0.12357634765625 0.70222328515625 0.1372506953125 0.710716484375 0.14566881640625 0.71669568359375 0.158029103515625 0.716505380859375 0.180788234375 0.722108603515625 0.196636244140625 0.72251171875 0.20904583203125 0.7312902109375 0.2503453984375 0.7369659140625 0.2639061328125 0.74462111328125 0.273638310546875 0.748693296875 0.287539880859375 0.758269080078125 0.3036794296875 0.767785953125 0.33005490625 0.767391779296875 0.36762451171875 0.776057080078125 0.387365392578125 0.778598224609375 0.399320529296875 0.773894068359375 0.417927404296875 0.765969302734375 0.4292673046875 0.788178318359375 0.507469814453125 0.796757568359375 0.521549314453125 0.800222763671875 0.537851775390625 0.798139015625 0.57010083984375 0.799769677734375 0.58565730859375 0.80966252734375 0.608545064453125 0.819007296875 0.62359778515625 0.829024751953125 0.62998801171875 0.83859375 0.642153236328125 0.845497 0.65886084765625 0.852341337890625 0.685804388671875 0.863124310546875 0.6931678359375 0.871782828125 0.70893438671875 0.882191982421875 0.765790421875 0.878325828125 0.783083240234375 0.872373771484375 0.7866202578125 0.871266203125 0.809006392578125 0.874196890625 0.82542246484375 0.883786244140625 0.849510666015625 0.89404149609375 0.860962052734375 0.90178274609375 0.876355609375 0.906199134765625 0.91290269921875 0.9116370390625 0.921402275390625 0.915519908203125 0.922848814453125 1 0.904892017578125 1 0.447447880859375 0.904892017578125 0 0.678756142578125 0
0 0.518509857421875 0.849909046875 0.54815910546875 0.856670146484375 0.56587709765625 0.854607970703125 0.5729706484375 0.848556455078125 0.57095507421875 0.786508509765625 0.559630806640625 0.77528434765625 0.55288608984375 0.76195083984375 0.55011393359375 0.74890887109375 0.545058787109375 0.740895904296875 0.543414556640625 0.71739078125 0.53263158203125 0.7100273359375 0.5246864609375 0.709444255859375 0.512268197265625 0.7285548828125 0.51743190234375 0.800157078125 0.518509857421875 0.849909046875
0 0.637689484375 0.636579560546875 0.6144293359375 0.658562666015625 0.60613537890625 0.677364611328125 0.592858759765625 0.685866314453125 0.55888133203125 0.694224373046875 0.554929125 0.705855814453125 0.56961896484375 0.71977240234375 0.591621955078125 0.76678051953125 0.60132912890625 0.77039686328125 0.6174436015625 0.768675529296875 0.622174896484375 0.765965958984375 0.626813357421875 0.753620685546875 0.69264375390625 0.745307671875 0.694081958984375 0.73761840234375 0.691137701171875 0.71325367578125 0.7061356640625 0.68393927734375 0.70564649609375 0.665868310546875 0.702339833984375 0.652939953125 0.696063927734375 0.645754435546875 0.6869773125 0.64768585546875 0.654952236328125 0.636318048828125 0.637689484375 0.636579560546875