1 0.5517578125 0.2763671875 0.171875 0.212890625
1 0.1865234375 0.236328125 0.138671875 0.171875
1 0.3916015625 0.2861328125 0.15234375 0.201171875
1 0.7900390625 0.22265625 0.107421875 0.234375
1 0.701171875 0.2861328125 0.12890625 0.240234375
1 0.291015625 0.1982421875 0.1015625 0.236328125
1 0.12109375 0.10546875 0.1015625 0.103515625
0 0.831800353515625 0.46289988671875 0.824249333984375 0.461643126953125 0.812516732421875 0.448524318359375 0.789568205078125 0.445518287109375 0.769523376953125 0.421772580078125 0.734126142578125 0.418839119140625 0.719740205078125 0.403134220703125 0.70168353515625 0.4082631796875 0.69878566796875 0.41953853515625 0.705614755859375 0.443450994140625 0.706194021484375 0.46085113671875 0.7380107265625 0.529741490234375 0.7448398125 0.553653947265625 0.745708712890625 0.579754162109375 0.74972001171875 0.580717576171875 0.748487228515625 0.570677369140625 0.756231849609375 0.544975486328125 0.75364110546875 0.536557953125 0.761908232421875 0.5246233359375 0.801492875 0.529954525390625 0.834866970703125 0.560799240234375 0.84312826953125 0.55832894140625 0.84774798046875 0.5293708984375 0.8429813046875 0.50957302734375 0.83183962890625 0.494925724609375 0.83691925390625 0.485566388671875 0.831800353515625 0.46289988671875
0 0.775992876953125 0.55055680078125 0.7640099140625 0.5607637578125 0.753128724609375 0.602138125 0.756009103515625 0.6192557265625 0.751696513671875 0.628520880859375 0.75606003515625 0.632352923828125 0.75422466796875 0.642769853515625 0.756690232421875 0.662850265625 0.771530255859375 0.707618189453125 0.7771891484375 0.715658998046875 0.784233619140625 0.773031609375 0.79048344140625 0.779543923828125 0.7887106640625 0.78412941015625 0.794710123046875 0.813967490234375 0.80541796484375 0.95824663671875 0.808718986328125 0.962937109375 0.8375709375 0.96012250390625 0.849906123046875 0.952784177734375 0.835504232421875 0.8671961640625 0.83864233203125 0.753247609375 0.833444884765625 0.666529431640625 0.824866341796875 0.609345181640625 0.8252928125 0.58745373046875 0.815327158203125 0.5792137578125 0.806651046875 0.5846468671875 0.804293173828125 0.581296529296875 0.81415113671875 0.572806427734375 0.803719736328125 0.55443206640625 0.775992876953125 0.55055680078125
0 1 0.4891452734375 0.99238327734375 0.480309228515625 0.954622341796875 0.48348975 0.937281779296875 0.475427330078125 0.925776220703125 0.47684003515625 0.91056065625 0.467060759765625 0.89999824609375 0.46981359765625 0.8830491796875 0.496645646484375 0.869753357421875 0.531036796875 0.871577064453125 0.5395485078125 0.86708836328125 0.547379345703125 0.8689120703125 0.555891056640625 0.864951705078125 0.568024841796875 0.86120672265625 0.613618779296875 0.860604140625 0.634075912109375 0.862956181640625 0.6468905703125 0.868262853515625 0.652062748046875 0.87690398828125 0.703415556640625 0.87830122265625 0.73381871875 0.883727244140625 0.7367923359375 0.888341126953125 0.71729861328125 0.90239815625 0.6922776015625 0.90911955078125 0.699459982421875 0.904630849609375 0.7072908203125 0.90462501953125 0.716755142578125 0.883420123046875 0.756485220703125 0.886793861328125 0.8346916875 0.884833314453125 0.856771498046875 0.888003326171875 0.882589171875 0.881213513671875 0.89070255078125 0.88574148828125 0.91489755078125 0.8815991796875 0.93506133984375 0.877707232421875 0.93189936328125 0.881724359375 0.92339845703125 0.86927565234375 0.92347102734375 0.86743445703125 0.943352275390625 0.873928806640625 0.936003142578125 0.877644642578125 0.9377308046875 0.8802921484375 0.949781212890625 0.904598638671875 0.951164568359375 1 0.938992046875 1 0.836114583984375 0.99824130078125 0.835567052734375 0.996491841796875 0.80229526171875 0.9986794296875 0.794746962890625 0.99562294140625 0.776195044921875 0.973049955078125 0.7382003671875 0.968874205078125 0.716873998046875 0.95302844140625 0.676597380859375 0.9695568671875 0.662192462890625 0.974153259765625 0.671091701171875 0.97326104296875 0.682848763671875 0.98527744921875 0.71413196484375 0.990118373046875 0.709169755859375 1 0.713321208984375 1 0.4891452734375
0 0.49746043359375 1 0.567693189453125 0.99107541796875 0.57501133984375 0.987264982421875 0.578028556640625 0.9737910625 0.584108091796875 0.969404744140625 0.590682521484375 0.927831212890625 0.58703510546875 0.9108077890625 0.599086486328125 0.8853050703125 0.60191010546875 0.898789794921875 0.591500490234375 0.940834228515625 0.594079578125 0.968180400390625 0.59035208203125 0.985381376953125 0.60008486328125 0.988554158203125 0.705583775390625 0.972688642578125 0.703822658203125 0.958345490234375 0.692027466796875 0.951058123046875 0.686192462890625 0.941582998046875 0.6732721796875 0.940985501953125 0.67534041796875 0.935635765625 0.6879084765625 0.9333646328125 0.67918143359375 0.925700544921875 0.67889180078125 0.917000474609375 0.6862725390625 0.90735859765625 0.676488826171875 0.8910886171875 0.6774436328125 0.873500115234375 0.664654361328125 0.8517754140625 0.66306935546875 0.838866578125 0.64691647265625 0.81828284765625 0.646200365234375 0.831474224609375 0.6372913828125 0.831840140625 0.636712115234375 0.81443999609375 0.628638587890625 0.79941597265625 0.6264117265625 0.774938431640625 0.633434412109375 0.771892248046875 0.636156166015625 0.75918257421875 0.62843486328125 0.747027181640625 0.63894633984375 0.731177142578125 0.638423833984375 0.717409876953125 0.64957133984375 0.722592861328125 0.64442912109375 0.737783638671875 0.647195978515625 0.747635484375 0.644530986328125 0.763978033203125 0.650956916015625 0.771924662109375 0.647235251953125 0.7796613203125 0.65672350390625 0.796695546875 0.659564609375 0.7817873125 0.66505321875 0.77892948828125 0.65786025 0.7710770390625 0.662763767578125 0.760283390625 0.652389126953125 0.74554190625 0.649622271484375 0.735690060546875 0.6515143984375 0.728906009765625 0.666422841796875 0.758378171875 0.692369564453125 0.8745793203125 0.69826716015625 0.878223001953125 0.7156979296875 0.93140845703125 0.714510248046875 0.943929767578125 0.705601265625 0.94429568359375 0.70836812109375 0.95414753125 0.715919142578125 0.9554042890625 0.719509796875 0.968794833984375 0.72416878125 0.971862630859375 0.783702220703125 0.9652808125 0.78931018359375 0.960224423828125 0.788668326171875 0.94865572265625 0.781737376953125 0.898548869140625 0.783044408203125 0.883828994140625 0.773687166015625 0.845667564453125 0.775232900390625 0.826550564453125 0.77012566015625 0.784955423828125 0.759887859375 0.739622416015625 0.7492235859375 0.716180861328125 0.74658191015625 0.6946661328125 0.7311509609375 0.651426705078125 0.718647025390625 0.549590322265625 0.711454056640625 0.54173787109375 0.711340537109375 0.534472115234375 0.7047384921875 0.525091171875 0.700386630859375 0.50233048828125 0.68099531640625 0.47122484375 0.65499612890625 0.44020257421875 0.644320197265625 0.435689658203125 0.623388978515625 0.4142366953125 0.620395078125 0.389853333984375 0.62883248828125 0.3888173515625 0.62163951953125 0.38096490234375 0.62536118359375 0.373228244140625 0.62200340234375 0.36490489453125 0.622895619140625 0.353147830078125 0.61570848046875 0.3358310625 0.5997025625 0.36400324609375 0.56235644140625 0.364220955078125 0.556282734375 0.35914295703125 0.49776086328125 0.3517691484375 0.48501086328125 0.36207028515625 0.446608072265625 0.353682103515625 0.426892146484375 0.370662306640625 0.407653626953125 0.37884825390625 0.3912562109375 0.372125970703125 0.376267689453125 0.37687820703125 0.36694972265625 0.370742615234375 0.326774154296875 0.36693991796875 0.320052759765625 0.359757537109375 0.318882568359375 0.343885890625 0.315229322265625 0.3363267890625 0.28743987109375 0.338282962890625 0.27815534765625 0.373637529296875 0.287943357421875 0.47871926171875 0.28290300390625 0.52010443359375 0.2834196796875 0.54333601953125 0.279283203125 0.554035486328125 0.28361174609375 0.61465344921875 0.2801563984375 0.66894745703125 0.288144017578125 0.727660201171875 0.294683470703125 0.74287258984375 0.2986380078125 0.740203123046875 0.3090126484375 0.754944607421875 0.318455794921875 0.74941731640625 0.332495337890625 0.752789265625 0.2941434765625 0.757498283203125 0.326140591796875 0.916634705078125 0.331134310546875 0.95096408984375 0.329066072265625 0.956313826171875 0.318094677734375 0.95256515625 0.3119758671875 0.924925638671875 0.270794560546875 0.92561425 0.26342548046875 0.91632748828125 0.246613251953125 0.912568013671875 0.241198888671875 0.8906657578125 0.247102314453125 0.884845123046875 0.259488431640625 0.8906039921875 0.270453994140625 0.90381698046875 0.283317517578125 0.900781599609375 0.2889138203125 0.9146538515625 0.29535141015625 0.903671841796875 0.3056751171875 0.905316126953125 0.31063539453125 0.89815535546875 0.302687046875 0.87146844921875 0.282700509765625 0.753079544921875 0.275035966796875 0.744557029296875 0.268899669921875 0.74531047265625 0.2660134609375 0.7376571875 0.276104296875 0.73423428125 0.2778203125 0.72601591796875 0.270184916015625 0.67017180078125 0.25004987890625 0.601303060546875 0.238755408203125 0.547364162109375 0.226795765625 0.51971383984375 0.216092220703125 0.464246447265625 0.219342310546875 0.45583972265625 0.2293705546875 0.458248255859375 0.240966318359375 0.5019585859375 0.2491591953125 0.514784048828125 0.253528546875 0.509151771484375 0.261709765625 0.540905873046875 0.268403544921875 0.497133779296875 0.273068357421875 0.490737255859375 0.27485279296875 0.467223130859375 0.2697572109375 0.40669934765625 0.25407590234375 0.386785685546875 0.250485248046875 0.373395142578125 0.24258200390625 0.36926975 0.239167458984375 0.3573135234375 0.23768431640625 0.370599080078125 0.2261787578125 0.37201178515625 0.224423470703125 0.348204314453125 0.21740661328125 0.3417861796875 0.212816048828125 0.323422623046875 0.199304841796875 0.32435362109375 0.193645947265625 0.316312810546875 0.19181058203125 0.326729740234375 0.184140208984375 0.32767154296875 0.138657970703125 0.31869666796875 0.129038708984375 0.32278964453125 0.12996437109375 0.35252273828125 0.126356228515625 0.36752515234375 0.1223391015625 0.37602605859375 0.117384654296875 0.373722509765625 0.115958271484375 0.390640947265625 0.107986607421875 0.40181131640625 0.11009994921875 0.419023099609375 0.104077173828125 0.427042298828125 0.111877021484375 0.503249369140625 0.104734986328125 0.5084941171875 0.1052574921875 0.5222613828125 0.09941665625 0.522250578125 0.0990469453125 0.54777490625 0.093444810546875 0.543366974609375 0.09680259375 0.551690326171875 0.09608648828125 0.564881703125 0.100631951171875 0.5606837421875 0.10275112109375 0.568431205078125 0.096552234375 0.57501608984375 0.09935836328125 0.6168937734375 0.09293243359375 0.60894714453125 0.096556529296875 0.663827845703125 0.102209595703125 0.681332974609375 0.111192828125 0.6562069765625 0.11084643359375 0.64387402734375 0.137141083984375 0.674132048828125 0.14191941796875 0.67500128125 0.147339611328125 0.687439216796875 0.156129244140625 0.689271865234375 0.178737203125 0.670480625 0.188532578125 0.667821966796875 0.1941347109375 0.672229896484375 0.19624805078125 0.6894416796875 0.18602620703125 0.7139917890625 0.18395213671875 0.72880584375 0.187474373046875 0.7574921484375 0.19967271875 0.780745345703125 0.204427736328125 0.81947185546875 0.21020015234375 0.834778423828125 0.209120166015625 0.864029810546875 0.195955353515625 0.8772937578125 0.203289455078125 0.943366439453125 0.21955003125 0.98068024609375 0.221663373046875 0.997892029296875 0.221235212890625 1 0.49746043359375 1