1 0.14453125 0.6767578125 0.041015625 0.0595703125
1 0.810546875 0.9462890625 0.080078125 0.10546875
1 0.1396484375 0.845703125 0.04296875 0.076171875
1 0.236328125 0.630859375 0.0947265625 0.091796875
1 0.767578125 0.05078125 0.03125 0.0498046875
1 0.314453125 0.8984375 0.060546875 0.0966796875
1 0.060546875 0.546875 0.0537109375 0.080078125
1 0.134765625 0.42578125 0.0712890625 0.06640625
1 0.078125 0.376953125 0.078125 0.1064453125
1 0.7021484375 0.9287109375 0.037109375 0.0771484375
1 0.375 0.9736328125 0.03515625 0.052734375
1 0.201171875 0.9423828125 0.046875 0.0966796875
1 0.0556640625 0.732421875 0.111328125 0.14453125
1 0.16796875 0.5751953125 0.072265625 0.0830078125
1 0.7705078125 0.6396484375 0.109375 0.0625
1 0.27734375 0.759765625 0.0625 0.0927734375
1 0.25390625 0.7080078125 0.0546875 0.07421875
1 0.033203125 0.9501953125 0.06640625 0.099609375
1 0.0234375 0.365234375 0.0458984375 0.0849609375
1 0.1533203125 0.3759765625 0.03515625 0.05859375
1 0.8525390625 0.80859375 0.033203125 0.0927734375
0 0.26293103515625 0 0.26206896484375 0.024103138671875 0.264942529296875 0.063340806640625 0.263218390625 0.080156951171875 0.258908046875 0.089686099609375 0.242816091796875 0.089686099609375 0.235344828125 0.088565021484375 0.227011494140625 0.07679372265625 0.216091953125 0.026345291015625 0.211494251953125 0.017376681640625 0.210919541015625 0.006165919921875 0.207183908203125 0 0.1971264375 0.0005605390625 0.195402298828125 0.008408072265625 0.200574712890625 0.033071748046875 0.199425287109375 0.054372197265625 0.201724138671875 0.0689461875 0.211494251953125 0.08576233203125 0.217816091796875 0.105941703125 0.2198275859375 0.12780269140625 0.235919541015625 0.109865470703125 0.25143678125 0.09977578515625 0.278448275390625 0.107623318359375 0.2816091953125 0.061098654296875 0.29454023046875 0.06278026953125 0.302011494140625 0.057174888671875 0.311206896484375 0.0605381171875 0.317816091796875 0.07118833984375 0.323275861328125 0.123318384765625 0.337643677734375 0.128923767578125 0.341666666015625 0.1255605390625 0.345114943359375 0.114349775390625 0.34971264453125 0.1154708515625 0.3528735625 0.121636771484375 0.35114942578125 0.135089685546875 0.343965517578125 0.14573991015625 0.312356322265625 0.1479820625 0.302011494140625 0.1434977578125 0.299137931640625 0.15470851953125 0.293965517578125 0.1524663671875 0.289942529296875 0.160313900390625 0.279597701171875 0.16479820703125 0.275 0.1939461875 0.271551724609375 0.188340806640625 0.266091953125 0.193385650390625 0.2669540234375 0.21973094140625 0.274425287109375 0.218609865234375 0.2778735625 0.211883408203125 0.2816091953125 0.219170404296875 0.283908046875 0.29428251171875 0.286494251953125 0.301569505859375 0.291091953125 0.30269058203125 0.30028735546875 0.294843048828125 0.310344828125 0.276345291015625 0.3051724140625 0.267376681640625 0.303448275390625 0.2494394609375 0.302011494140625 0.246636771484375 0.29856321875 0.2544843046875 0.294252873046875 0.235986546875 0.30258620703125 0.24327354296875 0.30689655078125 0.235986546875 0.30919540234375 0.216928251953125 0.3169540234375 0.21524663671875 0.32614942578125 0.2174887890625 0.332471263671875 0.227578474609375 0.336781609375 0.237107623046875 0.337356322265625 0.25504484375 0.34454023046875 0.2634529140625 0.3594827578125 0.264573990234375 0.361206896484375 0.246636771484375 0.363793103515625 0.265134529296875 0.36724137890625 0.271860986328125 0.3655172421875 0.283071748046875 0.36724137890625 0.306614349609375 0.371551724609375 0.315022421875 0.388218390625 0.31278026953125 0.392816091796875 0.304932736328125 0.404885056640625 0.3060538125 0.408908046875 0.311659193359375 0.4221264375 0.315022421875 0.42528735546875 0.306614349609375 0.422988505859375 0.302130044921875 0.42241379296875 0.281950671875 0.429885056640625 0.25280269140625 0.431034482421875 0.237107623046875 0.43936781640625 0.223094169921875 0.452011494140625 0.223094169921875 0.458620689453125 0.2315022421875 0.462643677734375 0.25280269140625 0.470689654296875 0.276345291015625 0.478448275390625 0.285874439453125 0.482471263671875 0.283632287109375 0.48563218359375 0.290919283203125 0.483333333984375 0.330156951171875 0.47758620703125 0.336883408203125 0.4830459765625 0.3475336328125 0.496839080078125 0.34529148046875 0.498275861328125 0.34024663671875 0.4971264375 0.329035875 0.502298849609375 0.311098654296875 0.500862068359375 0.3060538125 0.493965517578125 0.30269058203125 0.49080459765625 0.290919283203125 0.491379310546875 0.276345291015625 0.497988505859375 0.262331837890625 0.5066091953125 0.264573990234375 0.512643677734375 0.27522421484375 0.514080458984375 0.3004484296875 0.522701150390625 0.299327353515625 0.52614942578125 0.288116591796875 0.532183908203125 0.283071748046875 0.5344827578125 0.27522421484375 0.533620689453125 0.267937220703125 0.545114943359375 0.2634529140625 0.5448275859375 0.325672646484375 0.542816091796875 0.33071748828125 0.533620689453125 0.332959640625 0.532183908203125 0.34473094140625 0.54224137890625 0.362107623046875 0.561494251953125 0.38172645703125 0.563218390625 0.36827354296875 0.56954023046875 0.360426009765625 0.5683908046875 0.34473094140625 0.570689654296875 0.336883408203125 0.563793103515625 0.329035875 0.568965517578125 0.320067263671875 0.570689654296875 0.292040359375 0.57758620703125 0.283071748046875 0.58132183984375 0.266816142578125 0.595689654296875 0.25 0.608908046875 0.248878923828125 0.614655171875 0.253363228515625 0.62241379296875 0.2684977578125 0.627298849609375 0.288116591796875 0.6344827578125 0.27522421484375 0.635057470703125 0.26625560546875 0.641666666015625 0.258968609375 0.646551724609375 0.267376681640625 0.64310344921875 0.27522421484375 0.649425287109375 0.28419282421875 0.654310345703125 0.299327353515625 0.658333333984375 0.292600896484375 0.664655171875 0.2914798203125 0.6712643671875 0.276345291015625 0.67097701171875 0.2544843046875 0.6669540234375 0.2544843046875 0.660057470703125 0.244394619140625 0.65143678125 0.2544843046875 0.642528736328125 0.2494394609375 0.639655171875 0.197869955078125 0.64597701171875 0.1664798203125 0.652298849609375 0.1575112109375 0.6580459765625 0.135089685546875 0.664655171875 0.12780269140625 0.670114943359375 0.112668162109375 0.671839080078125 0.088004484375 0.678448275390625 0.082959640625 0.682471263671875 0.07399103125 0.687356322265625 0.07230941796875 0.688505748046875 0.0689461875 0.684770115234375 0.0605381171875 0.7028735625 0.058856501953125 0.702011494140625 0.03475336328125 0.69224137890625 0.04820627734375 0.686494251953125 0.049327353515625 0.682471263671875 0.0414798203125 0.678448275390625 0.044843048828125 0.670689654296875 0.033071748046875 0.66954023046875 0.0229820625 0.65545976953125 0 0.6433908046875 0 0.635919541015625 0.00672645703125 0.63189655078125 0 0.625 0.00672645703125 0.617528736328125 0 0.562356322265625 0 0.553160919921875 0.008968609375 0.54224137890625 0 0.48706896484375 0 0.48419540234375 0.008968609375 0.47902298828125 0.001121076171875 0.4698275859375 0.008968609375 0.46580459765625 0.003363228515625 0.45258620703125 0 0.435919541015625 0 0.428448275390625 0.005605380859375 0.42385057421875 0.001121076171875 0.411781609375 0.005605380859375 0.40775862109375 0 0.385919541015625 0 0.384770115234375 0.0044843046875 0.37614942578125 0.005605380859375 0.375862068359375 0.0184977578125 0.373275861328125 0.024663677734375 0.3712643671875 0.0184977578125 0.3721264375 0 0.26293103515625 0
0 1 0.001681615234375 0.813505748046875 0.001121076171875 0.81206896484375 0.008408072265625 0.820689654296875 0.021860986328125 0.82241379296875 0.02970851953125 0.822988505859375 0.073430494140625 0.840229884765625 0.1014573984375 0.84367816015625 0.110426009765625 0.8448275859375 0.12724215234375 0.853160919921875 0.13677130078125 0.860344828125 0.15302690625 0.863793103515625 0.17881166015625 0.868965517578125 0.19226457421875 0.86954023046875 0.206838564453125 0.89856321875 0.233183857421875 0.9028735625 0.251681615234375 0.91954023046875 0.276345291015625 0.9183908046875 0.288677130859375 0.912356322265625 0.299327353515625 0.903160919921875 0.30381166015625 0.89367816015625 0.320067263671875 0.895402298828125 0.3615470859375 0.90114942578125 0.3884529140625 0.91206896484375 0.3985426015625 0.916091953125 0.42881166015625 0.925862068359375 0.46580717578125 0.94885057421875 0.4904708515625 0.950574712890625 0.501681615234375 0.94885057421875 0.5465246640625 0.95689655078125 0.584641255859375 0.97385057421875 0.591928251953125 0.99224137890625 0.59080717578125 0.997701150390625 0.59921524609375 1 0.60930493359375 1 0.001681615234375
0 0.14080459765625 0.054372197265625 0.14080459765625 0.02073991015625 0.146551724609375 0.0095291484375 0.146839080078125 0 0.12241379296875 0.0005605390625 0.121839080078125 0.017376681640625 0.11724137890625 0.036434978515625 0.1183908046875 0.054372197265625 0.110919541015625 0.075672646484375 0.112643677734375 0.089125560546875 0.118965517578125 0.098094169921875 0.125862068359375 0.0924887890625 0.125862068359375 0.07679372265625 0.131034482421875 0.06221973046875 0.14080459765625 0.054372197265625
0 0.766666666015625 0.932174888671875 0.774137931640625 0.922085201171875 0.774425287109375 0.90022421484375 0.835344828125 0.906950671875 0.84741379296875 0.97869955078125 0.85 0.973654708984375 0.852298849609375 0.94899103125 0.85632183984375 0.934417041015625 0.853448275390625 0.911995515625 0.860344828125 0.904147982421875 0.863218390625 0.880605380859375 0.87385057421875 0.86995515625 0.888793103515625 0.868834080078125 0.90775862109375 0.881165919921875 0.917816091796875 0.901905830078125 0.918965517578125 0.9355381171875 0.916666666015625 0.96020179296875 0.9051724140625 0.980381166015625 0.90258620703125 0.9955156953125 0.99971264453125 0.99775784765625 1 0.751681615234375 0.9566091953125 0.742152466796875 0.945689654296875 0.730941703125 0.933620689453125 0.7264573984375 0.91867816015625 0.727578474609375 0.910057470703125 0.70627802734375 0.89454023046875 0.705156951171875 0.8905172421875 0.6995515703125 0.864080458984375 0.6894618828125 0.83189655078125 0.6434977578125 0.82528735546875 0.65078475390625 0.827011494140625 0.658632287109375 0.8198275859375 0.670403587890625 0.79971264453125 0.66928251171875 0.7198275859375 0.651345291015625 0.714942529296875 0.642937220703125 0.714080458984375 0.631165919921875 0.7066091953125 0.63228699609375 0.7037356328125 0.626681615234375 0.693965517578125 0.6255605390625 0.678160919921875 0.635089685546875 0.682471263671875 0.642376681640625 0.688793103515625 0.64125560546875 0.69310344921875 0.656390134765625 0.692528736328125 0.76625560546875 0.689942529296875 0.774663677734375 0.686494251953125 0.776905830078125 0.682183908203125 0.77073991015625 0.681034482421875 0.760650224609375 0.681034482421875 0.670964125 0.683333333984375 0.64630044921875 0.67241379296875 0.63621076171875 0.672988505859375 0.612668162109375 0.67097701171875 0.610986546875 0.6669540234375 0.614349775390625 0.658333333984375 0.612107623046875 0.654885056640625 0.6345291484375 0.652011494140625 0.61771300390625 0.63936781640625 0.618834080078125 0.63189655078125 0.63228699609375 0.612356322265625 0.628923767578125 0.59224137890625 0.6479820625 0.58189655078125 0.649103138671875 0.558333333984375 0.663677130859375 0.54856321875 0.663677130859375 0.54597701171875 0.6664798203125 0.545114943359375 0.674887892578125 0.541666666015625 0.667040359375 0.53563218359375 0.67320627734375 0.5448275859375 0.6855381171875 0.551724138671875 0.716928251953125 0.55114942578125 0.751681615234375 0.54597701171875 0.767376681640625 0.54310344921875 0.788677130859375 0.557183908203125 0.809417041015625 0.565229884765625 0.8284753359375 0.5778735625 0.8374439453125 0.59224137890625 0.85874439453125 0.59971264453125 0.887892376953125 0.610057470703125 0.892376681640625 0.61580459765625 0.901345291015625 0.62356321875 0.89630044921875 0.618965517578125 0.87724215234375 0.61954023046875 0.866031390625 0.6287356328125 0.857062779296875 0.631034482421875 0.8424887890625 0.637356322265625 0.834641255859375 0.6433908046875 0.8105381171875 0.65775862109375 0.807174888671875 0.6698275859375 0.811659193359375 0.678448275390625 0.809417041015625 0.684770115234375 0.804932736328125 0.686206896484375 0.79428251171875 0.6905172421875 0.790358744140625 0.739942529296875 0.807174888671875 0.8169540234375 0.825112107421875 0.8330459765625 0.825112107421875 0.8344827578125 0.817825111328125 0.83275862109375 0.797645740234375 0.820114943359375 0.697869955078125 0.821551724609375 0.681614349609375 0.8301724140625 0.68273542578125 0.8419540234375 0.75728699609375 0.84856321875 0.766816142578125 0.858908046875 0.772421525390625 0.861494251953125 0.77970851953125 0.870689654296875 0.84697309375 0.867528736328125 0.857623318359375 0.7962643671875 0.838565021484375 0.782471263671875 0.838565021484375 0.75028735546875 0.827354259765625 0.733620689453125 0.827354259765625 0.72614942578125 0.82174887890625 0.697701150390625 0.8189461875 0.702298849609375 0.823430494140625 0.70919540234375 0.8424887890625 0.710919541015625 0.87275784765625 0.713218390625 0.880605380859375 0.709770115234375 0.895179373046875 0.71580459765625 0.90022421484375 0.71810344921875 0.913677130859375 0.72614942578125 0.91928251171875 0.74310344921875 0.950112107421875 0.739655171875 0.99495515625 0.75919540234375 0.998318384765625 0.7683908046875 0.99495515625 0.7655172421875 0.987107623046875 0.770114943359375 0.9815022421875 0.766666666015625 0.932174888671875
0 0.563218390625 0.78979820703125 0.56206896484375 0.674327353515625 0.564655171875 0.66928251171875 0.5933908046875 0.66928251171875 0.602011494140625 0.665919283203125 0.604310345703125 0.660313900390625 0.60775862109375 0.667040359375 0.6080459765625 0.65975336328125 0.603160919921875 0.656950671875 0.602011494140625 0.649103138671875 0.59454023046875 0.644618833984375 0.580747126953125 0.644618833984375 0.575 0.653587443359375 0.563505748046875 0.653587443359375 0.557183908203125 0.660313900390625 0.54856321875 0.658071748046875 0.546551724609375 0.65302690625 0.54885057421875 0.635089685546875 0.5566091953125 0.621076232421875 0.576724138671875 0.61995515625 0.58132183984375 0.61322869921875 0.592816091796875 0.607623318359375 0.59310344921875 0.584641255859375 0.5801724140625 0.577354259765625 0.567528736328125 0.58520179296875 0.561206896484375 0.6020179375 0.545114943359375 0.5975336328125 0.538218390625 0.603139013671875 0.527298849609375 0.60426008984375 0.510344828125 0.58127802734375 0.512643677734375 0.5689461875 0.520689654296875 0.558856501953125 0.51867816015625 0.554932736328125 0.50775862109375 0.549327353515625 0.49224137890625 0.5504484296875 0.4919540234375 0.56670403515625 0.479310345703125 0.58576233203125 0.48275862109375 0.59921524609375 0.4816091953125 0.619394619140625 0.476724138671875 0.628923767578125 0.466091953125 0.63621076171875 0.48936781640625 0.6524663671875 0.5066091953125 0.69618833984375 0.511206896484375 0.69618833984375 0.514655171875 0.68721973046875 0.525574712890625 0.674887892578125 0.5330459765625 0.674887892578125 0.5433908046875 0.68721973046875 0.551724138671875 0.716928251953125 0.550574712890625 0.75728699609375 0.545402298828125 0.76625560546875 0.544252873046875 0.7875560546875 0.569252873046875 0.832959640625 0.5778735625 0.836322869140625 0.587643677734375 0.850896861328125 0.59310344921875 0.852578474609375 0.59367816015625 0.82679372265625 0.578448275390625 0.82174887890625 0.577011494140625 0.795403587890625 0.563218390625 0.78979820703125
0 0.492816091796875 0.9439461875 0.4844827578125 0.94226457421875 0.4844827578125 0.915358744140625 0.47758620703125 0.910874439453125 0.47643678125 0.901905830078125 0.4787356328125 0.889573990234375 0.46867816015625 0.86322869921875 0.4537356328125 0.8520179375 0.414655171875 0.8520179375 0.410344828125 0.843609865234375 0.412643677734375 0.820067263671875 0.407471263671875 0.809977578125 0.407471263671875 0.780829595703125 0.42902298828125 0.75 0.442816091796875 0.742152466796875 0.4448275859375 0.735986546875 0.44367816015625 0.7124439453125 0.43132183984375 0.70179372265625 0.424137931640625 0.725896861328125 0.419252873046875 0.733183857421875 0.411781609375 0.739910314453125 0.39971264453125 0.73430493359375 0.392528736328125 0.7124439453125 0.391379310546875 0.69674887890625 0.396551724609375 0.688901345703125 0.397701150390625 0.67320627734375 0.40114942578125 0.665358744140625 0.392816091796875 0.653587443359375 0.3801724140625 0.660313900390625 0.373275861328125 0.65919282421875 0.36954023046875 0.642937220703125 0.375862068359375 0.625 0.37385057421875 0.612107623046875 0.357183908203125 0.605381166015625 0.35143678125 0.614349775390625 0.345114943359375 0.614349775390625 0.337643677734375 0.596412556640625 0.3301724140625 0.591928251953125 0.322988505859375 0.58127802734375 0.3183908046875 0.561098654296875 0.3221264375 0.544843048828125 0.3330459765625 0.538116591796875 0.339942529296875 0.540358744140625 0.344252873046875 0.547645740234375 0.34597701171875 0.57679372265625 0.35402298828125 0.586883408203125 0.357183908203125 0.6020179375 0.361494251953125 0.5745515703125 0.361206896484375 0.56278026953125 0.377298849609375 0.561659193359375 0.385057470703125 0.573430494140625 0.386206896484375 0.5924887890625 0.388793103515625 0.59529148046875 0.399425287109375 0.589125560546875 0.404597701171875 0.558856501953125 0.400862068359375 0.55269058203125 0.385919541015625 0.547085201171875 0.385919541015625 0.533632287109375 0.361781609375 0.549327353515625 0.34856321875 0.545964125 0.34367816015625 0.5375560546875 0.34310344921875 0.5184977578125 0.34856321875 0.50672645703125 0.352298849609375 0.50504484375 0.3462643671875 0.503363228515625 0.34224137890625 0.496636771484375 0.31867816015625 0.508968609375 0.297988505859375 0.507847533203125 0.291091953125 0.501121076171875 0.278448275390625 0.50224215234375 0.266666666015625 0.491591927734375 0.264942529296875 0.466928251953125 0.26293103515625 0.464125560546875 0.2433908046875 0.468609865234375 0.235919541015625 0.47869955078125 0.23132183984375 0.479820626953125 0.203160919921875 0.473094169921875 0.183620689453125 0.4865470859375 0.17241379296875 0.514013453125 0.187643677734375 0.52802690625 0.188505748046875 0.5375560546875 0.19224137890625 0.54372197265625 0.2066091953125 0.54820627734375 0.20919540234375 0.55100896875 0.211206896484375 0.56278026953125 0.21810344921875 0.565022421875 0.22643678125 0.55100896875 0.228160919921875 0.536434978515625 0.23189655078125 0.533632287109375 0.2471264375 0.55325112109375 0.249425287109375 0.567825111328125 0.2594827578125 0.589686099609375 0.2698275859375 0.594170404296875 0.282471263671875 0.61771300390625 0.286494251953125 0.612107623046875 0.30143678125 0.61771300390625 0.310057470703125 0.6244394609375 0.315229884765625 0.635650224609375 0.322701150390625 0.642376681640625 0.3287356328125 0.65975336328125 0.329310345703125 0.67881166015625 0.32471264453125 0.70123318359375 0.311494251953125 0.716928251953125 0.317528736328125 0.735426009765625 0.325574712890625 0.742152466796875 0.3287356328125 0.7270179375 0.338218390625 0.714125560546875 0.353160919921875 0.709641255859375 0.36063218359375 0.714125560546875 0.365229884765625 0.727578474609375 0.37643678125 0.741591927734375 0.383333333984375 0.780829595703125 0.385057470703125 0.8054932734375 0.383908046875 0.8189461875 0.3787356328125 0.830156951171875 0.37356321875 0.85930493359375 0.37528735546875 0.883968609375 0.37356321875 0.941143498046875 0.377298849609375 0.94730941796875 0.389080458984375 0.94899103125 0.3919540234375 0.978139013671875 0.3962643671875 0.9955156953125 0.43275862109375 0.99719730859375 0.491666666015625 0.996636771484375 0.49885057421875 0.98822869921875 0.49597701171875 0.94899103125 0.492816091796875 0.9439461875
0 0.626724138671875 0.9495515703125 0.6169540234375 0.938340806640625 0.611781609375 0.940582958984375 0.5962643671875 0.92825112109375 0.59367816015625 0.932174888671875 0.5948275859375 0.94226457421875 0.60028735546875 0.955156951171875 0.604597701171875 0.957959640625 0.6080459765625 0.971412556640625 0.60258620703125 0.996636771484375 0.64885057421875 0.998318384765625 0.651724138671875 0.99495515625 0.650574712890625 0.985986546875 0.639942529296875 0.94730941796875 0.626724138671875 0.9495515703125
0 0.75114942578125 0.380605380859375 0.748275861328125 0.367152466796875 0.75114942578125 0.34473094140625 0.7221264375 0.325112107421875 0.716091953125 0.33127802734375 0.710344828125 0.383968609375 0.722988505859375 0.4164798203125 0.727011494140625 0.419843048828125 0.736494251953125 0.4125560546875 0.73936781640625 0.3979820625 0.750574712890625 0.39069506640625 0.75114942578125 0.380605380859375
0 0.4537356328125 0.510089685546875 0.475862068359375 0.51177130078125 0.47528735546875 0.498318384765625 0.4844827578125 0.478139013671875 0.485057470703125 0.466928251953125 0.482471263671875 0.45627802734375 0.45545976953125 0.45627802734375 0.446839080078125 0.496636771484375 0.4278735625 0.510089685546875 0.421839080078125 0.52073991015625 0.418965517578125 0.528587443359375 0.431034482421875 0.558856501953125 0.43563218359375 0.56221973046875 0.4448275859375 0.54876681640625 0.444252873046875 0.52073991015625 0.447988505859375 0.514573990234375 0.4537356328125 0.510089685546875
0 0.495114943359375 0.9764573984375 0.496551724609375 0.969170404296875 0.495402298828125 0.956838564453125 0.4905172421875 0.942825111328125 0.479885056640625 0.94226457421875 0.486781609375 0.93329596484375 0.4801724140625 0.918161435546875 0.478160919921875 0.917600896484375 0.475 0.9304932734375 0.46954023046875 0.926569505859375 0.472988505859375 0.91872197265625 0.4683908046875 0.910874439453125 0.470114943359375 0.904147982421875 0.468965517578125 0.894058296875 0.472988505859375 0.88172645703125 0.471839080078125 0.87275784765625 0.4669540234375 0.86322869921875 0.458908046875 0.864349775390625 0.466091953125 0.880605380859375 0.460057470703125 0.88677130078125 0.454310345703125 0.885650224609375 0.4528735625 0.87724215234375 0.454597701171875 0.854820626953125 0.44971264453125 0.8475336328125 0.43936781640625 0.846412556640625 0.436781609375 0.852578474609375 0.43793103515625 0.89630044921875 0.436206896484375 0.91423766796875 0.43189655078125 0.922645740234375 0.42356321875 0.9164798203125 0.4183908046875 0.941143498046875 0.421839080078125 0.94899103125 0.4198275859375 0.954035875 0.411781609375 0.95627802734375 0.40775862109375 0.952914798828125 0.404310345703125 0.957399103515625 0.392816091796875 0.9394618828125 0.38419540234375 0.936098654296875 0.379885056640625 0.941143498046875 0.390229884765625 0.9445067265625 0.391379310546875 0.9725336328125 0.39741379296875 0.996636771484375 0.447701150390625 0.99719730859375 0.493965517578125 0.996636771484375 0.49597701171875 0.993834080078125 0.489655171875 0.97926008984375 0.495114943359375 0.9764573984375
0 0.628160919921875 0.852578474609375 0.6433908046875 0.807174888671875 0.683620689453125 0.8060538125 0.686206896484375 0.80325112109375 0.686206896484375 0.79428251171875 0.6905172421875 0.78923766796875 0.72097701171875 0.79820627734375 0.730747126953125 0.79820627734375 0.733620689453125 0.792600896484375 0.737643677734375 0.801569505859375 0.7471264375 0.79876681640625 0.746839080078125 0.78923766796875 0.7344827578125 0.780829595703125 0.733908046875 0.758408072265625 0.729310345703125 0.758408072265625 0.733333333984375 0.756165919921875 0.7330459765625 0.733183857421875 0.721551724609375 0.729820626953125 0.7169540234375 0.73430493359375 0.7094827578125 0.732062779296875 0.706034482421875 0.7264573984375 0.7028735625 0.764013453125 0.69741379296875 0.758968609375 0.69367816015625 0.762892376953125 0.69367816015625 0.77073991015625 0.691091953125 0.77578475390625 0.682183908203125 0.7729820625 0.679885056640625 0.674327353515625 0.683620689453125 0.65470851953125 0.691091953125 0.651345291015625 0.6962643671875 0.655829595703125 0.69856321875 0.681614349609375 0.701724138671875 0.665358744140625 0.698275861328125 0.642937220703125 0.70258620703125 0.639013453125 0.70402298828125 0.651905830078125 0.710919541015625 0.656390134765625 0.711206896484375 0.668161435546875 0.70402298828125 0.667600896484375 0.70402298828125 0.69674887890625 0.706034482421875 0.702914798828125 0.710057470703125 0.6995515703125 0.7221264375 0.702914798828125 0.73419540234375 0.69730941796875 0.737356322265625 0.690022421875 0.7344827578125 0.684417041015625 0.736781609375 0.674327353515625 0.74971264453125 0.6715246640625 0.750574712890625 0.665358744140625 0.738793103515625 0.655829595703125 0.720402298828125 0.655829595703125 0.7183908046875 0.658632287109375 0.720114943359375 0.6664798203125 0.71580459765625 0.667040359375 0.716666666015625 0.642937220703125 0.714080458984375 0.63004484375 0.706034482421875 0.635650224609375 0.69856321875 0.6255605390625 0.685057470703125 0.6205156953125 0.6905172421875 0.610986546875 0.69741379296875 0.618834080078125 0.708333333984375 0.616591927734375 0.714080458984375 0.62219730859375 0.7212643671875 0.604820626953125 0.71810344921875 0.594170404296875 0.706034482421875 0.59529148046875 0.70143678125 0.5874439453125 0.6698275859375 0.5784753359375 0.664942529296875 0.582399103515625 0.671551724609375 0.58520179296875 0.67356321875 0.598094169921875 0.6669540234375 0.60874439453125 0.662356322265625 0.609865470703125 0.643965517578125 0.596412556640625 0.63132183984375 0.593049328125 0.6287356328125 0.598094169921875 0.630747126953125 0.612107623046875 0.645114943359375 0.6065022421875 0.649425287109375 0.612668162109375 0.6433908046875 0.618834080078125 0.635344828125 0.616591927734375 0.63132183984375 0.626681615234375 0.621551724609375 0.63004484375 0.6169540234375 0.63004484375 0.611781609375 0.62219730859375 0.6037356328125 0.640134529296875 0.585344828125 0.6524663671875 0.55028735546875 0.660313900390625 0.547701150390625 0.6575112109375 0.546551724609375 0.64630044921875 0.54885057421875 0.632847533203125 0.5537356328125 0.62219730859375 0.577298849609375 0.61771300390625 0.591091953125 0.60874439453125 0.594252873046875 0.604820626953125 0.594252873046875 0.589125560546875 0.588793103515625 0.581838564453125 0.57614942578125 0.579596412109375 0.56867816015625 0.584080716796875 0.56293103515625 0.598654708984375 0.558908046875 0.6020179375 0.5462643671875 0.598654708984375 0.533620689453125 0.6065022421875 0.525 0.603139013671875 0.510344828125 0.58127802734375 0.515229884765625 0.566143498046875 0.52356321875 0.558856501953125 0.51436781640625 0.543161435546875 0.5278735625 0.538116591796875 0.531034482421875 0.5274663671875 0.525 0.52578475390625 0.52241379296875 0.52073991015625 0.5301724140625 0.519058296875 0.532183908203125 0.512892376953125 0.525574712890625 0.49327354296875 0.510057470703125 0.50224215234375 0.495402298828125 0.521860986328125 0.496551724609375 0.543161435546875 0.490229884765625 0.55100896875 0.4919540234375 0.56670403515625 0.489655171875 0.57230941796875 0.483620689453125 0.58071748828125 0.47528735546875 0.582399103515625 0.482183908203125 0.600336322265625 0.48045976953125 0.6205156953125 0.47614942578125 0.628923767578125 0.4655172421875 0.63621076171875 0.489942529296875 0.651345291015625 0.504597701171875 0.688901345703125 0.510057470703125 0.69618833984375 0.514080458984375 0.68721973046875 0.52902298828125 0.6715246640625 0.542816091796875 0.684977578125 0.552298849609375 0.713565021484375 0.553448275390625 0.7270179375 0.551724138671875 0.758408072265625 0.54597701171875 0.76625560546875 0.54310344921875 0.7875560546875 0.560057470703125 0.809417041015625 0.565229884765625 0.82623318359375 0.58189655078125 0.838565021484375 0.59224137890625 0.855381166015625 0.599425287109375 0.880605380859375 0.59971264453125 0.889013453125 0.607183908203125 0.890134529296875 0.617816091796875 0.90078475390625 0.624137931640625 0.895179373046875 0.617816091796875 0.8794843046875 0.617816091796875 0.867152466796875 0.628160919921875 0.852578474609375
0 0.12471264453125 0.170964125 0.127011494140625 0.176569505859375 0.124137931640625 0.179932736328125 0.12356321875 0.18778026953125 0.13045976953125 0.20571748828125 0.13275862109375 0.20123318359375 0.133908046875 0.176569505859375 0.125574712890625 0.16479820703125 0.12471264453125 0.170964125
0 0.157183908203125 0.116591927734375 0.1551724140625 0.130605380859375 0.161206896484375 0.1345291484375 0.1655172421875 0.14630044921875 0.170689654296875 0.144058296875 0.168965517578125 0.123878923828125 0.165229884765625 0.11771300390625 0.157183908203125 0.116591927734375
0 0.13419540234375 0.05829596484375 0.141379310546875 0.054372197265625 0.141379310546875 0.02073991015625 0.1471264375 0.008408072265625 0.146839080078125 0 0.12241379296875 0.0005605390625 0.121839080078125 0.01625560546875 0.116666666015625 0.038677130859375 0.118965517578125 0.054372197265625 0.113218390625 0.06221973046875 0.110919541015625 0.07118833984375 0.112643677734375 0.089125560546875 0.116379310546875 0.0975336328125 0.11954023046875 0.098094169921875 0.125862068359375 0.0924887890625 0.125862068359375 0.07679372265625 0.129310345703125 0.067825111328125 0.13419540234375 0.05829596484375
0 0.212643677734375 0.42881166015625 0.210919541015625 0.389573990234375 0.208908046875 0.3845291484375 0.1962643671875 0.390134529296875 0.191666666015625 0.387892376953125 0.189655171875 0.383968609375 0.19080459765625 0.371636771484375 0.20028735546875 0.366591927734375 0.207183908203125 0.373318384765625 0.21293103515625 0.37219730859375 0.2155172421875 0.376121076171875 0.21580459765625 0.394618833984375 0.217816091796875 0.383968609375 0.216666666015625 0.375 0.22241379296875 0.348094169921875 0.215229884765625 0.338565021484375 0.19971264453125 0.339686099609375 0.1933908046875 0.344170404296875 0.179597701171875 0.341928251953125 0.17528735546875 0.3054932734375 0.1721264375 0.3004484296875 0.16724137890625 0.315582958984375 0.1712643671875 0.33127802734375 0.170689654296875 0.34473094140625 0.17356321875 0.366031390625 0.18189655078125 0.373318384765625 0.183333333984375 0.376121076171875 0.1816091953125 0.382847533203125 0.189655171875 0.39630044921875 0.194252873046875 0.420964125 0.189655171875 0.42881166015625 0.191379310546875 0.43778026953125 0.1971264375 0.445627802734375 0.1962643671875 0.42600896875 0.206034482421875 0.4439461875 0.210919541015625 0.436659193359375 0.212643677734375 0.42881166015625