1 0.8896484375 0.583984375 0.08984375 0.275390625
1 0.1611328125 0.6884765625 0.0986328125 0.142578125
1 0.5615234375 0.8671875 0.1015625 0.177734375
1 0.5927734375 0.3671875 0.080078125 0.0927734375
1 0.7646484375 0.609375 0.087890625 0.1650390625
1 0.9580078125 0.1259765625 0.0810546875 0.181640625
1 0.9287109375 0.33984375 0.0888671875 0.29296875
1 0.6845703125 0.0322265625 0.080078125 0.064453125
1 0.5498046875 0.455078125 0.103515625 0.1103515625
1 0.421875 0.802734375 0.0830078125 0.1181640625
1 0.62109375 0.9287109375 0.087890625 0.142578125
1 0.6416015625 0.154296875 0.0625 0.087890625
1 0.7890625 0.283203125 0.05078125 0.0908203125
0 0.18865121875 0.589887640625 0.18657159765625 0.596067416015625 0.187165775390625 0.614044943359375 0.184491978515625 0.62022471875 0.170528818359375 0.62191011328125 0.1726084375 0.631460673828125 0.180629828125 0.63202247265625 0.19904931640625 0.626404494140625 0.202020201171875 0.619662921875 0.200534759765625 0.589887640625 0.18865121875 0.589887640625
0 0.1117052890625 0.49719101171875 0.111111111328125 0.483707865234375 0.108437314453125 0.47752808984375 0.1019013671875 0.4752808984375 0.09625668359375 0.493820224609375 0.10338680859375 0.518539326171875 0.1027926328125 0.5443820234375 0.09982174609375 0.556741572265625 0.11408199609375 0.57022471875 0.117052880859375 0.579213482421875 0.11942958984375 0.61741573046875 0.125965537109375 0.628651685546875 0.14973262109375 0.610674158203125 0.150920974609375 0.5646067421875 0.133986927734375 0.531460673828125 0.1117052890625 0.49719101171875
0 0.14081996484375 0.861235955078125 0.148544265625 0.861235955078125 0.146761734375 0.87696629296875 0.14943553125 0.87977528125 0.150326796875 0.861235955078125 0.155674390625 0.8544943828125 0.155674390625 0.8353932578125 0.162210337890625 0.82303370703125 0.163398693359375 0.7904494375 0.168152109375 0.779213482421875 0.164884134765625 0.76741573046875 0.161319072265625 0.774157302734375 0.159239453125 0.771348314453125 0.162804515625 0.7646067421875 0.161616162109375 0.75 0.169043375 0.741573033203125 0.171717171875 0.76797752734375 0.176767677734375 0.77191011328125 0.178253119140625 0.75786516796875 0.182412359375 0.74775280859375 0.173796791015625 0.723595505859375 0.157754009765625 0.710112359375 0.141117052734375 0.7146067421875 0.12032085546875 0.70224719140625 0.103089720703125 0.719101123046875 0.09625668359375 0.739887640625 0.093285798828125 0.74213483203125 0.0992275703125 0.743258427734375 0.101307189453125 0.7651685390625 0.108437314453125 0.766292134765625 0.11051693359375 0.756741572265625 0.10338680859375 0.748876404296875 0.10606060546875 0.735955056640625 0.12566844921875 0.7348314609375 0.13279857421875 0.72247191015625 0.148247177734375 0.72247191015625 0.15329768359375 0.73202247265625 0.153891859375 0.741011236328125 0.14884135546875 0.753932583984375 0.141117052734375 0.7550561796875 0.133392751953125 0.748314607421875 0.13190730859375 0.756741572265625 0.126856802734375 0.761797751953125 0.1125965546875 0.764044943359375 0.114676173828125 0.779213482421875 0.10695187109375 0.791573033203125 0.10873440234375 0.80730337109375 0.117052880859375 0.830898876953125 0.11942958984375 0.853370787109375 0.12477718359375 0.8747191015625 0.124183005859375 0.88258426953125 0.139334521484375 0.8853932578125 0.142008318359375 0.900561796875 0.145573380859375 0.8904494375 0.14081996484375 0.875842697265625 0.14260249609375 0.86797752734375 0.14081996484375 0.861235955078125
0 0.259061201171875 1 0.2620320859375 0.9949438203125 0.257872845703125 0.98707865234375 0.259655376953125 0.971348314453125 0.250148544921875 0.95786516796875 0.255496138671875 0.9353932578125 0.252822341796875 0.925842697265625 0.2379679140625 0.915730337890625 0.2219251328125 0.911235955078125 0.19637551953125 0.89213483203125 0.188948306640625 0.881460673828125 0.18508615625 0.864044943359375 0.17944147265625 0.86797752734375 0.172905525390625 0.90730337109375 0.160724896484375 0.92247191015625 0.15418894921875 0.9247191015625 0.137551990234375 0.91235955078125 0.132501486328125 0.92752808984375 0.13992869921875 0.9348314609375 0.140522875 0.94269662890625 0.155674390625 0.95 0.15329768359375 0.973595505859375 0.14943553125 0.96292134765625 0.14438502734375 0.979213482421875 0.14438502734375 0.98707865234375 0.148247177734375 0.9955056171875 0.155377302734375 0.9955056171875 0.161319072265625 0.986516853515625 0.164884134765625 0.986516853515625 0.19102792578125 1 0.259061201171875 1
0 0.675282234375 0.515730337890625 0.6868686875 0.49269662890625 0.68865121875 0.42977528125 0.697860962890625 0.4146067421875 0.705882353515625 0.408426966796875 0.70707070703125 0.393820224609375 0.704693998046875 0.385955056640625 0.711229947265625 0.379213482421875 0.711824123046875 0.3556179765625 0.718954248046875 0.334269662109375 0.72133095703125 0.314044943359375 0.718062982421875 0.231460673828125 0.70261437890625 0.230337078125 0.69815805078125 0.238764044921875 0.69578134375 0.2556179765625 0.69043375 0.269101123046875 0.69043375 0.2848314609375 0.695187166015625 0.300561796875 0.693404634765625 0.319662921875 0.67795603125 0.348876404296875 0.678847296875 0.353932583984375 0.682412359375 0.35280898828125 0.68657159765625 0.3449438203125 0.689839572265625 0.356741572265625 0.6868686875 0.385955056640625 0.681818181640625 0.388764044921875 0.672905525390625 0.38202247265625 0.658645275390625 0.37977528125 0.64973262109375 0.3853932578125 0.63903743359375 0.408988763671875 0.625965537109375 0.410112359375 0.619726677734375 0.418539326171875 0.61853832421875 0.43202247265625 0.633392751953125 0.448876404296875 0.63458110546875 0.463483146484375 0.626856802734375 0.473595505859375 0.62388591796875 0.499438203125 0.619132501953125 0.5050561796875 0.62566844921875 0.53764044921875 0.616458705078125 0.549438203125 0.6081402265625 0.548314607421875 0.608437314453125 0.553370787109375 0.61229946484375 0.558426966796875 0.624183005859375 0.558426966796875 0.651812240234375 0.571348314453125 0.662507427734375 0.54775280859375 0.664289958984375 0.52752808984375 0.662507427734375 0.51741573046875 0.675282234375 0.515730337890625
0 0.45484254296875 0.974157302734375 0.466726083984375 0.988764044921875 0.469399880859375 0.980337078125 0.468805703125 0.9556179765625 0.47177658984375 0.94775280859375 0.47355912109375 0.924157302734375 0.470588234375 0.881460673828125 0.472370765625 0.851123595703125 0.497920380859375 0.824157302734375 0.502079619140625 0.799438203125 0.510101009765625 0.778651685546875 0.51841948828125 0.776404494140625 0.573083779296875 0.8044943828125 0.5814022578125 0.803370787109375 0.596850861328125 0.8146067421875 0.6134878203125 0.81235955078125 0.619726677734375 0.824157302734375 0.619726677734375 0.838764044921875 0.624183005859375 0.839325841796875 0.626262626953125 0.800561796875 0.631313130859375 0.7955056171875 0.63547237109375 0.8 0.639334521484375 0.793820224609375 0.63992869921875 0.7848314609375 0.636066546875 0.77977528125 0.631313130859375 0.791011236328125 0.62745098046875 0.78707865234375 0.625074271484375 0.77247191015625 0.617349970703125 0.763483146484375 0.61497326171875 0.74213483203125 0.618241236328125 0.72696629296875 0.62834224609375 0.716853931640625 0.63992869921875 0.72752808984375 0.642899583984375 0.75 0.63814616796875 0.763483146484375 0.63903743359375 0.768539326171875 0.659833630859375 0.768539326171875 0.66191325 0.760112359375 0.666963755859375 0.758426966796875 0.670528818359375 0.748314607421875 0.672014259765625 0.75786516796875 0.669043375 0.7646067421875 0.673202615234375 0.773595505859375 0.673796791015625 0.7949438203125 0.678253119140625 0.796629212890625 0.68300653515625 0.791011236328125 0.690730837890625 0.798876404296875 0.69102792578125 0.793820224609375 0.68746286328125 0.791573033203125 0.680926916015625 0.773595505859375 0.68033273828125 0.7646067421875 0.68508615625 0.7455056171875 0.69578134375 0.734269662109375 0.702317291015625 0.711797751953125 0.693107546875 0.708988763671875 0.69013666015625 0.71235955078125 0.68657159765625 0.698876404296875 0.68389780078125 0.711797751953125 0.68746286328125 0.718539326171875 0.68746286328125 0.728651685546875 0.682412359375 0.735955056640625 0.679144384765625 0.720786517578125 0.680926916015625 0.71292134765625 0.679144384765625 0.68258426953125 0.668152109375 0.67303370703125 0.663992869140625 0.674157302734375 0.659833630859375 0.68764044921875 0.65597148046875 0.68258426953125 0.65597148046875 0.61741573046875 0.6512180625 0.5949438203125 0.600415923828125 0.574157302734375 0.59625668359375 0.57977528125 0.591503267578125 0.57977528125 0.5885323828125 0.57303370703125 0.5858585859375 0.575842697265625 0.581699345703125 0.593820224609375 0.589720736328125 0.6 0.5929887109375 0.6095505625 0.584373142578125 0.6146067421875 0.579916814453125 0.636516853515625 0.5724896015625 0.64719101171875 0.56476530078125 0.646067416015625 0.558823529296875 0.623595505859375 0.553475935546875 0.6247191015625 0.549316697265625 0.610112359375 0.544563279296875 0.61235955078125 0.532976826171875 0.639887640625 0.528817587890625 0.673595505859375 0.53000594140625 0.70280898828125 0.5106951875 0.71797752734375 0.50534759375 0.713483146484375 0.490493166015625 0.72808988671875 0.48781937109375 0.73764044921875 0.494355318359375 0.74213483203125 0.492275697265625 0.7449438203125 0.486333927734375 0.7404494375 0.4821746875 0.746067416015625 0.48068924609375 0.74213483203125 0.48603683984375 0.738764044921875 0.484551396484375 0.73258426953125 0.47682709375 0.731460673828125 0.460487224609375 0.71741573046875 0.460487224609375 0.6747191015625 0.464052287109375 0.66797752734375 0.462566845703125 0.66292134765625 0.459001783203125 0.6595505625 0.44771241796875 0.666292134765625 0.447415330078125 0.673595505859375 0.451574568359375 0.67696629296875 0.451574568359375 0.6848314609375 0.44771241796875 0.683146068359375 0.4444444453125 0.69719101171875 0.44592988671875 0.701123595703125 0.45127748046875 0.701123595703125 0.451574568359375 0.706179775390625 0.4435531796875 0.7056179765625 0.4390968515625 0.71292134765625 0.4373143203125 0.719662921875 0.440285205078125 0.7252808984375 0.439393939453125 0.73258426953125 0.4373143203125 0.730898876953125 0.43701723046875 0.721348314453125 0.424539513671875 0.71235955078125 0.415626857421875 0.716853931640625 0.412061794921875 0.711235955078125 0.405822935546875 0.72191011328125 0.40463458203125 0.736516853515625 0.406714201171875 0.74269662890625 0.4168152109375 0.749438203125 0.444741533203125 0.7651685390625 0.462566845703125 0.769662921875 0.464052287109375 0.779213482421875 0.460487224609375 0.801685392578125 0.44058229296875 0.861797751953125 0.42810457421875 0.856179775390625 0.423351158203125 0.846067416015625 0.412061794921875 0.838202248046875 0.392453951171875 0.830337078125 0.389780154296875 0.8455056171875 0.3909685078125 0.853370787109375 0.384432560546875 0.86235955078125 0.38324420703125 0.888202248046875 0.377302435546875 0.906179775390625 0.376708259765625 0.918539326171875 0.371954841796875 0.926404494140625 0.37254901953125 0.94213483203125 0.369578134765625 0.965730337890625 0.37522281640625 0.97977528125 0.38591800390625 0.98202247265625 0.39661319140625 0.996629212890625 0.44860368359375 0.998314607421875 0.459893048828125 0.9949438203125 0.45929887109375 0.988202248046875 0.45216874609375 0.979213482421875 0.45484254296875 0.974157302734375
0 0.76708258984375 0.86797752734375 0.7655971484375 0.8595505625 0.756387404296875 0.851123595703125 0.757278669921875 0.84269662890625 0.7709447421875 0.850561796875 0.78045157421875 0.866292134765625 0.784313724609375 0.82191011328125 0.788175876953125 0.808988763671875 0.800653595703125 0.8044943828125 0.80778371875 0.81235955078125 0.82144979296875 0.81235955078125 0.8238265 0.815730337890625 0.827688650390625 0.808426966796875 0.831847890625 0.77808988671875 0.817290552734375 0.7404494375 0.81134878125 0.738202248046875 0.80778371875 0.743820224609375 0.78579916796875 0.7404494375 0.782531193359375 0.75786516796875 0.7736185390625 0.763483146484375 0.780154486328125 0.77247191015625 0.77421271484375 0.779213482421875 0.7736185390625 0.793820224609375 0.764111705078125 0.816292134765625 0.7602495546875 0.823595505859375 0.753713607421875 0.825842697265625 0.7495543671875 0.833707865234375 0.737670826171875 0.84269662890625 0.721628044921875 0.835955056640625 0.710338681640625 0.8247191015625 0.70528817578125 0.81292134765625 0.70261437890625 0.7943820234375 0.690730837890625 0.788764044921875 0.682412359375 0.77303370703125 0.675876412109375 0.77977528125 0.663398693359375 0.770786517578125 0.637849078125 0.76741573046875 0.62745098046875 0.78707865234375 0.62477718359375 0.79775280859375 0.608437314453125 0.801685392578125 0.616161615234375 0.816292134765625 0.617944146484375 0.83202247265625 0.616161615234375 0.838764044921875 0.62299465234375 0.84269662890625 0.628639333984375 0.853370787109375 0.630421865234375 0.86797752734375 0.62834224609375 0.876404494140625 0.643196671875 0.883146068359375 0.65062388671875 0.858988763671875 0.656268568359375 0.858426966796875 0.658942365234375 0.861235955078125 0.65656565625 0.893820224609375 0.665181224609375 0.903370787109375 0.669934640625 0.915730337890625 0.688057041015625 0.91292134765625 0.682709447265625 0.908426966796875 0.680926916015625 0.889325841796875 0.68835412890625 0.876404494140625 0.695187166015625 0.88258426953125 0.694295900390625 0.91235955078125 0.70617944140625 0.915730337890625 0.715686275390625 0.9 0.7245989296875 0.903370787109375 0.73291741015625 0.9 0.736779560546875 0.906179775390625 0.73559120703125 0.92752808984375 0.7379679140625 0.92977528125 0.743018419921875 0.916853931640625 0.751039810546875 0.911797751953125 0.753416517578125 0.8904494375 0.76708258984375 0.86797752734375
0 1 0.893820224609375 0.991681521484375 0.8904494375 0.988413546875 0.866292134765625 0.976530005859375 0.86292134765625 0.96821152734375 0.853932583984375 0.96108140234375 0.853932583984375 0.94503862109375 0.841573033203125 0.922459892578125 0.839325841796875 0.914438501953125 0.848876404296875 0.90552584765625 0.924157302734375 0.918003564453125 0.951123595703125 0.921568626953125 0.97696629296875 0.9257278671875 0.98707865234375 0.925133689453125 0.993820224609375 0.9310754609375 0.999438203125 0.937611408203125 0.9949438203125 0.941176470703125 0.97808988671875 0.94949494921875 0.965730337890625 0.95306001171875 0.94775280859375 0.96108140234375 0.941573033203125 0.96999405859375 0.92247191015625 0.98781937109375 0.9146067421875 1 0.92191011328125 1 0.893820224609375
0 1 0.619662921875 0.997029115234375 0.61741573046875 0.999405822265625 0.60730337109375 0.99821746875 0.56797752734375 0.989898990234375 0.534269662109375 0.990493166015625 0.5252808984375 0.986333927734375 0.503932583984375 0.988116458984375 0.44213483203125 0.995840759765625 0.381460673828125 1 0.365730337890625 0.999702912109375 0.231460673828125 0.99465240625 0.2455056171875 0.98871063671875 0.27696629296875 0.98692810546875 0.3050561796875 0.980986333984375 0.338764044921875 0.979203802734375 0.3747191015625 0.96375519921875 0.4848314609375 0.959001783203125 0.501685392578125 0.959001783203125 0.5353932578125 0.953654189453125 0.561235955078125 0.953654189453125 0.588202248046875 0.950089126953125 0.61741573046875 0.9435531796875 0.6443820234375 0.942959001953125 0.66797752734375 0.930481283203125 0.716292134765625 0.930481283203125 0.7252808984375 0.93790849609375 0.733707865234375 0.96197266796875 0.743258427734375 0.96969696875 0.734269662109375 0.970291146484375 0.70280898828125 0.9750445625 0.68707865234375 0.975638740234375 0.671348314453125 0.982768865234375 0.653370787109375 0.984551396484375 0.62977528125 0.98781937109375 0.6247191015625 1 0.626404494140625 1 0.619662921875
0 0.7745098046875 0 0.769459298828125 0.00730337109375 0.764111705078125 0.02303370703125 0.7682709453125 0.0443820234375 0.7682709453125 0.05786516796875 0.7620320859375 0.0595505625 0.759952466796875 0.07247191015625 0.752525251953125 0.086516853515625 0.744800951171875 0.091011236328125 0.738562091796875 0.100561796875 0.7308377890625 0.130898876953125 0.720736779296875 0.148876404296875 0.724301841796875 0.161235955078125 0.72489601953125 0.180337078125 0.72133095703125 0.19269662890625 0.722519310546875 0.200561796875 0.71954842578125 0.206179775390625 0.718360072265625 0.224157302734375 0.722519310546875 0.2353932578125 0.737670826171875 0.210112359375 0.743018419921875 0.210112359375 0.7531194296875 0.219101123046875 0.7593582890625 0.189325841796875 0.769459298828125 0.17808988671875 0.7477718359375 0.17303370703125 0.747474748046875 0.156741572265625 0.7495543671875 0.151685392578125 0.7584670234375 0.14719101171875 0.77332144921875 0.156179775390625 0.787878787109375 0.139887640625 0.793226380859375 0.110674158203125 0.78134283984375 0.083707865234375 0.78312537109375 0.02752808984375 0.78669043359375 0.01292134765625 0.795306001953125 0 0.7745098046875 0
0 0.85204991015625 0.381460673828125 0.85204991015625 0.36797752734375 0.84670231640625 0.35786516796875 0.851752822265625 0.333707865234375 0.84759358203125 0.33258426953125 0.846108140625 0.346629212890625 0.84343434375 0.349438203125 0.83986928125 0.34719101171875 0.835710041015625 0.335955056640625 0.830956625 0.33707865234375 0.819073083984375 0.32808988671875 0.81491384375 0.319101123046875 0.8060011875 0.32808988671875 0.79649435546875 0.32696629296875 0.793226380859375 0.33764044921875 0.788770052734375 0.341573033203125 0.76975638671875 0.330337078125 0.766785501953125 0.321348314453125 0.7620320859375 0.31797752734375 0.7486631015625 0.320786517578125 0.7468805703125 0.33764044921875 0.7397504453125 0.35224719140625 0.7379679140625 0.365730337890625 0.738562091796875 0.385955056640625 0.7344028515625 0.401685392578125 0.7344028515625 0.416292134765625 0.737670826171875 0.429213482421875 0.745395126953125 0.425842697265625 0.76084373046875 0.42808988671875 0.7691622109375 0.419101123046875 0.7762923359375 0.431460673828125 0.79649435546875 0.431460673828125 0.801247771484375 0.4404494375 0.803327390625 0.43764044921875 0.801544861328125 0.4151685390625 0.803921568359375 0.403932583984375 0.81075460546875 0.396629212890625 0.816696375 0.396629212890625 0.823529412109375 0.408426966796875 0.823529412109375 0.438764044921875 0.828282828125 0.443258427734375 0.833036244140625 0.4353932578125 0.841948900390625 0.3848314609375 0.84759358203125 0.3752808984375 0.85204991015625 0.381460673828125
0 0.97266785546875 0.000561796875 0.94682115234375 0 0.94592988671875 0.03764044921875 0.97534165234375 0.02696629296875 0.97682709375 0.02303370703125 0.973856208984375 0.016292134765625 0.97266785546875 0.000561796875