1 0.4150390625 0.845703125 0.220703125 0.30859375
1 0.58203125 0.724609375 0.26171875 0.33203125
1 0.8330078125 0.7783203125 0.201171875 0.3046875
1 0.7294921875 0.919921875 0.115234375 0.16015625
1 0.21875 0.5751953125 0.203125 0.20703125
1 0.078125 0.56640625 0.15625 0.25
1 0.0107421875 0.5029296875 0.021484375 0.173828125
1 0.2626953125 0.337890625 0.1953125 0.205078125
1 0.33984375 0.3837890625 0.09765625 0.12109375
1 0.4697265625 0.4287109375 0.123046875 0.134765625
1 0.8681640625 0.451171875 0.14453125 0.25390625
1 0.96875 0.4775390625 0.0625 0.263671875
1 0.890625 0.1943359375 0.21875 0.271484375
1 0.15234375 0.16015625 0.19921875 0.16015625
1 0.7880859375 0.34765625 0.10546875 0.13671875
1 0.66015625 0.3203125 0.099609375 0.072265625
1 0.5908203125 0.25 0.091796875 0.06640625
1 0.673828125 0.052734375 0.126953125 0.076171875
1 0.09765625 0.044921875 0.04296875 0.08984375
1 0.5419921875 0.31640625 0.1015625 0.0859375
1 0.08984375 0.2685546875 0.123046875 0.130859375
0 0.904892015625 1 0.906112576171875 0.994257716796875 0.8804097734375 0.98102408203125 0.876146513671875 0.962987525390625 0.878119771484375 0.930516638671875 0.87471646875 0.9249967421875 0.812902626953125 0.907746513671875 0.829640439453125 0.936657197265625 0.820151892578125 0.953141146484375 0.796155146484375 0.930224892578125 0.797118677734375 0.917410615234375 0.792368064453125 0.911604337890625 0.78937088671875 0.895892541015625 0.782263232421875 0.90945648828125 0.7721934296875 0.912112591796875 0.765760935546875 0.96556251171875 0.753961548828125 0.994574357421875 0.753007720703125 1 0.804548830078125 1 0.8120345078125 0.986361701171875 0.824728880859375 0.9746704609375 0.829828248046875 0.988773447265625 0.82975244921875 1 0.904892015625 1
0 0.6635216015625 1 0.673772705078125 0.961084537109375 0.67314525 0.954099017578125 0.68415473046875 0.922178412109375 0.6821449375 0.910102564453125 0.674223525390625 0.90430752734375 0.6679519765625 0.91393790625 0.663631341796875 0.91438995703125 0.651922845703125 0.889974361328125 0.643211525390625 0.88127056640625 0.638867037109375 0.865272388671875 0.630666921875 0.860788541015625 0.62711233984375 0.847699123046875 0.61470784375 0.846432896484375 0.61193199609375 0.847898517578125 0.616322681640625 0.85705436328125 0.6133732109375 0.874243021484375 0.59905282421875 0.886959072265625 0.59386105859375 0.8865407421875 0.592188845703125 0.894407880859375 0.596974486328125 0.905018107421875 0.57814866796875 0.9455555234375 0.57971580078125 0.9232765390625 0.5725142421875 0.910782361328125 0.575696216796875 0.899124841796875 0.574673806640625 0.8906849453125 0.5780532578125 0.8797546171875 0.59014402734375 0.877528083984375 0.587611857421875 0.87287856640625 0.58985264453125 0.85074276953125 0.571479154296875 0.87424595703125 0.563116587890625 0.873838869140625 0.551095869140625 0.885673298828125 0.5495175625 0.919598564453125 0.539831537109375 0.935355322265625 0.540180291015625 0.94365203125 0.5257898515625 0.946760181640625 0.522270298828125 0.93847471484375 0.52326885546875 0.93046438671875 0.5331873828125 0.920238765625 0.54261705078125 0.882500642578125 0.540839759765625 0.87595593359375 0.516471916015625 0.868035529296875 0.4949626484375 0.89635390625 0.47866749609375 0.90179805859375 0.469446478515625 0.92861709375 0.442641873046875 0.981848080078125 0.438714904296875 0.998143748046875 0.4474478828125 1 0.547923630859375 1 0.55135523828125 0.987140232421875 0.55698815625 0.982170611328125 0.58579288671875 0.99240453515625 0.5847955390625 1 0.6635216015625 1
0 0 0.904892017578125 0.24951536328125 0.95792814453125 0.257897849609375 0.946690814453125 0.284656255859375 0.900302158203125 0.291252705078125 0.88251826171875 0.318359865234375 0.8444263125 0.45575266796875 0.61873012109375 0.464637611328125 0.611710880859375 0.474044935546875 0.5972653125 0.5362999296875 0.60912758984375 0.543640087890625 0.601094779296875 0.570678701171875 0.593137716796875 0.600341884765625 0.576145515625 0.6248036328125 0.610124046875 0.6391605546875 0.641954728515625 0.650566494140625 0.65123128515625 0.679928630859375 0.658842830078125 0.68890748046875 0.677881712890625 0.6862478828125 0.682112904296875 0.649916693359375 0.667538322265625 0.64170540234375 0.674700751953125 0.636734966796875 0.69145983984375 0.673263634765625 0.706761611328125 0.6841933984375 0.716622169921875 0.669305939453125 0.78334966015625 0.648239333984375 0.84602287109375 0.659842751953125 0.8560266171875 0.661655068359375 0.867375275390625 0.669332806640625 0.879285451171875 0.6689266796875 0.889477349609375 0.67659173828125 0.873291021484375 0.6908197265625 0.87425962890625 0.69321179296875 0.859693353515625 0.68244448046875 0.84575603515625 0.682571904296875 0.836875326171875 0.6842441171875 0.829008189453125 0.7053584296875 0.7992354296875 0.714764244140625 0.745047078125 0.70419441015625 0.731836953125 0.710674607421875 0.711287484375 0.720070755859375 0.708488193359375 0.723009052734375 0.702945814453125 0.732473748046875 0.670011638671875 0.713720994140625 0.79964251953125 0.7172055234375 0.803124037109375 0.715730787109375 0.8117183671875 0.718157880859375 0.801956037109375 0.72887748828125 0.7829928984375 0.7500395078125 0.786120595703125 0.752328001953125 0.79688525390625 0.75119084765625 0.825422568359375 0.747567720703125 0.842468037109375 0.7529919921875 0.848417505859375 0.75755630078125 0.841850314453125 0.76435989453125 0.773404546875 0.777063935546875 0.710324244140625 0.776482677734375 0.696496396484375 0.78252172265625 0.68133487890625 0.807225640625 0.669455486328125 0.856657333984375 0.662146931640625 0.87549583203125 0.64970601953125 0.88021141796875 0.650708349609375 0.884439654296875 0.66394095703125 0.8903401015625 0.669306423828125 0.89585827734375 0.701314017578125 0.901433822265625 0.714833005859375 0.896068431640625 0.730137712890625 0.89974076953125 0.785735482421875 0.89790761328125 0.8374221640625 0.904121791015625 0.846280392578125 0.917594896484375 0.849144189453125 0.923587744140625 0.840824998046875 0.926956021484375 0.841540947265625 0.93202036328125 0.850839986328125 0.93710705078125 0.83684646875 0.93764575 0.845905802734375 0.979493419921875 0.649027994140625 0.961351111328125 0.643287388671875 0.959363666015625 0.607918984375 0.970929044921875 0.533633216796875 0.955968521484375 0.5112672421875 0.961705013671875 0.4809666875 0.97008992578125 0.45808121875 0.98063440234375 0.415098333984375 0.957416390625 0.406737119140625 0.949146224609375 0.392645373046875 0.924499677734375 0.386036158203125 0.918831732421875 0.386201828125 0.915614734375 0.3930553984375 0.90943708984375 0.428743904296875 0.9075338828125 0.4708226875 0.901518689453125 0.502434431640625 0.901171439453125 0.5338805078125 0.893622634765625 0.552832404296875 0.89594615625 0.56840101171875 0.89211437890625 0.59636556640625 0.883207087890625 0.62667736328125 0.820324634765625 0.607829564453125 0.82006828125 0.58584819921875 0.791658501953125 0.57706865625 0.769939080078125 0.57656333984375 0.7684404921875 0.56870744140625 0.7715524140625 0.547442025390625 0.796751845703125 0.432200509765625 0.7895853125 0.424510283203125 0.782523857421875 0.431231904296875 0.770793013671875 0.430108865234375 0.76387015625 0.416303498046875 0.739781013671875 0.407071904296875 0.726516556640625 0.393289017578125 0.7362472734375 0.3309471484375 0.72606121875 0.3308376796875 0.72406410546875 0.3468583359375 0.71143978125 0.368157474609375 0.699708939453125 0.3670344375 0.673181529296875 0.37921144921875 0.661845640625 0.379542791015625 0.658512388671875 0.383630791015625 0.663298029296875 0.39424101953125 0.6567828046875 0.409986537109375 0.642194890625 0.412367498046875 0.61956930859375 0.4061878515625 0.6157822265625 0.387567296875 0.593911525390625 0.379492462890625 0.567086083984375 0.49575878515625 0.5635330078125 0.522412150390625 0.58852830859375 0.537318076171875 0.578366107421875 0.553658833984375 0.564010693359375 0.561570935546875 0.518085876953125 0.549068455078125 0.516865990234375 0.5399013671875 0.5204891171875 0.5228558984375 0.5238223671875 0.5187678984375 0.54284716796875 0.518700455078125 0.556888853515625 0.50729559375 0.57196261328125 0.452941572265625 0.5832381171875 0.391613271484375 0.570833619140625 0.39034704296875 0.567500369140625 0.39443504296875 0.560903919921875 0.41221894140625 0.541856771484375 0.435578939453125 0.535260322265625 0.453362837890625 0.51565576953125 0.47934521484375 0.50901312109375 0.503971443359375 0.519141806640625 0.52256951953125 0.5155186796875 0.539614986328125 0.5069124375 0.54532303515625 0.487097728515625 0.542481720703125 0.463565990234375 0.530627744140625 0.46206740234375 0.522771845703125 0.47005736328125 0.498432 0.4668165078125 0.488835341796875 0.445538240234375 0.482942076171875 0.439986544921875 0.48587331640625 0.4174071640625 0.472851341796875 0.410426935546875 0.47753458203125 0.405978876953125 0.486867341796875 0.400705884765625 0.488487392578125 0.39262201953125 0.486769115234375 0.39044977734375 0.47877002734375 0.40313147265625 0.43898228125 0.417649333984375 0.426993419921875 0.43423285546875 0.368849017578125 0.4418867421875 0.36430896875 0.46285128515625 0.366709474609375 0.473257162109375 0.344253576171875 0.490074693359375 0.331383095703125 0.500421693359375 0.287673021484375 0.49570610546875 0.286670693359375 0.47951603125 0.30652669140625 0.469086298828125 0.31253236328125 0.4619436171875 0.32129236328125 0.4548709921875 0.339660259765625 0.446113470703125 0.337798791015625 0.439923146484375 0.345390791015625 0.43391912890625 0.3653562578125 0.41798390234375 0.36745083984375 0.409598990234375 0.39033630859375 0.39473237109375 0.394028458984375 0.38056326171875 0.414314029296875 0.371085888671875 0.41915169921875 0.3593788984375 0.434478888671875 0.33998299609375 0.449542177734375 0.323420314453125 0.4446512421875 0.3157776015625 0.437545015625 0.31491764453125 0.425028357421875 0.3108757109375 0.42416921875 0.294174431640625 0.439805267578125 0.27475467578125 0.438418330078125 0.256032431640625 0.453624810546875 0.2435116796875 0.449593013671875 0.239028595703125 0.45412182421875 0.221908509765625 0.451853267578125 0.2037898671875 0.4575950390625 0.181048033203125 0.44864982421875 0.175913640625 0.429742888671875 0.12931516796875 0.417097216796875 0.127700330078125 0.40647575 0.1373625 0.374268763671875 0.151474236328125 0.372471802734375 0.165805796875 0.34810947265625 0.175480646484375 0.343998994140625 0.180299806640625 0.31967038671875 0.165828142578125 0.32481691796875 0.15899919140625 0.337069677734375 0.145642333984375 0.33697144921875 0.123586837890625 0.3562659296875 0.116154283203125 0.377983396484375 0.113391115234375 0.407545521484375 0.1088268046875 0.4141127109375 0.106492111328125 0.410190380859375 0.11148489453125 0.37013873828125 0.110102556640625 0.36504841015625 0.102332421875 0.366822890625 0.09521359375 0.3920331171875 0.072030607421875 0.3884758515625 0.0568852890625 0.393479193359375 0.031565087890625 0.386726787109375 0.023097443359375 0.3719078515625 0.02688301953125 0.350785625 0.0221244453125 0.343360548828125 0.000679546875 0.4442508671875 0.0009510546875 0.4446297734375 0.01196204296875 0.45245194921875 0.019256 0.45126146875 0.061487638671875 0.47120151953125 0.066528126953125 0.464050328125 0.079048876953125 0.468082125 0.0842056171875 0.463696505859375 0.106319994140625 0.465656203125 0.119514400390625 0.469831189453125 0.122952728515625 0.480155037109375 0.135868431640625 0.48564121484375 0.15145490234375 0.475249923828125 0.173569279296875 0.47720962109375 0.18382538671875 0.48692698828125 0.1790062265625 0.51125559375 0.191248275390625 0.516598580078125 0.201004353515625 0.51044971875 0.246650466796875 0.524263388671875 0.255337935546875 0.5165169609375 0.28388630859375 0.504769517578125 0.299101681640625 0.50937407421875 0.31057767578125 0.528258529296875 0.309962900390625 0.549369517578125 0.312413845703125 0.5560574140625 0.3208926640625 0.55923007421875 0.3264905546875 0.54945650390625 0.330532486328125 0.550315642578125 0.327036787109375 0.55848040234375 0.321206390625 0.56272283203125 0.321149017578125 0.581211439453125 0.334784576171875 0.579998478515625 0.336201939453125 0.58989275390625 0.342113560546875 0.5836119453125 0.337654328125 0.60459098046875 0.33300879296875 0.61319655078125 0.334147453125 0.62440201953125 0.324913755859375 0.62312455078125 0.322927814453125 0.6274989296875 0.333776353515625 0.639397865234375 0.33074565625 0.658624904296875 0.339711826171875 0.649567283203125 0.345577248046875 0.650128802734375 0.33867975 0.6925164453125 0.334545419921875 0.70534196484375 0.31224624609375 0.730751583984375 0.28811241015625 0.768105099609375 0.272677216796875 0.78606591015625 0.2292845703125 0.778212947265625 0.2274260546875 0.773706619140625 0.218134986328125 0.7909177578125 0.204290775390625 0.80304980859375 0.19890153515625 0.8019042890625 0.183826265625 0.816515529296875 0.162594197265625 0.80377993359375 0.14660159765625 0.824363123046875 0.138844140625 0.854234109375 0.13119025390625 0.85877416015625 0.127786951171875 0.85325426171875 0.1307125703125 0.819615376953125 0.128540326171875 0.811616287109375 0.09975944921875 0.817832591796875 0.083591720703125 0.81439603515625 0.058526365234375 0.789882212890625 0.029559185546875 0.783725048828125 0.029939953125 0.717340138671875 0.03661612109375 0.657775080078125 0.0165227109375 0.656244953125 0 0.649278119140625 0 0.904892017578125
0 0.35723610546875 0 0.354716791015625 0.005913845703125 0.330465197265625 0.000759009765625 0.3176433984375 0.02133095703125 0.287398958984375 0.0244953125 0.292568380859375 0.0482061953125 0.321430482421875 0.039951513671875 0.324357607421875 0.046055412109375 0.329514345703125 0.041669791015625 0.334624888671875 0.0441265 0.342801150390625 0.03216012109375 0.397598232421875 0.00954685546875 0.423080884765625 0.012222501953125 0.430026087890625 0.002735314453125 0.4373539921875 0 0.35723610546875 0
0 0.182669482421875 0 0.1779769140625 0.014256021484375 0.1862120546875 0.023543818359375 0.19271761328125 0.059187361328125 0.200522775390625 0.062216828125 0.20075527734375 0.067747966796875 0.1835889921875 0.072321740234375 0.152089640625 0.0615150546875 0.1500336484375 0.0562815390625 0.155956443359375 0.03835444921875 0.15700119921875 0.02350179296875 0.1515769296875 0.01755232421875 0.1458277578125 0.019756375 0.146850169921875 0.0281962734375 0.142053357421875 0.02923232421875 0.137605296875 0.038565083984375 0.13326231640625 0.062309689453125 0.137258048828125 0.07001115625 0.13162512890625 0.074980775390625 0.121520298828125 0.072832927734375 0.112112978515625 0.087278498046875 0.093041978515625 0.09418826953125 0.076137107421875 0.089250955078125 0.062402458984375 0.153867396484375 0.064530134765625 0.1504824453125 0.08742173828125 0.12725439453125 0.130535681640625 0.136418546875 0.1412552890625 0.117455408203125 0.161568521484375 0.09642016796875 0.18823603515625 0.103458953125 0.193438974609375 0.092231005859375 0.19362527734375 0.104604470703125 0.214903548828125 0.11049773828125 0.221186267578125 0.08922108203125 0.224366736328125 0.037820779296875 0.236433654296875 0.019144021484375 0.2440875390625 0.014603970703125 0.227094876953125 0.003454705078125 0.2129975390625 0 0.182669482421875 0
0 0.73439541015625 0.19556619140625 0.740201953125 0.174873533203125 0.767192861328125 0.134016017578125 0.773719259765625 0.10662422265625 0.776762634765625 0.115493689453125 0.7885620234375 0.08648184375 0.79875925390625 0.074945033203125 0.80190619921875 0.058483564453125 0.792266375 0.06739799609375 0.788979322265625 0.064643666015625 0.789106748046875 0.05576295703125 0.785018615234375 0.0617461484375 0.769408291015625 0.0556872109375 0.761951884765625 0.060954451171875 0.753356814453125 0.055016224609375 0.740116208984375 0.057683564453125 0.737862740234375 0.051722857421875 0.7308601640625 0.07969865234375 0.723833736328125 0.091224220703125 0.70471653515625 0.104976322265625 0.7012320078125 0.1014948046875 0.695796564453125 0.10719161328125 0.690209845703125 0.105318904296875 0.686237966796875 0.114067662109375 0.68415962890625 0.132126701171875 0.704636818359375 0.146757484375 0.701966048828125 0.162634953125 0.69330243359375 0.186831609375 0.698807927734375 0.19074269921875 0.73439541015625 0.19556619140625