1 0.07421875 0.8486328125 0.1484375 0.177734375
1 0.7294921875 0.7275390625 0.1015625 0.142578125
1 0.0439453125 0.751953125 0.087890625 0.109375
1 0.3642578125 0.62109375 0.1015625 0.119140625
1 0.1650390625 0.66015625 0.06640625 0.146484375
1 0.2880859375 0.64453125 0.060546875 0.115234375
1 0.9296875 0.4013671875 0.08203125 0.08984375
1 0.7548828125 0.3134765625 0.0546875 0.048828125
1 0.14453125 0.421875 0.0546875 0.060546875
1 0.109375 0.61328125 0.03515625 0.05078125
1 0.015625 0.650390625 0.03125 0.046875
0 0.9502020234375 1 0.97876437109375 0.72824740234375 0.930622787109375 0.7188632265625 0.914834935546875 0.73942503515625 0.834231671875 0.74206387890625 0.846504400390625 0.78224085546875 0.865067078125 0.79669128515625 0.868174484375 0.8046564140625 0.867163849609375 0.814271958984375 0.860472078125 0.82676244921875 0.845129880859375 0.8362605078125 0.83079831640625 0.8361430234375 0.82511091796875 0.84248937109375 0.794608462890625 0.83928343359375 0.78948605078125 0.84707798828125 0.764369716796875 0.847215802734375 0.7588266953125 0.852188501953125 0.666741826171875 0.848065287109375 0.653816458984375 0.855039716796875 0.638317361328125 0.8728542265625 0.61204601953125 0.883981234375 0.4509588203125 0.901770876953125 0.433764775390625 0.915240767578125 0.418811876953125 0.9449176875 0.408241703125 0.993109955078125 0.4737961015625 1 0.9502020234375 1
0 0.2588719453125 0.64131525 0.26377448046875 0.598082583984375 0.26705130859375 0.59078846484375 0.27884044921875 0.5843890234375 0.282870462890625 0.552869650390625 0.293127814453125 0.5303377421875 0.292857845703125 0.5226708359375 0.289455423828125 0.520924404296875 0.263918486328125 0.518240365234375 0.2603842109375 0.510924779296875 0.253422470703125 0.515748365234375 0.250735671875 0.510605087890625 0.25288879296875 0.496943154296875 0.2590093203125 0.486475859375 0.2589275546875 0.4531355 0.265217501953125 0.427408951171875 0.263126990234375 0.406356875 0.25916584765625 0.399690837890625 0.24170809375 0.402022423828125 0.22310158984375 0.41187180078125 0.22094846484375 0.425533736328125 0.223760859375 0.43971756640625 0.21121853125 0.470342255859375 0.2050604375 0.501637958984375 0.19264996484375 0.53783180078125 0.1926123984375 0.55866020703125 0.2006414921875 0.591447041015625 0.200434505859375 0.62753469921875 0.20552561328125 0.637097150390625 0.215594759765625 0.640238693359375 0.2588719453125 0.64131525
0 0.837067626953125 0.428487818359375 0.8349520703125 0.42132134765625 0.830827767578125 0.42644316015625 0.812384423828125 0.424504685546875 0.79919534765625 0.420340810546875 0.797789150390625 0.413248896484375 0.790350455078125 0.446493236328125 0.78683533203125 0.50723201953125 0.78951587109375 0.515846697265625 0.7846696875 0.527836755859375 0.78092842578125 0.556608826171875 0.777256408203125 0.6256640625 0.77923384765625 0.63073278125 0.7825044140625 0.626910060546875 0.790727974609375 0.6305520390625 0.79752029296875 0.640987705078125 0.820364171875 0.64199987109375 0.826447130859375 0.65236098046875 0.840213712890625 0.65103026171875 0.843628654296875 0.645833890625 0.8637732109375 0.648645580078125 0.8569495859375 0.65556691796875 0.85099221875 0.654246361328125 0.85765268359375 0.659112876953125 0.858481376953125 0.67169938671875 0.855637677734375 0.6748725625 0.820602833984375 0.66702378125 0.808518681640625 0.679641919921875 0.805838142578125 0.6710272421875 0.800307642578125 0.669057140625 0.796051486328125 0.66860980078125 0.793339640625 0.677352126953125 0.797156408203125 0.68539181640625 0.82070964453125 0.686478537109375 0.827508224609375 0.693442802734375 0.84057170703125 0.688566123046875 0.87447658203125 0.693518494140625 0.876755298828125 0.68889711328125 0.876372259765625 0.665246853515625 0.8729948828125 0.64961481640625 0.880678505859375 0.637922986328125 0.888387171875 0.612345552734375 0.896629513671875 0.605573328125 0.9147715859375 0.617201900390625 0.9312312265625 0.617543056640625 0.939856609375 0.63442108984375 0.941953384765625 0.652001765625 0.985513060546875 0.65380242578125 0.988538701171875 0.6284271953125 0.9892854921875 0.62814562109375 0.998830685546875 0.537329166015625 0.99665508203125 0.534145845703125 0.9903084140625 0.5126464296875 0.968525259765625 0.474247515625 0.90343361328125 0.452129046875 0.87505923828125 0.44914678125 0.837067626953125 0.428487818359375
0 0.7542180625 0.65379675390625 0.753809978515625 0.64403209765625 0.757369298828125 0.637462078125 0.763326294921875 0.560314064453125 0.77477622265625 0.505964556640625 0.781467623046875 0.415005494140625 0.768008578125 0.403174712890625 0.7165015703125 0.401927580078125 0.65536480859375 0.389946552734375 0.643594451171875 0.385931791015625 0.644460708984375 0.377689896484375 0.639482669921875 0.384110802734375 0.626569826171875 0.3841424296875 0.594516796875 0.375218228515625 0.59239498046875 0.37152315625 0.596663658203125 0.3650276953125 0.591283796875 0.35821254296875 0.565891234375 0.354154853515625 0.53323565625 0.364610849609375 0.46143345703125 0.365397076171875 0.428068521484375 0.375778515625 0.4178612578125 0.37053921875 0.3758396328125 0.381399626953125 0.370541537109375 0.407924833984375 0.3592923359375 0.429658083984375 0.353460560546875 0.43737808203125 0.335714052734375 0.442456966796875 0.32504235546875 0.45869562109375 0.32458418359375 0.476702171875 0.332092123046875 0.483740994140625 0.332927076171875 0.492856103515625 0.3285077578125 0.5041966171875 0.320409791015625 0.509595193359375 0.324634642578125 0.527399537109375 0.338790525390625 0.54624767578125 0.343291607421875 0.5682475234375 0.360749361328125 0.5659159375 0.37577776171875 0.573050779296875 0.390266224609375 0.564851814453125 0.393800501953125 0.5721673984375 0.4014716015625 0.567418369140625 0.399644796875 0.557504599609375 0.392281234375 0.549092126953125 0.3945662109375 0.54099934765625 0.389336986328125 0.52933914453125 0.4017036328125 0.517445107421875 0.40469796875 0.5094268828125 0.408954125 0.50987422265625 0.416035197265625 0.517562591796875 0.430511138671875 0.51630642578125 0.443518271484375 0.54267235546875 0.447065068359375 0.543045140625 0.452331859375 0.5338769375 0.475596341796875 0.537710955078125 0.491189728515625 0.546294005859375 0.516318583984375 0.539213390625 0.54565350390625 0.5603513203125 0.55771261328125 0.561618783203125 0.57144162890625 0.58111646875 0.583921345703125 0.585205787109375 0.594379794921875 0.60852619140625 0.606200240234375 0.58476974609375 0.6150013046875 0.582917126953125 0.622321041015625 0.61562940625 0.64643926171875 0.61816433203125 0.6591826875 0.63339195703125 0.665579443359375 0.6271201640625 0.6763642109375 0.626864865234375 0.684719625 0.63607599609375 0.6896976640625 0.629655091796875 0.6953725390625 0.630251544921875 0.72443123046875 0.64719397265625 0.739195921875 0.643190509765625 0.75009376171875 0.65891856640625 0.7542180625 0.65379675390625
0 1 0.394669779296875 0.9960643125 0.3896461015625 0.971864328125 0.3537708125 0.969321904296875 0.34725388671875 0.970897521484375 0.339086548828125 0.9636783359375 0.3293004296875 0.951776123046875 0.319716513671875 0.929076623046875 0.317330701171875 0.92196424609375 0.326999337890625 0.921097986328125 0.335241232421875 0.9322720546875 0.355164791015625 0.95069035546875 0.370988869140625 0.9694916953125 0.41046320703125 0.9798308125 0.42127165625 0.9799438828125 0.43725501171875 0.99932898828125 0.4677633515625 1 0.46991983984375 1 0.394669779296875
0 0.966120208984375 0.31289119921875 0.9763775625 0.290359287109375 0.98190805859375 0.292329388671875 0.99088480859375 0.2717461171875 0.984506833984375 0.267603708984375 0.95242876171875 0.272565109375 0.928982333984375 0.290933142578125 0.924142412109375 0.299451798828125 0.9315059765625 0.307864271484375 0.960727826171875 0.31301884765625 0.966120208984375 0.31289119921875
0 1 0.39651169140625 0.99209691015625 0.386451462890625 0.971864328125 0.3537708125 0.971041896484375 0.337712900390625 0.96014405859375 0.32198484375 0.940005765625 0.31570175390625 0.921832390625 0.321430185546875 0.920382365234375 0.338638076171875 0.938643767578125 0.362778603515625 0.951964697265625 0.3725116328125 0.963000650390625 0.390337439453125 0.979121453125 0.421197099609375 0.991262328125 0.455804923828125 1 0.470586765625 1 0.39651169140625
0 0.245332248046875 0.831549828125 0.250027794921875 0.824404818359375 0.25028487109375 0.760545953125 0.256216822265625 0.697283541015625 0.254672509765625 0.688093875 0.22445880859375 0.682140640625 0.21423276171875 0.687315544921875 0.2113518671875 0.789785697265625 0.21637410546875 0.837533556640625 0.245332248046875 0.831549828125
0 0.247403974609375 0.86301610546875 0.25649379296875 0.858416189453125 0.253951369140625 0.851899263671875 0.249550837890625 0.852825572265625 0.246016560546875 0.84550998828125 0.2164996953125 0.846574111328125 0.20058625390625 0.858095365234375 0.194139408203125 0.89213836328125 0.20535104296875 0.891233517578125 0.207315962890625 0.9032450390625 0.20358722265625 0.925074310546875 0.1898081171875 0.9333478359375 0.18748557421875 0.96226901953125 0.189215990234375 0.970089423828125 0.273907244140625 0.978990833984375 0.277348078125 0.9397710078125 0.275370638671875 0.934702287109375 0.261472201171875 0.93046385546875 0.254962375 0.92075229296875 0.253920064453125 0.869256267578125 0.247403974609375 0.86301610546875
0 0.234940818359375 0.37770115234375 0.24473999609375 0.373175794921875 0.246453728515625 0.36710620703125 0.23484026953125 0.35477499609375 0.240395814453125 0.342859494140625 0.23333978515625 0.321285521484375 0.232950484375 0.3011066640625 0.225291908203125 0.298912890625 0.216804638671875 0.284132607421875 0.1915439296875 0.2856440703125 0.18969208203125 0.289615904296875 0.19875685546875 0.298901591796875 0.20101052734375 0.30816581640625 0.198399232421875 0.339834298828125 0.20277471875 0.35279359375 0.204852708984375 0.38078847265625 0.234940818359375 0.37770115234375
0 0.53998377734375 0.320877751953125 0.55733472265625 0.29909140625 0.5658219921875 0.313871689453125 0.57263935546875 0.31042175390625 0.585828431640625 0.31458562890625 0.59633696875 0.310134826171875 0.610706099609375 0.28942390625 0.618364677734375 0.291617677734375 0.622608310546875 0.2990078203125 0.634836841796875 0.28501603125 0.6633681171875 0.27968184765625 0.6673543046875 0.27246228125 0.66482440234375 0.2590025546875 0.644830484375 0.251345814453125 0.613750525390625 0.25363447265625 0.599010875 0.24375233203125 0.59361223046875 0.2473513828125 0.586819912109375 0.236915716796875 0.57462894921875 0.2300791015625 0.538319763671875 0.22070755859375 0.52737809765625 0.229279306640625 0.51818146875 0.214424466796875 0.50229933203125 0.208588716796875 0.46162718359375 0.179315076171875 0.436102765625 0.169688232421875 0.4298754296875 0.160700771484375 0.407753435546875 0.15282036328125 0.379416623046875 0.129009689453125 0.377872310546875 0.1198200234375 0.380301666015625 0.11035359375 0.394243927734375 0.09029221875 0.42137526953125 0.07439471875 0.4089018125 0.066834 0.4046331328125 0.0733294609375 0.39426897265625 0.076406615234375 0.390872814453125 0.07118878125 0.39585711328125 0.061296474609375 0.405511916015625 0.058144765625 0.41273736328125 0.064459486328125 0.418989744140625 0.059561341796875 0.43047134765625 0.06632340234375 0.434740025390625 0.059827939453125 0.44509792578125 0.0602221875 0.44426297265625 0.051107078125 0.42101101171875 0.040330255859375 0.390797310546875 0.03437701953125 0.381851869140625 0.037603287109375 0.378317591796875 0.030287703125 0.373904537109375 0.0381568125 0.3646828671875 0.037187576171875 0.35232248046875 0.045610212890625 0.34779009375 0.040967369140625 0.34663508203125 0.051956560546875 0.355147396484375 0.052851240234375 0.35856233984375 0.04765487109375 0.364086578125 0.053096375 0.364482138671875 0.069803833984375 0.360351576171875 0.078397046875 0.35240424609375 0.078950572265625 0.341738810546875 0.091717826171875 0.311500064453125 0.099650193359375 0.30650950390625 0.113013900390625 0.29344601953125 0.117890580078125 0.298932689453125 0.144160490234375 0.30871934765625 0.146577931640625 0.312536111328125 0.154617619140625 0.315197869140625 0.1736465 0.3221470859375 0.175765716796875 0.343019783203125 0.168237759765625 0.347690287109375 0.17497835546875 0.348500193359375 0.197979068359375 0.35334637890625 0.18598901171875 0.358726240234375 0.1928041640625 0.359278701171875 0.201195169921875 0.35585749609375 0.20986294140625 0.330176181640625 0.20855255078125 0.326610599609375 0.21859396875 0.31850637109375 0.227463947265625 0.323271162109375 0.260602099609375 0.3374583515625 0.262093232421875 0.356586009765625 0.2779918671875 0.374608748046875 0.277108486328125 0.39009532421875 0.266236779296875 0.404715640625 0.26360696484375 0.413215431640625 0.2714444453125 0.423158986328125 0.265545439453125 0.42896571484375 0.271711044921875 0.442876671875 0.269006673828125 0.45207330078125 0.283861513671875 0.492638640625 0.2936803984375 0.4960285390625 0.3023696328125 0.505947048828125 0.310356228515625 0.508476951171875 0.323815955078125 0.53998377734375 0.320877751953125
0 0.23414880078125 0 0.2341920390625 0.006112142578125 0.229772724609375 0.017452654296875 0.112533955078125 0.034295658203125 0.108987158203125 0.033922875 0.107015978515625 0.02538275390625 0.10005423828125 0.03020633984375 0.09950177734375 0.02181533203125 0.093130064453125 0.014201521484375 0.048460896484375 0.01272147265625 0.041702615234375 0.077022236328125 0.049445166015625 0.08182887890625 0.07994762109375 0.08503481640625 0.086306810546875 0.099591431640625 0.142622435546875 0.1096769140625 0.15494525390625 0.122082681640625 0.1743741875 0.12829121484375 0.2077266015625 0.124852578125 0.2135270703125 0.1344895859375 0.213081419921875 0.145553333984375 0.2167600703125 0.15149526953125 0.230099783203125 0.150814095703125 0.242893296875 0.13827051171875 0.25224682421875 0.144808900390625 0.26502781640625 0.139208119140625 0.27339575390625 0.14147644921875 0.280219376953125 0.134555111328125 0.284218087890625 0.120392744140625 0.29640905078125 0.127229361328125 0.298932689453125 0.144160490234375 0.30338957421875 0.111991572265625 0.307520138671875 0.103398357421875 0.316333724609375 0.094602939453125 0.339321978515625 0.094241453125 0.347570583984375 0.083997830078125 0.352379201171875 0.092836177734375 0.358807263671875 0.069207380859375 0.334563451171875 0.057631900390625 0.333019138671875 0.048442232421875 0.3358878828125 0.031383455078125 0.332472939453125 0.03657982421875 0.32055820703125 0.0339387109375 0.31348339453125 0.02277894140625 0.315906486328125 0.016783912109375 0.329252462890625 0.012631337890625 0.32965428515625 0.02586739453125 0.333194822265625 0.029711580078125 0.33719353125 0.015549212890625 0.343590287109375 0.009277421875 0.342045974609375 0.000087751953125 0.341750630859375 0 0.23414880078125 0
0 0.264953421875 0.337802072265625 0.283013728515625 0.316090287109375 0.282888134765625 0.307049734375 0.251946291015625 0.31143614453125 0.248525087890625 0.320103916015625 0.2565792265625 0.339005146484375 0.264953421875 0.337802072265625
0 0.34216052734375 0.329945396484375 0.343736146484375 0.32177805859375 0.340063755859375 0.31236472265625 0.318927349609375 0.30875437109375 0.310967498046875 0.31625069921875 0.294520376953125 0.308966744140625 0.286278033203125 0.31573896875 0.297878970703125 0.335012982421875 0.298425169921875 0.346875390625 0.315449794921875 0.348664751953125 0.32453961328125 0.344064833984375 0.3320475546875 0.351103658203125 0.34216052734375 0.329945396484375
0 0.3981686171875 0.35319237890625 0.410246509765625 0.344045638671875 0.3977730546875 0.336484919921875 0.395971296875 0.312685546875 0.387735212890625 0.315986369140625 0.376266130859375 0.3022815078125 0.367885671875 0.306955982421875 0.3519972734375 0.3045916328125 0.349693513671875 0.323098615234375 0.364169455078125 0.321842451171875 0.373190400390625 0.3554279453125 0.3981686171875 0.35319237890625
0 0.227137865234375 0.376881029296875 0.233396505859375 0.368511486328125 0.230992197265625 0.3640923125 0.23200283203125 0.35447676953125 0.239686453125 0.3427849375 0.233760392578125 0.324107376953125 0.2339423359375 0.30190532421875 0.225291908203125 0.298912890625 0.216095279296875 0.28405805078125 0.1906901953125 0.286943162109375 0.200445544921875 0.306717609375 0.197137412109375 0.331368734375 0.19896421484375 0.341282505859375 0.21126825 0.364102478515625 0.2172256171875 0.365423033203125 0.211833232421875 0.36555068359375 0.208845158203125 0.370097505859375 0.20968637109375 0.37574121484375 0.227137865234375 0.376881029296875
0 0.20121125390625 0.275549556640625 0.226340107421875 0.26846894140625 0.21429978125 0.256787275390625 0.2146261015625 0.233211572265625 0.22273658984375 0.2208701953125 0.2298176640625 0.228558564453125 0.2360763046875 0.22018901953125 0.2413556171875 0.204078015625 0.23866881640625 0.19893473828125 0.22930276953125 0.199339150390625 0.21154373828125 0.2113608359375 0.201336478515625 0.2061215390625 0.193219724609375 0.221934318359375 0.18883171484375 0.215917826171875 0.1851217578125 0.22733289453125 0.187645400390625 0.2442640234375 0.177274978515625 0.250812576171875 0.173565021484375 0.26222764453125 0.18957901171875 0.273632548828125 0.20121125390625 0.275549556640625
0 0.539010708984375 0.309664888671875 0.53833265625 0.292233326171875 0.5430407265625 0.278145517578125 0.55608542578125 0.283683041015625 0.561628447265625 0.278710341796875 0.582055494140625 0.282246134765625 0.5952445703125 0.2864100078125 0.597504501953125 0.29220283203125 0.610429869140625 0.28522840234375 0.625037666015625 0.289541388671875 0.64534537890625 0.280565228515625 0.6446548046875 0.27007646875 0.64764287890625 0.26552964453125 0.652030888671875 0.271546138671875 0.655590208984375 0.264976119140625 0.65869135546875 0.27641265234375 0.662244412109375 0.27331403515625 0.663110669921875 0.265072140625 0.644817962890625 0.2582886171875 0.609914974609375 0.25600898828125 0.60565255859375 0.25903305078125 0.60691437890625 0.267498615234375 0.603781927734375 0.2734190859375 0.59840206640625 0.26660393359375 0.60466070703125 0.258234390625 0.58494301953125 0.254773154296875 0.579820607421875 0.26256770703125 0.57855878515625 0.254102142578125 0.573737646484375 0.25220659765625 0.570297658203125 0.271288572265625 0.5667633828125 0.263972986328125 0.561785345703125 0.270393892578125 0.562381634765625 0.254485091796875 0.556857396484375 0.24904358984375 0.546204484375 0.2548680390625 0.54167209765625 0.2502251953125 0.538803353515625 0.267283974609375 0.53439655859375 0.27168168359375 0.52930544921875 0.262119232421875 0.528194265625 0.248808619140625 0.52479184765625 0.2470621875 0.520780615234375 0.26816735546875 0.517371931640625 0.269892322265625 0.515821361328125 0.264174056640625 0.510987697265625 0.2692213125 0.512726474609375 0.249266125 0.51019657421875 0.2358063984375 0.506066009765625 0.244399611328125 0.504609724609375 0.265078904296875 0.5014772734375 0.270999375 0.499374240234375 0.2568901015625 0.49382495703125 0.265334201171875 0.49585874609375 0.239160314453125 0.493027572265625 0.235390685546875 0.479957828125 0.243738765625 0.47627917578125 0.237796830078125 0.471169283203125 0.238648580078125 0.46863312109375 0.22866025390625 0.46436444140625 0.235155716796875 0.454854017578125 0.23693377734375 0.45955582421875 0.226317369140625 0.443962439453125 0.2177343203125 0.438695650390625 0.2269025234375 0.430760841796875 0.220513248046875 0.42932333984375 0.230778337890625 0.434150740234375 0.22920248046875 0.441508041015625 0.24108635546875 0.446486080078125 0.23466544921875 0.452995908203125 0.24437701171875 0.4521108671875 0.263033109375 0.442744818359375 0.263437521484375 0.44035303125 0.252075544921875 0.435086240234375 0.261243748046875 0.42347278125 0.248912537109375 0.4189153515625 0.258155296875 0.414382962890625 0.253512453125 0.41011428515625 0.260007916015625 0.400183251953125 0.25896412109375 0.3977789453125 0.254544947265625 0.391809056640625 0.260167193359375 0.41804909375 0.26639719140625 0.423158986328125 0.265545439453125 0.427572041015625 0.257676328125 0.430252578125 0.266291005859375 0.450114642578125 0.26837859375 0.460165005859375 0.281934341796875 0.467547353515625 0.279932609375 0.46980728515625 0.285725431640625 0.48583380078125 0.290187533203125 0.495771091796875 0.28775992578125 0.488834396484375 0.278697908203125 0.493241189453125 0.27430019921875 0.51168453515625 0.276238671875 0.513800091796875 0.28340514453125 0.5186274921875 0.2818292890625 0.516198138671875 0.29129571875 0.5176043359375 0.298387634765625 0.507102060546875 0.299367037109375 0.5032915546875 0.287855947265625 0.500579708984375 0.2965982734375 0.503542740234375 0.3059370546875 0.51701430859375 0.310825033203125 0.539010708984375 0.309664888671875