1 0.6962890625 0.7314453125 0.18359375 0.3359375
1 0.6552734375 0.4638671875 0.08984375 0.140625
1 0.6064453125 0.3203125 0.072265625 0.10546875
1 0.138671875 0.517578125 0.111328125 0.173828125
1 0.3193359375 0.369140625 0.091796875 0.109375
1 0.044921875 0.47265625 0.08984375 0.177734375
1 0.6953125 0.9296875 0.13671875 0.140625
1 0.853515625 0.4189453125 0.083984375 0.09375
1 0.5126953125 0.4189453125 0.142578125 0.1484375
1 0.7509765625 0.3681640625 0.091796875 0.11328125
1 0.37890625 0.92578125 0.15625 0.142578125
1 0.28515625 0.5283203125 0.15625 0.22265625
1 0.5458984375 0.693359375 0.076171875 0.162109375
1 0.9658203125 0.2158203125 0.068359375 0.087890625
1 0.091796875 0.3125 0.111328125 0.11328125
1 0.3828125 0.2880859375 0.076171875 0.087890625
1 0.73046875 0.4833984375 0.09375 0.130859375
1 0.201171875 0.9501953125 0.337890625 0.087890625
1 0.8291015625 0.51171875 0.095703125 0.126953125
1 0.203125 0.5390625 0.123046875 0.23046875
1 0.0615234375 0.1708984375 0.095703125 0.1015625
1 0.9248046875 0.4111328125 0.07421875 0.119140625
1 0.400390625 0.6123046875 0.1484375 0.189453125
1 0.0478515625 0.884765625 0.095703125 0.18359375
1 0.810546875 0.330078125 0.0546875 0.083984375
1 0.8837890625 0.32421875 0.05078125 0.068359375
1 0.4091796875 0.3154296875 0.0859375 0.078125
1 0.8212890625 0.2568359375 0.052734375 0.0546875
1 0.8505859375 0.18359375 0.05078125 0.05859375
1 0.650390625 0.2373046875 0.044921875 0.044921875
1 0.4130859375 0.1533203125 0.025390625 0.037109375
1 0.2392578125 0.2080078125 0.0390625 0.044921875
1 0.7109375 0.2158203125 0.033203125 0.037109375
1 0.3955078125 0.2158203125 0.037109375 0.048828125
0 0.587841345703125 0.6059173515625 0.58995479296875 0.590340818359375 0.59588977734375 0.52659540234375 0.598354017578125 0.4548244453125 0.5964387890625 0.41093037109375 0.5920798359375 0.4198528515625 0.589050904296875 0.415772287109375 0.5824099921875 0.431111546875 0.56348024609375 0.445806775390625 0.5370578359375 0.479718451171875 0.52973827734375 0.483256673828125 0.5243749921875 0.492780154296875 0.521614765625 0.508322791015625 0.520701447265625 0.5690631953125 0.526506541015625 0.56348469140625 0.527005330078125 0.5354044296875 0.538989001953125 0.52949609375 0.543038201171875 0.5388592265625 0.554511740234375 0.530309607421875 0.570013955078125 0.550077525390625 0.569909177734375 0.5644520546875 0.563268265625 0.579791314453125 0.56787998828125 0.58460846484375 0.571145759765625 0.596545087890625 0.579690556640625 0.5943783515625 0.5851858984375 0.6070854609375 0.587841345703125 0.6059173515625
0 0.354100708984375 0.579941140625 0.39846446875 0.537818810546875 0.432985275390625 0.5226333984375 0.469710544921875 0.55201085546875 0.476656619140625 0.543223962890625 0.49296278515625 0.541463982421875 0.499804080078125 0.5470516171875 0.505178708984375 0.56824968359375 0.51300840234375 0.56735274609375 0.5161261796875 0.551175208984375 0.518927451171875 0.497723759765625 0.5170395 0.490434806640625 0.46734216015625 0.4734502578125 0.437080109375 0.469249740234375 0.435128421875 0.438426505859375 0.428781328125 0.42959658203125 0.423402109375 0.433236494140625 0.410530228515625 0.456092849609375 0.394087416015625 0.460460216796875 0.3850006171875 0.44821852734375 0.354091787109375 0.443984115234375 0.350468462890625 0.432682388671875 0.35193512890625 0.417071958984375 0.34940039453125 0.409749107421875 0.339425388671875 0.414455439453125 0.330896525390625 0.42250574609375 0.334672427734375 0.437083654296875 0.335077783203125 0.454099466796875 0.346599123046875 0.46320055859375 0.35035909375 0.471894896484375 0.349555142578125 0.49342279296875 0.367765197265625 0.50483533984375 0.3709467109375 0.5121920859375 0.371115224609375 0.521351837890625 0.365341998046875 0.538697484375 0.34615948046875 0.539653083984375 0.34417809375 0.57746020703125 0.345845140625 0.582776671875 0.354100708984375 0.579941140625
0 0.93507885546875 1 0.937990669921875 0.978539318359375 0.9505255234375 0.937363455078125 0.953695693359375 0.91399865234375 0.954278736328125 0.890498267578125 0.9468271171875 0.8718058984375 0.9462851171875 0.85739747265625 0.95609619921875 0.818693412109375 0.968421490234375 0.80626660546875 0.988430904296875 0.659593224609375 0.992325724609375 0.659526873046875 0.995431703125 0.600261248046875 0.9844022265625 0.6312756875 0.96346840234375 0.6223349453125 0.956795623046875 0.6259070625 0.949444197265625 0.617678142578125 0.941104369140625 0.615933796875 0.924661556640625 0.6203011640625 0.915574755859375 0.608059474609375 0.90219733203125 0.6034365703125 0.8985102734375 0.5686005625 0.904709375 0.549316322265625 0.90447253515625 0.541460263671875 0.89992913671875 0.53533941796875 0.889648966796875 0.5334933828125 0.888407796875 0.526238326171875 0.889705947265625 0.501468140625 0.8956476875 0.49328225 0.90426080859375 0.489811822265625 0.906016703125 0.47487018359375 0.893406771484375 0.46179021875 0.8843677734375 0.467199240234375 0.87823240625 0.510017759765625 0.8616073125 0.5797393046875 0.8576059140625 0.588026884765625 0.847325744140625 0.586180849609375 0.845296556640625 0.606337259765625 0.841431806640625 0.612017453125 0.811748212890625 0.60915452734375 0.802319794921875 0.60343130859375 0.8006049453125 0.580464130859375 0.79441043359375 0.574910392578125 0.796628658203125 0.544959326171875 0.793294564453125 0.5343263984375 0.797111513671875 0.5109954921875 0.79270476171875 0.502267259765625 0.76955730078125 0.498439603515625 0.752631630859375 0.536770806640625 0.744171091796875 0.54351741796875 0.74112163671875 0.55839126171875 0.72488379296875 0.558847544921875 0.71507730078125 0.572713630859375 0.68645043359375 0.562062435546875 0.680681794921875 0.55457010546875 0.680549736328125 0.532339515625 0.67787835546875 0.527624052734375 0.648026248046875 0.515601375 0.640775013671875 0.51783590234375 0.6158921796875 0.5099954765625 0.61257401953125 0.5052461171875 0.61223698828125 0.486926609375 0.61901913671875 0.444141986328125 0.634730912109375 0.435160845703125 0.6500373359375 0.409163890625 0.6525334453125 0.349160076171875 0.6375367734375 0.35687141796875 0.62844538671875 0.369467703125 0.614316400390625 0.379185431640625 0.604899330078125 0.4041837578125 0.60605165234375 0.431696916015625 0.59581227734375 0.577575048828125 0.598342419921875 0.609735876953125 0.637759591796875 0.624874388671875 0.64899629296875 0.608468708984375 0.653897244140625 0.61395465625 0.658051224609375 0.6089432578125 0.674867525390625 0.6098245625 0.68609963671875 0.618256861328125 0.708026447265625 0.595875052734375 0.720046576171875 0.5768958828125 0.73008990625 0.570885857421875 0.7367945546875 0.579080880859375 0.76411868359375 0.639340236328125 0.78822267578125 0.624916177734375 0.79986473046875 0.625526310546875 0.80728448046875 0.632451537109375 0.810329349609375 0.642415669921875 0.812128455078125 0.669962724609375 0.81069365625 0.697340298828125 0.804631203125 0.7140171484375 0.80459474609375 0.727087982421875 0.807197802734375 0.733107138671875 0.822073759765625 0.733886755859375 0.8336202109375 0.69919546484375 0.849042759765625 0.689545529296875 0.8589858984375 0.673072056640625 0.861725603515625 0.676483826171875 0.85385027734375 0.740127552734375 0.8464578046875 0.7698074453125 0.841042130859375 0.78651819140625 0.826161583984375 0.810576552734375 0.8231280625 0.83133396484375 0.81747555078125 0.84018865234375 0.811071478515625 0.86338397265625 0.80827479296875 0.8919974453125 0.809049044921875 0.939099908203125 0.80472655078125 0.934951552734375 0.8019298671875 0.963565025390625 0.786097376953125 0.981037123046875 0.782895341796875 0.992634783203125 0.78308551171875 1 0.93507885546875 1
0 0.758755908203125 0.277597755859375 0.761006 0.259413833984375 0.762440798828125 0.232036263671875 0.760416201171875 0.227354697265625 0.744788681640625 0.240915712890625 0.74036140625 0.25114188671875 0.72560157421875 0.2667092890625 0.730723427734375 0.274167724609375 0.75453360546875 0.28391284765625 0.758755908203125 0.277597755859375
0 0.665070462890625 0.388381712890625 0.677937755859375 0.390363333984375 0.6907731796875 0.3805778125 0.70515952734375 0.359761740234375 0.70611605859375 0.3415100234375 0.7158542265625 0.3289476328125 0.717787814453125 0.273489796875 0.71261356640625 0.273218626953125 0.708901396484375 0.28217500390625 0.679755216796875 0.31855848046875 0.668570908203125 0.327776892578125 0.66179334765625 0.34572354296875 0.657188380859375 0.396465916015625 0.665070462890625 0.388381712890625
0 0.2676918671875 0.459065205078125 0.2872000703125 0.44570756640625 0.29572893359375 0.437657259765625 0.295423771484375 0.43110489453125 0.29282071484375 0.42508573828125 0.2618435625 0.42215501953125 0.244211966796875 0.412080064453125 0.24064103125 0.393591076171875 0.2366920234375 0.394691390625 0.234494318359375 0.405688048828125 0.234316626953125 0.446204248046875 0.2468263671875 0.44882076953125 0.25490883203125 0.4616634609375 0.2676918671875 0.459065205078125
0 0.066825515625 0.393632712890625 0.069339724609375 0.41990996875 0.085714216796875 0.416846294921875 0.09535219140625 0.393820458984375 0.10321375390625 0.40469066015625 0.11629060546875 0.377923224609375 0.124678232421875 0.397318283203125 0.1301006640625 0.436167060546875 0.15086597265625 0.435948048828125 0.185140765625 0.462582533203125 0.190194298828125 0.4713446640625 0.195657771484375 0.472284626953125 0.21149026171875 0.454812529296875 0.22842727734375 0.447202875 0.23037220703125 0.422466587890625 0.226785341796875 0.39809402734375 0.218545705078125 0.40681312890625 0.211399248046875 0.39467312890625 0.2014242421875 0.399379458984375 0.195197861328125 0.382058578125 0.151421740234375 0.375842544921875 0.136855533203125 0.35677731640625 0.09348476171875 0.367577099609375 0.06458459765625 0.362140681640625 0.04810991796875 0.35474090625 0.04154191796875 0.34393849609375 0.037014453125 0.343701220703125 0.00676783984375 0.35776895703125 0.004941798828125 0.392611892578125 0.008273625 0.39710051171875 0.024406689453125 0.411018755859375 0.03792076171875 0.413034271484375 0.04602375 0.406922560546875 0.06089970703125 0.40770217578125 0.066825515625 0.393632712890625
0 0.278147052734375 0.711263498046875 0.2866281171875 0.68556248046875 0.29536194921875 0.67360109375 0.304416880859375 0.674075642578125 0.31241508984375 0.682338458984375 0.325166255859375 0.667973060546875 0.32891947265625 0.62110787109375 0.3323948046875 0.604295435546875 0.339477525390625 0.59290115625 0.337589572265625 0.585612201171875 0.328534640625 0.58513765234375 0.259946177734375 0.650175 0.258411189453125 0.667089125 0.263738015625 0.670636478515625 0.2690967109375 0.685950974609375 0.27008051953125 0.704304376953125 0.273551263671875 0.712329919921875 0.278147052734375 0.711263498046875
0 0.365109240234375 0.877269408203125 0.378217962890625 0.86226911328125 0.4221671875 0.852806921875 0.42545348046875 0.845789138671875 0.426819955078125 0.819715259765625 0.42995366796875 0.809421294921875 0.456918080078125 0.789918046875 0.457259697265625 0.783399576171875 0.454519994140625 0.77998780859375 0.432292607421875 0.770979271484375 0.424210142578125 0.758136580078125 0.42598655859375 0.7242405390625 0.450368435546875 0.6797637265625 0.449468880859375 0.66599019921875 0.41828216796875 0.691808541015625 0.35004666796875 0.781048966796875 0.337842091796875 0.7849848125 0.34978012890625 0.841823267578125 0.344769810546875 0.875549826171875 0.35069102734375 0.886318341796875 0.365109240234375 0.877269408203125
0 0.12997701953125 0.921159458984375 0.1623843828125 0.92155058203125 0.20329333203125 0.87728628125 0.2028242421875 0.83673618359375 0.200289509765625 0.829413333984375 0.176395076171875 0.815088333984375 0.167870802734375 0.7983006640625 0.1691370859375 0.761763337890625 0.174789595703125 0.752908650390625 0.171728796875 0.7370609453125 0.17195887890625 0.68935748046875 0.1548009609375 0.694994646484375 0.14470523828125 0.70819193359375 0.144905623046875 0.729118828125 0.150148193359375 0.728086306640625 0.15136883984375 0.75429576953125 0.15604888671875 0.757809228515625 0.157153412109375 0.767671671875 0.16190178125 0.769881435546875 0.16321127734375 0.775832798828125 0.154971642578125 0.784551900390625 0.148635892578125 0.80644352734375 0.127030177734375 0.841261271484375 0.11061923046875 0.857395779296875 0.106806869140625 0.855888705078125 0.093971443359375 0.865674228515625 0.086820400390625 0.878372203125 0.078359859375 0.885118814453125 0.07685673828125 0.91380008203125 0.0786239765625 0.929579994140625 0.12997701953125 0.921159458984375