1 0.6455078125 0.4580078125 0.09765625 0.125
1 0.3115234375 0.8193359375 0.19921875 0.134765625
1 0.3212890625 0.9375 0.224609375 0.125
1 0.1962890625 0.94140625 0.140625 0.1015625
1 0.76171875 0.794921875 0.236328125 0.337890625
1 0.6103515625 0.873046875 0.064453125 0.09375
0 0.426438716796875 0.183047326171875 0.43565240625 0.16931623828125 0.457414375 0.163002765625 0.459562337890625 0.16057287890625 0.45803634375 0.150610568359375 0.43508747265625 0.15010676171875 0.430791681640625 0.146585880859375 0.43073532421875 0.13628427734375 0.427626568359375 0.13120001953125 0.40999091015625 0.13527153125 0.4057514765625 0.142052251953125 0.404563896484375 0.177138248046875 0.401737607421875 0.18165873046875 0.404394146484375 0.188136716796875 0.408576951171875 0.187815703125 0.426438716796875 0.183047326171875
0 0.50540440234375 0.109375611328125 0.512017908203125 0.099468138671875 0.50653548828125 0.072368666015625 0.496078541015625 0.068980873046875 0.48092994140625 0.073767529296875 0.475560236328125 0.067271263671875 0.471377294921875 0.075972931640625 0.460355009765625 0.078517626953125 0.45487231640625 0.06817946484375 0.441532587890625 0.067391203125 0.4354280625 0.061064583984375 0.4274580390625 0.06677258984375 0.407109349609375 0.062445166015625 0.40428333203125 0.050204337890625 0.40925744921875 0.051634625 0.414118716796875 0.040842361328125 0.4031531953125 0.028546693359375 0.374551880859375 0.028703193359375 0.35765104296875 0.032605060546875 0.349737513671875 0.04023401171875 0.35165909765625 0.05526230078125 0.355276564453125 0.06087377734375 0.356576314453125 0.079913607421875 0.345214798828125 0.087693927734375 0.345949345703125 0.104285591796875 0.34877536328125 0.116526421875 0.352336337890625 0.12021694921875 0.384102900390625 0.12706565625 0.39173396484375 0.10983196484375 0.413326318359375 0.106136302734375 0.42485744921875 0.095738171875 0.432770708984375 0.104870529296875 0.437744556640625 0.12306212890625 0.448145009765625 0.124528974609375 0.50540440234375 0.109375611328125
0 0.53887428125 0 0.540564087890625 0.01358413671875 0.51428008203125 0.02545425 0.52643223046875 0.0613285078125 0.5358717578125 0.063661865234375 0.55181139453125 0.0773878203125 0.5628332734375 0.099985091796875 0.56916404296875 0.09723419140625 0.57583431640625 0.07248635546875 0.57979101171875 0.072862208984375 0.5862346328125 0.082333857421875 0.59578673828125 0.113651076171875 0.607317326171875 0.13677556640625 0.615739431640625 0.138054486328125 0.6181701328125 0.128468029296875 0.62438764453125 0.13863654296875 0.6320749296875 0.140085109375 0.645923505859375 0.13301993359375 0.641119275390625 0.1122105234375 0.649089703125 0.081360552734375 0.666669005859375 0.066987435546875 0.728563421875 0.05011933203125 0.742864349609375 0.033279771484375 0.73517719921875 0.023450548828125 0.733651203125 0.01348823828125 0.719859392578125 0.00571305078125 0.69662778515625 0.01236581640625 0.6861675625 0 0.6715466640625 0 0.66853531640625 0.004668880859375 0.662442623046875 0 0.64408095703125 0 0.630268369140625 0.00318888671875 0.622637033203125 0.037183888671875 0.615684703125 0.02718501953125 0.614554025390625 0.039049998046875 0.59997062890625 0.0462848203125 0.583861375 0.035176677734375 0.557997111328125 0 0.53887428125 0
0 0 0.250458125 0.000809412109375 0.250367751953125 0.00674459375 0.242550875 0.033706927734375 0.22859016796875 0.057447109375 0.23084527734375 0.066038693359375 0.2378870390625 0.0733868828125 0.236190576171875 0.091588017578125 0.217805919921875 0.111993333984375 0.215673634765625 0.16981806640625 0.19458778125 0.217015830078125 0.1978739140625 0.23380341015625 0.20689146484375 0.24589933984375 0.224083462890625 0.254038978515625 0.215757646484375 0.2487258984375 0.202801671875 0.2429039765625 0.197699134765625 0.246521986328125 0.169787990234375 0.2402481171875 0.14931787109375 0.2420004921875 0.1418220078125 0.255284134765625 0.11554735546875 0.276932712890625 0.130533951171875 0.276650380859375 0.11254855859375 0.2640461484375 0.069687375 0.20916096484375 0.073333330078125 0.048631451171875 0.098790546875 0.0287490703125 0.095644796875 0 0.10228204296875 0 0.250458125
0 0.827727126953125 0 0.828386095703125 0.00644422265625 0.788988470703125 0.016829208984375 0.788931705078125 0.031669572265625 0.78514448828125 0.0370565625 0.780227134765625 0.020785912109375 0.773783513671875 0.01131426171875 0.769713423828125 0.032238482421875 0.77468740625 0.042049423828125 0.790796794921875 0.044776912109375 0.827820349609375 0.037518677734375 0.836299220703125 0.023957236328125 0.857495986328125 0.01519559765625 0.869366076171875 0.016323150390625 0.886210150390625 0.0272616484375 0.897458544921875 0.024020087890625 0.9023678515625 0.020140896484375 0.897717958984375 0 0.827727126953125 0
0 0.80249537109375 0.165851455078125 0.80272134375 0.173535244140625 0.795655755859375 0.176455791015625 0.7940163671875 0.18779355078125 0.807468810546875 0.209185017578125 0.829739083984375 0.228540728515625 0.836521798828125 0.24115741015625 0.843078541015625 0.24609030078125 0.850087228515625 0.266390771484375 0.86597051171875 0.269815125 0.88179702734375 0.28807983984375 0.899319427734375 0.296927744140625 0.902880537109375 0.2922376171875 0.911528748046875 0.292819673828125 0.919724474609375 0.31155676953125 0.943804158203125 0.29181494140625 0.952621986328125 0.289779185546875 0.967064638671875 0.30037347265625 0.915001728515625 0.074864234375 0.910062640625 0.07526192578125 0.824088810546875 0.095110548828125 0.817078765625 0.158616630859375 0.80803469140625 0.169729908203125 0.80436059765625 0.170578138671875 0.80249537109375 0.165851455078125
0 0.23502046875 1 0.230682029296875 0.98120815234375 0.160139400390625 0.997494201171875 0.15460021484375 0.985235091796875 0.144425869140625 0.983071380859375 0.13798225 0.97359973046875 0.1341957109375 0.9370834453125 0.13600471484375 0.923127873046875 0.1430703046875 0.920207326171875 0.223617796875 0.900322146484375 0.227858318359375 0.826496181640625 0.23769383984375 0.80875355078125 0.2372985234375 0.78692626171875 0.24351644140625 0.771952810546875 0.277035515625 0.76292499609375 0.331016267578125 0.7620665 0.33587726171875 0.768035546875 0.34186853125 0.787281583984375 0.353060294921875 0.79049973046875 0.368943712890625 0.785543427734375 0.37617891796875 0.7800050703125 0.3780444140625 0.7679704453125 0.39833674609375 0.761996263671875 0.399015208984375 0.751525013671875 0.411224529296875 0.747416943359375 0.39658545703125 0.70244688671875 0.397772765625 0.68412219921875 0.39466414453125 0.670657287109375 0.3678715625 0.673619525390625 0.36431058984375 0.66992899609375 0.3619367890625 0.6562944375 0.376746427734375 0.639982095703125 0.371433349609375 0.62702612109375 0.373637943359375 0.61813652734375 0.4264319296875 0.60208009375 0.42513204296875 0.591420919921875 0.419818828125 0.586845599609375 0.4117358203125 0.588711708984375 0.39687009375 0.577961138671875 0.3909349140625 0.585778017578125 0.378160388671875 0.587437921875 0.37307301171875 0.598927048828125 0.36521624609375 0.591715640625 0.3544765625 0.59548441796875 0.3522154765625 0.602453064453125 0.34712837109375 0.597180880859375 0.342097625 0.60221030078125 0.33463644921875 0.600064869140625 0.333392783203125 0.608087951171875 0.31355266796875 0.61266840234375 0.30795685546875 0.606869001953125 0.2993658125 0.5663046171875 0.294165720703125 0.5571905390625 0.300779228515625 0.54728306640625 0.377370025390625 0.527022033203125 0.38398326171875 0.53387587109375 0.388844123046875 0.54822557421875 0.3915572890625 0.548243853515625 0.396983759765625 0.5398997578125 0.398227560546875 0.52349601953125 0.43395109375 0.513959265625 0.43547749609375 0.498779609375 0.43881249609375 0.49478634765625 0.44864774609375 0.49380502734375 0.4591045546875 0.5055734765625 0.4683746015625 0.5021439921875 0.47052256640625 0.49971410546875 0.463401162109375 0.458810427734375 0.478945484375 0.45070909375 0.4824501015625 0.444098017578125 0.472106818359375 0.40264884375 0.48595553125 0.38720301171875 0.513821890625 0.395596814453125 0.52687833984375 0.437064267578125 0.547453271484375 0.432314169921875 0.554801328125 0.43899836328125 0.545135556640625 0.445742525390625 0.541178587890625 0.462127984375 0.518512185546875 0.471228916015625 0.519755306640625 0.496728455078125 0.50019779296875 0.50253298828125 0.497145396484375 0.507750333984375 0.500480125 0.5205183828125 0.485726978515625 0.538751671875 0.499123064453125 0.549841537109375 0.5118969140625 0.590084908203125 0.52421922265625 0.589818732421875 0.526762908203125 0.584074169921875 0.578652458984375 0.570805197265625 0.59238805078125 0.559898125 0.59397080859375 0.555020072265625 0.58713146484375 0.54886309765625 0.58865773046875 0.54206409765625 0.60244994921875 0.524697318359375 0.597532326171875 0.525187978515625 0.576335966796875 0.50880765234375 0.561358068359375 0.443931251953125 0.58854651171875 0.42927368359375 0.5949905390625 0.4136033671875 0.61324802734375 0.405520314453125 0.66208491015625 0.41422999609375 0.69667694921875 0.466842154296875 0.703629005859375 0.493602333984375 0.702328712890625 0.508085123046875 0.726860072265625 0.520472189453125 0.7374298671875 0.536082533203125 0.740481994140625 0.547626498046875 0.744099595703125 0.544857318359375 0.7388995078125 0.535743240234375 0.743025955078125 0.525120623046875 0.746021859375 0.51798233203125 0.75337005078125 0.5162858671875 0.759474576171875 0.522612486328125 0.76275308203125 0.51669827734375 0.776658017578125 0.519934703125 0.796780732421875 0.5165783359375 0.80458100390625 0.521868798828125 0.813850642578125 0.543581279296875 0.82266847265625 0.541545521484375 0.831655916015625 0.536891953125 0.82996044140625 0.52116680078125 0.83544326953125 0.523124306640625 0.839908947265625 0.50726606640625 0.838835169921875 0.49591002734375 0.830356572265625 0.492710158203125 0.83092191015625 0.48677766796875 0.8429616171875 0.48528741015625 0.846918451171875 0.477282607421875 0.836009693359375 0.450146576171875 0.838836255859375 0.428864783203125 0.834088654296875 0.401595666015625 0.843019603515625 0.3950211484375 0.855341912109375 0.394754974609375 0.8565290859375 0.384810943359375 0.85285526171875 0.36889786328125 0.8433592421875 0.36464355859375 0.83708523828125 0.352554095703125 0.813684287109375 0.34506336328125 0.806732091796875 0.32668383984375 0.79746231640625 0.313352013671875 0.786722767578125 0.30874013671875 0.7710658671875 0.287857609375 0.758008875 0.279912775390625 0.7436525390625 0.227786146484375 0.73121737890625 0.215829771484375 0.70843826171875 0.20432749609375 0.687242171875 0.171185859375 0.675541833984375 0.1590598359375 0.663558619140625 0.16247104296875 0.673506041015625 0.215615552734375 0.67079273828125 0.223977927734375 0.672601333984375 0.2351643203125 0.668135927734375 0.234261251953125 0.665422625 0.242623626953125 0.65163094921875 0.22646778515625 0.600815447265625 0.23433148828125 0.591771375 0.24544476171875 0.584253298828125 0.2665203515625 0.560117255859375 0.27596057421875 0.4410202109375 0.2931416796875 0.43169353515625 0.303030873046875 0.419653830078125 0.3045211328125 0.41857978125 0.30992640234375 0.40450523046875 0.3093077890625 0.398287447265625 0.315900583984375 0.348150138671875 0.330054345703125 0.309261357421875 0.332585896484375 0.295977984375 0.342099236328125 0.285012326171875 0.338184224609375 0.252001828125 0.356119912109375 0.200734109375 0.365377345703125 0.179368 0.359995486328125 0.177671982421875 0.377792955078125 0.188862796875 0.439675689453125 0.186658203125 0.448565283203125 0.167609265625 0.46327769140625 0.156529943359375 0.497424060546875 0.164725125 0.54968377734375 0.159920078125 0.579158298828125 0.16274609765625 0.59139912890625 0.159524083984375 0.599234287109375 0.147201775390625 0.599500462890625 0.144940689453125 0.606469109375 0.12900064453125 0.617885119140625 0.1172435390625 0.6205994609375 0.11611272265625 0.640845095703125 0.10763371875 0.662787193359375 0.0930504609375 0.661641359375 0.0871721796875 0.64623721875 0.086494259765625 0.62318584765625 0.068689123046875 0.621494515625 0.0665414296875 0.607163091796875 0.08440333203125 0.594014060546875 0.082934509765625 0.544069421875 0.0880786484375 0.5177399296875 0.104357927734375 0.501088294921875 0.113627970703125 0.497658810546875 0.118771705078125 0.49647128515625 0.12340659375 0.50313719921875 0.128832927734375 0.5031737578125 0.133637701171875 0.490460546875 0.136803357421875 0.472323787109375 0.134994759765625 0.461137392578125 0.140138765625 0.443188556640625 0.134034783203125 0.40333931640625 0.120921162109375 0.401854189453125 0.09955478125 0.413233642578125 0.07943206640625 0.41659001171875 0.0693705703125 0.426648849609375 0.04280409765625 0.42891422265625 0.02222889453125 0.450425630859375 0 0.455557576171875 0 0.556967802734375 0.102282041015625 1 0.23502046875 1
0 1 0.563195923828125 0.999645791015625 0.563864099609375 0.994219455078125 0.56382754296875 0.969744861328125 0.536600115234375 0.9571968515625 0.512421189453125 0.94340517578125 0.49626534765625 0.931930810546875 0.4918231171875 0.91508687109375 0.472503962890625 0.911977978515625 0.475800361328125 0.906438658203125 0.471921908203125 0.902538453125 0.47346700390625 0.909320626953125 0.519606306640625 0.924863998046875 0.570169560546875 0.931872958984375 0.57370872265625 0.93735537890625 0.6008081953125 0.91734578515625 0.599625802734375 0.90835875 0.579137404296875 0.899088837890625 0.574186234375 0.896149291015625 0.591626130859375 0.884674787109375 0.5955645546875 0.88309202734375 0.600442609375 0.884335013671875 0.63432280078125 0.862177185546875 0.652331607421875 0.855620169921875 0.66416002734375 0.843580734375 0.648888974609375 0.838719603515625 0.65130058203125 0.83493225 0.66506823046875 0.82289254296875 0.66655848828125 0.808931388671875 0.644639802734375 0.798248876953125 0.608426251953125 0.802884169921875 0.58995019921875 0.822611298828125 0.581527853515625 0.825042001953125 0.571941392578125 0.83436867578125 0.56205219921875 0.84833023828125 0.558828919921875 0.846013201171875 0.53035399609375 0.83894801953125 0.508132576171875 0.805711546875 0.5183844765625 0.803959171875 0.52588033984375 0.808028583984375 0.546859396484375 0.800397654296875 0.55571243359375 0.779709736328125 0.55662063671875 0.7768834453125 0.5611411171875 0.76682222265625 0.55443864453125 0.755912923828125 0.560825234375 0.739917064453125 0.528417021484375 0.731890546875 0.532204078125 0.736355412109375 0.566629771484375 0.731550908203125 0.562581669921875 0.725050525390625 0.567950380859375 0.70198853125 0.5719853359375 0.699671087890625 0.56865237890625 0.698314435546875 0.57283356640625 0.68582251171875 0.5757175546875 0.679548373046875 0.572008748046875 0.663777939453125 0.5808069453125 0.654056083984375 0.5604881953125 0.653038935546875 0.542672447265625 0.655639115234375 0.53884883203125 0.66027400390625 0.545514744140625 0.663665498046875 0.5434424296875 0.6687526015625 0.548714611328125 0.676157421875 0.54055844140625 0.6862752734375 0.540801205078125 0.679096833984375 0.531499201171875 0.677062126953125 0.521009671875 0.63201219140625 0.523674306640625 0.6211031640625 0.51329958984375 0.586905900390625 0.516037341796875 0.578427302734375 0.51283747265625 0.57023103515625 0.527622998046875 0.549486486328125 0.534990908203125 0.53936876953125 0.52636748828125 0.53388634765625 0.499268015625 0.526707908203125 0.489966013671875 0.51121980859375 0.516749603515625 0.49578847265625 0.528692833984375 0.5009885625 0.537806912109375 0.495053517578125 0.537243134765625 0.495222998046875 0.543005978515625 0.500762318359375 0.546884431640625 0.505792794921875 0.55861632421875 0.505283947265625 0.566469759765625 0.511388203125 0.58955769140625 0.5766739765625 0.57899792578125 0.595553298828125 0.566903330078125 0.605388412109375 0.574302666015625 0.600470787109375 0.57479332421875 0.599453095703125 0.59050019921875 0.403143421875 0.63195387890625 0.389294845703125 0.6390190546875 0.3745986015625 0.634031326171875 0.372450908203125 0.61969990234375 0.4259797109375 0.603473822265625 0.42354941796875 0.58791831640625 0.411001 0.58888135546875 0.396700478515625 0.580578953125 0.3915001171875 0.58822618359375 0.377255953125 0.590225380859375 0.374825251953125 0.59981183984375 0.36679887109375 0.5952182421875 0.36012887109375 0.603204765625 0.308182826171875 0.61455279296875 0.30060893359375 0.591804154296875 0.2935999765625 0.588264994140625 0.2859697265625 0.555214751953125 0.298518279296875 0.545871056640625 0.295409794921875 0.524025490234375 0.31038877734375 0.521856646484375 0.315136650390625 0.532364453125 0.3223152265625 0.533285802734375 0.3295504296875 0.527747443359375 0.322654591796875 0.5196695234375 0.32141119921875 0.510931294921875 0.31140660546875 0.497769115234375 0.3115197265625 0.49323035546875 0.33124685546875 0.484808009765625 0.34164730859375 0.48627485546875 0.34328642578125 0.49169840625 0.340573123046875 0.500060783203125 0.34362525 0.51160474609375 0.361091291015625 0.510151048828125 0.36278690234375 0.517495544921875 0.36793063671875 0.516308021484375 0.367987263671875 0.509848314453125 0.37013509375 0.51579908203125 0.375561427734375 0.515835640625 0.375787673828125 0.50675812109375 0.40314559375 0.497863392578125 0.405463171875 0.492815693359375 0.399471904296875 0.473569658203125 0.401337267578125 0.469915689453125 0.417051068359375 0.46757719921875 0.4237775625 0.461511623046875 0.41552534375 0.440853578125 0.408403126953125 0.45023383203125 0.397380841796875 0.45277852734375 0.384323986328125 0.436453037109375 0.378106203125 0.443045833984375 0.37024957421875 0.42745376953125 0.3652189609375 0.424102533203125 0.365275318359375 0.43440413671875 0.359170658203125 0.436458171875 0.36199667578125 0.448699001953125 0.36708378125 0.45397118359375 0.365105296875 0.4621639140625 0.36747909765625 0.475798474609375 0.35425221875 0.487232763671875 0.345039208984375 0.45906057421875 0.3289298203125 0.4563330859375 0.32339076953125 0.4356933203125 0.324973529296875 0.43081526953125 0.340122126953125 0.42602861328125 0.335035294921875 0.403995119140625 0.42558765234375 0.3805108046875 0.430731251953125 0.3877039375 0.43050487109375 0.405162111328125 0.44915794921875 0.402145037109375 0.444523333984375 0.378717814453125 0.505400328125 0.360795271484375 0.5212271171875 0.362298677734375 0.52184854296875 0.3834291015625 0.5282358046875 0.3825991484375 0.525748880859375 0.37350334765625 0.531231845703125 0.36708019921875 0.523092478515625 0.35864470703125 0.51936202734375 0.3491913359375 0.515066642578125 0.32052848828125 0.519814787109375 0.314274986328125 0.519362705078125 0.30728805859375 0.542029109375 0.298187126953125 0.54315965234375 0.2947028046875 0.5384682734375 0.286115943359375 0.529933046875 0.28937578125 0.518684787109375 0.2842366875 0.46888670703125 0.293154826171875 0.436328423828125 0.30969678515625 0.34204533984375 0.3404890390625 0.33209710546875 0.3376284609375 0.30519140234375 0.3451294609375 0.292303888671875 0.34294746875 0.255054091796875 0.359283224609375 0.197738205078125 0.372515638671875 0.181911416015625 0.371012232421875 0.17953720703125 0.382519640625 0.19214103125 0.4505227890625 0.180440419921875 0.455158080078125 0.179027138671875 0.465798974609375 0.16642209375 0.473221724609375 0.169191482421875 0.49192226171875 0.16218238671875 0.496763755859375 0.159355962890625 0.509664890625 0.167664400390625 0.549005193359375 0.172864626953125 0.549738615234375 0.174164921875 0.535255826171875 0.179252162109375 0.5321473515625 0.178969697265625 0.522542615234375 0.191292005859375 0.522276439453125 0.193383474609375 0.51792560546875 0.21808472265625 0.510933546875 0.218084857421875 0.502552890625 0.209436779296875 0.4935901796875 0.206893091796875 0.499334744140625 0.203953951171875 0.491632671875 0.227298681640625 0.480441146484375 0.23702080859375 0.483998587890625 0.24352037890625 0.528913806640625 0.239902775390625 0.531682986328125 0.234646193359375 0.520647958984375 0.228145943359375 0.517636017578125 0.22611096484375 0.52390780078125 0.229389201171875 0.534754900390625 0.22554535546875 0.546601599609375 0.209379064453125 0.567095130859375 0.181795171875 0.56830606640625 0.175973248046875 0.563203529296875 0.171846935546875 0.565445490234375 0.166477228515625 0.558949224609375 0.164215734375 0.591059837890625 0.159354466796875 0.601852099609375 0.150254037109375 0.602663771484375 0.14561887890625 0.612759171875 0.118543560546875 0.62287798046875 0.119617203125 0.64261467578125 0.1079163203125 0.66401127734375 0.097346251953125 0.6651622421875 0.09129821875 0.660756568359375 0.086832947265625 0.65147284375 0.082085345703125 0.6242037265625 0.066710775390625 0.62130658984375 0.06348916796875 0.603999783203125 0.074341974609375 0.59569224609375 0.072816115234375 0.577349279296875 0.077903353515625 0.57424080859375 0.083103853515625 0.558212919921875 0.07728247265625 0.51958776171875 0.08943530078125 0.5135587421875 0.0877399609375 0.48945293359375 0.130529080078125 0.4769956328125 0.12685539453125 0.452701900390625 0.13770819921875 0.444394361328125 0.138160552734375 0.4346199765625 0.1319433125 0.407690150390625 0.07954505078125 0.42043190625 0.071688013671875 0.429981806640625 0.06021351171875 0.433920232421875 0.044217107421875 0.43503463671875 0.024546337890625 0.453758587890625 0 0.45997340625 0 0.556967802734375 0.102282041015625 1 0.239057607421875 1 0.238821259765625 0.99802430078125 0.226725603515625 0.964070990234375 0.21451628125 0.968179060546875 0.21016399609375 0.962737232421875 0.143012861328125 0.976950966796875 0.13871706640625 0.973430083984375 0.13673885546875 0.96486150390625 0.134930529296875 0.936913798828125 0.137474353515625 0.922788580078125 0.21316071484375 0.905315005859375 0.224804833984375 0.89875876953125 0.223561576171875 0.88163988671875 0.228706125 0.830168431640625 0.240011283203125 0.8120865078125 0.238033341796875 0.786756615234375 0.24481646484375 0.774231330078125 0.331298869140625 0.76329058203125 0.34107708203125 0.7939109375 0.34655991015625 0.795868443359375 0.37759192578125 0.786125484375 0.378157400390625 0.77181233984375 0.39008412109375 0.766480185546875 0.40675871484375 0.771655841796875 0.41308934765625 0.777285595703125 0.418345796875 0.796701275390625 0.413032041015625 0.825648580078125 0.399805298828125 0.828702212890625 0.3929091875 0.8373856015625 0.40296959765625 0.894372005859375 0.406982787109375 0.8966688046875 0.412804982421875 0.88501003125 0.4332669296875 0.8764180390625 0.44338464453125 0.88504145703125 0.449658650390625 0.897130919921875 0.447454873046875 0.85573658203125 0.456499080078125 0.836242650390625 0.465034306640625 0.832982810546875 0.467860732421875 0.82008167578125 0.459777859375 0.813567130859375 0.447003333984375 0.81522703515625 0.439598919921875 0.798241240234375 0.4320247578125 0.792253912109375 0.4277291015625 0.780352375 0.4289730390625 0.755567982421875 0.409359439453125 0.7343096015625 0.3977724921875 0.700883509765625 0.405516951171875 0.662349748046875 0.425131091796875 0.650085505859375 0.439205912109375 0.633942810546875 0.46515055078125 0.635688978515625 0.477415958984375 0.658643822265625 0.495164603515625 0.658414205078125 0.504038654296875 0.67506070703125 0.510708111328125 0.7005968046875 0.5101427734375 0.70652929296875 0.49793344921875 0.71063736328125 0.49804630078125 0.7228599140625 0.494032974609375 0.728943771484375 0.502115169921875 0.777361591796875 0.488379580078125 0.7882686640625 0.49210976171875 0.814483345703125 0.501492251953125 0.84841837890625 0.49261779296875 0.856913841796875 0.500756888671875 0.882110646484375 0.498100078125 0.89239396875 0.463506955078125 0.9068270546875 0.45005423828125 0.9021968984375 0.444345029296875 0.91769756640625 0.434622765625 0.92252078125 0.42303527734375 0.922617310546875 0.411956634765625 0.914860404296875 0.405399755859375 0.918308169921875 0.41054267578125 0.967404576171875 0.407264166015625 0.973318787109375 0.4099205703125 0.988177427734375 0.407266591796875 1 0.53783660546875 1 0.625221875 0.980374326171875 0.663884681640625 0.97015898828125 0.6678980078125 0.96407512890625 0.68378142578125 0.959118826171875 0.658458619140625 0.953361119140625 0.631439927734375 0.95702021875 0.62623983984375 0.947906140625 0.61877866015625 0.9457607109375 0.620078818359375 0.93965857421875 0.61369169140625 0.93210787109375 0.613917935546875 0.9230303515625 0.606908841796875 0.92787184375 0.6009174375 0.91700646484375 0.5865611015625 0.8648798359375 0.58712671484375 0.84218603515625 0.619176150390625 0.833497513671875 0.62861540234375 0.852592181640625 0.637489046875 0.894380650390625 0.646024138671875 0.89950146484375 0.64721130859375 0.88955743359375 0.63833766796875 0.847768966796875 0.6542214921875 0.817670697265625 0.680222353515625 0.838099125 0.687513642578125 0.8596236796875 0.697574865234375 0.86632615234375 0.71289253515625 0.8924443046875 0.72939697265625 0.933760390625 0.7178092109375 0.95061823046875 0.74160588671875 0.954794287109375 0.774842359375 0.944542388671875 0.77405158984375 0.90926846484375 0.769247359375 0.8884590546875 0.762634123046875 0.881605216796875 0.75014219921875 0.884489205078125 0.745846408203125 0.880968322265625 0.73245086328125 0.8363558359375 0.703001609375 0.8412207421875 0.695936154296875 0.835760634765625 0.6916405 0.82385909765625 0.6843489375 0.819095853515625 0.66117531640625 0.735482357421875 0.663945111328125 0.7290409296875 0.675137013671875 0.723878421875 0.67677640234375 0.712540662109375 0.668241583984375 0.690658533203125 0.65473223828125 0.6924880859375 0.646197146484375 0.68736726953125 0.641958119140625 0.669006025390625 0.650493482421875 0.65736553125 0.67118140234375 0.656457328125 0.679490384765625 0.662275009765625 0.690343056640625 0.662348126953125 0.6990478984375 0.656470474609375 0.723522900390625 0.658555935546875 0.78129100390625 0.643929791015625 0.788073853515625 0.64816581640625 0.816109150390625 0.695845083984375 0.823343810546875 0.72382934765625 0.819330484375 0.729913203125 0.820121662109375 0.74004516015625 0.860817953125 0.81574524609375 0.868674447265625 0.839717966796875 0.865904515625 0.85454005078125 0.888456845703125 0.908642466796875 0.89665270703125 0.918998908203125 1 0.89451101171875 1 0.68398027734375 0.992465451171875 0.671891271484375 0.97686490625 0.661310345703125 0.96652121875 0.64500313671875 0.95990784765625 0.646529955078125 0.956120494140625 0.6602976015625 0.951372484375 0.658170447265625 0.941877009765625 0.620393521484375 0.94244234765625 0.614461033203125 0.95126017578125 0.61242527734375 0.9587777109375 0.624872310546875 0.966069544921875 0.61287424609375 0.97533958984375 0.609444759765625 0.993144591796875 0.61951674609375 1 0.62800733984375 1 0.563195923828125