1 0.328125 0.30859375 0.271484375 0.333984375
1 0.078125 0.0703125 0.10546875 0.140625
1 0.9697265625 0.1044921875 0.060546875 0.130859375
1 0.41796875 0.09765625 0.251953125 0.169921875
1 0.185546875 0.0869140625 0.18359375 0.173828125
1 0.6142578125 0.0908203125 0.302734375 0.181640625
1 0.828125 0.0927734375 0.275390625 0.16015625
0 0.784480919921875 0.75630205859375 0.787306134765625 0.73979225 0.780696361328125 0.72679952734375 0.767162984375 0.729194654296875 0.761593861328125 0.73715890625 0.747519833984375 0.735339384765625 0.743532009765625 0.768475259765625 0.784480919921875 0.75630205859375
0 0.145238271484375 0.890370662109375 0.17231071875 0.849659970703125 0.18858800390625 0.855810400390625 0.2015807265625 0.849200625 0.2080799375 0.82793551953125 0.20336529296875 0.81173384375 0.16903185546875 0.800979333984375 0.159439953125 0.818686703125 0.1312918984375 0.8150476640625 0.12162438671875 0.821889958984375 0.1160089140625 0.878302328125 0.129809767578125 0.895974744140625 0.145238271484375 0.890370662109375
0 0.474868642578125 0.36959593359375 0.533292400390625 0.370339849609375 0.560481109375 0.32796655078125 0.57169496484375 0.322903123046875 0.589751119140625 0.327507203125 0.5930356796875 0.34026740625 0.609388572265625 0.35728291015625 0.63499598046875 0.289737990234375 0.6127251796875 0.28567455859375 0.446615720703125 0.29577862890625 0.442738462890625 0.36317233203125 0.4631897421875 0.3813097890625 0.474868642578125 0.36959593359375
0 0.00432159765625 0.420737896484375 0.14837006640625 0.403569970703125 0.1756343828125 0.372061748046875 0.200381615234375 0.36460319140625 0.206113349609375 0.306528216796875 0.012024943359375 0.310574908203125 0.00432159765625 0.420737896484375
0 0 0.66792746484375 0.035267232421875 0.6830277265625 0.04868434765625 0.68229520703125 0.077029966796875 0.659216279296875 0.0871218671875 0.658251236328125 0.1287976015625 0.6954155859375 0.1628928203125 0.74541574609375 0.171327810546875 0.7084140078125 0.1808790625 0.70323431640625 0.202260427734375 0.708070921875 0.2069401171875 0.70087984375 0.18776770703125 0.6644537109375 0.190592921875 0.64794390234375 0.205405166015625 0.6272601015625 0.23703534765625 0.616941376953125 0.268276091796875 0.62413815234375 0.28466394140625 0.664546408203125 0.283536291015625 0.704565232421875 0.258085794921875 0.75791986328125 0.266085001953125 0.786881744140625 0.281780984375 0.80134520703125 0.27837446484375 0.826168046875 0.284867978515625 0.840823376953125 0.307563169921875 0.8507640625 0.325659974609375 0.842840462890625 0.3243925 0.789288265625 0.335147009765625 0.754954828125 0.34659338671875 0.74656618359375 0.379496740234375 0.753879220703125 0.41936434765625 0.7332767265625 0.416120439453125 0.707988841796875 0.444803447265625 0.75176296484375 0.51517358203125 0.760860564453125 0.513778453125 0.780811845703125 0.5292768671875 0.82199327734375 0.546170412109375 0.84322342578125 0.545624064453125 0.874929216796875 0.555018400390625 0.883939814453125 0.582742064453125 0.881701599609375 0.60946573046875 0.84597873046875 0.614232423828125 0.777811853515625 0.639758525390625 0.735322294921875 0.6499666875 0.732694646484375 0.678806607421875 0.762278482421875 0.69477006640625 0.796809486328125 0.71479695703125 0.80906969140625 0.7230343828125 0.798785919921875 0.73430028515625 0.7093539375 0.78197523046875 0.708510853515625 0.829272130859375 0.653342396484375 0.860280357421875 0.66386438671875 0.881934896484375 0.652848095703125 0.895200794921875 0.63038542578125 0.883062548828125 0.6128292734375 0.87800481640625 0.565694978515625 0.89989187890625 0.5513534765625 0.9185293359375 0.5476445234375 0.9335741015625 0.523635509765625 0.94385787109375 0.531872935546875 0.942346482421875 0.553486822265625 0.956066029296875 0.59621459765625 0.97269209765625 0.597377205078125 0.9750173125 0.564125072265625 0.958705072265625 0.534581888671875 0.956118076171875 0.511846044921875 0.8581405390625 0.503324052734375 0.732863728515625 0.502917525390625 0.727602734375 0.518421638671875 0.71484253125 0.52170619921875 0.630863412109375 0.50413865234375 0.53454848046875 0.495732919921875 0.483623931640625 0.507208556640625 0.404783849609375 0.511719939453125 0.34029096875 0.50219794921875 0.299650189453125 0.52191101171875 0.3015046640625 0.531229740234375 0.324624248046875 0.547047677734375 0.32338603125 0.552808671875 0.272159046875 0.52082401171875 0.220118240234375 0.500477599609375 0.19185392578125 0.498501166015625 0.18102950390625 0.48604909375 0.000395017578125 0.476890599609375 0 0.482539615234375 0 0.66792746484375