1 0.1298828125 0.333984375 0.130859375 0.36328125
1 0.5634765625 0.359375 0.130859375 0.171875
1 0.3037109375 0.31640625 0.126953125 0.197265625
1 0.0380859375 0.3173828125 0.0703125 0.154296875
1 0.95703125 0.375 0.0859375 0.125
1 0.8115234375 0.55859375 0.146484375 0.0859375
1 0.7607421875 0.4111328125 0.056640625 0.20703125
1 0.2294921875 0.4208984375 0.09375 0.1953125
1 0.29296875 0.26953125 0.1640625 0.07421875
1 0.6708984375 0.56640625 0.126953125 0.046875
0 0.966124947265625 1 0.97043248046875 0.998449072265625 0.9708382890625 0.98682825 0.978733068359375 0.998738935546875 0.98288916015625 0.99871785546875 0.988142765625 0.8482743046875 0.7207455390625 0.81852917578125 0.555603361328125 0.78783015234375 0.472154787109375 0.750011080078125 0.309368400390625 0.699448619140625 0.256313150390625 0.671832685546875 0.272750953125 0.653292072265625 0.30825112109375 0.636248201171875 0.381702107421875 0.627178173828125 0.430367271484375 0.613918318359375 0.444855091796875 0.603620322265625 0.434441150390625 0.592452734375 0.27174962109375 0.586771419921875 0.21003540625 0.5929270234375 0.163784 0.5846633203125 0 0.583406095703125 0 0.982844388671875 0.491272447265625 1 0.952128271484375 1 0.957209513671875 0.99632517578125 0.960636341796875 1 0.966124947265625 1