1 0.6611328125 0.69921875 0.1640625 0.208984375
1 0.078125 0.564453125 0.15625 0.21484375
1 0.7734375 0.5703125 0.087890625 0.091796875
1 0.392578125 0.6240234375 0.185546875 0.203125
1 0.24609375 0.552734375 0.126953125 0.15625
1 0.2783203125 0.59765625 0.099609375 0.142578125
1 0.583984375 0.6806640625 0.1171875 0.181640625
1 0.5205078125 0.6640625 0.11328125 0.181640625
1 0.5947265625 0.5556640625 0.19140625 0.09765625
1 0.71484375 0.2666015625 0.162109375 0.1171875
1 0.4140625 0.615234375 0.10546875 0.140625
1 0.884765625 0.4658203125 0.06640625 0.07421875
1 0.2607421875 0.4638671875 0.056640625 0.060546875
1 0.04296875 0.4169921875 0.048828125 0.068359375
1 0.1328125 0.4208984375 0.064453125 0.056640625
1 0.2265625 0.4453125 0.048828125 0.048828125
1 0.3505859375 0.4794921875 0.064453125 0.04296875
1 0.4365234375 0.50390625 0.04296875 0.04296875
1 0.578125 0.421875 0.0859375 0.060546875
1 0.6513671875 0.380859375 0.04296875 0.052734375
1 0.7587890625 0.4560546875 0.052734375 0.03515625
1 0.6982421875 0.5048828125 0.078125 0.05859375
1 0.568359375 0.4658203125 0.03515625 0.03125
1 0.181640625 0.455078125 0.044921875 0.046875
0 0.7124198671875 1 0.716595861328125 0.989978109375 0.71441801953125 0.94677086328125 0.759203998046875 0.927489423828125 0.77510496875 0.90827357421875 0.812775740234375 0.910267765625 0.822925947265625 0.902619037109375 0.832100935546875 0.872557640625 0.864410166015625 0.853997775390625 0.86992040625 0.838271740234375 0.8668985234375 0.83042183984375 0.816256837890625 0.815054388671875 0.781314951171875 0.79364317578125 0.766551013671875 0.8047686015625 0.745515908203125 0.801812310546875 0.70478390234375 0.77463721484375 0.662285111328125 0.7835148046875 0.512940236328125 0.754275525390625 0.49538182421875 0.755932962890625 0.482957546875 0.779762544921875 0.454313064453125 0.783987048828125 0.240699599609375 0.7424153203125 0.1181537109375 0.710342212890625 0.122058984375 0.700165771484375 0.109958341796875 0.66298916796875 0.049861787109375 0.65619319140625 0.048737869140625 0.670060619140625 0.037196986328125 0.67586385546875 0.030444765625 0.65346430859375 0 0.648550158203125 0 0.775508599609375 0.0015947109375 0.7706880078125 0.028607990234375 0.76045909375 0.036711533203125 0.76737312890625 0.03792727734375 0.793944712890625 0.01535279296875 0.8254230234375 0 0.868694859375 0 0.927119578125 0.01466616796875 0.930104384765625 0.021405671875 0.937651740234375 0.46503659765625 1 0.7124198671875 1