1 0.7421875 0.3369140625 0.1064453125 0.060546875
1 0.5810546875 0.3330078125 0.1220703125 0.146484375
1 0.06640625 0.4599609375 0.130859375 0.2158203125
1 0.1962890625 0.373046875 0.154296875 0.216796875
1 0.3779296875 0.353515625 0.2470703125 0.1513671875
1 0.5458984375 0.224609375 0.2001953125 0.072265625
1 0.923828125 0.2412109375 0.0703125 0.0419921875
1 0.849609375 0.2373046875 0.0673828125 0.0419921875
1 0.732421875 0.2705078125 0.072265625 0.072265625
0 0.12578125 0.953125 0.11640625 0.9546875 0.1140625 0.96484375 0.1296875 0.98984375 0.125 0.99921875 0.153125 0.99921875 0.1640625 0.96953125 0.1609375 0.95859375 0.13671875 0.9609375 0.12578125 0.953125
0 0.07109375 0.95 0.03203125 0.9515625 0.03125 0.96640625 0.02109375 0.9734375 0 0.96796875 0.00078125 1 0.0921875 0.99921875 0.0921875 0.98515625 0.0765625 0.98203125 0.0765625 0.95390625 0.07109375 0.95
0 0.28203125 0.940625 0.26796875 0.953125 0.25390625 0.953125 0.24765625 0.946875 0.23671875 0.9671875 0.22421875 0.9734375 0.19296875 0.975 0.1859375 0.99296875 0.18671875 1 0.3203125 0.99921875 0.328125 0.97734375 0.3265625 0.95703125 0.30234375 0.9390625 0.28203125 0.940625
0 1 0.31171875 0.89921875 0.2828125 0.87890625 0.284375 0.8671875 0.31328125 0.846875 0.32734375 0.85 0.34765625 0.84375 0.37109375 0.81015625 0.3890625 0.66640625 0.434375 0.44453125 0.490625 0.440625 0.49921875 0.44921875 0.51875 0.40546875 0.525 0.37265625 0.546875 0.29765625 0.5453125 0.00078125 0.6171875 0 0.86484375 0.028125 0.86796875 0.04765625 0.8625 0.16796875 0.8640625 0.21796875 0.8578125 0.23515625 0.846875 0.29453125 0.84375 0.296875 0.80859375 0.290625 0.78515625 0.30078125 0.7609375 0.31328125 0.7671875 0.353125 0.76796875 0.35078125 0.775 0.33046875 0.7828125 0.3265625 0.79609375 0.3140625 0.80390625 0.3171875 0.82265625 0.32265625 0.828125 0.33515625 0.825 0.43515625 0.7796875 0.44140625 0.7703125 0.48046875 0.75 0.5 0.73046875 0.50390625 0.715625 0.54921875 0.7078125 0.59765625 0.6765625 0.64140625 0.659375 0.65859375 0.64375 0.74296875 0.64375 0.75390625 0.6546875 0.77109375 0.6578125 0.81015625 0.653125 0.82421875 0.6265625 0.8625 0.61484375 0.8640625 0.59765625 0.87421875 0.5828125 0.91484375 0.5796875 0.94296875 0.5625 0.9578125 0.54296875 0.953125 0.51171875 0.921875 0.47890625 0.9546875 0.44453125 0.9609375 0.41640625 1 0.38984375 1 0.31171875