1 0.61328125 0.625 0.109375 0.09375
1 0.4716796875 0.6220703125 0.15234375 0.12890625
1 0.5244140625 0.7197265625 0.1953125 0.18359375
1 0.26953125 0.6162109375 0.15625 0.1328125
1 0.7529296875 0.75 0.2890625 0.263671875
1 0.15234375 0.275390625 0.064453125 0.080078125
1 0.142578125 0.5625 0.1484375 0.12890625
1 0.0439453125 0.5361328125 0.087890625 0.123046875
1 0.009765625 0.5224609375 0.01953125 0.123046875
1 0.3740234375 0.4736328125 0.298828125 0.158203125
1 0.7421875 0.5966796875 0.08984375 0.103515625
1 0.1943359375 0.369140625 0.158203125 0.1953125
1 0.9658203125 0.6650390625 0.033203125 0.07421875
1 0.6064453125 0.546875 0.05859375 0.056640625
1 0.5634765625 0.544921875 0.041015625 0.041015625
1 0.8818359375 0.6142578125 0.060546875 0.0546875
1 0.935546875 0.6611328125 0.05859375 0.046875
1 0.6650390625 0.5439453125 0.052734375 0.033203125
1 0.5556640625 0.5224609375 0.041015625 0.041015625
1 0.791015625 0.548828125 0.080078125 0.05078125
1 0.5458984375 0.578125 0.06640625 0.04296875
1 0.2783203125 0.5263671875 0.2578125 0.109375
1 0.3935546875 0.6806640625 0.1171875 0.15234375
1 0.9384765625 0.77734375 0.044921875 0.126953125
1 0.796875 0.6064453125 0.05078125 0.0703125
0 0.872649869140625 0.886226826171875 0.88292013671875 0.870065271484375 0.910198083984375 0.875083359375 0.923411740234375 0.868571015625 0.916687865234375 0.852630017578125 0.919401669921875 0.8310182890625 0.878905556640625 0.82537914453125 0.85880162109375 0.884557138671875 0.872649869140625 0.886226826171875
0 0.935081501953125 0.7430996796875 0.957443072265625 0.732078791015625 0.959640775390625 0.723264291015625 0.89813178125 0.70535798046875 0.884765255859375 0.801877171875 0.910994572265625 0.80752533984375 0.927142591796875 0.79639541015625 0.936773751953125 0.764918427734375 0.935081501953125 0.7430996796875
0 0.8906428125 1 0.902100208984375 0.95404689453125 0.846029076171875 0.925057765625 0.839926259765625 0.895898599609375 0.84746918359375 0.879948576171875 0.84264006640625 0.87428687109375 0.640348462890625 0.813151498046875 0.629007 0.79427613671875 0.60844390234375 0.79093225 0.590405640625 0.79891628515625 0.53124118359375 0.800212544921875 0.452341705078125 0.7805406953125 0.4011342109375 0.75707482421875 0.34447654296875 0.74116541015625 0.32601973046875 0.75082816015625 0.25636444921875 0.751291833984375 0 0.67031681640625 0 0.88455959765625 0.01153358203125 0.893518458984375 0.43860771875 1 0.8906428125 1