1 0.345703125 0.560546875 0.083984375 0.0654296875
1 0.470703125 0.5888671875 0.1201171875 0.0908203125
1 0.40234375 0.6630859375 0.1484375 0.134765625
1 0.6484375 0.6279296875 0.1220703125 0.09375
1 0.1962890625 0.640625 0.2216796875 0.1904296875
1 0.826171875 0.35546875 0.0439453125 0.064453125
1 0.771484375 0.609375 0.115234375 0.0908203125
1 0.8671875 0.6103515625 0.0654296875 0.0986328125
1 0.9501953125 0.607421875 0.099609375 0.109375
1 0.587890625 0.4814453125 0.2578125 0.0830078125
1 0.23828125 0.5087890625 0.0625 0.0810546875
1 0.767578125 0.4287109375 0.109375 0.154296875
1 0.9072265625 0.892578125 0.0810546875 0.0517578125
1 0.017578125 0.51953125 0.0341796875 0.0654296875
1 0.369140625 0.494140625 0.0439453125 0.0419921875
1 0.4072265625 0.501953125 0.03125 0.029296875
1 0.111328125 0.4931640625 0.046875 0.0390625
1 0.0546875 0.5224609375 0.046875 0.033203125
1 0.3173828125 0.478515625 0.0439453125 0.0205078125
1 0.41796875 0.4833984375 0.029296875 0.029296875
1 0.951171875 0.43359375 0.0419921875 0.0341796875
1 0.9658203125 0.5087890625 0.068359375 0.029296875
1 0.2060546875 0.455078125 0.0673828125 0.029296875
1 0.4150390625 0.53515625 0.0546875 0.0263671875
1 0.6611328125 0.5478515625 0.228515625 0.0439453125
1 0.525390625 0.658203125 0.080078125 0.1220703125
1 0.017578125 0.6240234375 0.0341796875 0.1142578125
1 0.189453125 0.5048828125 0.033203125 0.0576171875
0 0.0203125 0.70703125 0.03046875 0.715625 0.05546875 0.7171875 0.0609375 0.73359375 0.0734375 0.73515625 0.06875 0.67890625 0.03203125 0.675 0.0296875 0.69453125 0.0203125 0.70703125
0 0.0375 0.59453125 0.03125 0.61328125 0.0328125 0.64296875 0.04453125 0.65625 0.06875 0.65703125 0.078125 0.56953125 0.01796875 0.571875 0.0171875 0.57734375 0.0375 0.59453125
0 0.8015625 0.93359375 0.83515625 0.91875 0.846875 0.89609375 0.8609375 0.88984375 0.8640625 0.87734375 0.8828125 0.85703125 0.88984375 0.828125 0.896875 0.85546875 0.90390625 0.859375 0.94609375 0.853125 0.9703125 0.84296875 0.9765625 0.81328125 0.9875 0.79765625 0.98515625 0.728125 0.63046875 0.75 0.56953125 0.734375 0.55546875 0.721875 0.50234375 0.7234375 0.45234375 0.7328125 0.37890625 0.7328125 0.32734375 0.71875 0.31328125 0.7078125 0.29453125 0.70625 0.28046875 0.7203125 0.08984375 0.7296875 0.084375 0.73359375 0.0875 0.74921875 0.07578125 0.7734375 0 0.79140625 0.00078125 1 0.7703125 0.99921875 0.7828125 0.98828125 0.7875 0.96953125 0.8 0.96484375 0.8015625 0.93359375