1 0.173828125 0.486328125 0.080078125 0.123046875
1 0.287109375 0.48046875 0.134765625 0.154296875
1 0.533203125 0.451171875 0.1298828125 0.236328125
1 0.4267578125 0.3818359375 0.1328125 0.255859375
1 0.9775390625 0.3349609375 0.044921875 0.076171875
1 0.4267578125 0.2265625 0.09375 0.0888671875
1 0.103515625 0.4814453125 0.0595703125 0.134765625
1 0.80078125 0.4296875 0.224609375 0.158203125
1 0.63671875 0.474609375 0.0576171875 0.173828125
1 0.2734375 0.1884765625 0.158203125 0.146484375
0 0 0.92265625 0.02890625 0.946875 0.03984375 0.9484375 0.06015625 0.9359375 0.0765625 0.89140625 0.08671875 0.8859375 0.10234375 0.89375 0.11875 0.87734375 0.134375 0.84609375 0.16640625 0.825 0.1921875 0.92578125 0.20859375 0.9203125 0.21953125 0.925 0.2234375 0.90078125 0.23359375 0.8921875 0.259375 0.93828125 0.2625 0.96015625 0.28046875 0.9828125 0.31015625 0.9765625 0.3171875 0.95390625 0.32734375 0.95 0.33984375 0.96875 0.37421875 0.971875 0.38671875 1 1 0.99921875 0.99921875 0.5984375 0.87265625 0.5921875 0.70703125 0.59375 0.67578125 0.5875 0.59765625 0.5859375 0.50546875 0.5859375 0.4984375 0.58828125 0.50078125 0.59375 0.48515625 0.596875 0.39453125 0.596875 0.37109375 0.5765625 0.32578125 0.578125 0.24921875 0.56875 0.23984375 0.56875 0.22265625 0.584375 0.19609375 0.584375 0.18515625 0.5703125 0.15859375 0.56875 0.09921875 0.5671875 0.08046875 0.5765625 0.06484375 0.5703125 0.04921875 0.575 0.03359375 0.5703125 0 0.57265625 0 0.92265625