1 0.146484375 0.9072265625 0.29296875 0.181640625
1 0.044921875 0.8447265625 0.08984375 0.126953125
1 0.693359375 0.5185546875 0.0673828125 0.0830078125
1 0.548828125 0.5693359375 0.107421875 0.171875
1 0.158203125 0.451171875 0.048828125 0.0498046875
1 0.025390625 0.470703125 0.05078125 0.046875
1 0.3251953125 0.4287109375 0.072265625 0.052734375
1 0.2080078125 0.4423828125 0.0439453125 0.052734375
1 0.259765625 0.4365234375 0.0390625 0.0283203125
1 0.0673828125 0.447265625 0.033203125 0.0341796875
1 0.4443359375 0.423828125 0.0234375 0.033203125
1 0.6259765625 0.5439453125 0.0419921875 0.083984375
0 0.8203125 0.41796875 0.80703125 0.409375 0.78515625 0.40625 0.74609375 0.41875 0.7453125 0.43828125 0.75234375 0.4453125 0.76484375 0.440625 0.784375 0.46171875 0.79296875 0.453125 0.81171875 0.4546875 0.8265625 0.44453125 0.8203125 0.41796875
0 0.5453125 0.44609375 0.53671875 0.4421875 0.50703125 0.45 0.47265625 0.4453125 0.42265625 0.4515625 0.4234375 0.47265625 0.45234375 0.4734375 0.478125 0.51640625 0.4890625 0.51953125 0.49921875 0.4875 0.51953125 0.4921875 0.5421875 0.47578125 0.5453125 0.44609375
0 0.715625 0.42421875 0.70703125 0.4203125 0.69453125 0.4296875 0.65390625 0.4265625 0.58828125 0.4421875 0.56953125 0.440625 0.56875 0.49453125 0.57421875 0.5 0.59296875 0.496875 0.63984375 0.5109375 0.6515625 0.53828125 0.6578125 0.53984375 0.6703125 0.50390625 0.69765625 0.4796875 0.715625 0.47265625 0.715625 0.42421875
0 0 0.76953125 0.03671875 0.7609375 0.0359375 0.77421875 0.0765625 0.82890625 0.090625 0.86171875 0.0984375 0.86484375 0.1265625 0.84765625 0.125 0.83515625 0.14296875 0.8140625 0.203125 0.77421875 0.2046875 0.74765625 0.2359375 0.70703125 0.240625 0.68671875 0.2328125 0.66015625 0.2359375 0.63515625 0.25625 0.61484375 0.2890625 0.56328125 0.2984375 0.51015625 0.3265625 0.48203125 0.33046875 0.4625 0.28046875 0.471875 0.23515625 0.46875 0.09765625 0.49375 0.04921875 0.4921875 0 0.49921875 0 0.76953125