1 0.1796875 0.2919921875 0.21484375 0.30859375
1 0.05859375 0.5537109375 0.1171875 0.361328125
1 0.3955078125 0.5048828125 0.134765625 0.251953125
1 0.0673828125 0.1484375 0.134765625 0.24609375
1 0.861328125 0.59375 0.18359375 0.25390625
1 0.5185546875 0.5673828125 0.17578125 0.333984375
1 0.5087890625 0.3125 0.125 0.1953125
1 0.8798828125 0.4091796875 0.240234375 0.1953125
1 0.6640625 0.3115234375 0.1875 0.12109375
1 0.9365234375 0.25390625 0.08203125 0.072265625
1 0.6416015625 0.515625 0.099609375 0.189453125
0 1 0.66262066015625 0.99409401171875 0.67193262890625 0.93359305859375 0.687819568359375 0.915098552734375 0.709095060546875 0.81070231640625 0.71639515625 0.805192212890625 0.72094342578125 0.811055619140625 0.7571675078125 0.80577726171875 0.76502994140625 0.76057251953125 0.76153022265625 0.749662505859375 0.736482744140625 0.720333349609375 0.72188177734375 0.733422265625 0.635209439453125 0.752617693359375 0.659677544921875 0.76086826953125 0.682413212890625 0.772004353515625 0.674973755859375 0.76294265625 0.640638509765625 0.784519576171875 0.615817103515625 0.7800061484375 0.586991958984375 0.7534579765625 0.612160990234375 0.735461810546875 0.616749775390625 0.73272701953125 0.62526694140625 0.70066306640625 0.619183140625 0.6246689921875 0.627827537109375 0.6283016171875 0.69168317578125 0.6531983828125 0.7024311171875 0.66175606640625 0.71765197265625 0.623683671875 0.732803146484375 0.613625298828125 0.7318413125 0.60595409375 0.7173910625 0.57905830078125 0.737588841796875 0.545800763671875 0.73824925 0.53739947265625 0.737171541015625 0.533390060546875 0.727460791015625 0.4533865703125 0.726394435546875 0.412689578125 0.715918759765625 0.403558201171875 0.72821358984375 0.372189498046875 0.732072287109375 0.3078760390625 0.76487768359375 0.283135666015625 0.76827288671875 0.26421250390625 0.759605005859375 0.238046796875 0.76643024609375 0.214384134765625 0.761424158203125 0.207367662109375 0.74443034765625 0.196306935546875 0.74104082421875 0.183432732421875 0.72362403125 0.12400948828125 0.731109681640625 0.106627537109375 0.72066884375 0.085085455078125 0.722175212890625 0.073178767578125 0.730501146484375 0.0922178046875 0.740826107421875 0.096227216796875 0.750536857421875 0.089175904296875 0.756858083984375 0.0558024921875 0.75586141015625 0.046786990234375 0.7698133203125 0.02038953515625 0.7733243984375 0.0177797578125 0.77172276171875 0.03374245703125 1 0.51746038671875 1 1 0.96625754296875 1 0.66262066015625