1 0.5654296875 0.857421875 0.060546875 0.076171875
1 0.3095703125 0.7177734375 0.150390625 0.189453125
1 0.302734375 0.3505859375 0.08203125 0.130859375
1 0.1396484375 0.5107421875 0.078125 0.158203125
1 0.4873046875 0.556640625 0.080078125 0.126953125
1 0.4892578125 0.337890625 0.044921875 0.06640625
1 0.5771484375 0.3427734375 0.0546875 0.076171875
1 0.6220703125 0.1396484375 0.115234375 0.080078125
1 0.5927734375 0.1943359375 0.125 0.09375
1 0.6572265625 0.0771484375 0.05078125 0.052734375
1 0.6865234375 0.041015625 0.060546875 0.08203125
1 0.525390625 0.3623046875 0.064453125 0.103515625
1 0.3466796875 0.8759765625 0.142578125 0.15234375
0 0.911226134765625 0 0.909147927734375 0.00475262109375 0.88742305859375 0.017881462890625 0.866254125 0.048645892578125 0.85768619921875 0.07062062890625 0.865278697265625 0.132456572265625 0.858101630859375 0.152651091796875 0.837378259765625 0.16082864453125 0.831285978515625 0.183304130859375 0.822050724609375 0.193290001953125 0.783997837890625 0.19796230859375 0.764999494140625 0.187419486328125 0.75231519921875 0.188976921875 0.741772376953125 0.207975263671875 0.71896271875 0.218823140625 0.67603980078125 0.3214645703125 0.66452358203125 0.3325352265625 0.663410693359375 0.343133236328125 0.652005865234375 0.34855717578125 0.650364126953125 0.374509806640625 0.633645734375 0.40875137890625 0.624716548828125 0.41467606640625 0.613950947265625 0.44496784765625 0.617260498046875 0.471921974609375 0.604686578125 0.513701875 0.611389984375 0.528973205078125 0.5984548046875 0.5547030546875 0.60830118359375 0.58246400390625 0.606019203125 0.629417974609375 0.588688673828125 0.67178191015625 0.588632470703125 0.697539861328125 0.5828462578125 0.7159541640625 0.575307931640625 0.72009863671875 0.570272337890625 0.7577340625 0.562121873046875 0.7700008984375 0.56479118359375 0.8179563671875 0.594665501953125 0.838429873046875 0.60150738671875 0.88104469140625 0.5918827734375 0.887859486328125 0.555026064453125 0.889166041015625 0.53633379296875 0.874562037109375 0.529881267578125 0.835118291015625 0.52206497265625 0.83044496875 0.52292698046875 0.844019373046875 0.51677951171875 0.846383626953125 0.518142267578125 0.85748238671875 0.52161941015625 0.85303184765625 0.524873775390625 0.859874744140625 0.503371685546875 0.861710146484375 0.49408023046875 0.89745396875 0.500502076171875 1 0.530581310546875 1 1 0.9423626328125 1 0.469418689453125 0.942362630859375 0 0.911226134765625 0
0 0.708336609375 0.230589228515625 0.706138931640625 0.238906271484375 0.715846833984375 0.23932373046875 0.76708578125 0.184749162109375 0.764639251953125 0.12550025390625 0.758213814453125 0.119046716796875 0.75137091796875 0.122301080078125 0.708336609375 0.230589228515625
0 0.513389716796875 0.6745896953125 0.5543346953125 0.706579419921875 0.56259553515625 0.734535046875 0.57486237109375 0.742685513671875 0.585322919921875 0.670585732421875 0.602430669921875 0.639515234375 0.606464765625 0.606831095703125 0.601819544921875 0.601768416015625 0.594670576171875 0.6090839609375 0.5817916015625 0.609055861328125 0.578286357421875 0.626385375 0.565685349609375 0.635175068359375 0.5407061171875 0.641461013671875 0.51931541796875 0.63764969921875 0.50810526953125 0.644659173828125 0.513389716796875 0.6745896953125
0 0.530581306640625 1 0.556970830078125 0.9967597734375 0.552548390625 0.98040365625 0.54264580859375 0.978400658203125 0.550406916015625 0.962962748046875 0.53702719140625 0.96541029296875 0.5339675078125 0.960152931640625 0.54943351953125 0.955035064453125 0.54837683203125 0.939875123046875 0.5630360234375 0.941294080078125 0.5692948828125 0.933283107421875 0.566151908203125 0.920793490234375 0.5751643828125 0.92210105859375 0.58281409765625 0.912309869140625 0.57747344921875 0.908137296875 0.5864026328125 0.902212607421875 0.581173373046875 0.89239331640625 0.57146547265625 0.891975857421875 0.567876939453125 0.9020731171875 0.563843857421875 0.888888072265625 0.54147976171875 0.877149072265625 0.536584673828125 0.850389623046875 0.5434837734375 0.82137730859375 0.5607018984375 0.830529271484375 0.5786435546875 0.82591215234375 0.5671835390625 0.811224861328125 0.5659050859375 0.76148917578125 0.573832771484375 0.760515779296875 0.567630115234375 0.74276880078125 0.5551123984375 0.75879075 0.5184503671875 0.76168283984375 0.505737970703125 0.776119251953125 0.488992494140625 0.777370619140625 0.501203125 0.81127903515625 0.493997955078125 0.844352529296875 0.4854581328125 0.853448291015625 0.496360181640625 0.942238361328125 0.48971094921875 0.9929474453125 0.494177349609375 1 0.530581306640625 1
0 0.437673298828125 0.687105384765625 0.431247861328125 0.68065184765625 0.393612435546875 0.67561625390625 0.383375681640625 0.690553412109375 0.3862677734375 0.727215443359375 0.39080160546875 0.73792484375 0.397338431640625 0.738731662109375 0.42465483203125 0.705602978515625 0.43605966015625 0.7001790390625 0.437673298828125 0.687105384765625
0 0.463545880859375 1 0.464342357421875 0.99606231640625 0.45669365625 0.95998432421875 0.463481365234375 0.93661873046875 0.4548311640625 0.90549202734375 0.4664316875 0.8557844453125 0.458393626953125 0.81653537890625 0.46860329296875 0.76860801171875 0.4588121015625 0.760958294921875 0.406183310546875 0.771443900390625 0.41525097265625 0.79286269921875 0.43363717578125 0.81152788671875 0.43911630078125 0.8430439453125 0.427878048828125 0.862932396484375 0.40893489453125 0.872500806640625 0.421560958984375 0.9884396875 0.42868182421875 0.994003115234375 0.43010387109375 1 0.463545880859375 1