1 0.5595703125 0.65234375 0.087890625 0.078125
1 0.57421875 0.599609375 0.072265625 0.0625
1 0.44140625 0.666015625 0.11328125 0.076171875
1 0.6416015625 0.4541015625 0.06640625 0.037109375
1 0.6650390625 0.4755859375 0.046875 0.052734375
1 0.09765625 0.4326171875 0.048828125 0.044921875
1 0.0185546875 0.3984375 0.037109375 0.03515625
1 0.185546875 0.4521484375 0.046875 0.05078125
1 0.17578125 0.505859375 0.04296875 0.041015625
1 0.4736328125 0.6005859375 0.091796875 0.05078125
1 0.4130859375 0.568359375 0.056640625 0.0546875
1 0.04296875 0.3359375 0.0390625 0.029296875
1 0.7685546875 0.4267578125 0.041015625 0.03515625
1 0.701171875 0.529296875 0.0625 0.064453125
1 0.6279296875 0.560546875 0.05859375 0.056640625
1 0.7431640625 0.45703125 0.048828125 0.04296875
1 0.4716796875 0.546875 0.03515625 0.037109375
1 0.548828125 0.19140625 0.0234375 0.021484375
1 0.162109375 0.3515625 0.0390625 0.01953125
1 0.0546875 0.365234375 0.04296875 0.02734375
1 0.53515625 0.5341796875 0.048828125 0.0234375
1 0.2861328125 0.5166015625 0.04296875 0.029296875
1 0.515625 0.6845703125 0.0390625 0.044921875
1 0.697265625 0.314453125 0.044921875 0.041015625
0 1 0.525549560546875 0.94525597265625 0.525821595703125 0.93798559765625 0.514938603515625 0.9240506484375 0.51347201953125 0.9238978125 0.499650310546875 0.902958564453125 0.5027418671875 0.88985034765625 0.4898260859375 0.887325 0.47698394921875 0.89267027734375 0.460336763671875 0.9095779921875 0.446135734375 0.914810029296875 0.427869126953125 0.911605234375 0.40531045703125 0.93001358203125 0.354389328125 0.944175013671875 0.3590947578125 0.948999232421875 0.381540185546875 0.942940458984375 0.41125598828125 0.926825431640625 0.43679297265625 0.920993140625 0.469747623046875 0.925704119140625 0.490573626953125 0.931428716796875 0.49098699609375 0.93636062890625 0.48006440625 0.93801409765625 0.457166015625 0.94837048046875 0.45400081640625 0.954321560546875 0.45765302734375 0.9571525859375 0.498138580078125 0.96276394140625 0.496932525390625 0.96483078125 0.46830953515625 0.979666109375 0.44774405859375 0.980492845703125 0.43629486328125 0.98877683984375 0.426765216796875 0.996030267578125 0.4257698046875 0.99442224609375 0.402774009765625 0.97770837890625 0.163754578125 0.7634403359375 0.136582220703125 0.63264091015625 0.127827859375 0.179123513671875 0.135130771484375 0.1776569296875 0.14906572265625 0.161275822265625 0.159161576171875 0.2809998203125 0.14916231640625 0.333387533203125 0.15363571484375 0.35063497265625 0.144292953125 0.36807484765625 0.160974185546875 0.42660052734375 0.160136353515625 0.43375766015625 0.169399921875 0.45699577734375 0.175911658203125 0.51770708203125 0.183057697265625 0.572880677734375 0.180826923828125 0.5833898984375 0.191483431640625 0.67426997265625 0.2111659296875 0.754606779296875 0.2429770703125 0.800069390625 0.276413181640625 0.837887853515625 0.3168931875 0.849563533203125 0.320958765625 0.8752478046875 0.315908064453125 0.887376447265625 0.32645133203125 0.906016826171875 0.313756484375 0.9320408203125 0.31356405078125 0.95313290625 0.324294203125 0.955545017578125 0.33551691796875 0.93916391015625 0.345612771484375 0.920557578125 0.335522466796875 0.89382008984375 0.34878351953125 0.8818046875 0.339859673828125 0.863991044921875 0.341105326171875 0.85171511328125 0.351727787109375 0.8506674453125 0.394925576171875 0.840350658203125 0.4102930625 0.83753073046875 0.439782384765625 0.80104266015625 0.47650803515625 0.801722107421875 0.486224568359375 0.790652228515625 0.50245838671875 0.780822455078125 0.50151841015625 0.7499457421875 0.537038005859375 0.7642204140625 0.543362857421875 0.770958634765625 0.5233635859375 0.791444916015625 0.513794341796875 0.832156953125 0.51420216015625 0.843419265625 0.523992337890625 0.845604890625 0.531976208984375 0.83743413671875 0.54312527734375 0.808171296875 0.543544193359375 0.806217701171875 0.573786607421875 0.79047644140625 0.581396705078125 0.795261064453125 0.591639845703125 0.819591994140625 0.602143517578125 0.818051763671875 0.62666133203125 0.80276347265625 0.64074912109375 0.809807365234375 0.648393267578125 0.808114298828125 0.65908937109375 0.79060078125 0.65299100390625 0.79229384765625 0.642294896484375 0.783370001953125 0.654310298828125 0.75486025390625 0.653862884765625 0.7560607578125 0.624486802734375 0.7684499296875 0.615483763671875 0.77078284765625 0.602301904296875 0.754022419921875 0.595337205078125 0.74889807421875 0.580235796875 0.730971189453125 0.579862025390625 0.72358757421875 0.567359611328125 0.71202513671875 0.564913455078125 0.688186767578125 0.5730897578125 0.670939328125 0.58243251953125 0.664614478515625 0.596707193359375 0.69357719140625 0.603632298828125 0.69802208984375 0.609017173828125 0.691244275390625 0.61681415625 0.673770353515625 0.62291807421875 0.650418998046875 0.614786916015625 0.634677740234375 0.622397013671875 0.61457077734375 0.6490268125 0.62398718359375 0.65569138671875 0.6285057265625 0.650493396484375 0.656262384765625 0.65180714453125 0.659127458984375 0.669507546875 0.683792564453125 0.649882046875 0.703225626953125 0.648523154296875 0.714714421875 0.66155217578125 0.71919891796875 0.6791393359375 0.699318435546875 0.709007978515625 0.67698625 0.715451619140625 0.65630753125 0.6989968671875 0.649229591796875 0.714137873046875 0.624711775390625 0.71259764453125 0.615674689453125 0.722993623046875 0.601099890625 0.72401279296875 0.58712534375 0.710343921875 0.563060494140625 0.715281380859375 0.56272076953125 0.710423115234375 0.57578938671875 0.711136609375 0.594316525390625 0.69682233984375 0.6131097421875 0.69794919921875 0.609678462890625 0.6721516875 0.591938462890625 0.66281447265625 0.475464408203125 0.742562125 0.38105091015625 0.765437568359375 0.37107384765625 0.7856633203125 0.34377015234375 0.790827263671875 0.3293877890625 0.817870427734375 0.3135332890625 0.82386110546875 0.297831626953125 0.843673490234375 0.31248562109375 0.86705889453125 0.308006673828125 0.884459171875 0.28232240234375 0.88950987109375 0.274032857421875 0.86405208203125 0.24277682421875 0.882511123046875 0.229708205078125 0.88179762890625 0.225676673828125 0.87068815625 0.2160733828125 0.8729870234375 0.17163548828125 0.889113150390625 0.15947280078125 0.90135503515625 0.031145 0.96285463671875 0.03374245703125 1 0.51746038671875 1 1 0.96625754296875 1 0.525549560546875