1 0.1796875 0.435546875 0.09765625 0.134765625
1 0.29296875 0.447265625 0.158203125 0.173828125
1 0.5400390625 0.45703125 0.166015625 0.25390625
1 0.4462890625 0.3720703125 0.171875 0.2734375
1 0.984375 0.412109375 0.03125 0.08203125
1 0.470703125 0.21875 0.107421875 0.1015625
1 0.111328125 0.419921875 0.080078125 0.142578125
1 0.8076171875 0.4775390625 0.24609375 0.19140625
1 0.638671875 0.49609375 0.083984375 0.181640625
1 0.3251953125 0.1572265625 0.1796875 0.169921875
0 0.92689793359375 1 0.977673521484375 0.67532058984375 0.853646931640625 0.64934880078125 0.68981662109375 0.62498260546875 0.659929076171875 0.6139209765625 0.583010353515625 0.60015626953125 0.491957833984375 0.585734966796875 0.4846465078125 0.586949931640625 0.486105900390625 0.59271799609375 0.470184412109375 0.593360234375 0.38067515625 0.579183361328125 0.36070378515625 0.5554545078125 0.315704728515625 0.549909333984375 0.2415514140625 0.5286727421875 0.2322918359375 0.527206169921875 0.212871654296875 0.53995008203125 0.186636181640625 0.53579479296875 0.178033201171875 0.520194421875 0.152042158203125 0.514495869140625 0.093642591796875 0.503664310546875 0.073656861328125 0.5099907421875 0.059201947265625 0.501373400390625 0.04303603125 0.50355890234375 0.0283366875 0.49648482421875 0 0.49400115625 0 0.85707300390625 0.020546291015625 0.820347169921875 0.031433001953125 0.816534537109375 0.04564348828125 0.826695140625 0.064414251953125 0.8130573828125 0.084735458984375 0.78463641015625 0.119672140625 0.768813150390625 0.1293703203125 0.872386693359375 0.146430083984375 0.869551775390625 0.156499638671875 0.87589256640625 0.164146443359375 0.852583060546875 0.17552201171875 0.84568390234375 0.19377519921875 0.89524323828125 0.19343972265625 0.91733777734375 0.207643029296875 0.9425260234375 0.2379427421875 0.940997119140625 0.24843164453125 0.919719734375 0.25907392578125 0.917450365234375 0.2684868828125 0.937924953125 0.3019498125 0.9463889140625 0.309896197265625 0.976123078125 0.4619021484375 1 0.92689793359375 1