1 0.603515625 0.576171875 0.166015625 0.1484375
1 0.71484375 0.896484375 0.091796875 0.1953125
1 0.927734375 0.91015625 0.1435546875 0.1796875
1 0.404296875 0.6064453125 0.0517578125 0.087890625
1 0.275390625 0.7587890625 0.140625 0.0732421875
1 0.349609375 0.826171875 0.064453125 0.0576171875
1 0.052734375 0.8857421875 0.076171875 0.1591796875
1 0.283203125 0.9091796875 0.0703125 0.0859375
1 0.1025390625 0.669921875 0.095703125 0.080078125
1 0.2236328125 0.22265625 0.0517578125 0.0498046875
1 0.251953125 0.251953125 0.0390625 0.0361328125
1 0.3193359375 0.2880859375 0.0576171875 0.0390625
1 0.7822265625 0.173828125 0.1533203125 0.095703125
1 0.0693359375 0.201171875 0.1044921875 0.0732421875
1 0.171875 0.1865234375 0.0732421875 0.044921875
1 0.2744140625 0.1572265625 0.037109375 0.080078125
1 0.1591796875 0.740234375 0.0703125 0.1142578125
1 0.0341796875 0.7568359375 0.0498046875 0.1044921875
1 0.216796875 0.052734375 0.0390625 0.0703125
1 0.095703125 0.14453125 0.078125 0.044921875
1 0.3759765625 0.201171875 0.1201171875 0.1484375
1 0.1650390625 0.23046875 0.0419921875 0.048828125
1 0.314453125 0.326171875 0.0576171875 0.046875
1 0.3349609375 0.619140625 0.076171875 0.0673828125
1 0.3662109375 0.90234375 0.0810546875 0.0888671875
1 0.33984375 0.9697265625 0.123046875 0.060546875
1 0.8134765625 0.85546875 0.099609375 0.1982421875
1 0.693359375 0.6962890625 0.216796875 0.0830078125
1 0.529296875 0.7666015625 0.076171875 0.138671875
1 0.40234375 0.716796875 0.060546875 0.111328125
1 0.458984375 0.63671875 0.03125 0.048828125
1 0.0185546875 0.154296875 0.037109375 0.0498046875
1 0.478515625 0.115234375 0.0732421875 0.0390625
1 0.458984375 0.142578125 0.0390625 0.0576171875
1 0.25390625 0.2822265625 0.0732421875 0.0546875
1 0.13671875 0.1083984375 0.0830078125 0.0576171875
0 0.58125 0.37109375 0.60078125 0.3875 0.6203125 0.39296875 0.659375 0.34140625 0.57734375 0.34375 0.5734375 0.35390625 0.58125 0.37109375
0 0.81953125 0.4875 0.85234375 0.4375 0.86328125 0.434375 0.88359375 0.4421875 0.90546875 0.4359375 0.91953125 0.440625 0.953125 0.47265625 0.96953125 0.5125 1 0.51328125 0.99921875 0.3234375 0.7578125 0.33359375 0.7796875 0.40078125 0.81953125 0.4875
0 0.24453125 0.609375 0.253125 0.58203125 0.26796875 0.5671875 0.27734375 0.5671875 0.29140625 0.5875 0.30390625 0.5921875 0.34609375 0.5703125 0.35 0.55390625 0.3453125 0.52421875 0.35625 0.49140625 0.37734375 0.4609375 0.39921875 0.4625 0.41953125 0.475 0.43515625 0.4765625 0.45390625 0.459375 0.48359375 0.459375 0.50390625 0.4796875 0.53515625 0.478125 0.5421875 0.44140625 0.48203125 0.39375 0.44765625 0.3875 0.4390625 0.35859375 0.42890625 0.35 0.38203125 0.3390625 0.36484375 0.3390625 0.35546875 0.3515625 0.32734375 0.3578125 0.28671875 0.35625 0.24921875 0.3640625 0.18359375 0.359375 0.13203125 0.3671875 0.09609375 0.3625 0.00234375 0.375 0 0.54765625 0.0171875 0.56171875 0.0296875 0.61171875 0.06796875 0.6140625 0.08046875 0.6328125 0.12265625 0.6265625 0.13828125 0.6296875 0.15 0.63984375 0.16328125 0.615625 0.18203125 0.6328125 0.20859375 0.6 0.24453125 0.609375