1 0.7978515625 0.5546875 0.3203125 0.228515625
1 0.470703125 0.15234375 0.099609375 0.146484375
1 0.5263671875 0.4794921875 0.302734375 0.208984375
1 0.615234375 0.1904296875 0.140625 0.076171875
1 0.732421875 0.2099609375 0.142578125 0.109375
1 0.8408203125 0.2197265625 0.134765625 0.095703125
1 0.9560546875 0.2431640625 0.087890625 0.099609375
1 0.376953125 0.1962890625 0.134765625 0.1875
1 0.173828125 0.1181640625 0.140625 0.13671875
1 0.7529296875 0.13671875 0.14453125 0.083984375
1 0.3505859375 0.431640625 0.091796875 0.064453125
1 0.1552734375 0.0400390625 0.126953125 0.080078125
1 0.92578125 0.1875 0.05078125 0.04296875
1 0.662109375 0.12109375 0.072265625 0.0546875
0 0.904892017578125 1 0.9950268359375 0.575949017578125 0.94204766015625 0.561148525390625 0.935530421875 0.579622900390625 0.938108830078125 0.640613390625 0.931890927734375 0.66174178125 0.865748005859375 0.651999984375 0.8436697421875 0.642126326171875 0.7785285625 0.631733994140625 0.773675466796875 0.622067802734375 0.724809580078125 0.608227185546875 0.71870727734375 0.592251224609375 0.727032396484375 0.561209173828125 0.72247863671875 0.554197 0.696992087890625 0.55223351953125 0.678569580078125 0.541409990234375 0.661344412109375 0.54120251953125 0.6335431796875 0.566377865234375 0.597336833984375 0.574224310546875 0.55863207421875 0.569451212890625 0.53704874609375 0.57349816796875 0.445327408203125 0.541913708984375 0.4068301171875 0.519915443359375 0.356311955078125 0.505723623046875 0.2470261171875 0.447092203125 0.257654048828125 0.41740309765625 0.282789396484375 0.42101885546875 0.298466021484375 0.412262537109375 0.30968075390625 0.416373228515625 0.311436765625 0.408111845703125 0.26257087890625 0.394271228515625 0.253112158203125 0.381899154296875 0.235535787109375 0.383343962890625 0.2297328203125 0.370022017578125 0.193733943359375 0.36064329296875 0.1723580859375 0.347465080078125 0.140964833984375 0.34079223828125 0.13214478125 0.357913671875 0.111263857421875 0.358656076171875 0.0716092265625 0.350227224609375 0.050520833984375 0.368194794921875 0.03294446484375 0.369639599609375 0.02988737890625 0.37589750390625 0.023030806640625 0.36753238671875 0.015966763671875 0.376392439453125 0.01535134765625 0.37522547265625 0 0.447447884765625 0 0.904892015625 0.447447880859375 1 0.904892017578125 1