1 0.31640625 0.716796875 0.12109375 0.140625
1 0.16796875 0.7138671875 0.12109375 0.15234375
1 0.56640625 0.7158203125 0.06640625 0.1328125
1 0.51171875 0.6796875 0.04296875 0.095703125
1 0.6806640625 0.71484375 0.11328125 0.1484375
1 0.5888671875 0.576171875 0.234375 0.0859375
1 0.3896484375 0.46484375 0.091796875 0.07421875
1 0.3173828125 0.44921875 0.03515625 0.04296875
1 0.234375 0.47265625 0.0859375 0.091796875
1 0.85546875 0.5654296875 0.1171875 0.10546875
1 0.83203125 0.7373046875 0.080078125 0.095703125
1 0.009765625 0.4912109375 0.01953125 0.06640625
1 0.7578125 0.5615234375 0.0703125 0.076171875
0 0.9446022734375 1 0.947916666015625 0.981770833984375 0.927083333984375 0.96440972265625 0.932291666015625 0.9227430546875 0.921875 0.888020833984375 0.888888888671875 0.861979166015625 0.892361111328125 0.8359375 0.911458333984375 0.806423611328125 0.90972222265625 0.794270833984375 0.6414930546875 0.80034722265625 0.599826388671875 0.7899305546875 0.513020833984375 0.786458333984375 0.466145833984375 0.7725694453125 0.4522569453125 0.776041666015625 0.443576388671875 0.79340277734375 0.1085069453125 0.807291666015625 0.10590277734375 0.8203125 0.1163194453125 0.856770833984375 0.13628472265625 0.876736111328125 0.157986111328125 0.87934027734375 0.151041666015625 0.89496527734375 0.161458333984375 0.93315972265625 0.15625 0.9678819453125 0.177951388671875 0.970486111328125 0.20746527734375 0.953125 0.259548611328125 0.958333333984375 0.28125 0.9852430546875 0.28616898046875 1 0.645236544921875 1 0.6493055546875 0.978298611328125 0.6649305546875 0.96440972265625 0.671875 0.947048611328125 0.66840277734375 0.92621527734375 0.673611111328125 0.91059027734375 0.697048611328125 0.9149305546875 0.70746527734375 0.90972222265625 0.72222222265625 0.893229166015625 0.723958333984375 0.872395833984375 0.743923611328125 0.842013888671875 0.76215277734375 0.861979166015625 0.7586805546875 0.903645833984375 0.767361111328125 0.9383680546875 0.80034722265625 0.962673611328125 0.800969328125 1 0.9446022734375 1