1 0.8291015625 0.43359375 0.29296875 0.353515625
1 0.9560546875 0.5771484375 0.087890625 0.216796875
1 0.4970703125 0.7900390625 0.369140625 0.419921875
0 0.148773533203125 0.55510956640625 0.167201640625 0.57859398828125 0.180441591796875 0.57990000390625 0.193933150390625 0.564635111328125 0.15237045703125 0.507428970703125 0.13526272265625 0.440649314453125 0.121811955078125 0.540556421875 0.148773533203125 0.55510956640625
0 0.10718154296875 0 0.10541564453125 0.004833333984375 0.106700119140625 0.036676310546875 0.11952072265625 0.0656005 0.096846275390625 0.08890282421875 0.092614294921875 0.1056342890625 0.06066591015625 0.157525326171875 0.058221623046875 0.172957955078125 0.044164515625 0.181805365234375 0.002367181640625 0.44570334375 0.007723078125 0.456834484375 0.03094871484375 0.470004923828125 0.03776400390625 0.486904126953125 0.052302787109375 0.48999783203125 0.0741744375 0.4467936484375 0.0760388203125 0.4549988203125 0.089607068359375 0.449237935546875 0.108126224609375 0.45217108203125 0.118028041015625 0.469559142578125 0.122252841796875 0.4678553203125 0.137896287109375 0.369086486328125 0.14487931640625 0.374938419921875 0.142351158203125 0.395894685546875 0.14869912890625 0.37079748828125 0.160891853515625 0.35374490625 0.20022107421875 0.325170552734375 0.185047232421875 0.29112771875 0.178811849609375 0.2505907109375 0.201402427734375 0.232812021484375 0.225934076171875 0.232742509765625 0.23187705859375 0.205208205078125 0.2540626484375 0.18499240625 0.25366483984375 0.167527654296875 0.23085137109375 0.141766681640625 0.216487505859375 0.112598064453125 0.21919058203125 0.06556688671875 0.229106755859375 0.0528996640625 0.23147435546875 0.027963025390625 0.223748970703125 0 0.10718154296875 0
0 0.501530673828125 0 0.494576716796875 0.034830857421875 0.48417168359375 0.050584607421875 0.487488279296875 0.079585486328125 0.457586375 0.098579140625 0.458717470703125 0.1114141015625 0.488940494140625 0.10038119140625 0.4921947578125 0.089822779296875 0.502187623046875 0.0866595625 0.5063429140625 0.060424091796875 0.5363215078125 0.050934443359375 0.543884443359375 0.03314857421875 0.560218099609375 0.019915802734375 0.563556234375 0.003833755859375 0.53152548828125 0 0.501530673828125 0
0 0.367207333984375 0 0.366898052734375 0.00195273046875 0.370947935546875 0.0263238203125 0.35508877734375 0.06652534765625 0.359550828125 0.078305904296875 0.35531884765625 0.095037369140625 0.33898519140625 0.108270140625 0.323538203125 0.135881134765625 0.301031494140625 0.14813619140625 0.29345419921875 0.195977345703125 0.25990740234375 0.19303701953125 0.2382945390625 0.204642658203125 0.233650390625 0.233964654296875 0.239579013671875 0.2364856328125 0.255905490234375 0.23828050390625 0.26533280859375 0.22869980859375 0.27596791015625 0.241458080078125 0.281330986328125 0.237561578125 0.292943802734375 0.244146796875 0.30919358984375 0.236437662109375 0.305541515625 0.229531322265625 0.31765037109375 0.218002375 0.3801141796875 0.223149740234375 0.389206017578125 0.23566358203125 0.398710025390625 0.235586892578125 0.404715337890625 0.24761187890625 0.416817013671875 0.251110572265625 0.42494549609375 0.23974218359375 0.4250221875 0.249246189453125 0.4574307109375 0.2543791953125 0.47310776953125 0.25528022265625 0.481236251953125 0.24391183203125 0.486920447265625 0.24797607421875 0.49626389453125 0.24391901171875 0.491152427734375 0.231244609375 0.446656587890625 0.192557626953125 0.433752115234375 0.169157072265625 0.44895467578125 0.14308933984375 0.45416437109375 0.120184822265625 0.45294940625 0.11287349609375 0.443445400390625 0.112950185546875 0.422656873046875 0.0993747578125 0.41853030078125 0.06549966015625 0.43218959765625 0.0391875 0.43559858203125 0 0.367207333984375 0
0 0.915990646484375 0.225761443359375 0.88536263671875 0.234357244140625 0.8798318203125 0.249301017578125 0.88730370703125 0.252066423828125 0.91809227734375 0.247450994140625 0.915990646484375 0.225761443359375
0 0.77597305859375 0.1759002421875 0.79046387109375 0.109379373046875 0.77056201171875 0.110182169921875 0.763075765625 0.137472046875 0.749095349609375 0.155823462890625 0.752907982421875 0.166710173828125 0.77597305859375 0.1759002421875
0 0.769598654296875 0.0862999375 0.796567412109375 0.0858254375 0.802433705078125 0.048787125 0.796588951171875 0.04074251171875 0.766373107421875 0.03674778125 0.76082793359375 0.081746837890625 0.769598654296875 0.0862999375
0 0.916620810546875 0.09693014453125 0.902249765625 0.082789169921875 0.886817134765625 0.080344880859375 0.86479928515625 0.08951341015625 0.840931412109375 0.060421482421875 0.809512677734375 0.193868208984375 0.817550111328125 0.20305109765625 0.816893515625 0.21718489453125 0.803234216796875 0.243497056640625 0.85651513671875 0.25668185546875 0.868540123046875 0.250676541015625 0.869685576171875 0.23345621875 0.854993412109375 0.2113545 0.842891736328125 0.2078558046875 0.8311111796875 0.21231785546875 0.8237231640625 0.2040288125 0.824149689453125 0.16138299609375 0.842515466796875 0.14530812890625 0.846747447265625 0.1285766640625 0.8736466953125 0.103570515625 0.8954201171875 0.09594525 0.916620810546875 0.09693014453125
0 1 0.116602607421875 0.990766947265625 0.13319437890625 0.99200344921875 0.095422779296875 0.971207744140625 0.096874994140625 0.9708794453125 0.103941892578125 0.963323689453125 0.106700119140625 0.91791964453125 0.0987178359375 0.92659931640625 0.123822212890625 0.94893110546875 0.1376420703125 0.956884669921875 0.15234859375 0.954258283203125 0.20888377734375 0.939544580078125 0.231864984375 0.941408962890625 0.240070158203125 1 0.223420189453125 1 0.116602607421875
0 0.643334021484375 0.324163794921875 0.7868790234375 0.301812751953125 0.795656923828125 0.291338208984375 0.795426853515625 0.262826189453125 0.769030822265625 0.254690525390625 0.705205849609375 0.208196177734375 0.671987349609375 0.198188955078125 0.6736768125 0.2324690390625 0.66116296875 0.24156087890625 0.647824791015625 0.275833783203125 0.624417056640625 0.3037658984375 0.634723861328125 0.323591068359375 0.643334021484375 0.324163794921875
0 0.269876443359375 0.409764798828125 0.223089693359375 0.405518458984375 0.213089650390625 0.423709318359375 0.208598880859375 0.472039330078125 0.235797708984375 0.5000768515625 0.28966571484375 0.474596205078125 0.384008396484375 0.403320884765625 0.28263471484375 0.399129697265625 0.269876443359375 0.409764798828125
0 0 0.5006520625 0.02768726953125 0.495590978515625 0.02468461328125 0.489578486328125 0 0.48877040234375 0 0.5006520625
0 0 0.484238322265625 0.00129841796875 0.472427673828125 0.01356065234375 0.479906740234375 0.0174643359375 0.470242173828125 0.000572310546875 0.4620298203125 0 0.46605580859375 0 0.484238322265625
0 0.152591060546875 0.725776705078125 0.13699787109375 0.71935204296875 0.12334575390625 0.7306365625 0.12114589453125 0.7445259296875 0.126096802734375 0.7532199609375 0.12169708203125 0.7809986953125 0.13517428125 0.795789087890625 0.142248359375 0.781089744140625 0.139986169921875 0.7554198203125 0.152591060546875 0.725776705078125