1 0.576171875 0.6123046875 0.15625 0.2109375
1 0.8203125 0.52734375 0.20703125 0.197265625
1 0.759765625 0.4306640625 0.28515625 0.107421875
1 0.595703125 0.4453125 0.09765625 0.08984375
1 0.4775390625 0.3818359375 0.15234375 0.115234375
1 0.4189453125 0.2314453125 0.16796875 0.171875
1 0.845703125 0.263671875 0.19140625 0.150390625
1 0.7333984375 0.140625 0.158203125 0.107421875
1 0.873046875 0.16015625 0.142578125 0.1015625
1 0.244140625 0.0966796875 0.119140625 0.11328125
1 0.2626953125 0.029296875 0.158203125 0.05859375
1 0.951171875 0.1044921875 0.095703125 0.103515625
1 0.326171875 0.580078125 0.134765625 0.123046875
1 0.5556640625 0.033203125 0.166015625 0.06640625
1 0.4140625 0.021484375 0.10546875 0.04296875
1 0.5107421875 0.1865234375 0.091796875 0.087890625
0 0.778533296875 0.04731355078125 0.784281978515625 0.036591673828125 0.7783042578125 0.022438548828125 0.694944796875 0.015145541015625 0.696120626953125 0.05453529296875 0.682057314453125 0.08697937890625 0.708692845703125 0.09412032421875 0.7359646328125 0.075660197265625 0.75511043359375 0.049273181640625 0.778533296875 0.04731355078125
0 0.77025726171875 0.84756075390625 0.7261167109375 0.838888314453125 0.715414310546875 0.79625978125 0.514345373046875 0.7850827109375 0.507423005859375 0.790891267578125 0.490474892578125 0.782994314453125 0.3853055546875 0.775396736328125 0.35451270703125 0.77911689453125 0.350942234375 0.792434662109375 0.383336908203125 0.834555705078125 0.395789376953125 0.838852248046875 0.409445470703125 0.856884236328125 0.41489622265625 0.886224943359375 0.405964810546875 0.896668369140625 0.408172955078125 0.90808637890625 0.51186021875 0.9051312421875 0.574142044921875 0.88973409765625 0.605551671875 0.89729272265625 0.62096829296875 0.922694693359375 0.66795324609375 0.917184068359375 0.6797889375 0.910201826171875 0.7127899296875 0.917899677734375 0.745731046875 0.907953283203125 0.770635986328125 0.9165463671875 0.77697151171875 0.908281150390625 0.779139259765625 0.865175060546875 0.77025726171875 0.84756075390625
0 0.041834412109375 0 0.018530439453125 0.26636564453125 0.057459046875 0.270460703125 0.069633064453125 0.277939974609375 0.08750634765625 0.3027551015625 0.08673086328125 0.3299475390625 0.0753727265625 0.3497999296875 0.033112455078125 0.383785966796875 0.008169625 0.38479028515625 0 0.478169525390625 0 0.506930521484375 0.016026560546875 0.50576419140625 0.052797125 0.51619715625 0.061152154296875 0.548999048828125 0.054210310546875 0.5916874609375 0.08152249609375 0.627751435546875 0.096581314453125 0.67557174609375 0.092145546875 0.68961558203125 0.075844150390625 0.701819537109375 0.016685181640625 0.69985088671875 0.00132843359375 0.692093162109375 0 0.689174927734375 0 0.9581655859375 0.336274044921875 0.98758575390625 0.289925349609375 0.967495306640625 0.27903430859375 0.954515869140625 0.269227140625 0.91998338671875 0.26670014453125 0.8572240078125 0.272588052734375 0.844910763671875 0.318617896484375 0.813659837890625 0.333437216796875 0.790903169921875 0.329050861328125 0.776889271484375 0.302803072265625 0.756152107421875 0.303499205078125 0.74819528125 0.341820740234375 0.704243373046875 0.35672987109375 0.707953072265625 0.380919201171875 0.761382837890625 0.390636556640625 0.769448953125 0.52224232421875 0.76813459765625 0.6880227734375 0.779431416015625 0.734590046875 0.77869488671875 0.76088725 0.77137431640625 0.774702046875 0.75093508203125 0.78525476171875 0.749453005859375 0.80630031640625 0.728844609375 0.88614703515625 0.73262319921875 0.88639555078125 0.72061834765625 0.878408787109375 0.711100091796875 0.848451298828125 0.705272060546875 0.81260590234375 0.71175726953125 0.797249154296875 0.70399954296875 0.650286638671875 0.69755617578125 0.63900785546875 0.698172955078125 0.6354373828125 0.711490720703125 0.62460621484375 0.71615552734375 0.511340822265625 0.70945318359375 0.505502330078125 0.693708693359375 0.507173046875 0.67461230859375 0.5140954140625 0.66880375390625 0.496699685546875 0.656858775390625 0.48723084375 0.6367878046875 0.475196052734375 0.627717166015625 0.39141059765625 0.613972705078125 0.3802815 0.65870009765625 0.39159022265625 0.66690544140625 0.439748861328125 0.66630813671875 0.44455289453125 0.675547939453125 0.43738201171875 0.69336134765625 0.273948935546875 0.691891173828125 0.23313034375 0.681905828125 0.22162251953125 0.65764760546875 0.228514951171875 0.643016927734375 0.241245873046875 0.64413073828125 0.2530022109375 0.65638410546875 0.284829517578125 0.659168634765625 0.28985212890625 0.6475814609375 0.26972128515625 0.639406056640625 0.254223869140625 0.504955884765625 0.2352068359375 0.484049556640625 0.24533141015625 0.441639599609375 0.260797447265625 0.438983837890625 0.28458857421875 0.46030784375 0.290924099609375 0.452042626953125 0.291251966796875 0.4208021640625 0.413170318359375 0.420243814453125 0.4050039296875 0.35779282421875 0.465664453125 0.333434330078125 0.519969974609375 0.354220908203125 0.543542525390625 0.396371890625 0.562778134765625 0.396451244140625 0.562748197265625 0.387629119140625 0.5511610234375 0.382606509765625 0.546635443359375 0.370183974609375 0.533148515625 0.35938274609375 0.534819232421875 0.34028636328125 0.55019545703125 0.311164232421875 0.5456399375 0.289919578125 0.5537060546875 0.28020222265625 0.5862893671875 0.29267416796875 0.600860171875 0.281922353515625 0.60370457421875 0.267739291015625 0.61135301171875 0.26279603125 0.62062275 0.26681412109375 0.63069791015625 0.25246189453125 0.64497980078125 0.19919083203125 0.643080046875 0.19341221484375 0.617478974609375 0.19277595703125 0.617110708984375 0.1694923203125 0.656914318359375 0.136093125 0.6641346171875 0.090221984375 0.6570430859375 0.088799783203125 0.61924851953125 0.117564107421875 0.596969404296875 0.1156149375 0.575506171875 0.140997431640625 0.553674673828125 0.143096287109375 0.55262073828125 0.173471455078125 0.5598814296875 0.1821244140625 0.554471078125 0.207307806640625 0.538647236328125 0.23238191015625 0.512150931640625 0.223649599609375 0.49205002734375 0.22429631640625 0.4995696953125 0.266646400390625 0.493880888671875 0.2950125234375 0.48193591015625 0.31240825390625 0.45231675 0.321041734375 0.358843875 0.308053279296875 0.3523990625 0.326731984375 0.31440539453125 0.3394434296875 0.28673540234375 0.325797796875 0.184470341796875 0.32166140234375 0.15317000390625 0.3036892890625 0.155258400390625 0.27981880859375 0.14059778515625 0.2641042578125 0.14913099609375 0.221555072265625 0.142596369140625 0.21376741015625 0.115234767578125 0.20576116796875 0.1064620625 0.17773337109375 0.1062030859375 0.144036248046875 0.12247454296875 0.123010169921875 0.125895330078125 0.06558179296875 0.139183158203125 0.060330142578125 0.14794540625 0.0426559609375 0.185799845703125 0.03153587890625 0.1876397265625 0.01967025390625 0.18414860546875 0.013752408203125 0.149556248046875 0.00591533203125 0.15261986328125 0 0.041834412109375 0
0 0.92720368359375 0.684901716796875 0.94588238671875 0.69134653125 0.962213720703125 0.687964697265625 0.96673930078125 0.700387232421875 0.962751150390625 0.718479091796875 0.897982724609375 0.72564095703125 0.880417830078125 0.70646522265625 0.850321115234375 0.7022285546875 0.816345537109375 0.705670259765625 0.80599192578125 0.723205216796875 0.807752455078125 0.730575201171875 0.92001332421875 0.739594982421875 0.948071056640625 0.739644396484375 0.9574201484375 0.724426875 0.98226614453125 0.72452937109375 0.986578791015625 0.67523559765625 0.968240853515625 0.67406008984375 0.963267658203125 0.65758953125 0.9379450390625 0.65377054296875 0.9106433125 0.663408546875 0.922678103515625 0.672479185546875 0.92720368359375 0.684901716796875
0 0.76120790234375 0.098714796875 0.768130267578125 0.092906240234375 0.7519082265625 0.085874583984375 0.7507046015625 0.072139140625 0.743891525390625 0.06753420703125 0.716649671875 0.09481645703125 0.76120790234375 0.098714796875
0 0.846017357421875 0.073261966796875 0.803050494140625 0.069502853515625 0.799480021484375 0.082820619140625 0.78100041796875 0.0924286875 0.785804451171875 0.10166848828125 0.812439982421875 0.108809431640625 0.832232498046875 0.10252332421875 0.838936287109375 0.117541744140625 0.849349775390625 0.117651033203125 0.85476012890625 0.092467640625 0.846017357421875 0.073261966796875