1 0.033203125 0.412109375 0.0654296875 0.294921875
1 0.525390625 0.125 0.119140625 0.09375
1 0.9853515625 0.1826171875 0.029296875 0.064453125
1 0.173828125 0.0830078125 0.0908203125 0.0751953125
1 0.86328125 0.111328125 0.046875 0.044921875
1 0.666015625 0.0283203125 0.03125 0.056640625
1 0.59765625 0.037109375 0.078125 0.033203125
1 0.513671875 0.029296875 0.064453125 0.044921875
0 1 0.24140625 0.95078125 0.2296875 0.9390625 0.23203125 0.9453125 0.24921875 0.94375 0.38984375 0.95703125 0.4109375 0.9703125 0.38203125 0.97734375 0.378125 0.9796875 0.38359375 0.9734375 0.47734375 0.9640625 0.51953125 0.975 0.53984375 0.9765625 0.56328125 0.9640625 0.62265625 0.9625 0.66796875 0.953125 0.69453125 0.9515625 0.73515625 0.9796875 0.77734375 0.9828125 0.79140625 0.9578125 0.88515625 0.94296875 0.8921875 0.93828125 0.88125 0.9265625 0.89453125 0.9296875 0.93828125 0.9359375 0.94296875 0.9296875 0.94453125 0.928125 0.99765625 0.940625 0.99921875 0.940625 0.91796875 0.9515625 0.92578125 0.9484375 0.93671875 0.95390625 0.940625 0.95859375 0.909375 0.9625 0.93515625 0.96953125 0.940625 0.971875 0.86328125 0.9765625 0.86484375 0.98203125 0.9109375 0.9875 0.90859375 0.98984375 0.8546875 0.9953125 0.87890625 1 0.87890625 1 0.24140625
0 0.65078125 0.8359375 0.6515625 0.90859375 0.65859375 0.91875 0.69453125 0.8078125 0.60078125 0.8015625 0.55546875 0.809375 0.54453125 0.796875 0.52265625 0.7953125 0.5171875 0.84296875 0.5078125 0.85546875 0.515625 0.86484375 0.5140625 0.88984375 0.49609375 0.9015625 0.47578125 0.8953125 0.44609375 0.9046875 0.42734375 0.8671875 0.38515625 0.8765625 0.375 0.86015625 0.3765625 0.83984375 0.36484375 0.83125 0.3578125 0.84296875 0.359375 0.87265625 0.34296875 0.8859375 0.23203125 0.875 0.18046875 0.8796875 0.16328125 0.8671875 0.14765625 0.8765625 0.12578125 0.875 0.115625 0.86953125 0.115625 0.84921875 0.1375 0.81171875 0.15234375 0.765625 0.10859375 0.7453125 0.05546875 0.740625 0.02890625 0.740625 0 0.76484375 0.00078125 1 0.58125 0.99921875 0.6015625 0.87890625 0.625 0.85859375 0.63671875 0.8375 0.65078125 0.8359375
0 0.43046875 0.4984375 0.44453125 0.5 0.47109375 0.5328125 0.484375 0.50234375 0.496875 0.49140625 0.5015625 0.46796875 0.51484375 0.4625 0.52578125 0.4625 0.53125 0.46953125 0.5390625 0.51484375 0.55625 0.53203125 0.5609375 0.58515625 0.57734375 0.60625 0.61796875 0.571875 0.65234375 0.5640625 0.66796875 0.565625 0.68671875 0.5859375 0.6921875 0.53828125 0.675 0.52109375 0.6765625 0.51171875 0.68984375 0.5046875 0.70234375 0.5078125 0.72109375 0.490625 0.778125 0.47109375 0.7828125 0.38515625 0.796875 0.36796875 0.8046875 0.32109375 0.8140625 0.31171875 0.8390625 0.21328125 0.61484375 0.178125 0.59453125 0.1703125 0.54765625 0.1703125 0.22578125 0.1203125 0.18828125 0.1234375 0.13046875 0.1171875 0.08828125 0.1015625 0.00078125 0.0859375 0 0.27265625 0.0125 0.28203125 0.0171875 0.30390625 0.0359375 0.33203125 0.04375 0.39453125 0.06875 0.39609375 0.06875 0.40234375 0.046875 0.41953125 0.0625 0.55703125 0.11328125 0.5703125 0.1140625 0.54765625 0.10625 0.52109375 0.109375 0.50078125 0.12265625 0.4859375 0.14765625 0.484375 0.1671875 0.49453125 0.18359375 0.5234375 0.196875 0.52734375 0.20625 0.54609375 0.2 0.56171875 0.2015625 0.58515625 0.21328125 0.6109375 0.23359375 0.6140625 0.24765625 0.596875 0.26796875 0.621875 0.32421875 0.628125 0.33828125 0.609375 0.35546875 0.6328125 0.3734375 0.63359375 0.375 0.54609375 0.390625 0.51640625 0.41171875 0.5140625 0.43046875 0.4984375