1 0.65625 0.703125 0.28125 0.310546875
1 0.4404296875 0.6171875 0.375 0.25
1 0.421875 0.7880859375 0.24609375 0.25
1 0.0673828125 0.400390625 0.134765625 0.1328125
1 0.2763671875 0.296875 0.1875 0.162109375
1 0.4375 0.365234375 0.234375 0.154296875
1 0.2529296875 0.6083984375 0.44140625 0.3125
1 0.158203125 0.533203125 0.31640625 0.30078125
1 0.10546875 0.236328125 0.177734375 0.095703125
1 0.412109375 0.2138671875 0.08203125 0.076171875
1 0.1953125 0.1796875 0.12109375 0.08984375
0 1 0.48253962109375 0.98407204296875 0.25475922265625 0.974159708984375 0.254868830078125 0.9702684375 0.25148619921875 0.97667038671875 0.2385080078125 0.97193256640625 0.230485625 0.9552592421875 0.238438904296875 0.943876076171875 0.232447525390625 0.94300412109375 0.219977974609375 0.936576763671875 0.225126365234375 0.928986798828125 0.213648689453125 0.940391814453125 0.205019595703125 0.9563893203125 0.202334626953125 0.93918194921875 0.19518419921875 0.94679376171875 0.192041404296875 0.969872591796875 0.19356020703125 0.97272473828125 0.1970155 0.969294849609375 0.2076974453125 0.980848240234375 0.2086566796875 0.97649265234375 0.146368875 0.971653078125 0.144357818359375 0.942026970703125 0.15373894921875 0.894154365234375 0.156042318359375 0.889805267578125 0.1610453828125 0.89239216796875 0.1681739609375 0.888889615234375 0.177816775390625 0.8833560625 0.18081424609375 0.8731573515625 0.176828462890625 0.87276862890625 0.163803015625 0.857036365234375 0.162814701171875 0.854667455078125 0.15880351171875 0.80686751171875 0.162146009765625 0.773106734375 0.1571973203125 0.760321125 0.146082958984375 0.755626998046875 0.1088196328125 0.74847301171875 0.103576732421875 0.71930473046875 0.10457216796875 0.706330099609375 0.120620490234375 0.712470365234375 0.13376585546875 0.726004453125 0.140651037109375 0.74638002734375 0.16324307421875 0.7695569296875 0.173630806640625 0.780289689453125 0.192720294921875 0.8044112109375 0.216616705078125 0.8166881796875 0.220457162109375 0.830055095703125 0.23988455859375 0.84095502734375 0.246431833984375 0.863695953125 0.2505847890625 0.86531638671875 0.258825162109375 0.852875802734375 0.289977189453125 0.845336654296875 0.294159115234375 0.83187523046875 0.288313060546875 0.819071333984375 0.3142694453125 0.815401609375 0.33645447265625 0.80054130078125 0.3479357109375 0.799335 0.360550587890625 0.785997052734375 0.371403265625 0.76915299609375 0.369448484375 0.722152345703125 0.384221404296875 0.680514513671875 0.386088796875 0.64150727734375 0.3658438203125 0.60537758984375 0.35688394140625 0.559365251953125 0.355924595703125 0.53788856640625 0.399716908203125 0.539363673828125 0.405879021484375 0.561599517578125 0.425208345703125 0.558169630859375 0.4358902890625 0.54367263671875 0.452567171875 0.547516654296875 0.4627404765625 0.526614154296875 0.469945279296875 0.49908815234375 0.46456061328125 0.48125578125 0.47833809765625 0.477753232421875 0.487980912109375 0.46936753515625 0.4875230859375 0.462191701171875 0.496900658203125 0.4846927890625 0.51255669921875 0.523939865234375 0.521298587890625 0.529934802734375 0.5323656953125 0.61198231640625 0.55586626171875 0.629916318359375 0.57340798046875 0.683682232421875 0.550852515625 0.704464818359375 0.549399255859375 0.773127130859375 0.590543173828125 0.781683560546875 0.600909056640625 0.756533591796875 0.644436126953125 0.75182830078125 0.689144091796875 0.7463892578125 0.67856021875 0.747384689453125 0.707728498046875 0.74253051171875 0.72790793359375 0.70340691796875 0.735864771484375 0.667117177734375 0.78434765234375 0.656849365234375 0.80177301171875 0.649604427734375 0.8325617265625 0.635543412109375 0.855473384765625 0.62614399609375 0.8629180234375 0.612635314453125 0.863862642578125 0.600550927734375 0.8553097734375 0.574209380859375 0.851930701171875 0.568821154296875 0.857006427734375 0.56834148046875 0.88001259765625 0.5649588515625 0.88390387109375 0.5566386953125 0.83958462890625 0.51398358203125 0.8269042109375 0.49624572265625 0.8271003515625 0.47167349609375 0.85649018359375 0.454400583984375 0.893201171875 0.451017951171875 0.8970924453125 0.438548400390625 0.89796440234375 0.356548142578125 0.8676731640625 0.340932236328125 0.838483033203125 0.328332083984375 0.777755712890625 0.3137588671875 0.7709431953125 0.30034469921875 0.758306470703125 0.273109349609375 0.757078322265625 0.25278458984375 0.750145884765625 0.243625009765625 0.7460874375 0.239370421875 0.73750916015625 0.210587302734375 0.72907976953125 0.204955677734375 0.723208310546875 0.196497318359375 0.72171135546875 0.1918829765625 0.730387703125 0.183591791015625 0.71634853515625 0.164669474609375 0.71453908203125 0.134629236328125 0.703064966796875 0.115103771484375 0.707562951171875 0.0980417265625 0.702490783203125 0.0972495546875 0.73596090625 0.092726162109375 0.708605640625 0.083879078125 0.69408323828125 0.06377230859375 0.690268189453125 0.04721890625 0.69246992578125 0.029720880859375 0.681162982421875 0.01109105859375 0.676069919921875 0.03374245703125 1 0.51746038671875 1 1 0.96625754296875 1 0.48253962109375