1 0.82421875 0.7255859375 0.119140625 0.123046875
1 0.0634765625 0.48828125 0.126953125 0.109375
1 0.2216796875 0.5517578125 0.107421875 0.099609375
1 0.4638671875 0.5966796875 0.083984375 0.072265625
1 0.275390625 0.4765625 0.12890625 0.11328125
1 0.650390625 0.6845703125 0.1640625 0.10546875
1 0.55078125 0.564453125 0.1015625 0.078125
1 0.4345703125 0.65625 0.10546875 0.095703125
1 0.5263671875 0.6787109375 0.1171875 0.099609375
1 0.3505859375 0.6494140625 0.087890625 0.0703125
1 0.646484375 0.580078125 0.125 0.080078125
1 0.80078125 0.6572265625 0.064453125 0.056640625
1 0.408203125 0.5380859375 0.07421875 0.05859375
1 0.3779296875 0.59375 0.08984375 0.09375
1 0.29296875 0.576171875 0.11328125 0.08984375
1 0.333984375 0.5166015625 0.1015625 0.078125
1 0.6611328125 0.634765625 0.1640625 0.08984375
0 1 0.336644095703125 0.93410530078125 0.324566248046875 0.92668112890625 0.319826314453125 0.889672408203125 0.32039154296875 0.816702263671875 0.301719380859375 0.812908341796875 0.302648966796875 0.712225734375 0.280039189453125 0.70116499609375 0.2750532578125 0.691485271484375 0.256132419921875 0.65762837109375 0.246827994140625 0.6394138671875 0.248226177734375 0.606716396484375 0.24338403515625 0.594337947265625 0.247076671875 0.578203556640625 0.243647201171875 0.57059669921875 0.23728749609375 0.57127137890625 0.231634126953125 0.565372013671875 0.234596015625 0.565466978515625 0.22671150390625 0.5567006875 0.21588951953125 0.519421560546875 0.205330697265625 0.5250749296875 0.206005376953125 0.5271550390625 0.201177720703125 0.516062642578125 0.1988199609375 0.50894053515625 0.20257590625 0.50396184765625 0.196247857421875 0.496196712890625 0.203029001953125 0.48431026171875 0.199448498046875 0.48431750390625 0.182059708984375 0.491439611328125 0.178303763671875 0.482030296875 0.170506974609375 0.47692498828125 0.174691603515625 0.471731958984375 0.169371955078125 0.454279857421875 0.17462105078125 0.46466591796875 0.185260349609375 0.453478556640625 0.19078709765625 0.430071025390625 0.1868656328125 0.421487421875 0.17766341796875 0.384390978515625 0.168724365234375 0.38567703125 0.16267396875 0.400008966796875 0.164666357421875 0.410402271484375 0.1579168671875 0.41025123828125 0.153668923828125 0.392433765625 0.15567848046875 0.386049650390625 0.14852471875 0.3883441015625 0.142688662109375 0.37893478515625 0.134891875 0.371661646484375 0.134399880859375 0.3659133125 0.1416097109375 0.347182404296875 0.1355204140625 0.352628673828125 0.119814705078125 0.320359888671875 0.11295576171875 0.31865239453125 0.10363416796875 0.3246150703125 0.09541594140625 0.304693078125 0.08749253125 0.300048107421875 0.08703219140625 0.29301372265625 0.10029241796875 0.291966423828125 0.120095037109375 0.314119560546875 0.12743873046875 0.31118208203125 0.136299984375 0.265653068359375 0.12240665625 0.262754490234375 0.11125094921875 0.258903578125 0.112013353515625 0.257403185546875 0.1190721484375 0.251535474609375 0.119405869140625 0.2505026640625 0.10443090625 0.231406380859375 0.0951020703125 0.22626941796875 0.101914869140625 0.234304958984375 0.106257775390625 0.23243919140625 0.110077033203125 0.229048619140625 0.106194466796875 0.225166052734375 0.1095850390625 0.2181072578125 0.10808464453125 0.213128568359375 0.101756595703125 0.1962001171875 0.097104380859375 0.19164287109375 0.106148322265625 0.18455241796875 0.107276099609375 0.181249568359375 0.1128978125 0.17785899609375 0.10901524609375 0.168720087890625 0.1123425078125 0.159096431640625 0.10555412109375 0.156872533203125 0.088745044921875 0.14651088671875 0.0928663671875 0.136426888671875 0.090722947265625 0.12704923046875 0.08029798828125 0.116385517578125 0.075923427734375 0.10908072265625 0.078059603515625 0.11011353515625 0.09303456640625 0.099140517578125 0.0975529140625 0.090620224609375 0.083094357421875 0.078164078125 0.079714806640625 0.029556724609375 0.308394421875 0.081292185546875 0.320360400390625 0.12031770703125 0.32022385546875 0.124003099609375 0.34999109375 0.13658864453125 0.36267884765625 0.1599328671875 0.37185665234375 0.166896697265625 0.3812415546875 0.172479513671875 0.4045613671875 0.1672475859375 0.419258677734375 0.155631541015625 0.426802224609375 0.0948499140625 0.420206447265625 0.063287462890625 0.405065966796875 0.0585231171875 0.397729517578125 0.048439119140625 0.39558609765625 0.011284267578125 0.394359580078125 0.00546048046875 0.42175834375 0.01538619921875 0.43704261328125 0.036474869140625 0.432039513671875 0.04836132421875 0.435620017578125 0.051902927734375 0.4437505234375 0.06644920703125 0.44473451171875 0.0889116484375 0.443185294921875 0.109849287109375 0.433934255859375 0.12295848046875 0.436720701171875 0.137529169921875 0.45246530859375 0.1595629296875 0.452932890625 0.173188529296875 0.463206818359375 0.183486869140625 0.46434183984375 0.193848515625 0.460220517578125 0.211999708984375 0.464078673828125 0.243369548828125 0.428061185546875 0.25935291015625 0.427242712890625 0.2675467265625 0.418444771484375 0.2758671640625 0.399134146484375 0.306983763671875 0.384142015625 0.3308832890625 0.38079034375 0.348026083984375 0.38443415625 0.3672100859375 0.4032672734375 0.4280550234375 0.4046067109375 0.47847500390625 0.41532380859375 0.508568716796875 0.434894916015625 0.51406380859375 0.448710447265625 0.507609138671875 0.464201814453125 0.51060268359375 0.467473009765625 0.5487708359375 0.471370064453125 0.5658503203125 0.480270216796875 0.585224251953125 0.483334314453125 0.595403212890625 0.47759322265625 0.56539722265625 0.467526396484375 0.551771623046875 0.45725246875 0.548841390625 0.44872493359375 0.5576538203125 0.422141171875 0.57208796484375 0.398860259765625 0.58312429296875 0.3890855703125 0.59485971484375 0.388418134765625 0.609764123046875 0.410030451171875 0.616316439453125 0.453581564453125 0.6127359375 0.465468017578125 0.60105658203125 0.47826790625 0.630300169921875 0.484483822265625 0.634270458984375 0.490597529296875 0.65520809765625 0.48134648828125 0.690477671875 0.474087837890625 0.714187267578125 0.48650518359375 0.744551388671875 0.517200341796875 0.752031625 0.534072728515625 0.750316890625 0.542139923828125 0.728546294921875 0.57018518359375 0.706234884765625 0.575982337890625 0.700542615234375 0.595324619140625 0.71438255859375 0.60459014453125 0.76107100390625 0.62294575390625 0.764064546875 0.626216951171875 0.76155575390625 0.633061404296875 0.769376953125 0.6384127109375 0.780103974609375 0.637530931640625 0.78585230859375 0.6303211015625 0.8055916171875 0.6366247421875 0.822361791015625 0.6544178046875 0.828190603515625 0.674101044921875 0.84126814453125 0.67951566015625 0.84860459375 0.6747513125 0.84441996484375 0.669646005859375 0.8468971015625 0.665429720703125 0.87491794921875 0.6724396953125 0.878800515625 0.66904912109375 0.892338392578125 0.669818767578125 0.90660701953125 0.67706749609375 0.916142953125 0.67435160546875 0.927741830078125 0.6346586484375 0.933641197265625 0.6316967578125 0.941532951171875 0.614402935546875 0.947861 0.60942424609375 0.95021876171875 0.5983318515625 0.937935279296875 0.5941399765625 0.919292091796875 0.597554958984375 0.896313244140625 0.5916166953125 0.887761296875 0.57978630859375 0.897026822265625 0.5659463671875 0.895779669921875 0.5519798046875 0.90648228125 0.53633740625 0.923417974609375 0.523600828125 0.9523595 0.52132086328125 0.96864492578125 0.52899827734375 0.98606537109375 0.526377349609375 1 0.531337779296875 1 0.336644095703125
0 0.904892015625 1 0.939442052734375 0.837454857421875 0.90822490625 0.828127580078125 0.879877583984375 0.79786110546875 0.868673056640625 0.77123844140625 0.862408318359375 0.770960791015625 0.851983359375 0.780338451171875 0.7675554453125 0.75606898828125 0.73818523828125 0.76036575 0.724067642578125 0.757364962890625 0.70185844140625 0.737888822265625 0.64077475 0.722797162109375 0.61290493359375 0.72003512890625 0.578468318359375 0.7084995625 0.57461740625 0.70926196484375 0.562446056640625 0.7293349921875 0.478232486328125 0.70405712890625 0.315300435546875 0.66731693359375 0.304882720703125 0.659305802734375 0.308312193359375 0.643171408203125 0.317792060546875 0.628323068359375 0.31709296875 0.619215818359375 0.22365276953125 0.587760935546875 0.21271140625 0.58965111328125 0.18245941796875 0.58322085546875 0.172431490234375 0.59320988671875 0.1661278515625 0.612949193359375 0.143078447265625 0.629656060546875 0.128746513671875 0.627663671875 0.1023526796875 0.603082220703125 0.09389569921875 0.58336732421875 0.0795076953125 0.569242486328125 0.078109509765625 0.551027984375 0.085477615234375 0.54363546875 0.094799208984375 0.541927978515625 0.093242748046875 0.53685432421875 0 0.5089946015625 0 0.904892017578125 0.447447880859375 1 0.904892015625 1
0 0.7794494296875 0.154678408203125 0.768111037109375 0.155957216796875 0.775225900390625 0.169590060546875 0.780879267578125 0.170264740234375 0.80102284765625 0.1597909609375 0.7794494296875 0.154678408203125
0 1 0.2075886875 0.9875451171875 0.202072390625 0.98537728515625 0.197395767578125 0.866386134765625 0.172103416015625 0.8574615703125 0.174422279296875 0.855079396484375 0.1707540546875 0.826232837890625 0.165149509765625 0.8313942109375 0.173097330078125 0.842057923828125 0.177471890625 0.85602448828125 0.176224736328125 0.8813855078125 0.1858312265625 0.923372916015625 0.191594048828125 0.958174908203125 0.206369154296875 0.95932709765625 0.2282202265625 0.953824759765625 0.231793486328125 0.93927848046875 0.230809498046875 0.9357929453125 0.23481144140625 0.95183237109375 0.246125421875 0.952317123046875 0.25624107421875 0.9463544453125 0.26445930078125 0.933976 0.268151939453125 0.950872794921875 0.2754323203125 0.94970612109375 0.288358828125 0.964006400390625 0.29297938671875 0.966079267578125 0.30554051953125 0.972192974609375 0.301570232421875 0.9736933671875 0.294511435546875 0.9863178125 0.28718223046875 1 0.291458384765625 1 0.256363767578125 0.997210353515625 0.255770810546875 0.99272366015625 0.24216962109375 0.97756601171875 0.241582662109375 0.982766283203125 0.2295135234375 0.98945970703125 0.227774376953125 0.998900677734375 0.232942994140625 1 0.232442716796875 1 0.2075886875
0 0.888580849609375 0.226357140625 0.87553496484375 0.218314353515625 0.868627201171875 0.22106190234375 0.819064587890625 0.206311205078125 0.81349894140625 0.2151408046875 0.802374890625 0.215411212890625 0.7968408984375 0.221612642578125 0.782508962890625 0.21962025390625 0.778935703125 0.214117919921875 0.783127576171875 0.201834435546875 0.772678208984375 0.1964514765625 0.770145001953125 0.188535310546875 0.7530022109375 0.184891498046875 0.750430107421875 0.196992294921875 0.763967984375 0.1977619375 0.774600041015625 0.204764669921875 0.771448220703125 0.21463432421875 0.75809303125 0.215484447265625 0.751065888671875 0.211355884765625 0.753606337890625 0.201883259765625 0.74560244921875 0.194912185546875 0.735089771484375 0.194785564453125 0.72891999609375 0.18662340234375 0.735557353515625 0.1727518046875 0.72749015625 0.1710370703125 0.723972962890625 0.177667181640625 0.712880568359375 0.175309421875 0.714015587890625 0.16501108203125 0.699437654296875 0.166655263671875 0.703407943359375 0.17276897265625 0.696651208984375 0.179764458984375 0.702638296875 0.1863068515625 0.692754154296875 0.217932611328125 0.7064991328125 0.2350826484375 0.73552837890625 0.24230696484375 0.7496215625 0.230547130859375 0.760713955078125 0.232904892578125 0.76153242578125 0.248888255859375 0.7798979609375 0.251738009765625 0.79276840234375 0.240772234375 0.79961285546875 0.24328102734375 0.80272577734375 0.253428333984375 0.8150409140625 0.2549920390625 0.82133730859375 0.25264151953125 0.820026845703125 0.243931298828125 0.8280379765625 0.233513583984375 0.85266825 0.236640990234375 0.84414071484375 0.239571224609375 0.85363775 0.256872291015625 0.872519689453125 0.267209529296875 0.889789103515625 0.260340662109375 0.896173220703125 0.26749442578125 0.887582375 0.275680998046875 0.911109283203125 0.28647857421875 0.917771052734375 0.287367595703125 0.92348773046875 0.2827859375 0.9057163984375 0.247389744140625 0.911282046875 0.23856014453125 0.927082720703125 0.236121904296875 0.92894848828125 0.2323026484375 0.923144087890625 0.22738002734375 0.917093689453125 0.226093974609375 0.91379083984375 0.231715689453125 0.90896318359375 0.229635580078125 0.9082324375 0.223156498046875 0.888580849609375 0.226357140625
0 0.426161365234375 0.108568595703125 0.441319015625 0.1091555546875 0.443581810546875 0.105947669921875 0.433529470703125 0.101176080078125 0.4199599375 0.103034603515625 0.4215163984375 0.1081082578125 0.426161365234375 0.108568595703125
0 0.516520298828125 0.127248001953125 0.52437315625 0.12997113671875 0.52886709375 0.12618353515625 0.524928458984375 0.117441658203125 0.51325634765625 0.11285275390625 0.473500080078125 0.106510216796875 0.469403171875 0.110909189453125 0.45021192578125 0.10946486328125 0.477772431640625 0.121119806640625 0.50017156640625 0.1248269296875 0.503530482421875 0.1313376640625 0.516520298828125 0.127248001953125
0 0.11212041015625 0.043925048828125 0.1227280546875 0.036167158203125 0.095469611328125 0.03300809765625 0.11212041015625 0.043925048828125