1 0.84765625 0.646484375 0.09375 0.0986328125
1 0.080078125 0.5791015625 0.138671875 0.0791015625
1 0.25390625 0.603515625 0.0869140625 0.078125
1 0.4873046875 0.59765625 0.0703125 0.0546875
1 0.2890625 0.5234375 0.1064453125 0.0869140625
1 0.677734375 0.642578125 0.1435546875 0.072265625
1 0.5625 0.55078125 0.0869140625 0.056640625
1 0.47265625 0.658203125 0.0869140625 0.07421875
1 0.560546875 0.66015625 0.0966796875 0.076171875
1 0.392578125 0.66796875 0.07421875 0.052734375
1 0.6533203125 0.546875 0.109375 0.0537109375
1 0.8115234375 0.5869140625 0.0537109375 0.04296875
1 0.423828125 0.5546875 0.0625 0.04296875
1 0.4072265625 0.6123046875 0.0703125 0.076171875
1 0.3251953125 0.6123046875 0.095703125 0.0673828125
1 0.3515625 0.548828125 0.0859375 0.05859375
1 0.677734375 0.59375 0.146484375 0.0556640625
0 1 0.27197265625 0.98291015625 0.271484375 0.96533203125 0.2626953125 0.96142578125 0.2509765625 0.93994140625 0.25390625 0.93896484375 0.2509765625 0.86962890625 0.2529296875 0.86181640625 0.25 0.82763671875 0.2578125 0.75634765625 0.2548828125 0.75301541796875 0.256491337890625 0.6552734375 0.25537109375 0.64404296875 0.2529296875 0.63134765625 0.2373046875 0.59814453125 0.2353515625 0.58154296875 0.240234375 0.55029296875 0.2421875 0.53955078125 0.248046875 0.52392578125 0.248046875 0.515625 0.24365234375 0.51513671875 0.23828125 0.51025390625 0.2421875 0.5087890625 0.23486328125 0.49853515625 0.2265625 0.4619140625 0.22412109375 0.46728515625 0.2236328125 0.46826171875 0.21875 0.45751953125 0.21875 0.45166015625 0.2236328125 0.44580078125 0.21875 0.43994140625 0.2265625 0.42822265625 0.2255859375 0.4248046875 0.20947265625 0.4306640625 0.20458984375 0.42041015625 0.19921875 0.41650390625 0.2041015625 0.41064453125 0.2001953125 0.3955078125 0.20849609375 0.4072265625 0.21630859375 0.39794921875 0.2236328125 0.37548828125 0.224609375 0.36572265625 0.2177734375 0.32958984375 0.216796875 0.32958984375 0.2109375 0.34326171875 0.2099609375 0.3515625 0.20166015625 0.3505859375 0.19775390625 0.33447265625 0.203125 0.3271484375 0.19775390625 0.328125 0.19189453125 0.31787109375 0.1865234375 0.31103515625 0.1875 0.30712890625 0.1953125 0.28857421875 0.193359375 0.29052734375 0.177734375 0.25927734375 0.177734375 0.255859375 0.16943359375 0.259765625 0.16064453125 0.23974609375 0.1572265625 0.2353515625 0.15771484375 0.2314453125 0.17138671875 0.234375 0.18994140625 0.25634765625 0.1923828125 0.25537109375 0.201171875 0.21044921875 0.197265625 0.20556640625 0.1875 0.2021484375 0.18896484375 0.2021484375 0.19580078125 0.19677734375 0.197265625 0.19287109375 0.18359375 0.17333984375 0.1787109375 0.169921875 0.18603515625 0.17822265625 0.1884765625 0.17724609375 0.1923828125 0.17333984375 0.189453125 0.17041015625 0.193359375 0.16357421875 0.193359375 0.15771484375 0.1884765625 0.14111328125 0.1875 0.138671875 0.19677734375 0.13232421875 0.19921875 0.13037109375 0.205078125 0.12646484375 0.2021484375 0.11865234375 0.20703125 0.1083984375 0.20263671875 0.10302734375 0.1875 0.09423828125 0.193359375 0.08447265625 0.193359375 0.07373046875 0.185546875 0.06298828125 0.18359375 0.056640625 0.18701171875 0.060546875 0.20068359375 0.05126953125 0.20703125 0.04052734375 0.1953125 0.02294921875 0.1943359375 0.01318359375 0.1787109375 0 0.18505859375 0 0.44091796875 0.005859375 0.43603515625 0.0068359375 0.42431640625 0.02392578125 0.416015625 0.07861328125 0.4169921875 0.11474609375 0.4091796875 0.1240234375 0.43603515625 0.13818359375 0.4453125 0.16162109375 0.44921875 0.169921875 0.45654296875 0.1796875 0.47705078125 0.177734375 0.49169921875 0.16845703125 0.5009765625 0.11083984375 0.5068359375 0.07861328125 0.4990234375 0.07275390625 0.4931640625 0.06298828125 0.4931640625 0 0.50439453125 0.00146484375 0.5146484375 0.01904296875 0.5166015625 0.04052734375 0.5380859375 0.05908203125 0.529296875 0.07080078125 0.5302734375 0.07568359375 0.537109375 0.08935546875 0.53515625 0.10986328125 0.529296875 0.12744140625 0.5166015625 0.14013671875 0.5166015625 0.15673828125 0.5283203125 0.17724609375 0.5244140625 0.19189453125 0.53125 0.20166015625 0.5302734375 0.21044921875 0.5244140625 0.22802734375 0.5244140625 0.25 0.48486328125 0.2646484375 0.48095703125 0.2705078125 0.47119140625 0.2744140625 0.45166015625 0.30029296875 0.431640625 0.32177734375 0.423828125 0.33837890625 0.423828125 0.35986328125 0.4375 0.41650390625 0.4267578125 0.46533203125 0.4267578125 0.4970703125 0.43896484375 0.5048828125 0.45068359375 0.501953125 0.46630859375 0.50537109375 0.46875 0.54150390625 0.46484375 0.55908203125 0.4697265625 0.57763671875 0.46875 0.5859375 0.46142578125 0.55615234375 0.4580078125 0.54150390625 0.451171875 0.537109375 0.44384765625 0.5400390625 0.41748046875 0.548828125 0.39306640625 0.55712890625 0.3818359375 0.56787109375 0.37890625 0.5859375 0.39599609375 0.6005859375 0.43505859375 0.599609375 0.44677734375 0.59130859375 0.4609375 0.61962890625 0.4609375 0.62451171875 0.4658203125 0.64208984375 0.453125 0.67333984375 0.439453125 0.69775390625 0.4462890625 0.73193359375 0.46875 0.7421875 0.48291015625 0.7421875 0.49072265625 0.7275390625 0.52099609375 0.7080078125 0.53076171875 0.70654296875 0.5498046875 0.72119140625 0.5556640625 0.76806640625 0.5634765625 0.771484375 0.56591796875 0.7705078125 0.57275390625 0.77880859375 0.576171875 0.78857421875 0.5732421875 0.79248046875 0.5654296875 0.81201171875 0.5673828125 0.8310546875 0.58056640625 0.84033203125 0.59765625 0.853515625 0.60009765625 0.859375 0.59423828125 0.8544921875 0.59033203125 0.85595703125 0.5859375 0.88330078125 0.5869140625 0.88623046875 0.5830078125 0.89892578125 0.5810546875 0.91357421875 0.5849609375 0.921875 0.58056640625 0.9248046875 0.54150390625 0.9296875 0.53759765625 0.93359375 0.52001953125 0.9384765625 0.51416015625 0.9384765625 0.50341796875 0.92626953125 0.501953125 0.90966796875 0.5087890625 0.88720703125 0.5078125 0.876953125 0.49853515625 0.8828125 0.48388671875 0.87890625 0.47119140625 0.8857421875 0.45458984375 0.89892578125 0.439453125 0.92529296875 0.431640625 0.94189453125 0.435546875 0.95751953125 0.4296875 0.97216796875 0.431640625 0.986328125 0.43994140625 0.98828125 0.44970703125 0.998046875 0.46337890625 1 0.48681640625 1 0.27197265625
0 1 0.72216796875 0.98095703125 0.7275390625 0.94482421875 0.724609375 0.91259765625 0.7021484375 0.89697265625 0.6796875 0.89111328125 0.6806640625 0.88330078125 0.69140625 0.80029296875 0.685546875 0.77392578125 0.6953125 0.76025390625 0.6953125 0.73583984375 0.681640625 0.67626953125 0.6796875 0.64990234375 0.6826171875 0.61572265625 0.6787109375 0.6123046875 0.68017578125 0.60498046875 0.701171875 0.52197265625 0.6943359375 0.36376953125 0.6923828125 0.3525390625 0.68701171875 0.3525390625 0.67138671875 0.3583984375 0.65576171875 0.35595703125 0.6474609375 0.26318359375 0.63671875 0.25341796875 0.640625 0.22412109375 0.640625 0.216796875 0.65185546875 0.21484375 0.67138671875 0.19677734375 0.69140625 0.18310546875 0.6923828125 0.15380859375 0.6748046875 0.14208984375 0.658203125 0.1259765625 0.64794921875 0.12109375 0.63134765625 0.12646484375 0.623046875 0.134765625 0.61962890625 0.13232421875 0.615234375 0.02392578125 0.6064453125 0.01220703125 0.603515625 0.00830078125 0.59375 0 0.59814453125 0 0.71240234375 0.0029296875 0.71435546875 0 0.71923828125 0 0.95068359375 0.0078125 0.95751953125 0.00830078125 1 1 0.99951171875 1 0.72216796875
0 0.69189453125 0.140625 0.697265625 0.14013671875 0.7138671875 0.12646484375 0.69287109375 0.1259765625 0.6826171875 0.12939453125 0.69189453125 0.140625
0 0.93017578125 0.13671875 0.93701171875 0.138671875 0.95361328125 0.1337890625 0.96435546875 0.1416015625 1 0.14599609375 0.99951171875 0.12890625 0.94091796875 0.1259765625 0.9287109375 0.13232421875 0.93017578125 0.13671875
0 0.94189453125 0.2109375 0.98681640625 0.20703125 0.99951171875 0.2138671875 1 0.16748046875 0.98486328125 0.1689453125 0.96728515625 0.1923828125 0.9609375 0.18798828125 0.9609375 0.18017578125 0.95556640625 0.1748046875 0.94384765625 0.1806640625 0.93017578125 0.171875 0.92333984375 0.1767578125 0.91455078125 0.1767578125 0.90771484375 0.1650390625 0.8935546875 0.16748046875 0.89599609375 0.1552734375 0.90185546875 0.15234375 0.91162109375 0.1552734375 0.9228515625 0.14697265625 0.9248046875 0.13818359375 0.91845703125 0.1298828125 0.91357421875 0.1328125 0.89501953125 0.12890625 0.89208984375 0.125 0.77685546875 0.125 0.76904296875 0.12890625 0.76611328125 0.1259765625 0.73828125 0.12646484375 0.74462890625 0.1328125 0.75537109375 0.134765625 0.76806640625 0.130859375 0.79345703125 0.134765625 0.83349609375 0.1318359375 0.86865234375 0.138671875 0.8740234375 0.15869140625 0.86962890625 0.1630859375 0.85595703125 0.1650390625 0.853515625 0.16943359375 0.87060546875 0.1767578125 0.873046875 0.18603515625 0.869140625 0.19482421875 0.8583984375 0.20068359375 0.87548828125 0.2041015625 0.876953125 0.21630859375 0.89111328125 0.2177734375 0.8955078125 0.22900390625 0.900390625 0.22412109375 0.900390625 0.21728515625 0.91064453125 0.2080078125 0.94189453125 0.2109375
0 0.83154296875 0.177734375 0.845703125 0.17236328125 0.8466796875 0.16845703125 0.84033203125 0.1650390625 0.83447265625 0.1650390625 0.83251953125 0.1708984375 0.82763671875 0.169921875 0.82568359375 0.1640625 0.80810546875 0.1708984375 0.79443359375 0.166015625 0.78857421875 0.169921875 0.73974609375 0.166015625 0.736328125 0.17529296875 0.72607421875 0.177734375 0.72216796875 0.1845703125 0.70849609375 0.185546875 0.7041015625 0.18115234375 0.70556640625 0.1689453125 0.69482421875 0.166015625 0.69091796875 0.1591796875 0.67431640625 0.1591796875 0.67431640625 0.1708984375 0.68701171875 0.1689453125 0.6982421875 0.17333984375 0.697265625 0.18310546875 0.68505859375 0.1865234375 0.677734375 0.18408203125 0.67822265625 0.1748046875 0.66943359375 0.169921875 0.65966796875 0.171875 0.65234375 0.16552734375 0.65576171875 0.1513671875 0.64794921875 0.1513671875 0.64599609375 0.158203125 0.63525390625 0.158203125 0.63427734375 0.1484375 0.62109375 0.15283203125 0.6259765625 0.15771484375 0.62109375 0.16552734375 0.6279296875 0.17041015625 0.625 0.20166015625 0.64111328125 0.21484375 0.66943359375 0.2158203125 0.68017578125 0.2021484375 0.69091796875 0.2021484375 0.69482421875 0.216796875 0.71240234375 0.2158203125 0.72216796875 0.203125 0.72900390625 0.2041015625 0.73388671875 0.212890625 0.74560546875 0.2119140625 0.7509765625 0.20849609375 0.748046875 0.20068359375 0.75341796875 0.189453125 0.77685546875 0.1875 0.76953125 0.19189453125 0.78173828125 0.2060546875 0.80126953125 0.2119140625 0.81591796875 0.2021484375 0.8232421875 0.20751953125 0.81689453125 0.216796875 0.8408203125 0.22216796875 0.84716796875 0.2216796875 0.8515625 0.21630859375 0.828125 0.18701171875 0.83154296875 0.177734375
0 0.349609375 0.14892578125 0.35205078125 0.1533203125 0.3564453125 0.15283203125 0.37060546875 0.150390625 0.3720703125 0.14697265625 0.36181640625 0.14453125 0.349609375 0.14892578125
0 0.44970703125 0.1416015625 0.43798828125 0.1396484375 0.39990234375 0.1416015625 0.39697265625 0.146484375 0.37890625 0.14892578125 0.40673828125 0.154296875 0.42822265625 0.1533203125 0.4326171875 0.15869140625 0.44384765625 0.15234375 0.45166015625 0.1533203125 0.455078125 0.14892578125 0.44970703125 0.1416015625
0 0.06103515625 0.1455078125 0.03515625 0.14794921875 0.052734375 0.15478515625 0.06103515625 0.1455078125
0 0 0.16455078125 0.009765625 0.16650390625 0.013671875 0.16552734375 0.01611328125 0.1552734375 0.02734375 0.15380859375 0.02587890625 0.1474609375 0 0.14697265625 0 0.16455078125