1 0.90234375 0.8046875 0.1953125 0.1865234375
1 0.73046875 0.728515625 0.1884765625 0.146484375
1 0.6572265625 0.546875 0.1474609375 0.09375
1 0.5390625 0.658203125 0.09765625 0.126953125
1 0.0458984375 0.46484375 0.091796875 0.091796875
1 0.4697265625 0.357421875 0.0712890625 0.044921875
1 0.43359375 0.48828125 0.095703125 0.064453125
1 0.5947265625 0.419921875 0.1591796875 0.1083984375
1 0.7294921875 0.34375 0.1123046875 0.041015625
1 0.626953125 0.681640625 0.1474609375 0.166015625
1 0.3076171875 0.30859375 0.0380859375 0.0419921875
1 0.65234375 0.29296875 0.0712890625 0.0390625
1 0.353515625 0.302734375 0.0673828125 0.0361328125
1 0.255859375 0.3115234375 0.0380859375 0.0390625
1 0.4609375 0.626953125 0.1005859375 0.1044921875
1 0.8984375 0.4619140625 0.0927734375 0.0595703125
1 0.7734375 0.4296875 0.1171875 0.046875
1 0.162109375 0.46484375 0.1416015625 0.076171875
1 0.65234375 0.2939453125 0.0712890625 0.041015625
1 0.931640625 0.349609375 0.1142578125 0.0556640625
1 0.935546875 0.2939453125 0.099609375 0.05078125
1 0.7294921875 0.2958984375 0.041015625 0.0419921875
1 0.1943359375 0.2744140625 0.0576171875 0.03125
1 0.0400390625 0.306640625 0.080078125 0.04296875
1 0.146484375 0.361328125 0.0732421875 0.06640625
1 0.890625 0.599609375 0.134765625 0.07421875
1 0.9765625 0.46484375 0.046875 0.060546875
1 0.77734375 0.59765625 0.091796875 0.05859375
1 0.37109375 0.39453125 0.0625 0.0380859375
1 0.525390625 0.283203125 0.060546875 0.0400390625
1 0.4326171875 0.2939453125 0.08203125 0.060546875
1 0.2451171875 0.376953125 0.0732421875 0.05859375
1 0.35546875 0.248046875 0.0341796875 0.0546875
1 0.8779296875 0.529296875 0.162109375 0.072265625
1 0.13671875 0.2451171875 0.072265625 0.060546875
1 0.4150390625 0.587890625 0.0888671875 0.0546875
1 0.17578125 0.552734375 0.0693359375 0.0537109375
1 0.75 0.2548828125 0.04296875 0.02734375
0 0.28564453125 0.3369140625 0.2685546875 0.34716796875 0.27490234375 0.353515625 0.28515625 0.35302734375 0.30712890625 0.341796875 0.318359375 0.34130859375 0.31201171875 0.3369140625 0.28564453125 0.3369140625
0 0.193359375 0.45947265625 0.16845703125 0.462890625 0.126953125 0.47900390625 0.13330078125 0.484375 0.154296875 0.48388671875 0.16748046875 0.4765625 0.17431640625 0.4677734375 0.18212890625 0.4677734375 0.193359375 0.45947265625
0 0.00634765625 0.41015625 0.00537109375 0.4033203125 0.01708984375 0.396484375 0.02392578125 0.38671875 0.02783203125 0.388671875 0.033203125 0.38427734375 0.02685546875 0.37890625 0.00048828125 0.375 0 0.44189453125 0.005859375 0.44189453125 0.04541015625 0.4287109375 0.0498046875 0.41845703125 0.04443359375 0.4111328125 0.00634765625 0.41015625
0 0.26171875 0.34130859375 0.2607421875 0.33740234375 0.23779296875 0.3310546875 0.23193359375 0.32421875 0.20068359375 0.322265625 0.19189453125 0.333984375 0.1787109375 0.34130859375 0.1806640625 0.37353515625 0.197265625 0.37744140625 0.21923828125 0.3603515625 0.24853515625 0.3515625 0.25146484375 0.3447265625 0.26171875 0.34130859375
0 0.515625 0.43798828125 0.51171875 0.42041015625 0.49755859375 0.421875 0.49072265625 0.4111328125 0.47119140625 0.421875 0.46826171875 0.4189453125 0.45849609375 0.4208984375 0.45458984375 0.416015625 0.4521484375 0.42724609375 0.43505859375 0.4375 0.39697265625 0.439453125 0.380859375 0.45166015625 0.392578125 0.47509765625 0.39697265625 0.4794921875 0.40234375 0.47900390625 0.43798828125 0.455078125 0.46826171875 0.4619140625 0.51123046875 0.4423828125 0.515625 0.43798828125
0 0.19970703125 0.4130859375 0.15869140625 0.3994140625 0.15087890625 0.3896484375 0.11865234375 0.396484375 0.10107421875 0.4052734375 0.08935546875 0.4033203125 0.08251953125 0.3935546875 0.07470703125 0.3896484375 0.06640625 0.39599609375 0.0634765625 0.41748046875 0.06884765625 0.421875 0.08251953125 0.4228515625 0.08740234375 0.4287109375 0.11572265625 0.4365234375 0.14013671875 0.4267578125 0.166015625 0.43798828125 0.19384765625 0.4287109375 0.21630859375 0.4287109375 0.216796875 0.42431640625 0.19970703125 0.4130859375
0 0.53271484375 1 0.54736328125 0.990234375 0.55810546875 0.990234375 0.58056640625 1 0.59521484375 0.9892578125 0.60595703125 0.994140625 0.60888671875 1 1 0.99951171875 0.99951171875 0.9111328125 0.99658203125 0.9140625 0.98876953125 0.9111328125 0.97119140625 0.8955078125 0.93603515625 0.8798828125 0.86376953125 0.853515625 0.82275390625 0.8330078125 0.79833984375 0.828125 0.78076171875 0.81640625 0.75537109375 0.8125 0.70263671875 0.7861328125 0.67529296875 0.7802734375 0.67236328125 0.775390625 0.65478515625 0.767578125 0.64208984375 0.765625 0.63427734375 0.759765625 0.61181640625 0.763671875 0.58056640625 0.75 0.55419921875 0.7353515625 0.5517578125 0.72314453125 0.54443359375 0.7158203125 0.49462890625 0.6953125 0.48681640625 0.6806640625 0.47900390625 0.6865234375 0.47119140625 0.6865234375 0.44775390625 0.67578125 0.43603515625 0.6748046875 0.43212890625 0.666015625 0.4130859375 0.65771484375 0.412109375 0.63623046875 0.400390625 0.62744140625 0.3974609375 0.61376953125 0.37744140625 0.609375 0.3720703125 0.60205078125 0.376953125 0.58642578125 0.39208984375 0.5703125 0.42431640625 0.5673828125 0.44287109375 0.5712890625 0.46240234375 0.5654296875 0.4658203125 0.56103515625 0.466796875 0.53759765625 0.47119140625 0.5361328125 0.47900390625 0.58203125 0.54931640625 0.6005859375 0.55712890625 0.6005859375 0.56103515625 0.5947265625 0.56689453125 0.59375 0.58056640625 0.607421875 0.59814453125 0.615234375 0.61669921875 0.6083984375 0.64013671875 0.611328125 0.69580078125 0.6318359375 0.70556640625 0.654296875 0.77197265625 0.677734375 0.78173828125 0.677734375 0.83349609375 0.6982421875 0.8359375 0.70849609375 0.830078125 0.72607421875 0.7998046875 0.75341796875 0.80029296875 0.7724609375 0.82080078125 0.7744140625 0.8291015625 0.76611328125 0.857421875 0.71630859375 0.88232421875 0.7099609375 0.8857421875 0.71923828125 0.89697265625 0.728515625 0.97998046875 0.7578125 0.99267578125 0.7578125 0.99951171875 0.763671875 1 0.56201171875 0.94970703125 0.55078125 0.93505859375 0.5634765625 0.91259765625 0.5615234375 0.87548828125 0.548828125 0.86279296875 0.548828125 0.85888671875 0.5546875 0.85107421875 0.5546875 0.83056640625 0.5458984375 0.82470703125 0.5380859375 0.7919921875 0.52978515625 0.80126953125 0.517578125 0.81982421875 0.509765625 0.83642578125 0.5068359375 0.85107421875 0.4990234375 0.86669921875 0.4990234375 0.89013671875 0.5078125 0.89599609375 0.5146484375 0.92333984375 0.517578125 0.95263671875 0.53125 0.9560546875 0.54345703125 0.96337890625 0.5478515625 0.99951171875 0.5537109375 0.99951171875 0.494140625 0.96142578125 0.48828125 0.93408203125 0.4892578125 0.84765625 0.47119140625 0.86083984375 0.447265625 0.88818359375 0.4326171875 0.90673828125 0.4384765625 0.93505859375 0.4404296875 0.95458984375 0.4482421875 0.97216796875 0.4384765625 0.99951171875 0.443359375 0.99951171875 0.3740234375 0.98095703125 0.37890625 0.92626953125 0.373046875 0.89990234375 0.37890625 0.8935546875 0.37646484375 0.89013671875 0.3671875 0.88232421875 0.365234375 0.87353515625 0.376953125 0.86767578125 0.376953125 0.8642578125 0.37255859375 0.8681640625 0.36767578125 0.85595703125 0.3662109375 0.85498046875 0.3603515625 0.82373046875 0.3564453125 0.81103515625 0.3662109375 0.78076171875 0.3671875 0.77685546875 0.375 0.75732421875 0.37890625 0.66650390625 0.36328125 0.65576171875 0.353515625 0.64697265625 0.3525390625 0.646484375 0.35693359375 0.6572265625 0.36865234375 0.6630859375 0.38916015625 0.6611328125 0.41650390625 0.669921875 0.42919921875 0.671875 0.44091796875 0.66650390625 0.4599609375 0.64306640625 0.4736328125 0.62744140625 0.470703125 0.60205078125 0.45703125 0.57080078125 0.4560546875 0.5523611171875 0.4649057265625 0.546424724609375 0.463780154296875 0.49365234375 0.4833984375 0.48291015625 0.4931640625 0.43017578125 0.5146484375 0.41064453125 0.517578125 0.39208984375 0.5107421875 0.3876953125 0.52001953125 0.3935546875 0.53466796875 0.38916015625 0.5390625 0.37841796875 0.5400390625 0.3720703125 0.54833984375 0.3740234375 0.57275390625 0.36181640625 0.578125 0.34228515625 0.5966796875 0.31298828125 0.6044921875 0.3056640625 0.61279296875 0.3037109375 0.62255859375 0.29443359375 0.6259765625 0.28466796875 0.6240234375 0.27197265625 0.611328125 0.26611328125 0.619140625 0.25439453125 0.611328125 0.24267578125 0.6103515625 0.22802734375 0.6025390625 0.21875 0.58056640625 0.21630859375 0.5615234375 0.17041015625 0.578125 0.15869140625 0.578125 0.1376953125 0.57080078125 0.142578125 0.55224609375 0.15966796875 0.53125 0.16943359375 0.5302734375 0.20849609375 0.54296875 0.21533203125 0.541015625 0.22265625 0.52587890625 0.2177734375 0.51416015625 0.2177734375 0.50048828125 0.2255859375 0.49072265625 0.22412109375 0.4873046875 0.18505859375 0.501953125 0.17236328125 0.501953125 0.15869140625 0.4921875 0.13427734375 0.48828125 0.09326171875 0.5068359375 0.06982421875 0.5107421875 0.04345703125 0.5 0.01025390625 0.5078125 0.005859375 0.48681640625 0 0.48583984375 0 0.71435546875 0.02197265625 0.7060546875 0.04443359375 0.7041015625 0.06201171875 0.7119140625 0.07958984375 0.7373046875 0.09521484375 0.7373046875 0.09765625 0.74169921875 0.09423828125 0.7490234375 0.0849609375 0.75341796875 0.0869140625 0.77392578125 0.07373046875 0.7890625 0.04345703125 0.80078125 0 0.79931640625 0 0.94970703125 0.02001953125 0.9619140625 0.0361328125 0.98095703125 0.03076171875 0.9921875 0.02392578125 0.9951171875 0.01220703125 0.9931640625 0.01123046875 1 0.53271484375 1