1 0.19140625 0.7275390625 0.1865234375 0.1318359375
1 0.392578125 0.6484375 0.1689453125 0.1220703125
1 0.2470703125 0.6357421875 0.140625 0.1123046875
1 0.1875 0.51953125 0.10546875 0.083984375
1 0.349609375 0.431640625 0.2490234375 0.0771484375
1 0.3505859375 0.37109375 0.203125 0.060546875
1 0.3671875 0.328125 0.1640625 0.0498046875
1 0.4765625 0.587890625 0.173828125 0.1142578125
1 0.330078125 0.49609375 0.0751953125 0.0458984375
0 0.89404296875 0.2119140625 0.8876953125 0.20751953125 0.8916015625 0.19677734375 0.88818359375 0.1943359375 0.85986328125 0.1953125 0.85595703125 0.201171875 0.84521484375 0.2021484375 0.77392578125 0.193359375 0.7666015625 0.18896484375 0.76513671875 0.181640625 0.76220703125 0.1875 0.7490234375 0.18505859375 0.76513671875 0.1806640625 0.7685546875 0.17724609375 0.76708984375 0.171875 0.78466796875 0.1708984375 0.7890625 0.16552734375 0.78564453125 0.162109375 0.76123046875 0.1640625 0.75341796875 0.158203125 0.74951171875 0.1611328125 0.73388671875 0.154296875 0.72412109375 0.1572265625 0.71826171875 0.1533203125 0.70849609375 0.15625 0.70263671875 0.1630859375 0.69189453125 0.1640625 0.681640625 0.15673828125 0.68359375 0.15185546875 0.67919921875 0.1455078125 0.67138671875 0.150390625 0.65087890625 0.1494140625 0.64794921875 0.14453125 0.62548828125 0.1376953125 0.62353515625 0.1328125 0.62060546875 0.1376953125 0.61474609375 0.1337890625 0.61083984375 0.1416015625 0.58837890625 0.140625 0.57666015625 0.150390625 0.56884765625 0.146484375 0.56103515625 0.15234375 0.546875 0.15380859375 0.54541015625 0.17578125 0.55517578125 0.177734375 0.55810546875 0.169921875 0.56591796875 0.18359375 0.56640625 0.17333984375 0.57177734375 0.1728515625 0.57763671875 0.1865234375 0.59912109375 0.201171875 0.60498046875 0.193359375 0.609375 0.20751953125 0.62744140625 0.220703125 0.6298828125 0.18408203125 0.626953125 0.18017578125 0.6298828125 0.17236328125 0.65869140625 0.173828125 0.6591796875 0.23193359375 0.66650390625 0.2421875 0.69873046875 0.267578125 0.70361328125 0.2529296875 0.7060546875 0.27099609375 0.74560546875 0.302734375 0.74951171875 0.291015625 0.751953125 0.30322265625 0.75830078125 0.310546875 0.93408203125 0.419921875 0.951171875 0.33740234375 0.96923828125 0.3408203125 0.96826171875 0.34375 0.95751953125 0.3447265625 0.9521484375 0.35498046875 0.94140625 0.42236328125 0.95849609375 0.4345703125 1 0.45458984375 0.99951171875 0.23046875 0.97119140625 0.228515625 0.95263671875 0.2197265625 0.89404296875 0.2119140625
0 0.14453125 0.80615234375 0.13720703125 0.7685546875 0.12646484375 0.7685546875 0.130859375 0.77978515625 0.11865234375 0.7841796875 0.10986328125 0.78125 0.10791015625 0.7763671875 0.10302734375 0.77734375 0.0947265625 0.76025390625 0.091796875 0.74365234375 0.091796875 0.72119140625 0.12744140625 0.689453125 0.13427734375 0.6875 0.14697265625 0.671875 0.166015625 0.65966796875 0.14990234375 0.6591796875 0.142578125 0.65185546875 0.13671875 0.61572265625 0.140625 0.57666015625 0.1328125 0.50927734375 0.16943359375 0.4775390625 0.23974609375 0.4833984375 0.24462890625 0.4931640625 0.26318359375 0.4970703125 0.2685546875 0.46728515625 0.2724609375 0.46240234375 0.26513671875 0.45703125 0.26318359375 0.4609375 0.25537109375 0.4599609375 0.25146484375 0.4677734375 0.2509765625 0.45556640625 0.24755859375 0.4541015625 0.22705078125 0.4541015625 0.20654296875 0.4599609375 0.19775390625 0.4560546875 0.18896484375 0.4609375 0.17626953125 0.4599609375 0.15380859375 0.4716796875 0.14111328125 0.47265625 0.12451171875 0.4677734375 0.123046875 0.45849609375 0.13818359375 0.44140625 0.15380859375 0.4345703125 0.158203125 0.43603515625 0.1552734375 0.43310546875 0.1572265625 0.41357421875 0.1904296875 0.38818359375 0.18798828125 0.3798828125 0.20751953125 0.3779296875 0.23388671875 0.3662109375 0.24755859375 0.3681640625 0.2666015625 0.34326171875 0.283203125 0.32861328125 0.287109375 0.31884765625 0.2958984375 0.31298828125 0.29833984375 0.3037109375 0.31103515625 0.3076171875 0.31103515625 0.3037109375 0.3046875 0.30517578125 0.30615234375 0.2998046875 0.31591796875 0.3037109375 0.3232421875 0.30224609375 0.31884765625 0.296875 0.30615234375 0.2978515625 0.30224609375 0.287109375 0.2890625 0.28662109375 0.294921875 0.27880859375 0.2890625 0.27490234375 0.29638671875 0.2734375 0.2978515625 0.26708984375 0.30859375 0.26025390625 0.306640625 0.25146484375 0.318359375 0.23974609375 0.314453125 0.23583984375 0.318359375 0.21728515625 0.310546875 0.21435546875 0.3115234375 0.20751953125 0.30615234375 0.2041015625 0.29443359375 0.2060546875 0.29443359375 0.2138671875 0.28173828125 0.2158203125 0.27734375 0.21240234375 0.2802734375 0.20849609375 0.2705078125 0.20068359375 0.29052734375 0.1923828125 0.30322265625 0.1962890625 0.31005859375 0.203125 0.32177734375 0.19921875 0.33056640625 0.201171875 0.337890625 0.19677734375 0.3359375 0.19189453125 0.33984375 0.18505859375 0.33349609375 0.1767578125 0.3173828125 0.18115234375 0.31884765625 0.17578125 0.333984375 0.17529296875 0.32958984375 0.171875 0.27099609375 0.1728515625 0.2626953125 0.18115234375 0.27197265625 0.189453125 0.26708984375 0.1875 0.2421875 0.19287109375 0.25146484375 0.2001953125 0.2626953125 0.20068359375 0.26025390625 0.205078125 0.24755859375 0.205078125 0.24169921875 0.19921875 0.22998046875 0.1982421875 0.2333984375 0.19287109375 0.2255859375 0.18896484375 0.23193359375 0.185546875 0.25634765625 0.185546875 0.24609375 0.17822265625 0.25244140625 0.1728515625 0.21142578125 0.171875 0.17333984375 0.1787109375 0.14990234375 0.1787109375 0.1455078125 0.18115234375 0.14599609375 0.185546875 0.140625 0.18701171875 0.14208984375 0.1943359375 0.16943359375 0.1884765625 0.1669921875 0.19189453125 0.1708984375 0.19677734375 0.16552734375 0.2021484375 0.14306640625 0.205078125 0.13818359375 0.19921875 0.12744140625 0.20703125 0.09326171875 0.2109375 0.08349609375 0.20703125 0.07275390625 0.208984375 0.0732421875 0.20458984375 0.0654296875 0.20068359375 0.0859375 0.18798828125 0.087890625 0.18017578125 0.08447265625 0.17578125 0.06103515625 0.1728515625 0.02392578125 0.177734375 0.00048828125 0.1708984375 0 0.82177734375 0.00634765625 0.814453125 0.02783203125 0.810546875 0.0283203125 0.80029296875 0.03564453125 0.7919921875 0.05615234375 0.7900390625 0.06884765625 0.783203125 0.09619140625 0.7822265625 0.1044921875 0.79248046875 0.10400390625 0.796875 0.12060546875 0.798828125 0.12451171875 0.8046875 0.15380859375 0.8134765625 0.15673828125 0.8212890625 0.16162109375 0.8173828125 0.17431640625 0.8203125 0.185546875 0.82861328125 0.19189453125 0.81640625 0.17236328125 0.8134765625 0.16943359375 0.806640625 0.14453125 0.80615234375
0 1 0.57470703125 0.96826171875 0.5498046875 0.95751953125 0.5458984375 0.95263671875 0.537109375 0.94189453125 0.533203125 0.93701171875 0.525390625 0.90673828125 0.5009765625 0.87841796875 0.4833984375 0.79541015625 0.412109375 0.76318359375 0.3876953125 0.75341796875 0.384765625 0.74951171875 0.3759765625 0.73681640625 0.376953125 0.72607421875 0.37109375 0.71826171875 0.3583984375 0.7099609375 0.35693359375 0.7119140625 0.35302734375 0.70263671875 0.3427734375 0.68701171875 0.328125 0.67529296875 0.32421875 0.67138671875 0.314453125 0.65966796875 0.3134765625 0.642578125 0.29638671875 0.640625 0.28662109375 0.61669921875 0.2666015625 0.60107421875 0.2646484375 0.58447265625 0.287109375 0.57373046875 0.2890625 0.55712890625 0.279296875 0.548828125 0.27099609375 0.5478515625 0.25830078125 0.5498046875 0.24951171875 0.55859375 0.23876953125 0.5458984375 0.22216796875 0.533203125 0.21435546875 0.52978515625 0.205078125 0.51806640625 0.2021484375 0.5146484375 0.19482421875 0.48974609375 0.1728515625 0.46826171875 0.1796875 0.44677734375 0.1796875 0.43994140625 0.17578125 0.4384765625 0.16748046875 0.455078125 0.15478515625 0.44482421875 0.1416015625 0.43798828125 0.140625 0.43212890625 0.1484375 0.42822265625 0.1455078125 0.43115234375 0.1533203125 0.40869140625 0.1572265625 0.4072265625 0.16259765625 0.41015625 0.16455078125 0.40380859375 0.1640625 0.38525390625 0.18359375 0.36083984375 0.1826171875 0.34033203125 0.1865234375 0.3388671875 0.18994140625 0.34814453125 0.1982421875 0.37548828125 0.1953125 0.39306640625 0.19921875 0.41943359375 0.197265625 0.43896484375 0.201171875 0.443359375 0.20751953125 0.4453125 0.22021484375 0.43896484375 0.232421875 0.40966796875 0.2353515625 0.40380859375 0.248046875 0.38818359375 0.2509765625 0.38427734375 0.2578125 0.37353515625 0.263671875 0.35400390625 0.2666015625 0.34765625 0.27294921875 0.34765625 0.28564453125 0.328125 0.30029296875 0.33251953125 0.3046875 0.34228515625 0.3056640625 0.34521484375 0.296875 0.37646484375 0.294921875 0.3828125 0.29931640625 0.37841796875 0.302734375 0.39404296875 0.3076171875 0.4443359375 0.31591796875 0.4521484375 0.33740234375 0.453125 0.38916015625 0.46875 0.40869140625 0.4755859375 0.43798828125 0.4765625 0.46337890625 0.49658203125 0.47265625 0.5146484375 0.48876953125 0.5205078125 0.51416015625 0.515625 0.54931640625 0.53955078125 0.564453125 0.54541015625 0.5732421875 0.5634765625 0.58154296875 0.5615234375 0.64013671875 0.55615234375 0.646484375 0.54736328125 0.6416015625 0.50244140625 0.63671875 0.49853515625 0.6318359375 0.48681640625 0.634765625 0.4775390625 0.65966796875 0.4677734375 0.71630859375 0.43505859375 0.7138671875 0.43310546875 0.7177734375 0.42333984375 0.71875 0.41943359375 0.712890625 0.4091796875 0.71533203125 0.40869140625 0.71875 0.4287109375 0.72998046875 0.4296875 0.73779296875 0.412109375 0.76806640625 0.4091796875 0.79638671875 0.40380859375 0.8046875 0.38037109375 0.818359375 0.37353515625 0.828125 0.34228515625 0.84375 0.29248046875 0.8544921875 0.27490234375 0.853515625 0.26318359375 0.845703125 0.23193359375 0.8359375 0.22021484375 0.837890625 0.2158203125 0.84716796875 0.216796875 0.85498046875 0.2333984375 0.87841796875 0.2353515625 0.89111328125 0.2333984375 0.91455078125 0.2265625 0.92626953125 0.2255859375 0.94677734375 0.18115234375 0.9833984375 0.17138671875 0.9873046875 0.1650390625 0.99951171875 1 0.99951171875 1 0.57470703125
0 0.31494140625 0.5556640625 0.28955078125 0.5546875 0.28955078125 0.5517578125 0.32275390625 0.552734375 0.38818359375 0.564453125 0.4072265625 0.54150390625 0.39306640625 0.5390625 0.38525390625 0.5322265625 0.36474609375 0.525390625 0.27978515625 0.5234375 0.271484375 0.54248046875 0.27490234375 0.5458984375 0.28271484375 0.544921875 0.2841796875 0.55322265625 0.271484375 0.57275390625 0.2705078125 0.59228515625 0.3212890625 0.59912109375 0.32958984375 0.59375 0.37841796875 0.5966796875 0.3818359375 0.56982421875 0.31494140625 0.5556640625
0 1 0.57177734375 0.96533203125 0.546875 0.95361328125 0.533203125 0.86279296875 0.4677734375 0.74951171875 0.3740234375 0.72412109375 0.36328125 0.71826171875 0.3525390625 0.67529296875 0.3203125 0.67041015625 0.3125 0.65283203125 0.3037109375 0.6416015625 0.28564453125 0.60791015625 0.255859375 0.603515625 0.25732421875 0.6025390625 0.26416015625 0.5966796875 0.26708984375 0.5927734375 0.27880859375 0.58740234375 0.283203125 0.56591796875 0.283203125 0.55712890625 0.27734375 0.548828125 0.27001953125 0.5478515625 0.25634765625 0.55078125 0.24365234375 0.55859375 0.23974609375 0.546875 0.22216796875 0.48974609375 0.1708984375 0.47216796875 0.1806640625 0.44482421875 0.1806640625 0.4365234375 0.17333984375 0.4365234375 0.16552734375 0.4453125 0.16064453125 0.44287109375 0.1572265625 0.462890625 0.15283203125 0.42431640625 0.1220703125 0.4208984375 0.12353515625 0.4208984375 0.13037109375 0.43115234375 0.140625 0.4365234375 0.14111328125 0.431640625 0.14501953125 0.4365234375 0.14892578125 0.435546875 0.15283203125 0.41552734375 0.1572265625 0.421875 0.16455078125 0.421875 0.17236328125 0.41259765625 0.173828125 0.40869140625 0.1689453125 0.40087890625 0.169921875 0.3916015625 0.17626953125 0.38916015625 0.189453125 0.37060546875 0.18359375 0.33740234375 0.181640625 0.33251953125 0.1728515625 0.3271484375 0.17333984375 0.3291015625 0.18212890625 0.32275390625 0.189453125 0.31591796875 0.1884765625 0.31494140625 0.1845703125 0.30810546875 0.1884765625 0.29833984375 0.1845703125 0.29443359375 0.19140625 0.27734375 0.18896484375 0.29052734375 0.1865234375 0.29736328125 0.1787109375 0.32177734375 0.1787109375 0.3232421875 0.17333984375 0.25146484375 0.173828125 0.24853515625 0.177734375 0.279296875 0.18017578125 0.27587890625 0.18359375 0.25439453125 0.1845703125 0.24560546875 0.18359375 0.23779296875 0.1728515625 0.18798828125 0.1728515625 0.16552734375 0.1787109375 0.14208984375 0.1796875 0.138671875 0.18505859375 0.14892578125 0.1884765625 0.16943359375 0.1865234375 0.17236328125 0.1943359375 0.1787109375 0.19287109375 0.173828125 0.18896484375 0.17626953125 0.1875 0.19287109375 0.1875 0.2021484375 0.19677734375 0.203125 0.20458984375 0.19677734375 0.208984375 0.18896484375 0.2041015625 0.17724609375 0.205078125 0.177734375 0.19970703125 0.17431640625 0.19921875 0.15087890625 0.20703125 0.13330078125 0.203125 0.12548828125 0.208984375 0.09423828125 0.2138671875 0.08642578125 0.2119140625 0.08056640625 0.205078125 0.07177734375 0.20703125 0.072265625 0.20068359375 0.064453125 0.19775390625 0.0771484375 0.19287109375 0.07275390625 0.1884765625 0.08837890625 0.185546875 0.08642578125 0.181640625 0.060546875 0.18115234375 0.08642578125 0.1806640625 0.08935546875 0.17578125 0.06201171875 0.1728515625 0.02294921875 0.177734375 0.00048828125 0.1708984375 0 0.18701171875 0.0048828125 0.18896484375 0 0.19091796875 0 0.21044921875 0.0068359375 0.21240234375 0 0.22021484375 0 0.83251953125 0.00830078125 0.8154296875 0.03369140625 0.8134765625 0.0302734375 0.80029296875 0.04443359375 0.796875 0.04443359375 0.7919921875 0.06396484375 0.7890625 0.06982421875 0.7841796875 0.07568359375 0.787109375 0.09130859375 0.7841796875 0.09375 0.79736328125 0.10986328125 0.8056640625 0.13037109375 0.80859375 0.14990234375 0.822265625 0.16650390625 0.8203125 0.17626953125 0.8232421875 0.18017578125 0.830078125 0.20166015625 0.8369140625 0.2294921875 0.87060546875 0.2373046875 0.88623046875 0.2353515625 0.91650390625 0.2275390625 0.93408203125 0.23046875 0.94189453125 0.21826171875 0.962890625 0.20947265625 0.96484375 0.18505859375 0.984375 0.18408203125 0.9892578125 0.17724609375 0.98828125 0.16943359375 1 0.71142578125 1 0.71435546875 0.9970703125 0.72607421875 1 0.72998046875 0.9951171875 0.7421875 0.99951171875 0.75341796875 0.9912109375 0.76513671875 0.994140625 0.767578125 0.98876953125 0.75830078125 0.986328125 0.75732421875 0.982421875 0.7529296875 0.98583984375 0.75 0.95263671875 0.74560546875 0.955078125 0.74169921875 0.947265625 0.73779296875 0.9501953125 0.734375 0.93701171875 0.72900390625 0.9384765625 0.72607421875 0.931640625 0.72216796875 0.93359375 0.71875 0.92041015625 0.71435546875 0.921875 0.71142578125 0.916015625 0.70654296875 0.9169921875 0.705078125 0.91064453125 0.74169921875 0.908203125 0.74560546875 0.8935546875 0.7490234375 0.89501953125 0.74951171875 0.90234375 0.75 0.89501953125 0.755859375 0.89501953125 0.75732421875 0.9072265625 0.76025390625 0.8935546875 0.77685546875 0.890625 0.79736328125 0.892578125 0.80029296875 0.87890625 0.80419921875 0.8837890625 0.80712890625 0.8779296875 0.81591796875 0.8759765625 0.88330078125 0.876953125 0.88623046875 0.869140625 0.890625 0.87158203125 0.88818359375 0.8759765625 0.89794921875 0.876953125 0.89892578125 0.8720703125 0.8916015625 0.87158203125 0.8935546875 0.86474609375 0.89892578125 0.869140625 0.90283203125 0.861328125 0.9033203125 0.86767578125 0.90771484375 0.869140625 0.90869140625 0.8623046875 0.9169921875 0.86083984375 0.91455078125 0.85546875 0.91015625 0.85498046875 0.916015625 0.85302734375 0.91845703125 0.845703125 0.93408203125 0.84765625 0.9287109375 0.85205078125 0.9404296875 0.85498046875 0.9345703125 0.85888671875 0.9375 0.86279296875 0.9345703125 0.86669921875 0.94580078125 0.8701171875 0.94970703125 0.86328125 0.955078125 0.87060546875 0.951171875 0.87548828125 0.96044921875 0.8837890625 0.96728515625 0.87890625 0.966796875 0.88330078125 0.97265625 0.88623046875 0.97021484375 0.892578125 0.97705078125 0.8935546875 0.978515625 0.88623046875 0.98486328125 0.8857421875 0.982421875 0.89111328125 0.9873046875 0.89501953125 0.986328125 0.90673828125 0.98876953125 0.91015625 0.994140625 0.90869140625 0.994140625 0.89892578125 1 0.89404296875 1 0.57177734375
0 1 0.12060546875 0.96533203125 0.125 0.96875 0.13037109375 0.96240234375 0.134765625 0.95263671875 0.134765625 0.951171875 0.12548828125 0.94287109375 0.1220703125 0.89404296875 0.1240234375 0.89111328125 0.130859375 0.88720703125 0.1298828125 0.87841796875 0.1376953125 0.80908203125 0.1416015625 0.80859375 0.15185546875 0.80078125 0.15380859375 0.80322265625 0.1591796875 0.8388671875 0.16357421875 0.85009765625 0.1591796875 0.86669921875 0.162109375 0.89990234375 0.1591796875 0.9033203125 0.13720703125 0.90869140625 0.1318359375 0.91845703125 0.1328125 0.92138671875 0.1396484375 0.94091796875 0.1455078125 0.94580078125 0.15234375 0.95654296875 0.1455078125 0.96435546875 0.1513671875 0.97412109375 0.150390625 0.97705078125 0.14453125 0.98828125 0.14111328125 0.974609375 0.14013671875 0.970703125 0.13330078125 0.97705078125 0.126953125 0.9892578125 0.13232421875 0.99072265625 0.142578125 1 0.14208984375 1 0.12060546875
0 0.38037109375 0.1064453125 0.37109375 0.10498046875 0.3720703125 0.11083984375 0.36474609375 0.123046875 0.37744140625 0.1259765625 0.39306640625 0.1357421875 0.40478515625 0.134765625 0.4130859375 0.13916015625 0.4130859375 0.13427734375 0.39208984375 0.1103515625 0.38525390625 0.111328125 0.38037109375 0.1064453125
0 1 0.57470703125 0.98974609375 0.564453125 0.95947265625 0.5458984375 0.94873046875 0.533203125 0.90869140625 0.501953125 0.89892578125 0.4990234375 0.88623046875 0.4853515625 0.87841796875 0.4833984375 0.79248046875 0.4091796875 0.75830078125 0.3857421875 0.74951171875 0.375 0.74169921875 0.37109375 0.73779296875 0.373046875 0.72314453125 0.36328125 0.68798828125 0.3291015625 0.67626953125 0.3251953125 0.66845703125 0.3125 0.65966796875 0.3115234375 0.640625 0.28564453125 0.61376953125 0.2646484375 0.60791015625 0.255859375 0.60107421875 0.2548828125 0.6015625 0.26318359375 0.595703125 0.27099609375 0.58154296875 0.279296875 0.56787109375 0.2763671875 0.56494140625 0.2802734375 0.56298828125 0.275390625 0.55224609375 0.271484375 0.548828125 0.26806640625 0.548828125 0.25830078125 0.5556640625 0.24365234375 0.5615234375 0.23974609375 0.5595703125 0.23583984375 0.49267578125 0.17578125 0.48291015625 0.1708984375 0.47119140625 0.1787109375 0.44091796875 0.1748046875 0.439453125 0.16845703125 0.45166015625 0.1630859375 0.4619140625 0.15283203125 0.42822265625 0.12890625 0.423828125 0.13525390625 0.4345703125 0.14208984375 0.4248046875 0.14599609375 0.42578125 0.15283203125 0.41650390625 0.154296875 0.41357421875 0.1435546875 0.40283203125 0.1455078125 0.40625 0.15869140625 0.38525390625 0.177734375 0.34521484375 0.17578125 0.33251953125 0.1689453125 0.27001953125 0.1669921875 0.24560546875 0.171875 0.20751953125 0.169921875 0.16552734375 0.17578125 0.10791015625 0.177734375 0.09619140625 0.1826171875 0.08935546875 0.1728515625 0.08447265625 0.171875 0.01611328125 0.1748046875 0.00830078125 0.16796875 0 0.17041015625 0.00048828125 0.86328125 0.037109375 0.84521484375 0.02783203125 0.833984375 0.02001953125 0.833984375 0.00830078125 0.84375 0.00439453125 0.8427734375 0.001953125 0.83837890625 0.005859375 0.83642578125 0.0029296875 0.83251953125 0.005859375 0.82763671875 0.0029296875 0.82373046875 0.0068359375 0.81787109375 0.03466796875 0.8134765625 0.03173828125 0.7978515625 0.06982421875 0.7841796875 0.08154296875 0.787109375 0.09130859375 0.7841796875 0.09814453125 0.798828125 0.14013671875 0.8154296875 0.1435546875 0.82373046875 0.13330078125 0.822265625 0.12548828125 0.8271484375 0.09716796875 0.818359375 0.09130859375 0.83203125 0.07958984375 0.83203125 0.07373046875 0.837890625 0.06396484375 0.837890625 0.05517578125 0.84765625 0.10009765625 0.84375 0.12548828125 0.8291015625 0.15478515625 0.828125 0.16552734375 0.8212890625 0.19970703125 0.8369140625 0.232421875 0.87939453125 0.232421875 0.91455078125 0.2236328125 0.92626953125 0.224609375 0.94580078125 0.18798828125 0.97265625 0.18603515625 0.978515625 0.16552734375 0.98828125 0.16162109375 1 0.92431640625 1 0.92626953125 0.994140625 0.92919921875 1 0.93310546875 0.99609375 0.9384765625 0.99951171875 0.94189453125 0.9912109375 0.94580078125 0.9951171875 0.95361328125 0.9951171875 0.95751953125 0.9892578125 0.96826171875 0.994140625 0.97314453125 0.9892578125 0.97705078125 0.9931640625 0.98876953125 0.994140625 0.99267578125 0.9990234375 1 0.99462890625 1 0.98681640625 0.99658203125 0.990234375 0.99365234375 0.9853515625 0.98876953125 0.9853515625 0.98095703125 0.9912109375 0.97705078125 0.9873046875 0.96435546875 0.9912109375 0.96142578125 0.9873046875 0.92529296875 0.986328125 0.9248046875 0.97607421875 0.93798828125 0.98046875 0.93798828125 0.970703125 0.89404296875 0.970703125 0.8916015625 0.96826171875 0.89501953125 0.9580078125 0.90673828125 0.9677734375 0.91015625 0.95751953125 0.89111328125 0.9541015625 0.87939453125 0.9560546875 0.8779296875 0.94384765625 0.89111328125 0.94921875 0.8935546875 0.94189453125 0.87939453125 0.94140625 0.8759765625 0.93798828125 0.87890625 0.92626953125 0.87548828125 0.9228515625 0.86279296875 0.9248046875 0.84375 0.92138671875 0.84716796875 0.9140625 0.85888671875 0.919921875 0.86279296875 0.912109375 0.87451171875 0.919921875 0.87939453125 0.9111328125 0.89013671875 0.9169921875 0.89111328125 0.9072265625 0.88623046875 0.912109375 0.8759765625 0.90478515625 0.87939453125 0.892578125 0.88330078125 0.9013671875 0.8916015625 0.90380859375 0.89501953125 0.880859375 0.89892578125 0.88671875 0.9052734375 0.88720703125 0.90576171875 0.8994140625 0.91064453125 0.880859375 0.91455078125 0.8857421875 0.91943359375 0.884765625 0.92236328125 0.890625 0.92626953125 0.880859375 0.93017578125 0.8857421875 0.93603515625 0.8857421875 0.93798828125 0.9013671875 0.94189453125 0.8955078125 0.9462890625 0.90185546875 0.94970703125 0.8857421875 0.9501953125 0.89892578125 0.95361328125 0.90234375 0.95751953125 0.8955078125 0.96142578125 0.9013671875 0.96923828125 0.90234375 0.97314453125 0.8984375 0.97705078125 0.908203125 0.97998046875 0.900390625 0.984375 0.90283203125 0.9873046875 0.93798828125 0.9833984375 0.94580078125 0.98828125 0.94970703125 0.9833984375 0.96142578125 0.98876953125 0.9609375 0.990234375 0.96435546875 0.986328125 0.97607421875 0.99267578125 0.9833984375 0.99560546875 0.978515625 1 0.97900390625 1 0.97119140625 0.99658203125 0.974609375 0.994140625 0.97021484375 0.994140625 0.96533203125 1 0.96435546875 1 0.57470703125