1 0.6806640625 0.5625 0.1162109375 0.1220703125
1 0.5361328125 0.412109375 0.0947265625 0.0810546875
1 0.6435546875 0.42578125 0.1015625 0.1298828125
1 0.322265625 0.474609375 0.1328125 0.10546875
1 0.484375 0.5107421875 0.1220703125 0.107421875
1 0.404296875 0.40234375 0.1025390625 0.087890625
1 0.439453125 0.296875 0.1337890625 0.099609375
1 0.8408203125 0.01953125 0.0498046875 0.0380859375
1 0.1953125 0.5341796875 0.1376953125 0.1005859375
1 0.1591796875 0.4296875 0.1787109375 0.107421875
1 0.05078125 0.578125 0.1015625 0.1171875
1 0.603515625 0.505859375 0.076171875 0.076171875
0 0.37353515625 0.314453125 0.36181640625 0.3251953125 0.35009765625 0.3251953125 0.3515625 0.32958984375 0.34619140625 0.33203125 0.3427734375 0.32373046875 0.33056640625 0.31640625 0.31884765625 0.30078125 0.3125 0.31103515625 0.310546875 0.32373046875 0.3134765625 0.36376953125 0.32568359375 0.3671875 0.34130859375 0.3525390625 0.35791015625 0.3515625 0.365234375 0.35693359375 0.369140625 0.37158203125 0.3740234375 0.37451171875 0.41748046875 0.3623046875 0.421875 0.35693359375 0.37939453125 0.326171875 0.37353515625 0.314453125
0 0.23291015625 0.23046875 0.22021484375 0.232421875 0.21630859375 0.2197265625 0.19482421875 0.216796875 0.19189453125 0.212890625 0.17333984375 0.2138671875 0.16650390625 0.208984375 0.1162109375 0.21923828125 0.1572265625 0.25244140625 0.1640625 0.28271484375 0.15869140625 0.2919921875 0.15283203125 0.291015625 0.14794921875 0.294921875 0.15771484375 0.30078125 0.16650390625 0.296875 0.16845703125 0.2763671875 0.17626953125 0.298828125 0.19091796875 0.294921875 0.22119140625 0.2978515625 0.2265625 0.31005859375 0.232421875 0.31298828125 0.2353515625 0.30224609375 0.2265625 0.26220703125 0.2353515625 0.24169921875 0.23291015625 0.23046875
0 1 0.69970703125 0.97265625 0.67236328125 0.9697265625 0.66357421875 0.986328125 0.63427734375 0.9873046875 0.59423828125 1 0.58056640625 0.876403408203125 0.574802322265625 0.825129779296875 0.55038703125 0.85198739453125 0.45028433984375 0.91913143359375 0.435635166015625 0.947209849609375 0.47714116015625 0.95087225 0.572360791015625 0.996041876953125 0.574802322265625 0.99951171875 0.0517578125 0.94970703125 0.0537109375 0.93798828125 0.0458984375 0.91845703125 0.0419921875 0.89208984375 0.0390625 0.87060546875 0.044921875 0.86279296875 0.0439453125 0.85693359375 0.0380859375 0.81005859375 0.03125 0.75634765625 0.0419921875 0.74755859375 0.0498046875 0.73095703125 0.0556640625 0.72607421875 0.052734375 0.72216796875 0.0556640625 0.71875 0.04736328125 0.71435546875 0.046875 0.71435546875 0.09375 0.71044921875 0.0810546875 0.70166015625 0.0810546875 0.68505859375 0.08984375 0.6591796875 0.08349609375 0.65966796875 0.0625 0.68212890625 0.0546875 0.70458984375 0.0595703125 0.70703125 0.03955078125 0.69287109375 0.033203125 0.66650390625 0.0341796875 0.6572265625 0.02783203125 0.65625 0.01220703125 0.64990234375 0.0107421875 0.6357421875 0.01806640625 0.62890625 0.03564453125 0.62255859375 0.041015625 0.54833984375 0.0458984375 0.53369140625 0.04296875 0.50537109375 0.013671875 0.47412109375 0.0185546875 0.43017578125 0.0126953125 0.40966796875 0.00390625 0.39111328125 0.0048828125 0.35009765625 0.017578125 0.33251953125 0.0166015625 0.32275390625 0.0224609375 0.28369140625 0.0185546875 0.26611328125 0.0283203125 0.22021484375 0.03125 0.19482421875 0.0400390625 0.14111328125 0.0302734375 0.12158203125 0.0078125 0.11474609375 0.0048828125 0.11083984375 0.0126953125 0.10205078125 0.0126953125 0.09033203125 0.0224609375 0.06396484375 0.0244140625 0.04052734375 0.0205078125 0.0361328125 0.00830078125 0.02001953125 0 0 0.00146484375 0 0.10107421875 0.0341796875 0.10205078125 0.0419921875 0.11083984375 0.046875 0.14990234375 0.05126953125 0.1552734375 0.0673828125 0.15380859375 0.06640625 0.12646484375 0.0751953125 0.11669921875 0.078125 0.10205078125 0.0849609375 0.09423828125 0.09423828125 0.0859375 0.11474609375 0.083984375 0.16455078125 0.1083984375 0.17919921875 0.1083984375 0.19580078125 0.115234375 0.21533203125 0.1142578125 0.25146484375 0.146484375 0.27880859375 0.146484375 0.29833984375 0.177734375 0.31884765625 0.1787109375 0.3212890625 0.17138671875 0.32568359375 0.169921875 0.3271484375 0.18408203125 0.3388671875 0.19677734375 0.3447265625 0.21337890625 0.345703125 0.23193359375 0.35791015625 0.2353515625 0.3701171875 0.24560546875 0.37744140625 0.267578125 0.39208984375 0.2666015625 0.41650390625 0.251953125 0.42822265625 0.2509765625 0.43505859375 0.267578125 0.45166015625 0.26171875 0.45947265625 0.2705078125 0.47998046875 0.2724609375 0.49462890625 0.2666015625 0.50146484375 0.2734375 0.52099609375 0.2783203125 0.533203125 0.29443359375 0.505859375 0.30908203125 0.5048828125 0.32666015625 0.49755859375 0.33984375 0.47998046875 0.3447265625 0.46728515625 0.3583984375 0.447265625 0.36865234375 0.447265625 0.37744140625 0.45556640625 0.3876953125 0.49072265625 0.375 0.51123046875 0.3740234375 0.51806640625 0.3681640625 0.54443359375 0.3642578125 0.56884765625 0.3701171875 0.576171875 0.37744140625 0.58251953125 0.3935546875 0.60498046875 0.400390625 0.63037109375 0.3818359375 0.64697265625 0.3623046875 0.65771484375 0.361328125 0.65625 0.35009765625 0.64697265625 0.3427734375 0.61279296875 0.3369140625 0.57080078125 0.3369140625 0.54150390625 0.330078125 0.5341796875 0.28857421875 0.54296875 0.24560546875 0.55712890625 0.224609375 0.58544921875 0.2119140625 0.60888671875 0.220703125 0.63525390625 0.1904296875 0.64794921875 0.189453125 0.65869140625 0.1943359375 0.6875 0.24462890625 0.6845703125 0.27978515625 0.669921875 0.31005859375 0.6630859375 0.31494140625 0.6640625 0.32177734375 0.68798828125 0.3291015625 0.69580078125 0.341796875 0.71728515625 0.3310546875 0.75732421875 0.33984375 0.78271484375 0.3583984375 0.7939453125 0.37646484375 0.7939453125 0.39892578125 0.7861328125 0.42333984375 0.75732421875 0.4443359375 0.74072265625 0.4501953125 0.71630859375 0.4521484375 0.7109375 0.47021484375 0.693359375 0.50244140625 0.70556640625 0.5107421875 0.74609375 0.52197265625 0.7490234375 0.56103515625 0.76513671875 0.5693359375 0.767578125 0.57568359375 0.7646484375 0.59228515625 0.7568359375 0.60107421875 0.7568359375 0.61181640625 0.77734375 0.64404296875 0.7822265625 0.67138671875 0.79638671875 0.6748046875 0.80078125 0.68701171875 0.7998046875 0.69482421875 0.79443359375 0.7001953125 0.68212890625 0.6875 0.677734375 0.68994140625 0.67578125 0.70263671875 0.67138671875 0.7060546875 0.63720703125 0.7177734375 0.60986328125 0.7197265625 0.56884765625 0.6904296875 0.55517578125 0.6865234375 0.53466796875 0.6875 0.52783203125 0.673828125 0.50244140625 0.6728515625 0.48974609375 0.6875 0.47509765625 0.6962890625 0.46630859375 0.6962890625 0.43994140625 0.681640625 0.43310546875 0.6875 0.42431640625 0.6875 0.41162109375 0.6728515625 0.37158203125 0.6767578125 0.36181640625 0.6728515625 0.35791015625 0.6650390625 0.3447265625 0.65966796875 0.3447265625 0.65185546875 0.3603515625 0.63720703125 0.359375 0.61865234375 0.30126953125 0.6064453125 0.296875 0.59716796875 0.2998046875 0.57666015625 0.2890625 0.55810546875 0.287109375 0.54736328125 0.28271484375 0.544921875 0.26318359375 0.548828125 0.25732421875 0.5615234375 0.2197265625 0.57666015625 0.2177734375 0.58056640625 0.232421875 0.59326171875 0.23828125 0.61669921875 0.22998046875 0.6396484375 0.21240234375 0.6376953125 0.2041015625 0.62939453125 0.201171875 0.61376953125 0.193359375 0.60791015625 0.19091796875 0.595703125 0.18603515625 0.6015625 0.17041015625 0.607421875 0.1572265625 0.60107421875 0.1240234375 0.51806640625 0.1015625 0.50244140625 0.103515625 0.49853515625 0.0947265625 0.48583984375 0.087890625 0.45849609375 0.0673828125 0.42041015625 0.08056640625 0.408203125 0.12744140625 0.392578125 0.14892578125 0.3896484375 0.15673828125 0.3759765625 0.16650390625 0.376953125 0.17236328125 0.384765625 0.18115234375 0.384765625 0.2119140625 0.37255859375 0.20458984375 0.36328125 0.1796875 0.35302734375 0.15771484375 0.3134765625 0.13916015625 0.3134765625 0.1396484375 0.30126953125 0.13427734375 0.3017578125 0.125 0.29541015625 0.1240234375 0.28564453125 0.1171875 0.27685546875 0.1083984375 0.25146484375 0.109375 0.23193359375 0.09912109375 0.2236328125 0.07470703125 0.2158203125 0.06494140625 0.2080078125 0.05322265625 0.20703125 0.04833984375 0.20703125 0.03955078125 0.2177734375 0.02099609375 0.2177734375 0.01611328125 0.212890625 0.00146484375 0.216796875 0 0.33935546875 0.009765625 0.35986328125 0.009765625 0.37255859375 0 0.37646484375 0 0.51708984375 0.087890625 0.51806640625 0.0908203125 0.53759765625 0.0791015625 0.54931640625 0.0791015625 0.55419921875 0.0986328125 0.59619140625 0.0966796875 0.60986328125 0.1083984375 0.64306640625 0.10595703125 0.6484375 0.09130859375 0.62890625 0.078125 0.63623046875 0.0751953125 0.64404296875 0.083984375 0.65478515625 0.083984375 0.67822265625 0.0751953125 0.70166015625 0.05908203125 0.71875 0.03564453125 0.7216796875 0.0283203125 0.73779296875 0 0.75732421875 0 0.94970703125 0.01318359375 0.9619140625 0.02001953125 0.962890625 0.0341796875 0.97900390625 0.033203125 0.98876953125 0.02392578125 0.994140625 0.01513671875 0.9921875 0.01220703125 0.9873046875 0.01025390625 1 1 0.99951171875 1 0.69970703125
0 0.32177734375 0.4375 0.32958984375 0.4384765625 0.345703125 0.43115234375 0.32568359375 0.412109375 0.31005859375 0.4130859375 0.28857421875 0.408203125 0.26708984375 0.41015625 0.26220703125 0.4072265625 0.25927734375 0.416015625 0.25 0.41845703125 0.25 0.43017578125 0.244140625 0.43505859375 0.2490234375 0.45068359375 0.255859375 0.45556640625 0.29345703125 0.4423828125 0.31103515625 0.4384765625 0.31884765625 0.44140625 0.32177734375 0.4375
0 0.34375 0.57666015625 0.3388671875 0.59228515625 0.3544921875 0.59521484375 0.3701171875 0.57080078125 0.3896484375 0.55517578125 0.38330078125 0.5400390625 0.34375 0.57666015625