1 0.68359375 0.6328125 0.154296875 0.1318359375
1 0.455078125 0.84375 0.21875 0.171875
1 0.85546875 0.6025390625 0.173828125 0.0966796875
1 0.134765625 0.5 0.1240234375 0.064453125
1 0.458984375 0.69140625 0.2041015625 0.1357421875
1 0.0234375 0.357421875 0.0361328125 0.03125
1 0.529296875 0.4375 0.0771484375 0.0419921875
1 0.6044921875 0.65625 0.0517578125 0.0849609375
1 0.0537109375 0.43359375 0.080078125 0.052734375
1 0.119140625 0.423828125 0.05078125 0.0439453125
1 0.3935546875 0.6015625 0.1650390625 0.099609375
1 0.216796875 0.3984375 0.0498046875 0.044921875
1 0.6162109375 0.408203125 0.0634765625 0.0380859375
1 0.35546875 0.470703125 0.05859375 0.0546875
1 0.048828125 0.623046875 0.09765625 0.12109375
1 0.30859375 0.439453125 0.0576171875 0.0546875
1 0.9853515625 0.5673828125 0.029296875 0.064453125
1 0.0537109375 0.501953125 0.0791015625 0.064453125
1 0.935546875 0.443359375 0.1015625 0.0439453125
1 0.26953125 0.478515625 0.056640625 0.0546875
1 0.22265625 0.59765625 0.2197265625 0.1103515625
1 0.595703125 0.4794921875 0.072265625 0.0625
1 0.71875 0.533203125 0.12109375 0.072265625
1 0.1689453125 0.4296875 0.0390625 0.0517578125
0 0.5888671875 0.25732421875 0.59033203125 0.2509765625 0.58203125 0.25341796875 0.58447265625 0.2578125 0.5888671875 0.25732421875
0 0.41015625 0.27978515625 0.4130859375 0.27880859375 0.3994140625 0.27099609375 0.39697265625 0.279296875 0.41015625 0.27978515625
0 0.4208984375 0.25927734375 0.42724609375 0.265625 0.439453125 0.26611328125 0.44140625 0.25927734375 0.43798828125 0.2548828125 0.421875 0.25537109375 0.4208984375 0.25927734375
0 0.4150390625 0.28076171875 0.41650390625 0.28515625 0.4404296875 0.29345703125 0.443359375 0.27490234375 0.43994140625 0.2666015625 0.43603515625 0.2734375 0.4150390625 0.28076171875
0 0.5634765625 0.59228515625 0.54931640625 0.5849609375 0.53857421875 0.5712890625 0.52587890625 0.572265625 0.51025390625 0.5849609375 0.50634765625 0.57421875 0.5029296875 0.59521484375 0.48193359375 0.6044921875 0.47607421875 0.6171875 0.4609375 0.62451171875 0.47998046875 0.638671875 0.4951171875 0.64013671875 0.53173828125 0.625 0.54248046875 0.6162109375 0.56103515625 0.611328125 0.5634765625 0.59228515625
0 0.11865234375 0.564453125 0.11083984375 0.5634765625 0.10400390625 0.5556640625 0.09619140625 0.5537109375 0.06298828125 0.5576171875 0.05224609375 0.5517578125 0.02392578125 0.5517578125 0.0146484375 0.54541015625 0.01318359375 0.5361328125 0 0.53662109375 0.00048828125 0.57421875 0.03076171875 0.5703125 0.06201171875 0.595703125 0.09033203125 0.6083984375 0.0986328125 0.60791015625 0.11474609375 0.6025390625 0.1171875 0.58935546875 0.126953125 0.58154296875 0.11865234375 0.564453125
0 0.50634765625 0.5732421875 0.51025390625 0.56640625 0.52685546875 0.5615234375 0.5185546875 0.52587890625 0.51318359375 0.5205078125 0.48193359375 0.5302734375 0.46044921875 0.5146484375 0.45556640625 0.5146484375 0.45068359375 0.5029296875 0.42333984375 0.51171875 0.416015625 0.52197265625 0.423828125 0.54248046875 0.44384765625 0.556640625 0.45947265625 0.576171875 0.4677734375 0.57666015625 0.48388671875 0.572265625 0.49462890625 0.576171875 0.50146484375 0.568359375 0.50634765625 0.5732421875
0 0.09130859375 0.3203125 0.09814453125 0.3134765625 0.11376953125 0.3125 0.11962890625 0.3056640625 0.15673828125 0.3017578125 0.1611328125 0.29833984375 0.1591796875 0.29052734375 0.12158203125 0.283203125 0.12060546875 0.298828125 0.09130859375 0.298828125 0.09033203125 0.2861328125 0.07470703125 0.2890625 0.05908203125 0.2724609375 0.04833984375 0.2744140625 0.02978515625 0.2880859375 0.00048828125 0.2890625 0.0009765625 0.34619140625 0.03759765625 0.33984375 0.0390625 0.32763671875 0.04345703125 0.32421875 0.09130859375 0.3203125
0 1 0.32275390625 0.99951171875 0.2392578125 0.98486328125 0.240234375 0.97998046875 0.2470703125 0.97216796875 0.248046875 0.96923828125 0.2431640625 0.96533203125 0.2470703125 0.96337890625 0.2431640625 0.95166015625 0.2421875 0.93798828125 0.24609375 0.92724609375 0.23828125 0.9228515625 0.25146484375 0.91455078125 0.25390625 0.90576171875 0.25390625 0.89892578125 0.2490234375 0.85693359375 0.2529296875 0.85107421875 0.2470703125 0.84521484375 0.2470703125 0.84423828125 0.251953125 0.83544921875 0.251953125 0.82861328125 0.24609375 0.81591796875 0.24609375 0.81201171875 0.2529296875 0.80224609375 0.2568359375 0.79736328125 0.2568359375 0.78955078125 0.2490234375 0.7783203125 0.25341796875 0.78662109375 0.263671875 0.80029296875 0.26171875 0.81591796875 0.265625 0.82763671875 0.2578125 0.84033203125 0.255859375 0.85107421875 0.263671875 0.86669921875 0.265625 0.875 0.27490234375 0.876953125 0.29150390625 0.89404296875 0.3056640625 0.92138671875 0.3125 0.94873046875 0.310546875 0.9541015625 0.31396484375 0.95849609375 0.3251953125 0.970703125 0.32861328125 0.98095703125 0.326171875 0.98486328125 0.3193359375 0.98876953125 0.3232421875 1 0.32275390625
0 1 0.59521484375 0.97802734375 0.5908203125 0.95849609375 0.5927734375 0.943359375 0.58447265625 0.943359375 0.56591796875 0.95751953125 0.5517578125 0.9755859375 0.54541015625 0.96533203125 0.533203125 0.94580078125 0.5400390625 0.92626953125 0.5380859375 0.92529296875 0.5498046875 0.91357421875 0.5498046875 0.90576171875 0.5634765625 0.8935546875 0.56787109375 0.8974609375 0.57666015625 0.90625 0.58056640625 0.9091796875 0.59326171875 0.927734375 0.60888671875 0.9423828125 0.63623046875 0.92578125 0.65087890625 0.92578125 0.67041015625 0.87939453125 0.6953125 0.87451171875 0.703125 0.85498046875 0.7099609375 0.82275390625 0.7119140625 0.80712890625 0.7197265625 0.78369140625 0.71875 0.75732421875 0.693359375 0.75341796875 0.6953125 0.7490234375 0.68701171875 0.74560546875 0.6591796875 0.72216796875 0.666015625 0.71728515625 0.671875 0.69873046875 0.6748046875 0.67333984375 0.6875 0.63427734375 0.6875 0.62841796875 0.7001953125 0.62548828125 0.6904296875 0.609375 0.68603515625 0.60791015625 0.6748046875 0.59130859375 0.6728515625 0.58447265625 0.673828125 0.5830078125 0.67919921875 0.591796875 0.68701171875 0.5927734375 0.69384765625 0.57763671875 0.7041015625 0.56494140625 0.7041015625 0.55712890625 0.7265625 0.53662109375 0.7294921875 0.49462890625 0.7490234375 0.47021484375 0.7509765625 0.45166015625 0.7587890625 0.43896484375 0.759765625 0.4365234375 0.75341796875 0.41845703125 0.7373046875 0.40869140625 0.7333984375 0.37451171875 0.7060546875 0.361328125 0.70263671875 0.3544921875 0.67529296875 0.3447265625 0.66357421875 0.341796875 0.64990234375 0.31494140625 0.6396484375 0.30615234375 0.6142578125 0.16162109375 0.650390625 0.1572265625 0.65673828125 0.1572265625 0.67138671875 0.14892578125 0.673828125 0.1416015625 0.66943359375 0.13818359375 0.6591796875 0.125 0.65185546875 0.1083984375 0.61572265625 0.09814453125 0.6103515625 0.091796875 0.62353515625 0.09033203125 0.6650390625 0 0.68701171875 0 1 0.163455798828125 1 0.43081115234375 0.99718684375 0.599717107421875 0.995971728515625 0.60050244921875 0.999628373046875 1 0.99951171875 1 0.59521484375