1 0.7890625 0.583984375 0.16015625 0.134765625
1 0.8662109375 0.46484375 0.123046875 0.099609375
1 0.5224609375 0.505859375 0.154296875 0.123046875
1 0.3369140625 0.615234375 0.255859375 0.1953125
1 0.77734375 0.4267578125 0.13671875 0.08984375
1 0.4189453125 0.7763671875 0.31640625 0.271484375
1 0.609375 0.6396484375 0.263671875 0.224609375
1 0.1005859375 0.8095703125 0.109375 0.1484375
1 0.705078125 0.43359375 0.15625 0.130859375
1 0.908203125 0.2109375 0.083984375 0.072265625
1 0.9326171875 0.291015625 0.072265625 0.06640625
0 1 0.496215123046875 0.988424259765625 0.518580865234375 0.97355358984375 0.529141140625 0.914884630859375 0.526395396484375 0.904994474609375 0.52104252734375 0.90298473828125 0.499107017578125 0.89859726171875 0.495538232421875 0.87919055078125 0.504091259765625 0.8314504921875 0.4825318359375 0.809068650390625 0.482608298828125 0.79865943359375 0.492647646484375 0.797619443359375 0.5035784140625 0.794942076171875 0.49859666015625 0.788101021484375 0.49763064453125 0.78475540234375 0.502984755859375 0.786392779296875 0.518897279296875 0.81665628515625 0.515473955078125 0.82334752734375 0.50476573046875 0.828998779296875 0.5049882734375 0.8343547578125 0.5281875625 0.85889366015625 0.535249294921875 0.868486677734375 0.543725240234375 0.855028978515625 0.555995625 0.863655978515625 0.571312623046875 0.860905880859375 0.583656361328125 0.77986130078125 0.647165966796875 0.736881697265625 0.64181620703125 0.727215328125 0.64404786328125 0.718813978515625 0.656169056640625 0.702381150390625 0.659962873046875 0.68810600390625 0.6775127734375 0.64810401953125 0.70711113671875 0.63724908984375 0.721835099609375 0.6118206328125 0.743996265625 0.5645318828125 0.777313228515625 0.559476154296875 0.78408030859375 0.55888249609375 0.796944349609375 0.444899525390625 0.88536708203125 0.4344890625 0.88217065234375 0.364215486328125 0.82915978515625 0.312682234375 0.797785423828125 0.290820076171875 0.7890875546875 0.273937185546875 0.751240765625 0.316464859375 0.695096251953125 0.325461732421875 0.68996468359375 0.325981416015625 0.681190353515625 0.219866431640625 0.620672666015625 0.202169826171875 0.627812724609375 0.187669650390625 0.624542322265625 0.178816994140625 0.581787130859375 0.18379812890625 0.572491875 0.182012802734375 0.564758779296875 0.19777551171875 0.551447162109375 0.22402390234375 0.550478037109375 0.234211822265625 0.55932571875 0.239416119140625 0.550997099609375 0.24521594140625 0.54965810546875 0.258303771484375 0.5578362890625 0.265367369140625 0.55315105078125 0.279346619140625 0.5519600078125 0.30009108203125 0.535971021484375 0.31816066796875 0.541471837890625 0.31801271875 0.549651265625 0.323516021484375 0.55805323828125 0.36188560546875 0.565485462890625 0.365528365234375 0.5570082734375 0.3625519921875 0.5352959296875 0.365004951171875 0.526075267578125 0.381884109375 0.524214724609375 0.395044671875 0.515067416015625 0.41244413671875 0.51105043359375 0.411031791015625 0.51595821484375 0.417575705078125 0.520047306640625 0.432298423828125 0.51766645703125 0.4341571015625 0.514691951171875 0.430364529296875 0.511494900390625 0.4219619375 0.510380314453125 0.40969155078125 0.496922615234375 0.393703810546875 0.489413927734375 0.38448253125 0.48034308203125 0.37667173046875 0.446510787109375 0.372879154296875 0.44331373828125 0.379792939453125 0.42695426171875 0.389681853515625 0.419071353515625 0.381798322265625 0.40256455078125 0.387671498046875 0.390517951171875 0.41444019140625 0.387392388671875 0.441581244140625 0.390289814453125 0.435629123046875 0.35348301171875 0.44038646875 0.33660323046875 0.47050140625 0.334741443359375 0.482027697265625 0.342771056640625 0.486415794921875 0.352957732421875 0.483367935546875 0.36180665625 0.4931095234375 0.368721064453125 0.49891183203125 0.393853625 0.496904583984375 0.398389669921875 0.50486208984375 0.4108067578125 0.506574060546875 0.42924745703125 0.529773349609375 0.423891478515625 0.54434812109375 0.42969005859375 0.56501985546875 0.431026564453125 0.581975474609375 0.45154786328125 0.5944665390625 0.439500646484375 0.6220526796875 0.43109556640625 0.6209368515625 0.42626237890625 0.60911404296875 0.427973732421875 0.59967021484375 0.424554138671875 0.593645986328125 0.411690716796875 0.591339111328125 0.392878283203125 0.580704859375 0.382097328125 0.579142701171875 0.375330869140625 0.581446466796875 0.361053859375 0.6022661484375 0.354210939453125 0.6130471015625 0.343576689453125 0.617953638671875 0.3317532578125 0.613861439453125 0.305207728515625 0.6046389140625 0.282901103515625 0.598020404296875 0.276283837890625 0.60106826171875 0.267434912109375 0.60932104296875 0.2568752578125 0.63460155078125 0.242893521484375 0.6595861640625 0.245270638671875 0.667692240234375 0.25612619140625 0.674756458984375 0.258058841796875 0.70107882421875 0.253000005859375 0.719817283203125 0.25478284375 0.725022826171875 0.259690001953125 0.736399302734375 0.256045376953125 0.741006212890625 0.22087346875 0.7471025546875 0.2097935078125 0.769409177734375 0.200570982421875 0.77438906640625 0.178039947265625 0.79454049609375 0.18153289453125 0.801678689453125 0.179375833984375 0.803462771484375 0.173873150390625 0.798851509765625 0.162719837890625 0.7864325546875 0.150823677734375 0.7325980234375 0.160197880859375 0.716238548828125 0.153284095703125 0.708726751953125 0.136182392578125 0.684560828125 0.141761537109375 0.6819586796875 0.14592584375 0.68404114453125 0.150535865234375 0.677200712890625 0.15618773828125 0.693189697265625 0.176932201171875 0.689546935546875 0.185409390625 0.676089236328125 0.197679775390625 0.665530203125 0.196044884765625 0.65846660546875 0.20073012109375 0.646270193359375 0.183182708984375 0.632067779296875 0.1834071171875 0.628795509765625 0.178053626953125 0.62515212890625 0.179912927734375 0.61548513671875 0.1755266953125 0.607973341796875 0.1584249921875 0.53837548046875 0.174492923828125 0.50439523828125 0.190483150390625 0.47517296484375 0.196211486328125 0.470935302734375 0.204316939453125 0.4618632109375 0.200302443359375 0.44870265234375 0.209449751953125 0.409590841796875 0.21644310546875 0.40661695703125 0.22120231640625 0.385201751953125 0.22105561328125 0.375609978515625 0.2258154453125 0.3492869921875 0.22425639453125 0.3245267890625 0.236081689453125 0.300286267578125 0.239132658203125 0.301252283203125 0.23229160546875 0.315751837890625 0.228944119140625 0.314115703125 0.226267373046875 0.297906041015625 0.231027828125 0.297014623046875 0.240397056640625 0.286307642578125 0.24694159375 0.272328390625 0.248132640625 0.274412724609375 0.272596326171875 0.263780337890625 0.2816690390625 0.252701 0.282190587890625 0.245933919921875 0.277134859375 0.23990906640625 0.257653548828125 0.20897668359375 0.2647948515625 0.20064930859375 0.272826330078125 0.179532486328125 0.282792328125 0.178715041015625 0.28807184375 0.162505376953125 0.292832298828125 0.135216376953125 0.29811430078125 0.132167275390625 0.29372744921875 0.104803056640625 0.289863388671875 0 0.314059080078125 0 0.556967806640625 0.004446251953125 0.576226640625 0.021102869140625 0.580017349609375 0.041625412109375 0.576297505859375 0.057391228515625 0.596075333984375 0.0895134140625 0.5896775 0.09293425390625 0.593469453125 0.08765598046875 0.60588778515625 0.094870013671875 0.619494677734375 0.12260596875 0.622763837890625 0.1351734921875 0.633098458984375 0.144319556640625 0.6330232421875 0.151756134765625 0.640978880859375 0.152500849609375 0.653024857421875 0.158226697265625 0.655775576171875 0.176893669921875 0.688119685546875 0.172135703125 0.698381576171875 0.17533399609375 0.70782478125 0.19087478515625 0.7067823046875 0.21563498828125 0.694957009765625 0.254601958984375 0.729232525390625 0.25497431640625 0.73525551171875 0.246944701171875 0.7467818046875 0.18062159765625 0.79467478125 0.16753625390625 0.812968154296875 0.1498396484375 0.820108212890625 0.142107796875 0.83512931640625 0.131177650390625 0.840707216796875 0.12865009765625 0.847399703125 0.12441119140625 0.842269376953125 0.1111754140625 0.84227062109375 0.11362961328125 0.84628573828125 0.108647861328125 0.84896310546875 0.10634347265625 0.856622228515625 0.101882021484375 0.857143154296875 0.104707958984375 0.86056337109375 0.100842033203125 0.868073923828125 0.074966623046875 0.881683921875 0.102282041015625 1 0.5569678046875 1 1 0.897717958984375 1 0.496215123046875
0 0.501317552734375 0.67329190234375 0.490161130859375 0.64481371875 0.468151646484375 0.65091316796875 0.459897623046875 0.64823704296875 0.4590049609375 0.64437049609375 0.486441287109375 0.62429117578125 0.514991578125 0.589191375 0.47171732421875 0.613436248046875 0.46338808203125 0.601614060546875 0.46145356640625 0.588824615234375 0.45319954296875 0.5861484921875 0.4381803046875 0.5982703046875 0.439818302734375 0.620800716796875 0.380483578125 0.65486239453125 0.3486603984375 0.67799081640625 0.355873810546875 0.6849798203125 0.3856176328125 0.690330822265625 0.409933994140625 0.70304380859375 0.4401241484375 0.7103280859375 0.509800958984375 0.743113548828125 0.515972515625 0.741179654296875 0.51269900390625 0.72259038671875 0.513813587890625 0.71418779296875 0.51879534375 0.711510427734375 0.526827443359375 0.72645569140625 0.528390849609375 0.74645792578125 0.5404374453125 0.7523311015625 0.547575640625 0.7501740390625 0.551664732421875 0.743630123046875 0.564007845703125 0.739762333984375 0.602746056640625 0.713510212890625 0.602373076171875 0.7008693359375 0.597242130859375 0.6984903515625 0.574042841796875 0.703846330078125 0.58318828515625 0.697153224609375 0.55403936328125 0.69217395703125 0.54623105078125 0.68481321875 0.525112984375 0.681543435546875 0.513958427734375 0.672918921875 0.501317552734375 0.67329190234375
0 0.71359226953125 0.47919678515625 0.67894253125 0.492287103515625 0.659906931640625 0.49362733984375 0.65150558203125 0.505748533203125 0.643029013671875 0.508723662109375 0.63343786328125 0.5201013828125 0.59581423828125 0.537950912109375 0.59908712890625 0.5499222890625 0.587116373046875 0.5598130703125 0.592472349609375 0.583012357421875 0.596636658203125 0.585614505859375 0.627345876953125 0.577506564453125 0.626302154296875 0.548730001953125 0.63128391015625 0.5460526328125 0.63589579296875 0.563823833984375 0.67768621484375 0.57504801171875 0.688988720703125 0.575493099609375 0.70028998046875 0.56270241015625 0.709956349609375 0.560470751953125 0.7151637578125 0.585231578125 0.722376546875 0.58560269140625 0.78691494921875 0.536594505859375 0.783270947265625 0.53183591796875 0.78661656640625 0.5264818046875 0.801858970703125 0.515326626953125 0.79694932421875 0.494060615234375 0.811150494140625 0.480600427734375 0.807505869140625 0.46922394921875 0.754639841796875 0.498228654296875 0.73069583984375 0.49153865625 0.72668072265625 0.493992859375 0.72742481640625 0.4994209453125 0.71359226953125 0.47919678515625
0 0.894475216796875 0.151334033203125 0.899382375 0.1461284921875 0.930487546875 0.141940685546875 0.918226822265625 0.0888336484375 0.91432453125 0.105006947265625 0.902501720703125 0.106718298828125 0.89551271875 0.1139317109375 0.896406625 0.131034037109375 0.88324730859375 0.15341712109375 0.894475216796875 0.151334033203125
0 0.283183322265625 0.23340867578125 0.269055501953125 0.23616126171875 0.277681880859375 0.24486037109375 0.28407660546875 0.243893111328125 0.28630701953125 0.240323705078125 0.283183322265625 0.23340867578125
0 0 0.312253166015625 0.064352873046875 0.297674810546875 0.103166923828125 0.287186642578125 0.1050256015625 0.28421213671875 0.1004895546875 0.28220488671875 0.097588400390625 0.269638607421875 0.09052355859375 0.26108806640625 0.07981595703125 0.261014712890625 0.076768095703125 0.26986363671875 0.059367388671875 0.26064484375 0.054534203125 0.261760671875 0.044719884765625 0.2721717578125 0.02873338671875 0.27789884765625 0.017133123046875 0.27395894921875 0.009993685546875 0.26288023046875 0 0.2641167109375 0 0.312253166015625
0 0.38512715625 0.2185274375 0.393231986328125 0.2161472109375 0.392785033203125 0.207596048828125 0.387653466796875 0.19859917578125 0.37887913671875 0.198079490234375 0.380591111328125 0.216520189453125 0.38512715625 0.2185274375
0 0.5208274453125 0.1800714453125 0.540234158203125 0.17151841796875 0.52826153515625 0.161555529296875 0.506028884765625 0.16668833984375 0.5180015078125 0.176651228515625 0.513094349609375 0.181856771484375 0.5208274453125 0.1800714453125
0 0.460746138671875 0.18223348046875 0.460821978515625 0.19799743359375 0.469744876953125 0.196955578125 0.49383620703125 0.18884826171875 0.496661521484375 0.185650587890625 0.490340150390625 0.175910244140625 0.485209203125 0.173531259765625 0.460746138671875 0.18223348046875
0 0.546627638671875 0.15731537890625 0.545067341796875 0.17040258984375 0.611021822265625 0.156193955078125 0.610723439453125 0.14608125390625 0.605369328125 0.142735634765625 0.572950001953125 0.15225654296875 0.56707620703125 0.15768525 0.546627638671875 0.15731537890625
0 0.408995939453125 0.21607137109375 0.454650421875 0.199931330078125 0.450038537109375 0.18216012890625 0.4305572265625 0.18818498046875 0.41033182421875 0.188781748046875 0.404310703125 0.2090077734375 0.408995939453125 0.21607137109375
0 0.205630439453125 0.263531076171875 0.241767744140625 0.25467904296875 0.250540830078125 0.24196294921875 0.26920531640625 0.2478355 0.27902025390625 0.2440423046875 0.27433501953125 0.23697870703125 0.25819870703125 0.23103155859375 0.241245572265625 0.236981814453125 0.236561580078125 0.24315399609375 0.2187897578125 0.24114798828125 0.207413279296875 0.244792615234375 0.19432731640625 0.25646809765625 0.197599583984375 0.261821587890625 0.205630439453125 0.263531076171875
0 0.319247271484375 0.23526424609375 0.35389701171875 0.2221739296875 0.37397384375 0.22313869921875 0.37627823046875 0.215479578125 0.3704025703125 0.201054619140625 0.29835112890625 0.21972532421875 0.28459691015625 0.241736671875 0.319247271484375 0.23526424609375
0 0.75928839453125 0.114836810546875 0.768582404296875 0.106582166015625 0.7691760625 0.09371812109375 0.737053876953125 0.100115955078125 0.741664517578125 0.10465137890625 0.7328908125 0.110749583984375 0.75928839453125 0.114836810546875