1 0.7099609375 0.634765625 0.1328125 0.111328125
1 0.6396484375 0.5263671875 0.134765625 0.091796875
1 0.4677734375 0.3896484375 0.0859375 0.0859375
1 0.849609375 0.744140625 0.16015625 0.130859375
1 0.2802734375 0.4140625 0.1171875 0.08203125
1 0.685546875 0.744140625 0.1171875 0.099609375
1 0.56640625 0.6875 0.162109375 0.1796875
1 0.439453125 0.6044921875 0.1328125 0.125
1 0.421875 0.5302734375 0.1328125 0.08203125
1 0.7490234375 0.830078125 0.166015625 0.126953125
1 0.1708984375 0.26953125 0.072265625 0.044921875
1 0.4716796875 0.45703125 0.0546875 0.048828125
0 0.09722150390625 0.145543861328125 0.09480409375 0.14035113671875 0.089124373046875 0.152100787109375 0.081027244140625 0.15865771484375 0.07742753515625 0.155316181640625 0.075192029296875 0.162489189453125 0.102135544921875 0.169271984375 0.11468023046875 0.1626886484375 0.11298158203125 0.150657365234375 0.09722150390625 0.145543861328125
0 0.24883749609375 0.230126521484375 0.2611504140625 0.22104950390625 0.276986765625 0.220738513671875 0.27886141796875 0.207601205078125 0.225129880859375 0.20195379296875 0.233948720703125 0.207325470703125 0.24883749609375 0.230126521484375
0 0.085281240234375 0.2356538359375 0.09953047265625 0.278636115234375 0.108349314453125 0.28400779296875 0.114263751953125 0.293518990234375 0.129252255859375 0.2965759375 0.140048427734375 0.287833369140625 0.14215484765625 0.2771897421875 0.131044734375 0.25132879296875 0.1265678203125 0.22814048046875 0.1281080234375 0.21348642578125 0.12057416015625 0.205286615234375 0.105148529296875 0.201689857421875 0.0975882578125 0.189042490234375 0.06576005859375 0.181746294921875 0.0619813984375 0.1848061953125 0.073710541015625 0.223572685546875 0.085281240234375 0.2356538359375
0 0.139408890625 0.308014599609375 0.123728033203125 0.316243767578125 0.099228333984375 0.31910125390625 0.111673291015625 0.332262021484375 0.119491734375 0.351850626953125 0.122683671875 0.3778670703125 0.132711216796875 0.38583511328125 0.136800869140625 0.398611568359375 0.15248467578125 0.4091495625 0.17832216796875 0.41235905859375 0.18176637890625 0.4077824140625 0.183151087890625 0.385210181640625 0.193947259765625 0.376467615234375 0.190599828125 0.3425329921875 0.2023729375 0.33389310546875 0.2029860703125 0.3092643203125 0.19694254296875 0.296282505859375 0.19051470703125 0.29165599609375 0.1756552890625 0.292069666015625 0.171108001953125 0.31184017578125 0.1581261875 0.31788369921875 0.139408890625 0.308014599609375
0 1 0.214137884765625 0.876658806640625 0.200797333984375 0.589955671875 0.184491830078125 0.58607433203125 0.188528666015625 0.59013757421875 0.196857564453125 0.577026671875 0.19943046875 0.5911174609375 0.215727408203125 0.57985775390625 0.219482611328125 0.581967123046875 0.227606146484375 0.59407762890625 0.23925016796875 0.608963453125 0.2432840546875 0.60726775390625 0.25001993359375 0.612410615234375 0.25747457421875 0.607346978515625 0.263362603515625 0.5937725390625 0.260948142578125 0.593487955078125 0.24955934765625 0.58955380078125 0.2447010703125 0.554950283203125 0.245015009765625 0.491035705078125 0.223481380859375 0.47231840625 0.213612279296875 0.44897459765625 0.210171017578125 0.441235375 0.20392508203125 0.439768494140625 0.19438748046875 0.429999123046875 0.193360677734375 0.42174944921875 0.21076658984375 0.417096533203125 0.212746873046875 0.385321146484375 0.214345791015625 0.32994377734375 0.205562208984375 0.315424708984375 0.245026951171875 0.32391205078125 0.267649048828125 0.335559021484375 0.274305705078125 0.344559765625 0.2920431171875 0.364406546875 0.29116591015625 0.381167021484375 0.282062486328125 0.40014249609375 0.298872826171875 0.419475876953125 0.302880306640625 0.429503423828125 0.310848345703125 0.44240896484375 0.310229314453125 0.4569632890625 0.33151362109375 0.4868376171875 0.338604453125 0.501441806640625 0.350016708984375 0.50617099609375 0.34261193359375 0.512135298828125 0.342251076171875 0.551418140625 0.344404412109375 0.55697172265625 0.3479513046875 0.574019728515625 0.369003841796875 0.572737701171875 0.39059913671875 0.540217146484375 0.394589056640625 0.519264341796875 0.39189296484375 0.54271377734375 0.413124453125 0.54361739453125 0.437418791015625 0.560069828125 0.43124617578125 0.5778600546875 0.431140548828125 0.587321384765625 0.43509816015625 0.5957529609375 0.43005798046875 0.598633908203125 0.4402380703125 0.61853350390625 0.448255978515625 0.624755982421875 0.45483636328125 0.635399609375 0.45694278125 0.65350377734375 0.49144066796875 0.6603423359375 0.4921594296875 0.664763484375 0.48768546484375 0.701887091796875 0.4915873125 0.729860359375 0.50736790234375 0.73065834375 0.513872013671875 0.723667240234375 0.52400223828125 0.72292501953125 0.545160404296875 0.737939931640625 0.552664912109375 0.754495046875 0.545515361328125 0.773212345703125 0.555384462890625 0.78457768359375 0.569419486328125 0.81033890234375 0.578053474609375 0.824068833984375 0.588386111328125 0.826976189453125 0.6030137578125 0.818752921875 0.624867228515625 0.83574811328125 0.637024650390625 0.845206494140625 0.6222151015625 0.842665896484375 0.651086083984375 0.8531305703125 0.65959393359375 0.859402912109375 0.656302267578125 0.871539828125 0.672393845703125 0.8938832421875 0.69005203515625 0.901933455078125 0.712134322265625 0.92962508984375 0.735293279296875 0.91436085546875 0.777149025390625 0.899348892578125 0.78841168359375 0.8963183515625 0.807847744140625 0.87647451953125 0.827492115234375 0.860253853515625 0.83615841015625 0.833929369140625 0.842281158203125 0.7591247890625 0.886768525390625 0.747093501953125 0.888467171875 0.722203591796875 0.862145640625 0.675301765625 0.80091549609375 0.663141392578125 0.799143525390625 0.664784275390625 0.78351253125 0.65287912890625 0.76991463671875 0.633777517578125 0.768400841796875 0.640463529296875 0.77996858984375 0.6352972109375 0.78683355859375 0.624729857421875 0.779302642578125 0.626117515625 0.775497576171875 0.6170405 0.763184658203125 0.608248064453125 0.762260537109375 0.609738404296875 0.75747853125 0.572256890625 0.76637954296875 0.534611033203125 0.711060888671875 0.527514298828125 0.703400888671875 0.514171626953125 0.703480109375 0.51129068359375 0.69330001953125 0.516069736328125 0.676023193359375 0.49439226953125 0.642631330078125 0.4696109375 0.6528671875 0.441332578125 0.65878457421875 0.426523029296875 0.6493261953125 0.424387251953125 0.6367551015625 0.412200470703125 0.630535572265625 0.39682175390625 0.5982996015625 0.3850456953125 0.58817232421875 0.381134998046875 0.56899444140625 0.371004771484375 0.5620033359375 0.369203443359375 0.55094898828125 0.357632744140625 0.538867837890625 0.336800177734375 0.48334087109375 0.33168372265625 0.480333787109375 0.315539330078125 0.48357558984375 0.306051591796875 0.475170419921875 0.29800137890625 0.453088130859375 0.290493921875 0.449335876953125 0.281188087890625 0.45329644140625 0.28990719921875 0.478412220703125 0.288675037109375 0.490135466796875 0.278805935546875 0.508852763671875 0.26484718359375 0.514793609375 0.199084361328125 0.510844845703125 0.194226083984375 0.514779 0.193301962890625 0.523571435546875 0.20626326953125 0.550614681640625 0.206213404296875 0.56048673046875 0.1732293125 0.559489287109375 0.169656013671875 0.560595310546875 0.169811509765625 0.56851348828125 0.1948041015625 0.5938580859375 0.196708109375 0.60393549609375 0.191621013671875 0.6241431328125 0.207278412109375 0.63023357421875 0.242298552734375 0.663546212890625 0.247464869140625 0.65668124609375 0.245710455078125 0.61698768359375 0.247535244140625 0.61372242578125 0.252754376953125 0.615752572265625 0.25713155859375 0.658684986328125 0.269781876953125 0.66989187890625 0.267830951171875 0.68845368359375 0.304960458984375 0.729889859375 0.3237335234375 0.767421236328125 0.329084693359375 0.791689166015625 0.3269782734375 0.802332794921875 0.311813767578125 0.82444444140625 0.316393361328125 0.84665581640625 0.3335939140625 0.856859365234375 0.3456017421875 0.86948032421875 0.36195739453125 0.901818974609375 0.369057080078125 0.928246140625 0.37736251953125 0.93850250390625 0.3955136015625 0.944361177734375 0.3984708203125 0.9491167734375 0.400765080078125 0.99232412890625 0.47379611328125 1 0.9502020234375 1 0.99542816796875 0.56970196875 0.96114216015625 0.562296201171875 0.934659228515625 0.541733609375 0.915760029296875 0.519498775390625 0.919098611328125 0.497131904296875 0.90061012890625 0.470989322265625 0.844150193359375 0.444312830078125 0.833659111328125 0.43135742578125 0.816124109375 0.41963712890625 0.813216755859375 0.40500948046875 0.79683764453125 0.3869904375 0.76521775390625 0.39650753125 0.7135955859375 0.39898365625 0.690559818359375 0.392611583984375 0.682820595703125 0.3863656484375 0.68646721875 0.36106796484375 0.69844273828125 0.3317070390625 0.714458044921875 0.3249946171875 0.74083534375 0.327766984375 0.760274353515625 0.349564689453125 0.789429919921875 0.363494083984375 0.7937249296875 0.3743166640625 0.799715640625 0.37840336328125 0.8519040234375 0.37993766796875 0.86239510546875 0.392893076171875 0.868154046875 0.39448609375 0.8758903203125 0.381964865234375 0.882599794921875 0.379213005859375 0.902910111328125 0.3833231640625 0.909364357421875 0.39239723046875 0.908287689453125 0.41203865234375 0.916464041015625 0.418824396484375 0.921633310546875 0.43072659375 0.933817138671875 0.418178958984375 0.95273684765625 0.40732701953125 0.987135005859375 0.408966955078125 1 0.419189677734375 1 0.214137884765625
0 0.49569185546875 0.5691821015625 0.497284875 0.56342316015625 0.48988009765625 0.558693970703125 0.491575796875 0.55195808984375 0.48805236328125 0.543192064453125 0.44100683984375 0.549112400390625 0.4341946875 0.552841197265625 0.45473972265625 0.578212201171875 0.464740861328125 0.5817326875 0.487492046875 0.576715962890625 0.49569185546875 0.5691821015625
0 0.493265595703125 0.5076878828125 0.507227296875 0.520514203125 0.51895054296875 0.521746365234375 0.52409340234375 0.529201005859375 0.534094541015625 0.532721490234375 0.55617387890625 0.50590411328125 0.520898517578125 0.4844173984375 0.485139109375 0.49103008984375 0.493265595703125 0.5076878828125
0 0.67533098046875 0.659673298828125 0.66103778125 0.664097396484375 0.647102486328125 0.655718634765625 0.635710740234375 0.637236052734375 0.644702634765625 0.598671974609375 0.632694806640625 0.586051015625 0.577525748046875 0.594080720703125 0.544151443359375 0.563904251953125 0.525745134765625 0.569871505859375 0.520605224609375 0.58118402734375 0.48147787890625 0.58694887109375 0.4725064921875 0.5924261796875 0.496137833984375 0.626023400390625 0.51526290234375 0.61321758984375 0.535725765625 0.60647876171875 0.54246164453125 0.608174458984375 0.5880256796875 0.663337619140625 0.611935705078125 0.670789310546875 0.614892921875 0.675544908203125 0.612683822265625 0.687165470703125 0.622635095703125 0.700558005859375 0.64006741796875 0.71325523828125 0.682072759765625 0.69890332421875 0.69163676953125 0.701884001953125 0.705058662109375 0.715147447265625 0.7253161640625 0.7103624921875 0.727759982421875 0.72000277734375 0.720202662109375 0.726122572265625 0.73354828125 0.744810515625 0.737995837890625 0.744784107421875 0.746967224609375 0.739306798828125 0.759770083984375 0.739664703125 0.77514290234375 0.734366349609375 0.783445392578125 0.725855548828125 0.782415640625 0.71685775390625 0.759300650390625 0.69714301171875 0.729581818359375 0.697970353515625 0.725442302734375 0.69506594921875 0.73474813671875 0.69110538671875 0.729426322265625 0.69005217578125 0.70340987890625 0.69324411328125 0.67533098046875 0.659673298828125
0 0 0.950202021484375 0.021072888671875 0.95241687109375 0.031300943359375 0.9371943515625 0.013815806640625 0.9156020078125 0.010726552734375 0.888608626953125 0.01344905078125 0.872103376953125 0 0.86101548046875 0 0.950202021484375