1 0.380859375 0.76171875 0.173828125 0.14453125
1 0.30078125 0.8388671875 0.17578125 0.12890625
1 0.1669921875 0.9091796875 0.244140625 0.181640625
1 0.7412109375 0.5146484375 0.072265625 0.060546875
1 0.560546875 0.61328125 0.095703125 0.078125
1 0.34765625 0.384765625 0.044921875 0.044921875
1 0.439453125 0.70703125 0.123046875 0.109375
1 0.748046875 0.466796875 0.10546875 0.076171875
1 0.50390625 0.6513671875 0.125 0.087890625
1 0.0771484375 0.9501953125 0.138671875 0.099609375
1 0.6240234375 0.5712890625 0.119140625 0.0703125
1 0.65625 0.5322265625 0.103515625 0.0625
1 0.197265625 0.482421875 0.064453125 0.048828125
1 0.7890625 0.4443359375 0.078125 0.064453125
1 0.0078125 0.5185546875 0.015625 0.048828125
1 0.0302734375 0.4921875 0.037109375 0.041015625
0 1 0.49563653125 0.997672517578125 0.36229516015625 0.986547982421875 0.3642059375 0.9847853984375 0.37945200390625 0.97672614453125 0.382635736328125 0.970356109375 0.395426341796875 0.95525164453125 0.401776111328125 0.95240421484375 0.41298369921875 0.938741166015625 0.41474371875 0.93897126953125 0.427926294921875 0.927887583984375 0.432177173828125 0.922015720703125 0.444451908203125 0.91296012109375 0.44866738671875 0.907604130859375 0.46144029296875 0.887588748046875 0.4770049609375 0.875402515625 0.4762033203125 0.8663646171875 0.48143284375 0.86643541796875 0.48548901953125 0.870438494140625 0.4823760859375 0.87202151171875 0.48589869140625 0.87066859765625 0.495558662109375 0.86253854296875 0.494686220703125 0.839357125 0.5032056796875 0.8251428046875 0.5024394375 0.82286434765625 0.517187330078125 0.809254400390625 0.521989482421875 0.8093606015625 0.52807375 0.796746998046875 0.53184415625 0.80709984375 0.543835685546875 0.80839708984375 0.5600426953125 0.80005206640625 0.575910833984375 0.77692375 0.58747242578125 0.7617130859375 0.5877379296875 0.741272896484375 0.57896553515625 0.73036878125 0.564447744140625 0.72579673046875 0.564020373046875 0.71330702734375 0.574889091796875 0.7106188984375 0.595223078125 0.701990671875 0.594866505859375 0.696493080078125 0.599527056640625 0.69467739453125 0.611730990234375 0.688646228515625 0.61487932421875 0.68791538671875 0.631121732421875 0.679517263671875 0.643947740234375 0.649113634765625 0.6454927890625 0.646445771484375 0.63793170703125 0.640824279296875 0.63549394921875 0.631359009765625 0.645295521484375 0.62909825 0.661057458984375 0.60541866015625 0.6700927890625 0.60454621875 0.67822284375 0.62511030859375 0.69409355078125 0.630446033203125 0.709215712890625 0.628736548828125 0.72750391015625 0.6224019140625 0.74232260546875 0.59831265234375 0.75694403125 0.58210564453125 0.758241279296875 0.550422466796875 0.744593365234375 0.54522834375 0.737583556640625 0.537115990234375 0.737725158203125 0.5341977578125 0.744876568359375 0.5246262890625 0.748593875 0.516546765625 0.779672677734375 0.50146000390625 0.7870364921875 0.4892560703125 0.7852208046875 0.486373240234375 0.7944003046875 0.473208365234375 0.795644453125 0.469933564453125 0.81142408984375 0.457231458984375 0.810124275390625 0.4534053828125 0.82337765234375 0.44525762890625 0.821491166015625 0.440346708984375 0.830706064453125 0.392757427734375 0.835594154296875 0.384766408203125 0.8717431796875 0.385155814453125 0.894052154296875 0.375280873046875 0.909439818359375 0.364748458984375 0.9162169609375 0.3578448515625 0.927495349609375 0.35078194140625 0.92964733984375 0.340907001953125 0.945035005859375 0.328364197265625 0.952861591796875 0.32596183984375 0.960511173828125 0.316390369140625 0.964228482421875 0.318967166015625 0.995628455078125 0.31669190625 1 0.504363423828125 1 1 0.991348630859375 1 0.6473902421875 0.97773479296875 0.643814099609375 0.96691917578125 0.63436653125 0.963593837890625 0.618194921875 0.972027365234375 0.607397005859375 0.982097005859375 0.60316382421875 1 0.60554278125 1 0.49563653125
0 0 0.335350298828125 0.006629736328125 0.33211433984375 0.020826357421875 0.331866537109375 0.033136490234375 0.339766490234375 0.053346576171875 0.33535630859375 0.065783177734375 0.32144545703125 0.067563462890625 0.307213435546875 0.07608548828125 0.301485740234375 0.133850615234375 0.298448740234375 0.137337818359375 0.294837634765625 0.13109425 0.2858174375 0.13451065625 0.27815015234375 0.141662064453125 0.28106838671875 0.1537951953125 0.27882789453125 0.158438046875 0.283311443359375 0.157547904296875 0.290427451171875 0.1641657421875 0.29183346875 0.175019326171875 0.27440001171875 0.20341256640625 0.27390440625 0.216400439453125 0.26251981640625 0.231788107421875 0.272394755859375 0.252941435546875 0.263910697265625 0.2651630703125 0.266740427734375 0.276175955078125 0.25843337109375 0.302594208984375 0.261015296875 0.31268155078125 0.2577961640625 0.319602859375 0.247531818359375 0.342766576171875 0.237998314453125 0.373081705078125 0.23138304296875 0.37820502734375 0.23433667578125 0.3922954453125 0.22800460546875 0.42977968359375 0.225321609375 0.44677063671875 0.2108240859375 0.471036896484375 0.206343103515625 0.478223708984375 0.211289423828125 0.513715259765625 0.210669916015625 0.52778798046875 0.203323802734375 0.5367019765625 0.19099596875 0.55842427734375 0.18605221484375 0.558335775390625 0.180981994140625 0.55015262109375 0.17706741796875 0.551558634765625 0.170449580078125 0.564776611328125 0.17224756640625 0.573832208984375 0.168032087890625 0.5820153671875 0.171946662109375 0.6002681640625 0.17162805859375 0.601727279296875 0.168052353515625 0.57548859375 0.14670175390625 0.55666682421875 0.1434800546875 0.556578322265625 0.13840983203125 0.562075916015625 0.13374928125 0.58486536328125 0.1318299609375 0.581218857421875 0.12631466796875 0.57513458984375 0.126420869140625 0.5711669140625 0.131561892578125 0.56606129296875 0.1296223046875 0.558803681640625 0.120619806640625 0.550193154296875 0.12127728125 0.550405556640625 0.1334458125 0.5469183515625 0.137056919921875 0.531191814453125 0.13682425 0.5393395703125 0.138710736328125 0.538965298828125 0.146324919921875 0.514645935546875 0.147763767578125 0.50244200390625 0.14594808203125 0.498813197265625 0.141446833984375 0.50279857421875 0.13731985546875 0.495113591796875 0.132889408203125 0.477910236328125 0.1352183984375 0.470741126953125 0.131286123046875 0.456544505859375 0.13153392578125 0.4610280546875 0.126891076171875 0.457381548828125 0.121375783203125 0.447435806640625 0.1327072734375 0.437189162109375 0.1268000078125 0.42916530859375 0.13201183203125 0.419879609375 0.123044734375 0.408707421875 0.122225392578125 0.403156728515625 0.123843810546875 0.402747056640625 0.129429904296875 0.396662791015625 0.12953610546875 0.39246501171875 0.121494552734375 0.3873947890625 0.1215830546875 0.3736052734375 0.145153876953125 0.34521203515625 0.145649482421875 0.343452015625 0.13198643359375 0.346423345703125 0.127877154296875 0.34282994140625 0.12540399609375 0.336282904296875 0.12805415625 0.33752705078125 0.14121903515625 0.342152201171875 0.1446885390625 0.33003676953125 0.147943072265625 0.31477300390625 0.145166443359375 0.287677009765625 0.16186905859375 0.280578701171875 0.161992958984375 0.278907181640625 0.1534001328125 0.2743351328125 0.15297276171875 0.270847927734375 0.1565838671875 0.272501748046875 0.164162650390625 0.221958833984375 0.174174060546875 0.21098134765625 0.184509205078125 0.076502857421875 0.20917230859375 0 0.214376037109375 0 0.335350298828125
0 0.091040916015625 0.17037312109375 0.0992240703125 0.1742876953125 0.106198478515625 0.167065484375 0.112442046875 0.176085681640625 0.12413010546875 0.1774031953125 0.16401670703125 0.1670706171875 0.18511693359375 0.15554442578125 0.193229287109375 0.15540282421875 0.193674359375 0.151844818359375 0.159677326171875 0.150916708984375 0.15414433203125 0.153549171875 0.153770060546875 0.161163353515625 0.12831275 0.155521591796875 0.080670369140625 0.157367546875 0.077183166015625 0.16097865234375 0.082999361328125 0.1745708984375 0.091040916015625 0.17037312109375
0 0.435335076171875 0.091866888671875 0.428500875 0.09655460546875 0.495550271484375 0.09406853125 0.494645087890625 0.088798689453125 0.435335076171875 0.091866888671875
0 0.9649377265625 0.080589701171875 0.70109228515625 0.082755615234375 0.610034583984375 0.0839384453125 0.522282890625 0.088819125 0.52438877734375 0.092345388671875 0.62803304296875 0.09012968359375 0.632048138671875 0.087213486328125 0.638145275390625 0.087107060546875 0.6418816015625 0.091514306640625 0.704835705078125 0.08756932421875 0.7235548828125 0.08846234375 0.769101470703125 0.08888708984375 0.847957798828125 0.087510646484375 0.9308646953125 0.08525032421875 0.95725015625 0.082756826171875 0.9649377265625 0.080589701171875
0 0.992741599609375 0.07980303515625 0.982533951171875 0.087194939453125 0.992864818359375 0.086862232421875 0.992741599609375 0.07980303515625