1 0.5859375 0.546875 0.1240234375 0.13671875
1 0.197265625 0.359375 0.15234375 0.1171875
1 0.6025390625 0.169921875 0.162109375 0.0888671875
1 0.26953125 0.4609375 0.1748046875 0.1552734375
1 0.060546875 0.291015625 0.09765625 0.0966796875
1 0.9716796875 0.1435546875 0.056640625 0.068359375
1 0.9365234375 0.232421875 0.126953125 0.0771484375
1 0.068359375 0.3984375 0.1337890625 0.0908203125
1 0.724609375 0.169921875 0.107421875 0.0751953125
1 0.619140625 0.4765625 0.095703125 0.0947265625
1 0.955078125 0.517578125 0.08984375 0.0595703125
1 0.59375 0.26953125 0.09375 0.0791015625
1 0.2763671875 0.287109375 0.0966796875 0.0732421875
1 0.4677734375 0.314453125 0.099609375 0.0810546875
1 0.787109375 0.5625 0.15625 0.1484375
1 0.3466796875 0.5302734375 0.2529296875 0.146484375
1 0.515625 0.21875 0.16796875 0.09765625
1 0.517578125 0.4130859375 0.1591796875 0.1025390625
0 0.2255859375 0.27880859375 0.23291015625 0.2666015625 0.2890625 0.25244140625 0.2939453125 0.23388671875 0.28662109375 0.228515625 0.2822265625 0.23095703125 0.2802734375 0.21728515625 0.28125 0.18994140625 0.28662109375 0.1845703125 0.27294921875 0.1826171875 0.26806640625 0.2021484375 0.25537109375 0.19921875 0.23388671875 0.205078125 0.20458984375 0.2060546875 0.17724609375 0.19921875 0.173828125 0.18896484375 0.177734375 0.18115234375 0.16259765625 0.1708984375 0.13427734375 0.1689453125 0.12841796875 0.162109375 0.11572265625 0.162109375 0.10595703125 0.15625 0 0.17919921875 0.00048828125 0.2509765625 0.02099609375 0.25 0.03271484375 0.240234375 0.04150390625 0.23828125 0.05029296875 0.24609375 0.06396484375 0.2509765625 0.06591796875 0.255859375 0.09326171875 0.2744140625 0.09716796875 0.2666015625 0.12548828125 0.263671875 0.12890625 0.25634765625 0.1259765625 0.24755859375 0.1298828125 0.24365234375 0.126953125 0.23583984375 0.14208984375 0.2216796875 0.14990234375 0.22265625 0.16162109375 0.240234375 0.19580078125 0.2431640625 0.2099609375 0.26611328125 0.20458984375 0.2763671875 0.19921875 0.27490234375 0.1982421875 0.28564453125 0.21044921875 0.296875 0.232421875 0.29833984375 0.236328125 0.29443359375 0.2275390625 0.29150390625 0.2294921875 0.28564453125 0.2255859375 0.27880859375
0 1 0.36865234375 0.96630859375 0.3662109375 0.94091796875 0.341796875 0.88916015625 0.3330078125 0.8828125 0.32666015625 0.8857421875 0.31005859375 0.87841796875 0.3046875 0.87158203125 0.3046875 0.86767578125 0.3154296875 0.85498046875 0.3173828125 0.78076171875 0.287109375 0.75341796875 0.2861328125 0.73095703125 0.2734375 0.71630859375 0.27734375 0.69287109375 0.275390625 0.65380859375 0.2958984375 0.62548828125 0.2939453125 0.57568359375 0.3193359375 0.55908203125 0.3193359375 0.54931640625 0.326171875 0.51611328125 0.3330078125 0.51220703125 0.337890625 0.50244140625 0.3388671875 0.4599609375 0.36181640625 0.46630859375 0.369140625 0.51513671875 0.3876953125 0.56005859375 0.365234375 0.56494140625 0.3642578125 0.57666015625 0.3720703125 0.60400390625 0.353515625 0.62841796875 0.3486328125 0.640625 0.36669921875 0.65478515625 0.375 0.6591796875 0.38232421875 0.6591796875 0.39697265625 0.6474609375 0.42431640625 0.64990234375 0.4306640625 0.67333984375 0.421875 0.68408203125 0.4228515625 0.69091796875 0.427734375 0.71435546875 0.423828125 0.72412109375 0.4296875 0.73388671875 0.4296875 0.7412109375 0.43603515625 0.7421875 0.44287109375 0.73291015625 0.451171875 0.70654296875 0.4541015625 0.7021484375 0.45947265625 0.7158203125 0.46240234375 0.71826171875 0.4794921875 0.74169921875 0.4736328125 0.74755859375 0.46875 0.75732421875 0.46875 0.77001953125 0.4736328125 0.7724609375 0.48388671875 0.77880859375 0.484375 0.7763671875 0.46728515625 0.78955078125 0.455078125 0.80126953125 0.4541015625 0.8193359375 0.47119140625 0.82373046875 0.484375 0.84423828125 0.470703125 0.85791015625 0.470703125 0.859375 0.47509765625 0.8505859375 0.48486328125 0.85595703125 0.4912109375 0.86572265625 0.4921875 0.89306640625 0.470703125 0.93017578125 0.4697265625 0.93896484375 0.470703125 0.95751953125 0.4921875 0.986328125 0.49560546875 0.98828125 0.46630859375 0.9814453125 0.45849609375 0.974609375 0.43603515625 1 0.41357421875 1 0.36865234375
0 0 0.94580078125 0.01025390625 0.95703125 0.02001953125 0.9609375 0.0361328125 0.97998046875 0.03173828125 0.9921875 0.01220703125 0.994140625 0.01220703125 1 1 0.99951171875 0.99951171875 0.7138671875 0.97900390625 0.720703125 0.92041015625 0.724609375 0.89892578125 0.71875 0.87353515625 0.7060546875 0.84814453125 0.7041015625 0.80224609375 0.6796875 0.77783203125 0.646484375 0.76220703125 0.6416015625 0.74560546875 0.6416015625 0.70654296875 0.6669921875 0.69873046875 0.6630859375 0.65087890625 0.666015625 0.6201171875 0.64892578125 0.60888671875 0.611328125 0.59033203125 0.615234375 0.56689453125 0.6064453125 0.54638671875 0.5908203125 0.52783203125 0.5693359375 0.50927734375 0.587890625 0.47900390625 0.587890625 0.4677734375 0.57177734375 0.4716796875 0.55517578125 0.46728515625 0.5380859375 0.45458984375 0.5712890625 0.43896484375 0.5771484375 0.43603515625 0.5673828125 0.41650390625 0.5693359375 0.423828125 0.56591796875 0.41943359375 0.5595703125 0.40234375 0.56884765625 0.40478515625 0.5732421875 0.4130859375 0.57275390625 0.40869140625 0.576171875 0.39208984375 0.5810546875 0.38720703125 0.572265625 0.38525390625 0.578125 0.375 0.58056640625 0.38720703125 0.5849609375 0.32666015625 0.6171875 0.31201171875 0.619140625 0.29638671875 0.6142578125 0.29345703125 0.6240234375 0.25146484375 0.642578125 0.2451171875 0.65576171875 0.2236328125 0.67724609375 0.2158203125 0.69384765625 0.2021484375 0.70654296875 0.1875 0.73388671875 0.17626953125 0.7431640625 0.14697265625 0.748046875 0.12255859375 0.7607421875 0.09619140625 0.7568359375 0.04150390625 0.76953125 0.033203125 0.77685546875 0.0244140625 0.80419921875 0 0.82861328125 0 0.94580078125
0 0.40185546875 0.4375 0.42626953125 0.4287109375 0.4306640625 0.42333984375 0.40771484375 0.408203125 0.39501953125 0.41015625 0.38525390625 0.400390625 0.36767578125 0.3984375 0.35302734375 0.376953125 0.33349609375 0.380859375 0.330078125 0.38916015625 0.3447265625 0.41650390625 0.3525390625 0.44580078125 0.3564453125 0.45361328125 0.361328125 0.45458984375 0.3779296875 0.44775390625 0.3779296875 0.43505859375 0.38134765625 0.4326171875 0.40185546875 0.4375
0 0.15966796875 0.169921875 0.17431640625 0.1767578125 0.177734375 0.17431640625 0.1748046875 0.16943359375 0.17578125 0.15283203125 0.181640625 0.12841796875 0.18896484375 0.12109375 0.21044921875 0.1142578125 0.22119140625 0.1171875 0.23486328125 0.1298828125 0.25146484375 0.134765625 0.26708984375 0.15234375 0.27783203125 0.1533203125 0.29345703125 0.1318359375 0.3037109375 0.12939453125 0.306640625 0.11376953125 0.3203125 0.10107421875 0.3203125 0.09521484375 0.30224609375 0.0966796875 0.28759765625 0.0927734375 0.27783203125 0.0888671875 0.26611328125 0.0771484375 0.25146484375 0.072265625 0.24951171875 0.0615234375 0.21533203125 0.056640625 0.18896484375 0.0595703125 0.14599609375 0.0771484375 0.12646484375 0.078125 0.109375 0.09423828125 0.107421875 0.10302734375 0.09814453125 0.1083984375 0.08251953125 0.111328125 0.05224609375 0.1025390625 0.04345703125 0.10546875 0.00048828125 0.1015625 0 0.17724609375 0.0029296875 0.17724609375 0.09033203125 0.1611328125 0.10205078125 0.1552734375 0.13330078125 0.1689453125 0.15966796875 0.169921875