1 0.341796875 0.529296875 0.19140625 0.140625
1 0.119140625 0.6865234375 0.07421875 0.09375
1 0.7158203125 0.5869140625 0.107421875 0.095703125
1 0.5185546875 0.5029296875 0.12109375 0.109375
1 0.6875 0.857421875 0.255859375 0.21484375
1 0.923828125 0.267578125 0.03515625 0.044921875
1 0.4833984375 0.6953125 0.130859375 0.13671875
1 0.71875 0.697265625 0.322265625 0.171875
1 0.287109375 0.6845703125 0.103515625 0.123046875
1 0.78515625 0.2529296875 0.041015625 0.04296875
1 0.9833984375 0.2685546875 0.033203125 0.037109375
1 0.529296875 0.2509765625 0.044921875 0.029296875
1 0.671875 0.2451171875 0.05078125 0.033203125
1 0.3232421875 0.212890625 0.03515625 0.03125
0 1 0.36671807421875 0.997838677734375 0.36668034765625 0.9515112421875 0.34761333984375 0.91806548046875 0.346015189453125 0.906999494140625 0.340750265625 0.889672240234375 0.34551958203125 0.883464072265625 0.352511693359375 0.860087951171875 0.355146720703125 0.837920578125 0.3466449609375 0.8055419609375 0.342022376953125 0.782449046875 0.328432697265625 0.7662774375 0.325107359375 0.71046959765625 0.3261619375 0.7058621484375 0.328617396484375 0.708762681640625 0.336782853515625 0.705133873046875 0.3412841015625 0.697555091796875 0.339630283203125 0.701823671875 0.327532552734375 0.694244890625 0.325878734375 0.694512958984375 0.339577181640625 0.686845677734375 0.3429935859375 0.683125802734375 0.32365594140625 0.6699432265625 0.32342583984375 0.667007294921875 0.317288474609375 0.6517789296875 0.318037015625 0.63736990625 0.329957744140625 0.63110607421875 0.311082873046875 0.611376458984375 0.308202609375 0.60948997265625 0.3000548515625 0.604740921875 0.31062266796875 0.611644529296875 0.321901056640625 0.5938191015625 0.326154501953125 0.55633486328125 0.323471505859375 0.53959031640625 0.31684228125 0.53148887890625 0.281853203125 0.4685931796875 0.3005551640625 0.40580401171875 0.26777948046875 0.405700912109375 0.26864634375 0.248895291015625 0.2729619453125 0.172535392578125 0.246285322265625 0.127763560546875 0.224912025390625 0.081145595703125 0.218554357421875 0.080800095703125 0.23834813671875 0.00447719921875 0.239138017578125 0 0.495636568359375 0 0.76446260546875 0.00336519921875 0.767742474609375 0 0.769020888671875 0 0.98665477734375 0.006278935546875 0.99145823046875 0.495636576171875 1 0.991348630859375 1 0.9999534765625 0.50702878125 0.989061412109375 0.49179976953125 1 0.485054265625 1 0.36671807421875
0 0.22000615234375 0.47279691796875 0.216695947265625 0.459045369140625 0.201591486328125 0.452695599609375 0.204223947265625 0.44716260546875 0.208209322265625 0.451289583984375 0.214897962890625 0.445827392578125 0.212442501953125 0.44121994140625 0.171933830078125 0.437469798828125 0.155567521484375 0.445298951171875 0.151832513671875 0.45588446484375 0.138526037109375 0.462752673828125 0.135023697265625 0.489064724609375 0.129882673828125 0.493032400390625 0.135896140625 0.497194779296875 0.13472279296875 0.506303478515625 0.130613515625 0.5092748125 0.1330689765625 0.51388226171875 0.11677346484375 0.517655234375 0.10924778515625 0.51295928515625 0.1088204140625 0.508387234375 0.09158166015625 0.50808633203125 0.092507203125 0.51317425390625 0.08345160546875 0.508958771484375 0.078239783203125 0.516982626953125 0.061375298828125 0.52429590625 0.064346630859375 0.52840518359375 0.056021875 0.54043211328125 0.060024951171875 0.543545046875 0.063709423828125 0.564910779296875 0.05951164453125 0.57295233203125 0.060242484375 0.5891947421875 0.067092994140625 0.603515263671875 0.0800808671875 0.614899853515625 0.08481478515625 0.634255197265625 0.071278205078125 0.65430598046875 0.0709065 0.675600912109375 0.034545072265625 0.6957604609375 0.02581064453125 0.702201298828125 0.02573984375 0.7062574765625 0.031717908203125 0.71244794140625 0.03161170703125 0.718532208984375 0.050167974609375 0.730521173828125 0.065575908203125 0.74854130078125 0.068405638671875 0.76076293359375 0.064938701171875 0.785046896484375 0.068408205078125 0.789672046875 0.09687224609375 0.7861114765625 0.128219119140625 0.79173040234375 0.137416318359375 0.78783352734375 0.1462746484375 0.774294380859375 0.15447550390625 0.769365759765625 0.166482166015625 0.74979544921875 0.174594521484375 0.74993705078125 0.190518326171875 0.7674590078125 0.226776119140625 0.7822928359375 0.234729171875 0.7915608359375 0.260330650390625 0.8067158359375 0.264568958984375 0.85446441796875 0.27038772265625 0.86978128515625 0.291844521484375 0.889935701171875 0.307927630859375 0.89833126171875 0.318852013671875 0.9117085390625 0.334917421875 0.921118142578125 0.38866176953125 0.92205625390625 0.41216179296875 0.9123229140625 0.431178265625 0.897946724609375 0.441068337890625 0.883411234375 0.469691681640625 0.870724263671875 0.4753839765625 0.864230328125 0.47355058984375 0.853040439453125 0.4823558203125 0.842543427734375 0.49050357421875 0.840656939453125 0.574173646484375 0.870519298828125 0.583158443359375 0.878790953125 0.587325955078125 0.93059571484375 0.6156306953125 0.93616154296875 0.622622802734375 0.942369708984375 0.672116271484375 0.9543915078125 0.6770979921875 0.95955023046875 0.727747107421875 0.963477373046875 0.73948826953125 0.9591177265625 0.74804312890625 0.933908220703125 0.754180494140625 0.9309722890625 0.75546004296875 0.91577932421875 0.766665064453125 0.88402278125 0.7758091640625 0.8831680390625 0.807085236328125 0.89284314453125 0.81018046875 0.889854109375 0.829429611328125 0.891204458984375 0.828327064453125 0.89625698046875 0.835941248046875 0.895882708984375 0.838287939453125 0.8776653125 0.846559595703125 0.868680515625 0.86395251953125 0.802036794921875 0.8743053671875 0.790045265625 0.892659232421875 0.726461376953125 0.893921080078125 0.71228245703125 0.883957638671875 0.701965009765625 0.8841877421875 0.688782435546875 0.89199405859375 0.648344564453125 0.89832612890625 0.63425414453125 0.898591630859375 0.619043478515625 0.8517660234375 0.599460599609375 0.84632153125 0.591757916015625 0.848953994140625 0.586224921875 0.831963044921875 0.5717273984375 0.810792013671875 0.564257384765625 0.79837311328125 0.54933248828125 0.799493359375 0.543265923828125 0.819149607421875 0.52129325390625 0.82266964453125 0.493967158203125 0.83597612109375 0.48709894921875 0.835439982421875 0.459702052734375 0.806566271484375 0.457676529296875 0.791461806640625 0.45132676171875 0.78655088671875 0.442111861328125 0.77436465625 0.44291350390625 0.770450080078125 0.43473034765625 0.757889578125 0.427917806640625 0.75605619140625 0.41672791796875 0.742018873046875 0.407353716796875 0.739242244140625 0.392089953125 0.726628640625 0.38831954296875 0.7186755859375 0.37905154296875 0.710563232421875 0.37890994140625 0.702557080078125 0.37268407421875 0.69341298046875 0.373538818359375 0.682364693359375 0.367259849609375 0.67624502734375 0.369181736328125 0.670266962890625 0.36299126953125 0.662048408203125 0.368933931640625 0.65404225390625 0.36270806640625 0.644809654296875 0.368633029296875 0.637994546875 0.352284419921875 0.6353620859375 0.357817412109375 0.638386517578125 0.35888455859375 0.633725966796875 0.364382150390625 0.6235855234375 0.364205146484375 0.621628236328125 0.3601135703125 0.608819931640625 0.367497650390625 0.60924730078125 0.372069701171875 0.603732009765625 0.368423193359375 0.6056361953125 0.375556904296875 0.595407251953125 0.380450125 0.587562966796875 0.394006970703125 0.583382888671875 0.401034478515625 0.57529080078125 0.428787947265625 0.56262409765625 0.428059671875 0.558444017578125 0.435087181640625 0.530139279296875 0.42952135546875 0.5294084375 0.413278943359375 0.49795536328125 0.413744283203125 0.386089384765625 0.454166572265625 0.38588756640625 0.455926029296875 0.355731029296875 0.459359607421875 0.340348556640625 0.3775195859375 0.321442580078125 0.38193923046875 0.30581794921875 0.3799599140625 0.286871107421875 0.411431494140625 0.290460869140625 0.478021517578125 0.22000615234375 0.47279691796875