1 0.1796875 0.4658203125 0.14453125 0.11328125
1 0.6171875 0.7490234375 0.236328125 0.22265625
1 0.23828125 0.62109375 0.287109375 0.2578125
1 0.609375 0.541015625 0.1328125 0.10546875
1 0.8505859375 0.546875 0.111328125 0.091796875
1 0.1025390625 0.5478515625 0.125 0.111328125
1 0.783203125 0.5595703125 0.09765625 0.099609375
1 0.4482421875 0.44921875 0.1171875 0.095703125
1 0.7275390625 0.55078125 0.078125 0.076171875
1 0.931640625 0.5537109375 0.064453125 0.068359375
1 0.2431640625 0.515625 0.22265625 0.154296875
1 0.3056640625 0.4365234375 0.12890625 0.08984375
1 0.4462890625 0.5888671875 0.16015625 0.15234375
1 0.66796875 0.5224609375 0.0625 0.064453125
1 0.61328125 0.6396484375 0.1875 0.130859375
1 0.75390625 0.5546875 0.119140625 0.091796875
1 0.033203125 0.54296875 0.06640625 0.0859375
1 0.5546875 0.486328125 0.10546875 0.091796875
1 0.728515625 0.71484375 0.21875 0.185546875
1 0.41796875 0.6953125 0.224609375 0.185546875
1 0.4931640625 0.7744140625 0.26171875 0.22265625
1 0.6533203125 0.46875 0.12890625 0.076171875
1 0.7529296875 0.4755859375 0.0859375 0.0703125
1 0.802734375 0.44140625 0.080078125 0.05078125
0 0 0.5100859296875 0.01664491796875 0.5094904140625 0.021692693359375 0.49839475 0.034015556640625 0.502734001953125 0.040461759765625 0.509648013671875 0.125462345703125 0.51375153515625 0.1367919140625 0.512119203125 0.138347939453125 0.50631203515625 0.13477988671875 0.494463794921875 0.117687205078125 0.484697068359375 0.1122783515625 0.47391161328125 0.059685 0.465006021484375 0.0493673515625 0.457054662109375 0.01592276171875 0.46572817578125 0 0.45961312890625 0 0.5100859296875
0 0.10542019921875 0.433691994140625 0.120146591796875 0.425189708984375 0.154679400390625 0.42406923828125 0.204179318359375 0.429033892578125 0.213598595703125 0.4325951328125 0.2334558828125 0.4514014375 0.24507022265625 0.454513490234375 0.253204615234375 0.42609124609375 0.2505281171875 0.39736560546875 0.280265671875 0.385105416015625 0.302906185546875 0.397396029296875 0.3144001640625 0.393214375 0.334535408203125 0.395497544921875 0.43039094140625 0.3900614296875 0.44394100390625 0.393692158203125 0.449021029296875 0.409576259765625 0.47295823046875 0.417027564453125 0.497483595703125 0.41841236328125 0.50411283203125 0.407221775390625 0.530592541015625 0.393569974609375 0.546495263671875 0.372934673828125 0.559380853515625 0.365495173828125 0.579895794921875 0.374104189453125 0.5999106796875 0.36909365234375 0.609848634765625 0.37071916796875 0.625334419921875 0.374868572265625 0.63926417578125 0.384825142578125 0.642028783203125 0.3938647265625 0.652510845703125 0.399266763671875 0.6443001484375 0.410552275390625 0.6362284296875 0.41357621875 0.642561087890625 0.434464041015625 0.690574470703125 0.441105080078125 0.72640396484375 0.435145302734375 0.748683400390625 0.425554796875 0.78515193359375 0.424953 0.8148963046875 0.43396033203125 0.8336145 0.433789103515625 0.8416421640625 0.4406081875 0.841787958984375 0.453614140625 0.860158708984375 0.47409683203125 0.866838814453125 0.474330734375 0.876630974609375 0.462950296875 0.91437757421875 0.47306446875 0.9340636328125 0.473152578125 0.9398453671875 0.468996361328125 0.9532428203125 0.4383536171875 0.98566867578125 0.4179962734375 0.991424974609375 0.408127810546875 0.981936208984375 0.40869735546875 0.9789885703125 0.41776237109375 0.96524866015625 0.410968720703125 0.964938451171875 0.400512091796875 0.959061794921875 0.403086849609375 0.956676884765625 0.40037311328125 0.95099007421875 0.40611079296875 0.911048412109375 0.39644580859375 0.900212087890625 0.390430171875 0.897188142578125 0.382358451171875 0.884605943359375 0.3789870625 0.883309255859375 0.383826369140625 0.860080576171875 0.377602263671875 0.84808654296875 0.3681643671875 0.833878826171875 0.3747309296875 0.82252382421875 0.370651013671875 0.816336958984375 0.36276914453125 0.77103731640625 0.353743193359375 0.757158427734375 0.355211111328125 0.691223482421875 0.330282439453125 0.65069365625 0.3266839609375 0.650503806640625 0.3235210390625 0.665609896484375 0.32134459765625 0.6913624609375 0.32202087109375 0.698371396484375 0.31715612890625 0.6712458359375 0.304182427734375 0.634726435546875 0.293359734375 0.614850529296875 0.290108701171875 0.601420826171875 0.2937716796875 0.595715396484375 0.3150646328125 0.562548767578125 0.30721501171875 0.54310342578125 0.32171431640625 0.53117887890625 0.308145634765625 0.51614228125 0.30619129296875 0.507216244140625 0.2949820859375 0.519773009765625 0.29264123046875 0.5550652109375 0.30417244921875 0.56016385546875 0.304501275390625 0.564009869140625 0.2998263828125 0.564053921875 0.289983353515625 0.537826736328125 0.281399775390625 0.541198126953125 0.26881757421875 0.555266865234375 0.270512580078125 0.550497044921875 0.265085107421875 0.558992517578125 0.258543978515625 0.53092453125 0.25102318359375 0.524010521484375 0.25746938671875 0.518722029296875 0.253977638671875 0.502509099609375 0.264156310546875 0.485302875 0.2683633984375 0.500554755859375 0.279192908203125 0.504243169921875 0.298334857421875 0.49678505078125 0.3010045390625 0.4752327578125 0.296266970703125 0.4687425 0.29919598828125 0.46671866796875 0.31836337109375 0.459804658203125 0.324809576171875 0.46509315234375 0.328301326171875 0.46379646484375 0.3331406328125 0.44059322265625 0.332628771484375 0.41033017578125 0.3255571640625 0.381623158203125 0.312678388671875 0.37961112890625 0.2950229765625 0.360297951171875 0.279993193359375 0.35247875390625 0.260781755859375 0.366091490234375 0.239014181640625 0.400036134765625 0.243960216796875 0.4178305234375 0.233686623046875 0.401541291015625 0.22672855859375 0.396746037109375 0.21558883984375 0.399503828125 0.20336090234375 0.381633134765625 0.19649776171875 0.377597275390625 0.198009734375 0.377458296875 0.206271302734375 0.369810328125 0.2057780625 0.37240370703125 0.1960994453125 0.361048705078125 0.19201953125 0.351326033203125 0.19926918359375 0.347410533203125 0.208074861328125 0.329919537109375 0.207537568359375 0.3159202890625 0.20171177734375 0.311030111328125 0.188990599609375 0.2994157734375 0.185878546875 0.29672065625 0.172708181640625 0.26987987109375 0.16447886328125 0.263604896484375 0.17628305078125 0.257797724609375 0.174727025390625 0.253616072265625 0.163233044921875 0.23787094921875 0.160051501953125 0.22489043359375 0.16590954296875 0.1913949765625 0.16315856640625 0.16830527734375 0.14867289453125 0.143330724609375 0.14509303515625 0.131077353515625 0.136623 0.11146078515625 0.132404107421875 0.103067052734375 0.16179421484375 0.073058216796875 0.161516771484375 0.00164578515625 0.42803159375 0.01784485546875 0.423711814453125 0.03384931640625 0.425925494140625 0.043717779296875 0.43168179296875 0.055477912109375 0.447799796875 0.0805660078125 0.43740584375 0.10542019921875 0.433691994140625
0 1 0.52609010546875 0.998803626953125 0.5257695390625 0.970691587890625 0.5280917734375 0.961323181640625 0.535955025390625 0.9683389296875 0.55235780078125 0.950975107421875 0.580381732421875 0.9210917578125 0.579635966796875 0.894700158203125 0.5736017109375 0.853443189453125 0.584331306640625 0.840221955078125 0.57560193359375 0.8264125546875 0.572939068359375 0.8174678984375 0.57728513671875 0.807346912109375 0.593764216796875 0.77694488671875 0.59495417578125 0.764622025390625 0.59061492578125 0.743278201171875 0.57348500390625 0.6490736171875 0.57469541015625 0.6900594453125 0.60175646875 0.704855326171875 0.5891233984375 0.730279064453125 0.594898318359375 0.734720056640625 0.605424435546875 0.749636296875 0.600085072265625 0.760991296875 0.604164986328125 0.764110166015625 0.613818166015625 0.75929629296875 0.61823372265625 0.743671529296875 0.622345888671875 0.7218598984375 0.618576181640625 0.72020894921875 0.622801888671875 0.777629802734375 0.669826962890625 0.790730677734375 0.671262630859375 0.808689482421875 0.658439712890625 0.82972309765625 0.66511300390625 0.836972748046875 0.674835671875 0.835865908203125 0.682837904296875 0.84784132421875 0.70783107421875 0.84376141015625 0.71918607421875 0.83113515625 0.72565771484375 0.814093345703125 0.72731548046875 0.80238408203125 0.72262196484375 0.801441654296875 0.728074873046875 0.812891580078125 0.73373625 0.808691306640625 0.73779754296875 0.808811666015625 0.74509125 0.813442505859375 0.758780291015625 0.804972470703125 0.7710336640625 0.7302454765625 0.784724529296875 0.711786619140625 0.783927896484375 0.6997993984375 0.795757517578125 0.705277740234375 0.802412189453125 0.697206021484375 0.805436134765625 0.68704098046875 0.831758244140625 0.629804986328125 0.84598640625 0.6251809609375 0.853564884765625 0.629881291015625 0.863123140625 0.62232824609375 0.86421136328125 0.626130203125 0.86937949609375 0.592141505859375 0.874276490234375 0.528711828125 0.85935526171875 0.508196888671875 0.85074624609375 0.501042162109375 0.842605037109375 0.48652423828125 0.838714970703125 0.477276189453125 0.8538719296875 0.43759386328125 0.84323908203125 0.425081154296875 0.835736908203125 0.40819694140625 0.81357783203125 0.384019021484375 0.791539115234375 0.373840349609375 0.7753261875 0.3552611328125 0.76723584765625 0.324326802734375 0.7278264921875 0.3163940625 0.722588869140625 0.3002251875 0.72292451171875 0.299377685546875 0.72995887890625 0.3057543984375 0.741003673828125 0.3020033125 0.74726002734375 0.29357733203125 0.74967037109375 0.283639376953125 0.74804485546875 0.28019168359375 0.7434903203125 0.2830443984375 0.732843845703125 0.291634794921875 0.727884177734375 0.29441801953125 0.721368484375 0.287098876953125 0.715776599609375 0.24003473828125 0.724950169921875 0.2320579453125 0.72955557421875 0.22368283203125 0.743390408203125 0.22143690234375 0.732415103515625 0.212017625 0.728853865234375 0.199194705078125 0.7108950625 0.1907432890625 0.707593162109375 0.17712373828125 0.708093216796875 0.159329349609375 0.7183668125 0.149537189453125 0.729747248046875 0.1059139296875 0.722207833984375 0.100928830078125 0.7079051953125 0.10236449609375 0.694804318359375 0.107342783203125 0.68783944140625 0.139705962890625 0.692880400390625 0.147303064453125 0.681949150390625 0.161700626953125 0.67854551171875 0.163680404296875 0.66922115625 0.15381194140625 0.663464857421875 0.149440439453125 0.648807955078125 0.141248361328125 0.644538193359375 0.13520047265625 0.628394751953125 0.126913470703125 0.622543529296875 0.126888037109375 0.61683128515625 0.11695008203125 0.61520576953125 0.0959673359375 0.619956966796875 0.0846123359375 0.615877052734375 0.073067486328125 0.608634216796875 0.06975876953125 0.595818115234375 0.05882751953125 0.588221015625 0.054905205078125 0.57575917578125 0.0181773359375 0.577328830078125 0 0.572458228515625 0 0.883663494140625 0.434173751953125 1 0.883663494140625 1 1 0.56582624609375 1 0.563267904296875 0.998342638671875 0.56039726953125 1 0.55879474609375 1 0.52609010546875