1 0.396484375 0.841796875 0.16796875 0.1875
1 0.369140625 0.375 0.072265625 0.068359375
1 0.49609375 0.857421875 0.119140625 0.1484375
1 0.951171875 0.7265625 0.029296875 0.0625
1 0.1923828125 0.5966796875 0.1484375 0.142578125
1 0.845703125 0.6494140625 0.072265625 0.080078125
1 0.4013671875 0.4423828125 0.078125 0.076171875
1 0.453125 0.494140625 0.10546875 0.09375
1 0.31640625 0.6357421875 0.1484375 0.146484375
1 0.271484375 0.3583984375 0.068359375 0.064453125
1 0.76953125 0.6123046875 0.091796875 0.0703125
1 0.306640625 0.7236328125 0.1328125 0.1328125
1 0.5029296875 0.552734375 0.091796875 0.095703125
1 0.57421875 0.5478515625 0.0859375 0.064453125
1 0.740234375 0.51953125 0.064453125 0.06640625
1 0.7177734375 0.9404296875 0.208984375 0.119140625
1 0.5771484375 0.91015625 0.244140625 0.1796875
1 0.474609375 0.4111328125 0.1015625 0.076171875
1 0.8291015625 0.4296875 0.06640625 0.0625
1 0.4482421875 0.25390625 0.0703125 0.060546875
1 0.583984375 0.732421875 0.17578125 0.15625
1 0.6806640625 0.7880859375 0.142578125 0.13671875
1 0.59375 0.80859375 0.111328125 0.11328125
1 0.779296875 0.8515625 0.119140625 0.138671875
0 0.829047353515625 0.681563494140625 0.80926664453125 0.676631609375 0.804195181640625 0.681449099609375 0.809275041015625 0.689903408203125 0.835824232421875 0.69873448046875 0.844027361328125 0.7079675078125 0.845074048828125 0.717074943359375 0.831040322265625 0.746750201171875 0.836259763671875 0.770167728515625 0.817266171875 0.77538437109375 0.805046658203125 0.79334806640625 0.835377845703125 0.8158388984375 0.870252955078125 0.82232262109375 0.890296033203125 0.83063734765625 0.9194577421875 0.8556011171875 0.924831033203125 0.862878541015625 0.9525390234375 0.751747859375 0.918860240234375 0.7338131953125 0.915734171875 0.72861054296875 0.904022611328125 0.72679633203125 0.854563849609375 0.703406791015625 0.85195692578125 0.696121962890625 0.829047353515625 0.681563494140625
0 0.544810314453125 1 0.535184337890625 0.99532823046875 0.52216371875 0.981023740234375 0.470876751953125 0.947226099609375 0.465660109375 0.928232505859375 0.44951901953125 0.917573228515625 0.429481537109375 0.9181063671875 0.403733453125 0.94154348046875 0.39461762109375 0.92931837109375 0.317032642578125 0.87237676953125 0.29960208203125 0.88019473828125 0.235297294921875 0.8365165390625 0.23125012890625 0.8150500078125 0.234351009765625 0.78043726953125 0.23745469140625 0.750248462890625 0.24680211328125 0.717193162109375 0.269306935546875 0.708981634765625 0.28035976953125 0.69791480859375 0.26278403125 0.6819216953125 0.240787162109375 0.670355310546875 0.241027146484375 0.638346697265625 0.253511828125 0.6281897734375 0.24375126171875 0.625203287109375 0.226058330078125 0.629638412109375 0.198484841796875 0.647091359375 0.16934551953125 0.657519046875 0.161792720703125 0.647895263671875 0.120006748046875 0.61812519921875 0.124405494140625 0.57830701171875 0.165641541015625 0.561496001953125 0.1739702578125 0.563572583984375 0.222884689453125 0.549228916015625 0.2366784296875 0.5515622734375 0.260511900390625 0.586808552734375 0.26156698046875 0.60918778515625 0.26898859375 0.6171201484375 0.3155612734375 0.603298423828125 0.346779978515625 0.58896594921875 0.357447650390625 0.58609665625 0.373063998046875 0.589990248046875 0.400121138671875 0.579043412109375 0.43136502734375 0.604526328125 0.424487748046875 0.634327173828125 0.450135427734375 0.657861892578125 0.45937405078125 0.658506626953125 0.471710755859375 0.62011469140625 0.466918453125 0.654858615234375 0.469916134765625 0.662793775390625 0.485130529296875 0.648341310546875 0.516086861328125 0.6306259921875 0.5197236796875 0.620474666015625 0.5044924921875 0.608383541015625 0.503705380859375 0.598235013671875 0.48809183203125 0.598765353515625 0.474295291015625 0.5920080625 0.456699966796875 0.545047423828125 0.4484968359375 0.5358143984375 0.401379826171875 0.511902912109375 0.401234646484375 0.48809183203125 0.41371653125 0.4735109765625 0.413322974609375 0.468436712890625 0.399272458984375 0.471568376953125 0.374543078125 0.459873607421875 0.368168150390625 0.461048681640625 0.37308884375 0.42357224609375 0.382453052734375 0.417060537109375 0.3814063671875 0.407953099609375 0.38869399609375 0.409770109375 0.3877896875 0.420049822265625 0.42343512109375 0.41013848046875 0.432277388671875 0.401285017578125 0.448410083984375 0.3986725 0.45179012890625 0.393986197265625 0.403637623046875 0.378663001953125 0.38933873046875 0.400531486328125 0.367741013671875 0.40288723046875 0.35654859765625 0.39899083984375 0.33780618359375 0.38989459765625 0.336631109375 0.383519671875 0.339737587890625 0.357754794921875 0.355348337890625 0.352800525390625 0.352613029296875 0.348248205078125 0.33803776953125 0.344614185546875 0.338294544921875 0.3391491640625 0.315650142578125 0.33239746875 0.31565294140625 0.33682140234375 0.3286651640625 0.33785409765625 0.330359384765625 0.34214684375 0.32333692578125 0.348136607421875 0.323342521484375 0.35698447265625 0.31398390625 0.372344046875 0.30149362890625 0.373653103515625 0.2983871484375 0.399417978515625 0.293834828125 0.4021532890625 0.2818636953125 0.401380166015625 0.258954123046875 0.38682169921875 0.230322751953125 0.37747148046875 0.23278169921875 0.356521294921875 0.223269509765625 0.334797990234375 0.219364724609375 0.332718607421875 0.203237625 0.3441789921875 0.1679717578125 0.3370449375 0.168208943359375 0.300612388671875 0.16443254296875 0.295800498046875 0.150898375 0.29242605078125 0.1460752890625 0.278506720703125 0.147632724609375 0.272260181640625 0.166495134765625 0.2653521171875 0.180280478515625 0.2544136796875 0.14514019921875 0.240123177734375 0.131078490234375 0.225559115234375 0.101665603515625 0.214908234375 0.090461994140625 0.19331611328125 0.075886736328125 0.18968209375 0.07170838671875 0.166524140625 0.067994685546875 0.1658959296875 0 0.43860771875 0 0.890642814453125 0.438607716796875 1 0.544810314453125 1
0 0.97320017578125 0.451557857421875 0.97813765625 0.440625015625 0.956400357421875 0.42801754296875 0.950033828125 0.4424644140625 0.957064681640625 0.4497464453125 0.95628876171875 0.457293646484375 0.97320017578125 0.451557857421875
0 0.860659271484375 0.466071890625 0.88511508984375 0.45668808984375 0.908806177734375 0.472547220703125 0.9417218984375 0.466931423828125 0.9350818046875 0.46029972265625 0.925455220703125 0.463428587890625 0.907756693359375 0.459015849609375 0.897599771484375 0.44653116796875 0.8606368828125 0.43068043359375 0.84491173828125 0.460486876953125 0.84699671484375 0.465429955078125 0.860659271484375 0.466071890625
0 1 0.49937986328125 0.98662834375 0.4930562734375 0.962423705078125 0.4881271875 0.9606066953125 0.49541481640625 0.971930294921875 0.50100262890625 0.959456806640625 0.52885528125 0.97794524609375 0.547840478515625 0.985623634765625 0.5503078203125 0.996414095703125 0.535858150390625 1 0.5339861640625 1 0.49937986328125
0 0.64472128125 0.551564388671875 0.65265364453125 0.544142775390625 0.645876767578125 0.5269717890625 0.652366087890625 0.500944544921875 0.649103236328125 0.485202607421875 0.63544068359375 0.484560671875 0.623352353515625 0.504215791015625 0.5944670078125 0.5047545234375 0.568830521484375 0.498915533203125 0.57612094921875 0.5051564765625 0.571309056640625 0.508932875 0.5822418984375 0.513870357421875 0.59968925 0.532595982421875 0.612961044921875 0.5325875859375 0.639906591796875 0.55091685546875 0.64472128125 0.551564388671875
0 0.54200496875 0.46458195703125 0.547464392578125 0.4559908671875 0.540430740234375 0.444284904296875 0.54198537890625 0.433614431640625 0.573078494140625 0.4264383984375 0.57829793359375 0.44985592578125 0.59364911328125 0.4459427421875 0.603018919921875 0.4482788984375 0.627229158203125 0.462055849609375 0.6291745546875 0.452035708984375 0.634377205078125 0.448909640625 0.618364501953125 0.435517853515625 0.591818111328125 0.4311107109375 0.57281332421875 0.418631625 0.566296017578125 0.40041955078125 0.5363611875 0.3874269140625 0.52426446484375 0.393810236328125 0.529997453125 0.40629771875 0.520633244140625 0.41280942578125 0.514657470703125 0.42790662890625 0.522079083984375 0.435838990234375 0.531317705078125 0.4364837265625 0.528462404296875 0.447935712890625 0.520915205078125 0.44715979296875 0.52248103515625 0.454185052734375 0.51858184765625 0.460953533203125 0.54200496875 0.46458195703125
0 0.423113984375 0.3138530625 0.435738248046875 0.318659357421875 0.429220943359375 0.30044728125 0.440273775390625 0.289380453125 0.487907134765625 0.306785828125 0.4929813984375 0.306392271484375 0.494016890625 0.297803978515625 0.4777474140625 0.289877212890625 0.476309966796875 0.2801194453125 0.47123290625 0.276089068359375 0.466292626953125 0.28259798046875 0.453542775390625 0.284948126953125 0.4410496953125 0.28183325390625 0.4371505078125 0.288601736328125 0.412169947265625 0.2912198515625 0.39993644140625 0.287063888671875 0.395124548828125 0.290840287109375 0.399046126953125 0.319463263671875 0.423113984375 0.3138530625