1 0.287109375 0.388671875 0.09375 0.107421875
1 0.392578125 0.357421875 0.11328125 0.130859375
1 0.0205078125 0.51171875 0.041015625 0.1328125
1 0.654296875 0.2744140625 0.1015625 0.1015625
1 0.365234375 0.1884765625 0.068359375 0.05859375
1 0.685546875 0.3583984375 0.134765625 0.138671875
1 0.3037109375 0.2529296875 0.109375 0.115234375
1 0.6787109375 0.1962890625 0.125 0.11328125
1 0.4990234375 0.583984375 0.2109375 0.181640625
1 0.20703125 0.19921875 0.07421875 0.078125
1 0.4404296875 0.1630859375 0.06640625 0.072265625
1 0.7744140625 0.279296875 0.099609375 0.078125
1 0.4619140625 0.541015625 0.32421875 0.259765625
1 0.19921875 0.4560546875 0.130859375 0.09375
1 0.044921875 0.3095703125 0.08984375 0.087890625
1 0.5712890625 0.17578125 0.08203125 0.046875
0 1 0.443032193359375 0.98519859375 0.3789202578125 0.984817751953125 0.37957158984375 0.970153517578125 0.38508194921875 0.92530653515625 0.3933108359375 0.88992478515625 0.391917517578125 0.876345759765625 0.386021857421875 0.857951736328125 0.333959841796875 0.853606369140625 0.3312445546875 0.82722541015625 0.332022947265625 0.816594537109375 0.322790583984375 0.80363692578125 0.324188443359375 0.79867014453125 0.31417963671875 0.782608701171875 0.3136380078125 0.753357423828125 0.320391197265625 0.7456773046875 0.335444625 0.74932730859375 0.369662033203125 0.757630142578125 0.37571337109375 0.768958322265625 0.374160482421875 0.77276076171875 0.379125966796875 0.75188951171875 0.387662966796875 0.75266595703125 0.393327056640625 0.759649419921875 0.39596450390625 0.773540451171875 0.419318171875 0.79650946484375 0.440576021484375 0.801709763671875 0.458499119140625 0.749338337890625 0.487057626953125 0.7353753046875 0.523216470703125 0.7142718359375 0.537650431640625 0.6888223515625 0.54246348046875 0.6717541875 0.56287158984375 0.66997102734375 0.57815723828125 0.67260976953125 0.584985021484375 0.680214 0.5880103671875 0.72273359375 0.583506076171875 0.74352830078125 0.5861422265625 0.7536940859375 0.6002628828125 0.752997427734375 0.617953759765625 0.702408513671875 0.62432099609375 0.6871241640625 0.636349080078125 0.632889140625 0.6499326484375 0.627459216796875 0.66552900390625 0.63615384375 0.71239331640625 0.625757787109375 0.724886486328125 0.61357662109375 0.7319484375 0.604032900390625 0.732026927734375 0.58323689453125 0.71557953125 0.571675845703125 0.716123755859375 0.53257208984375 0.740025541015625 0.51092439453125 0.742898453125 0.492147015625 0.73979656640625 0.475389560546875 0.76385143359375 0.44947563671875 0.780458400390625 0.43357116796875 0.7990042109375 0.385777978515625 0.831286669921875 0.370105078125 0.837029896484375 0.296161201171875 0.84347691796875 0.261708978515625 0.825401388671875 0.255811373046875 0.818263546875 0.258289248046875 0.76457015234375 0.269304775390625 0.7386536328125 0.288932544921875 0.708623966796875 0.29087138671875 0.69861451171875 0.286990458984375 0.684105306640625 0.274187876953125 0.683873736328125 0.261773841796875 0.689927021484375 0.25634326953125 0.69861775390625 0.230739404296875 0.711965859375 0.208240021484375 0.734159078125 0.1844978046875 0.741765251953125 0.11070830859375 0.739677220703125 0.1008525859375 0.722297701171875 0.083471119140625 0.711436556640625 0.07780378515625 0.677684884765625 0.07943126953125 0.657123046875 0.093705658203125 0.631516583984375 0.100996583984375 0.60327267578125 0.122719521484375 0.575415369140625 0.1317183671875 0.556870208984375 0.115808708984375 0.520171033203125 0.104243767578125 0.479281517578125 0.092605529296875 0.48409326953125 0.09687565234375 0.511792953125 0.08795399609375 0.5260705859375 0.03884078515625 0.548033529296875 0.02479796875 0.56083741015625 0.009978056640625 0.561071576171875 0.0019699453125 0.565500572265625 0.102282041015625 1 0.556967802734375 1 1 0.897717958984375 1 0.443032193359375
0 0.5586656796875 0.15816613671875 0.560525384765625 0.131707337890625 0.53554098828125 0.13163209375 0.507996982421875 0.141178408203125 0.513196634765625 0.1521958828125 0.52794000390625 0.163134865234375 0.538337359375 0.16445294140625 0.5586656796875 0.15816613671875
0 0.5909307578125 0 0.50030453515625 0.02502499609375 0.476406642578125 0.02735498046875 0.4712082890625 0.03014875390625 0.465778365234375 0.045745111328125 0.437381375 0.060800484375 0.427838951171875 0.07469021875 0.4074327890625 0.07833892578125 0.401847189453125 0.08865908984375 0.407823283203125 0.10534065234375 0.394013984375 0.1260588203125 0.353045982421875 0.128080041015625 0.293767634765625 0.142827953125 0.2857755078125 0.140423375 0.249463580078125 0.14880664453125 0.2406950078125 0.140737974609375 0.2400729453125 0.12653883203125 0.257840361328125 0.116062341796875 0.27320319921875 0.113577974609375 0.2794867578125 0.09937818359375 0.288254033203125 0.093635603515625 0.27979487109375 0.075402451171875 0.26590578515625 0.07276565234375 0.254967451171875 0.09441464453125 0.23906168359375 0.09914920703125 0.228353623046875 0.094184373046875 0.20468859765625 0.09752301953125 0.200264744140625 0.085264013671875 0.19638511328125 0.084566056640625 0.138891228515625 0.09783956640625 0.12818446484375 0.106685978515625 0.11887361328125 0.107773130859375 0.11491614453125 0.104437078125 0.104907986328125 0.116309482421875 0.099941853515625 0.113206298828125 0.093735484375 0.123138564453125 0.090864521484375 0.12220773828125 0.092959041015625 0.117474474609375 0.08907941015625 0.116776517578125 0.083027421875 0.118173728515625 0.07736398046875 0.125855796875 0.071389185546875 0.122985482421875 0.063552734375 0.12585709375 0.0635520859375 0.11895147265625 0.05943958984375 0.117244849609375 0 0.130967560546875 0 0.233047017578125 0.005214947265625 0.241318388671875 0.012119271484375 0.227506494140625 0.014212494140625 0.208961982421875 0.025850083984375 0.197244607421875 0.04167930859375 0.203683197265625 0.050137822265625 0.2150107265625 0.0537067421875 0.212061923828125 0.059681541015625 0.214932240234375 0.06899109375 0.20003383984375 0.0789220625 0.192428962890625 0.085595466796875 0.1983252734375 0.103984947265625 0.20204792578125 0.11911686328125 0.219271765625 0.13541117578125 0.220822060546875 0.144720080078125 0.199018037109375 0.151857921875 0.1931204296875 0.152321712890625 0.174420890625 0.17296074609375 0.171780849609375 0.1852216953125 0.18807386328125 0.225801150390625 0.17976778515625 0.23612261328125 0.1991646328125 0.23876265625 0.219803662109375 0.2490828203125 0.225389265625 0.262661197265625 0.224379302734375 0.27406526953125 0.204747640625 0.29012671484375 0.205289271484375 0.3494096015625 0.238880720703125 0.35204834765625 0.245708505859375 0.360739080078125 0.251139078125 0.36159336328125 0.259441263671875 0.35639566015625 0.26914066015625 0.361594662109375 0.273252509765625 0.3932511640625 0.26541281640625 0.400776904296875 0.258894443359375 0.402172818359375 0.251135185546875 0.383394140625 0.234222052734375 0.39208228125 0.2120301328125 0.38975359375 0.201943484375 0.355614025390625 0.2082315859375 0.33823320703125 0.2042760625 0.3347401796875 0.18914609375 0.33846283203125 0.170756611328125 0.363446580078125 0.163926232421875 0.386181427734375 0.170364171875 0.389051095703125 0.157483751953125 0.39727544140625 0.15399137109375 0.40123161328125 0.1435161796875 0.4550008984375 0.12791528125 0.46276015625 0.1293111953125 0.465087544921875 0.125586595703125 0.47292529296875 0.136526228515625 0.49162418359375 0.130084396484375 0.503883837890625 0.1325661640625 0.535385310546875 0.12635590234375 0.560213380859375 0.11424933203125 0.58643866015625 0.108194748046875 0.592955736328125 0.1019092421875 0.5938846171875 0.078321408203125 0.600013794921875 0.072656669921875 0.59939237890625 0.0653631484375 0.612737240234375 0.0564388984375 0.63415206640625 0.052557322265625 0.642998478515625 0.063264087890625 0.646334529296875 0.059306619140625 0.66293890234375 0.05759805078125 0.66751713671875 0.061322001953125 0.68078869921875 0.098099017578125 0.686064244140625 0.09103771484375 0.684821412109375 0.07645067578125 0.7051484375 0.056352623046875 0.71756376953125 0.064110583984375 0.7293576875 0.064575025390625 0.742548814453125 0.071091453125 0.751858369140625 0.056193052734375 0.76341941796875 0.055648828125 0.77280940234375 0.071011017578125 0.7851468984375 0.0761308828125 0.794844998046875 0.067517341796875 0.79647378125 0.06076674609375 0.806793294921875 0.059446724609375 0.819517390625 0.050134578125 0.84628819140625 0.0694522890625 0.8787224375 0.081087931640625 0.907277703125 0.098931244140625 0.9195741328125 0.094669494140625 0.906267951171875 0.037034087890625 0.897573115234375 0.038488552734375 0.886089255859375 0.034765251953125 0.8749939453125 0.037326806640625 0.870570740234375 0.031973423828125 0.857690318359375 0.029103755859375 0.849231806640625 0.017776224609375 0.84333484765625 0.017544005859375 0.847601076171875 0.00380994921875 0.85221223828125 0 0.607533130859375 0 0.60520566015625 0.0008066640625 0.599995775390625 0 0.5909307578125 0