1 0.8828125 0.3330078125 0.109375 0.107421875
1 0.369140625 0.5322265625 0.111328125 0.087890625
1 0.279296875 0.2900390625 0.044921875 0.05078125
1 0.4833984375 0.51953125 0.13671875 0.111328125
1 0.5 0.6630859375 0.212890625 0.171875
1 0.755859375 0.84375 0.341796875 0.275390625
1 0.2421875 0.3857421875 0.0625 0.0625
1 0.52734375 0.5537109375 0.1484375 0.140625
1 0.791015625 0.431640625 0.1953125 0.1328125
1 0.7333984375 0.4912109375 0.1796875 0.1484375
1 0.68359375 0.5302734375 0.12109375 0.103515625
1 0.9130859375 0.6435546875 0.173828125 0.267578125
1 0.841796875 0.6845703125 0.26171875 0.216796875
1 0.486328125 0.8232421875 0.140625 0.123046875
1 0.3701171875 0.8828125 0.287109375 0.234375
1 0.275390625 0.6513671875 0.1875 0.177734375
1 0.365234375 0.6904296875 0.10546875 0.115234375
1 0.560546875 0.2021484375 0.0390625 0.046875
0 1 0.784357552734375 0.996626875 0.8039890234375 0.98840828515625 0.8162369296875 0.9654136171875 0.82304369921875 0.94141366015625 0.821512669921875 0.908818466796875 0.828566009765625 0.931918759765625 0.854476357421875 0.930268521484375 0.867233701171875 0.914861080078125 0.861413203125 0.88655535546875 0.877059060546875 0.87240792578125 0.876292189453125 0.86646550390625 0.884751912109375 0.87151641015625 0.8877868046875 0.872901064453125 0.8954932421875 0.868102158203125 0.893469076171875 0.865571271484375 0.900541431640625 0.861024369140625 0.89952798828125 0.84535134375 0.914171271484375 0.83079862890625 0.932829453125 1 0.890642814453125 1 0.784357552734375
0 1 0.43860771875 0.984565109375 0.376701751953125 0.98413849609375 0.377143603515625 0.964176005859375 0.383194369140625 0.94850298046875 0.397837650390625 0.94850026171875 0.40213255078125 0.9358675625 0.403135126953125 0.9279172734375 0.3906243515625 0.927421419921875 0.37571819921875 0.93880226171875 0.356777298828125 0.926806359375 0.349569431640625 0.9149296640625 0.353604181640625 0.909618603515625 0.362443267578125 0.883087759765625 0.367984595703125 0.867431037109375 0.35685847265625 0.844569162109375 0.353433353515625 0.83825824609375 0.345344837890625 0.83473293359375 0.32689979296875 0.835120447265625 0.313383724609375 0.862916734375 0.304306220703125 0.88692755859375 0.288657646484375 0.9114288046875 0.29650502734375 0.922286625 0.305606982421875 0.9488066015625 0.317245259765625 0.96924373828125 0.31525109375 0.922651373046875 0.128379322265625 0.90496369140625 0.132789357421875 0.903698248046875 0.13632553515625 0.889550818359375 0.135558662109375 0.879440853515625 0.14237358203125 0.862261251953125 0.14236271484375 0.845582935546875 0.14866819921875 0.831690224609375 0.1446171484375 0.793033400390625 0.148887599609375 0.788741216796875 0.14458998046875 0.777877962890625 0.144077826171875 0.766505271484375 0.150134025390625 0.765743833984375 0.15569165234375 0.759679484375 0.1572036640625 0.756398025390625 0.152654044921875 0.749572236328125 0.15972368359375 0.741995876953125 0.15517134765625 0.731384626953125 0.15566991796875 0.728853740234375 0.1627422734375 0.72076794140625 0.1647582890625 0.717982333984375 0.175114822265625 0.700038576171875 0.184956484375 0.696757115234375 0.18040686328125 0.68349576953125 0.17673517578125 0.6783229375 0.1667525703125 0.664039998046875 0.18051248828125 0.66503985546875 0.197440087890625 0.687148439453125 0.1935381328125 0.71961083984375 0.196716685546875 0.718470037109375 0.202905677734375 0.708866794921875 0.20744714453125 0.70532518359375 0.21477150390625 0.660853296875 0.22585958984375 0.655924314453125 0.2297724140625 0.656552962890625 0.23444667578125 0.596158763671875 0.254872419921875 0.5770850703125 0.25372346875 0.567628205078125 0.22655854296875 0.538319904296875 0.22957169921875 0.53503301171875 0.233611880859375 0.522400310546875 0.234614455078125 0.524538251953125 0.24964796875 0.506212416015625 0.264415892578125 0.453148009765625 0.279793447265625 0.44001401953125 0.274479669921875 0.419802244140625 0.27522480859375 0.40540824609375 0.26485741015625 0.394290275390625 0.267629431640625 0.39049666015625 0.273943064453125 0.362700373046875 0.2830205703125 0.35941076171875 0.29135565234375 0.328330298828125 0.300178439453125 0.312668140625 0.297642119140625 0.309248453125 0.311914189453125 0.32149364453125 0.324427681640625 0.35383955078125 0.312068716796875 0.365838171875 0.31498168359375 0.375178546875 0.326609091796875 0.35533526171875 0.343902470703125 0.327790974609375 0.35399069921875 0.325512091796875 0.36207378125 0.3098445 0.36812726171875 0.3108525078125 0.372170162109375 0.2868471171875 0.37922893359375 0.276745302734375 0.373159150390625 0.271691677734375 0.37441916015625 0.2730708984375 0.3907153984375 0.263082859375 0.404478033203125 0.2249300390625 0.410769931640625 0.21811240234375 0.404954869140625 0.202195525390625 0.405702724609375 0.191210345703125 0.39824285546875 0.196903484375 0.384477505859375 0.209286900390625 0.378169306640625 0.21586340234375 0.3657940390625 0.2474505859375 0.354697802734375 0.258438482421875 0.357862771484375 0.262348587890625 0.36708665234375 0.268792298828125 0.36494327734375 0.26273881640625 0.349275685546875 0.26476841796875 0.335886978515625 0.260099587890625 0.32792582421875 0.203501720703125 0.33774303515625 0.192381033203125 0.34480995703125 0.1789787421875 0.364254861328125 0.164324591796875 0.3657614375 0.158010958984375 0.361967826171875 0.14183936328125 0.365999857421875 0.135517580078125 0.3750909453125 0.107970576171875 0.389474076171875 0.09886862109375 0.40033189453125 0.08825465234375 0.4051253671875 0.083572240234375 0.41863871484375 0.091397884765625 0.428496677734375 0.081664564453125 0.43897513671875 0.01141783984375 0.45863672265625 0 0.46466703515625 0 0.561392279296875 0.1093571875 1 0.348694369140625 1 0.33888350390625 0.9905275390625 0.263382771484375 0.928835294921875 0.24899692578125 0.905583193359375 0.248625712890625 0.89332985546875 0.29387533984375 0.850914736328125 0.316124869140625 0.8238961875 0.34468803125 0.80067125390625 0.359848900390625 0.796891224609375 0.409106109375 0.80930180859375 0.418449201171875 0.81663431640625 0.42931788671875 0.80855666796875 0.430334046875 0.799714865234375 0.43513294921875 0.801739033203125 0.443473466796875 0.79643883984375 0.452450779296875 0.782928208984375 0.439945439453125 0.782288693359375 0.4275620234375 0.78859689453125 0.421755109375 0.782529830078125 0.41657412890625 0.785431927734375 0.41695620703125 0.780505662109375 0.42668680859375 0.77432210546875 0.411401296875 0.775449322265625 0.40748847265625 0.77052033984375 0.424684376953125 0.7447618046875 0.4166121640625 0.725303314453125 0.404112255859375 0.716074 0.3965331796875 0.715816564453125 0.372012916015625 0.738033490234375 0.366707291015625 0.738282775390625 0.325796033203125 0.711982197265625 0.30406409375 0.71954769140625 0.260123376953125 0.68970821875 0.202409162109375 0.667060310546875 0.180956392578125 0.632687521484375 0.202322552734375 0.60427888671875 0.218995435546875 0.606563205078125 0.22657723046875 0.6025257421875 0.222165837890625 0.5869855078125 0.223436712890625 0.574859529296875 0.1745588671875 0.56181758203125 0.153081646484375 0.5660988984375 0.138308287109375 0.55636286328125 0.136546990234375 0.544992888671875 0.121399703125 0.5272984140625 0.109273724609375 0.526027537109375 0.103220244140625 0.5103599453125 0.10550727734375 0.489392162109375 0.137733978515625 0.46579058203125 0.152136125 0.46327328125 0.168817158203125 0.4526728984375 0.22087083984375 0.43754734375 0.2421014921875 0.423665501953125 0.2893508359375 0.415105583984375 0.30665236328125 0.422064166015625 0.314472576171875 0.4405119296875 0.320154845703125 0.443926181640625 0.3267259140625 0.44014071875 0.3283734375 0.431678275390625 0.33633730859375 0.422714546875 0.3464445546875 0.42019452734375 0.38141882421875 0.446365029296875 0.398836845703125 0.468861125 0.4078060078125 0.4682351953125 0.421202865234375 0.457380091796875 0.429296814453125 0.442479375 0.453429564453125 0.43377851171875 0.444094623046875 0.413561302734375 0.4415800390625 0.394864251953125 0.452082947265625 0.365943466796875 0.464718365234375 0.360645990234375 0.478621943359375 0.347517435546875 0.49302408984375 0.3450001328125 0.514365802734375 0.355245607421875 0.5335478359375 0.384816775390625 0.55489498046875 0.38647244921875 0.577496703125 0.401771544921875 0.578629353515625 0.4084672578125 0.56599665234375 0.40946983203125 0.56409712890625 0.41692155078125 0.572936216796875 0.422232607421875 0.56712115234375 0.42905024609375 0.581011146484375 0.4373961953125 0.588324638671875 0.45811741015625 0.58831376953125 0.475297015625 0.582368630859375 0.488051640625 0.568221201171875 0.487284767578125 0.56707768359375 0.49776866015625 0.553556185546875 0.50597094921875 0.551908662109375 0.514433390625 0.565541220703125 0.53035841796875 0.591175115234375 0.544901509765625 0.5969874609375 0.5423787734375 0.599897708984375 0.5346750546875 0.600038654296875 0.5115584609375 0.626818783203125 0.511322759765625 0.6442585390625 0.499459650390625 0.649081896484375 0.462829708984375 0.667532375 0.45071459765625 0.67259143359375 0.44086478515625 0.688763029296875 0.43683275390625 0.69787041796875 0.4173851328125 0.71075512109375 0.417393283203125 0.7509402578125 0.393417775390625 0.784798177734375 0.38712316015625 0.789602515625 0.3805575234375 0.870679892578125 0.41294690234375 0.895435857421875 0.41751010546875 0.91413290625 0.41499551953125 0.920825900390625 0.41815776953125 0.9225899140625 0.42523284375 0.943806982421875 0.43282550390625 0.937360556640625 0.439263779296875 0.9158833359375 0.44354509765625 0.910699634765625 0.450742095703125 0.914734384765625 0.4626187890625 0.908791962890625 0.471078515625 0.893633806640625 0.47056364453125 0.888826751953125 0.4814241796875 0.867092095703125 0.49328457421875 0.841070689453125 0.492257548828125 0.8130223984375 0.500324328125 0.791024873046875 0.528353599609375 0.77864145703125 0.53466180078125 0.77535184765625 0.542996884765625 0.7498317265625 0.54828620703125 0.742751220703125 0.5586400234375 0.720767279296875 0.565194791015625 0.6684778984375 0.55354021484375 0.662158830078125 0.55833640234375 0.65357174609375 0.554036068359375 0.633609251953125 0.56008683203125 0.614662919921875 0.55729579296875 0.614150765625 0.568159044921875 0.610110583984375 0.56487215234375 0.604170876953125 0.5690369765625 0.609471068359375 0.577377494140625 0.608330267578125 0.583566484375 0.600371830078125 0.583940412109375 0.605555529296875 0.5767434140625 0.58938393359375 0.5807754453125 0.57143745703125 0.5949120078125 0.56574703515625 0.60438245703125 0.572309955078125 0.6134816953125 0.58734075 0.61563865625 0.598198568359375 0.624740611328125 0.616386181640625 0.628794376953125 0.61197750390625 0.60895924609375 0.595681267578125 0.61033846484375 0.61640519921875 0.598730072265625 0.618816876953125 0.5804151015625 0.62400057421875 0.5732181015625 0.656343767578125 0.5651540390625 0.660641384765625 0.56086185546875 0.680216365234375 0.568327158203125 0.6850098359375 0.578941125 0.68020278125 0.58980166015625 0.680441197265625 0.612286890625 0.7099933515625 0.62316916015625 0.71301465625 0.6395927578125 0.70732151953125 0.653358109375 0.695696826171875 0.65840358203125 0.690133765625 0.666231943359375 0.661595056640625 0.650802771484375 0.651994529296875 0.65104933984375 0.623959822265625 0.637641615234375 0.61688475 0.63940562890625 0.61321849609375 0.644077173828125 0.61597965234375 0.67237475 0.607007771484375 0.677295580078125 0.603593517578125 0.682977849609375 0.606243615234375 0.687148107421875 0.642873556640625 0.69197146484375 0.652845294921875 0.703978236328125 0.66711736328125 0.707397921875 0.68429696875 0.7074087890625 0.690618751953125 0.69831769921875 0.69465893359375 0.70160459375 0.697945828125 0.697564412109375 0.70223801171875 0.70186202734375 0.71638815625 0.698334 0.72195121875 0.690505638671875 0.727508845703125 0.691267078125 0.74292715234375 0.67990797265625 0.76340994921875 0.650109251953125 0.797273302734375 0.635224833984375 0.80270900390625 0.629038560546875 0.803096515625 0.615522494140625 0.82660062109375 0.602147373046875 0.82736477734375 0.59229484375 0.846067259765625 0.58119045703125 0.8556759375 0.568059185546875 0.865027177734375 0.5625069921875 0.861745716796875 0.55795737109375 0.87437841796875 0.556954798828125 0.88853671484375 0.540542068359375 0.9375527890625 0.53476232421875 0.939834388671875 0.522384341796875 0.950955078125 0.515317419921875 0.96333577734375 0.513304119140625 0.993018005859375 0.518249400390625 0.999830208984375 0.532654265625 0.996789884765625 0.546294974609375 1 0.550745677734375 1 0.43860771875
0 0 0.34130476171875 0.0013866640625 0.34089951953125 0.0101092578125 0.3306730625 0.009103966796875 0.322335263671875 0 0.324002625 0 0.34130476171875
0 0.021232662109375 0.319311240234375 0.04093500390625 0.325134455078125 0.045116126953125 0.30530475390625 0.066598783203125 0.29243363671875 0.085293115234375 0.294213951171875 0.0908534609375 0.29068048828125 0.09098896875 0.276153697265625 0.08190059765625 0.265537013671875 0.076218326171875 0.26212276171875 0.06636308203125 0.265653505859375 0.0549822421875 0.28459440625 0.0332448671875 0.300749701171875 0.021874892578125 0.302510998046875 0.021232662109375 0.319311240234375
0 0.31435098046875 0.23334596484375 0.310822953125 0.2191958203125 0.3238458828125 0.20038227734375 0.290995970703125 0.21071979296875 0.290735818359375 0.222593771484375 0.275696873046875 0.233321513671875 0.277450021484375 0.257576189453125 0.282625568359375 0.26326389453125 0.28932128125 0.2621312421875 0.309790494140625 0.25380702734375 0.31435098046875 0.23334596484375
0 0.180547806640625 0.280126291015625 0.18926496875 0.27848963671875 0.208471453125 0.269406697265625 0.20456678125 0.251593015625 0.1929475234375 0.248048685546875 0.133314765625 0.262916802734375 0.09604802734375 0.26630388671875 0.099074767578125 0.274137681640625 0.11157467578125 0.283366998046875 0.137598798828125 0.280099123046875 0.14417530078125 0.267723857421875 0.15857744921875 0.265206556640625 0.1733535234375 0.27064769140625 0.180547806640625 0.280126291015625
0 0 0.354682046875 0.013241623046875 0.3712239765625 0.034970845703125 0.36795338671875 0.04936484375 0.37832078515625 0.053787103515625 0.3766814140625 0.05379525390625 0.363796712890625 0.048497779296875 0.35116129296875 0.05418819921875 0.34169084375 0.071871806640625 0.34372316015625 0.079960322265625 0.337412244140625 0.0981533671875 0.332876208984375 0.098787447265625 0.32896066796875 0.088555556640625 0.328827876953125 0.083000646484375 0.32377153515625 0.062783435546875 0.333106474609375 0.038531474609375 0.33056472265625 0 0.354660349609375 0 0.354682046875