1 0.85546875 0.435546875 0.0859375 0.0810546875
1 0.3427734375 0.5009765625 0.091796875 0.0615234375
1 0.31640625 0.259765625 0.033203125 0.041015625
1 0.44921875 0.515625 0.111328125 0.080078125
1 0.431640625 0.6484375 0.17578125 0.1220703125
1 0.623046875 0.875 0.2822265625 0.201171875
1 0.259765625 0.3388671875 0.0478515625 0.0478515625
1 0.4814453125 0.5556640625 0.1162109375 0.107421875
1 0.748046875 0.50390625 0.16796875 0.0859375
1 0.6826171875 0.5458984375 0.146484375 0.1064453125
1 0.62890625 0.5703125 0.0986328125 0.076171875
1 0.97265625 0.646484375 0.0537109375 0.1064453125
1 0.876953125 0.734375 0.24609375 0.2119140625
1 0.73828125 0.74609375 0.2138671875 0.1552734375
1 0.3828125 0.79296875 0.1142578125 0.08984375
1 0.2587890625 0.8388671875 0.2265625 0.20703125
1 0.2294921875 0.587890625 0.1484375 0.1357421875
1 0.302734375 0.6435546875 0.080078125 0.091796875
1 0.591796875 0.244140625 0.0283203125 0.0380859375
0 1 0.84716796875 0.98583984375 0.8388671875 0.97998046875 0.83984375 0.96875 0.85498046875 0.94580078125 0.8740234375 0.92138671875 0.8564453125 0.90966796875 0.857421875 0.87939453125 0.8505859375 0.8623046875 0.86572265625 0.8515625 0.89013671875 0.84130859375 0.8994140625 0.81884765625 0.900390625 0.79736328125 0.8935546875 0.76611328125 0.892578125 0.78125 0.92138671875 0.77685546875 0.9326171875 0.76416015625 0.923828125 0.73486328125 0.931640625 0.72216796875 0.927734375 0.71484375 0.93408203125 0.71875 0.93798828125 0.71826171875 0.9453125 0.71435546875 0.9423828125 0.71044921875 0.9482421875 0.70654296875 0.9462890625 0.68896484375 0.9560546875 0.64404296875 0.9912109375 0.6396484375 0.99951171875 1 0.99951171875 1 0.84716796875
0 1 0.28369140625 0.994140625 0.27880859375 0.99365234375 0.265625 0.98876953125 0.265625 0.986328125 0.27392578125 0.97998046875 0.2763671875 0.97314453125 0.275390625 0.96240234375 0.2666015625 0.94091796875 0.263671875 0.93896484375 0.2587890625 0.92041015625 0.2587890625 0.91845703125 0.26171875 0.90576171875 0.2578125 0.89501953125 0.26171875 0.87939453125 0.2578125 0.86279296875 0.259765625 0.85107421875 0.2529296875 0.81494140625 0.248046875 0.81201171875 0.2431640625 0.80224609375 0.240234375 0.79052734375 0.2431640625 0.78857421875 0.248046875 0.78271484375 0.248046875 0.78076171875 0.2431640625 0.77294921875 0.248046875 0.76708984375 0.2421875 0.75732421875 0.240234375 0.75341796875 0.24609375 0.74560546875 0.24609375 0.74072265625 0.2548828125 0.72216796875 0.259765625 0.72021484375 0.2548828125 0.708984375 0.24853515625 0.70654296875 0.23828125 0.6904296875 0.24755859375 0.6875 0.26318359375 0.70849609375 0.2646484375 0.7373046875 0.27490234375 0.73486328125 0.2802734375 0.72509765625 0.2822265625 0.72021484375 0.2880859375 0.67724609375 0.2880859375 0.671875 0.29052734375 0.67138671875 0.294921875 0.61181640625 0.2998046875 0.5947265625 0.29443359375 0.59228515625 0.267578125 0.56494140625 0.263671875 0.56103515625 0.2666015625 0.54931640625 0.2646484375 0.5478515625 0.27880859375 0.52783203125 0.2880859375 0.47607421875 0.2900390625 0.46533203125 0.2822265625 0.44677734375 0.2783203125 0.43603515625 0.265625 0.42529296875 0.265625 0.42041015625 0.2705078125 0.39306640625 0.2724609375 0.38818359375 0.279296875 0.35791015625 0.2802734375 0.34423828125 0.2744140625 0.337890625 0.28662109375 0.34619140625 0.30078125 0.37841796875 0.296875 0.388671875 0.30224609375 0.39453125 0.31494140625 0.37255859375 0.326171875 0.34521484375 0.3291015625 0.34130859375 0.3359375 0.32568359375 0.337890625 0.32568359375 0.341796875 0.30224609375 0.3427734375 0.29443359375 0.3349609375 0.28955078125 0.3349609375 0.287109375 0.35009765625 0.27490234375 0.3603515625 0.23876953125 0.357421875 0.23388671875 0.3505859375 0.21923828125 0.34765625 0.2109375 0.33837890625 0.21923828125 0.3271484375 0.23193359375 0.32421875 0.24072265625 0.314453125 0.27197265625 0.3115234375 0.28125 0.31689453125 0.28271484375 0.326171875 0.2890625 0.32568359375 0.287109375 0.31005859375 0.2919921875 0.29833984375 0.28955078125 0.2900390625 0.23583984375 0.2861328125 0.22412109375 0.2900390625 0.20751953125 0.3046875 0.19384765625 0.302734375 0.18896484375 0.2978515625 0.17333984375 0.2978515625 0.16552734375 0.3046875 0.13720703125 0.3115234375 0.12646484375 0.3193359375 0.11572265625 0.3212890625 0.1083984375 0.33251953125 0.11328125 0.34326171875 0.10205078125 0.3505859375 0.03369140625 0.3525390625 0 0.36083984375 0 0.94873046875 0.02197265625 0.9619140625 0.0361328125 0.97802734375 0.0341796875 0.99072265625 0.02490234375 0.99609375 0.01611328125 0.9951171875 0.0146484375 0.99951171875 0.4775390625 0.99951171875 0.478515625 0.98974609375 0.4921875 0.96630859375 0.4892578125 0.93701171875 0.5 0.92431640625 0.49462890625 0.916015625 0.494140625 0.92138671875 0.4892578125 0.92138671875 0.4853515625 0.86669921875 0.46826171875 0.8544921875 0.45361328125 0.859375 0.45361328125 0.85546875 0.44091796875 0.8525390625 0.42333984375 0.8388671875 0.4130859375 0.84814453125 0.41552734375 0.8515625 0.40087890625 0.849609375 0.39208984375 0.853515625 0.3828125 0.85986328125 0.37744140625 0.876953125 0.3642578125 0.87841796875 0.3671875 0.89501953125 0.35693359375 0.90625 0.34228515625 0.912109375 0.32275390625 0.9072265625 0.30810546875 0.9130859375 0.26708984375 0.9404296875 0.2666015625 0.95849609375 0.25830078125 0.9658203125 0.24560546875 0.9697265625 0.23828125 0.96240234375 0.23046875 0.94189453125 0.2109375 0.91064453125 0.15625 0.83740234375 0.1484375 0.81298828125 0.15087890625 0.8017578125 0.20166015625 0.7734375 0.22802734375 0.75390625 0.25927734375 0.7392578125 0.27392578125 0.7392578125 0.31591796875 0.76171875 0.32275390625 0.7705078125 0.33447265625 0.765625 0.33740234375 0.7578125 0.34130859375 0.7607421875 0.35009765625 0.7578125 0.361328125 0.74755859375 0.35009765625 0.744140625 0.33740234375 0.7470703125 0.33349609375 0.740234375 0.328125 0.74169921875 0.32958984375 0.7373046875 0.33984375 0.73388671875 0.32568359375 0.7314453125 0.3232421875 0.72607421875 0.3447265625 0.70654296875 0.341796875 0.68701171875 0.33251953125 0.67578125 0.32568359375 0.673828125 0.29833984375 0.6884765625 0.29345703125 0.6875 0.26220703125 0.654296875 0.24072265625 0.65625 0.20751953125 0.619140625 0.16015625 0.58544921875 0.1484375 0.54931640625 0.17431640625 0.5283203125 0.18896484375 0.5341796875 0.19677734375 0.5322265625 0.1962890625 0.51708984375 0.2001953125 0.50634765625 0.15869140625 0.4833984375 0.13818359375 0.482421875 0.126953125 0.47021484375 0.1279296875 0.45947265625 0.1181640625 0.43994140625 0.107421875 0.43603515625 0.10546875 0.42041015625 0.1123046875 0.40185546875 0.14697265625 0.3876953125 0.16064453125 0.388671875 0.17822265625 0.3828125 0.22900390625 0.380859375 0.25146484375 0.373046875 0.29638671875 0.3759765625 0.310546875 0.38623046875 0.3134765625 0.40478515625 0.31787109375 0.4091796875 0.32470703125 0.4072265625 0.328125 0.39990234375 0.33740234375 0.3935546875 0.34716796875 0.3935546875 0.373046875 0.42529296875 0.3837890625 0.44970703125 0.39208984375 0.451171875 0.40673828125 0.4443359375 0.41748046875 0.4326171875 0.44140625 0.43017578125 0.4375 0.40966796875 0.439453125 0.39208984375 0.45556640625 0.3681640625 0.46826171875 0.3662109375 0.48388671875 0.357421875 0.49755859375 0.3583984375 0.5146484375 0.37255859375 0.525390625 0.40380859375 0.54443359375 0.41015625 0.5615234375 0.42919921875 0.56103515625 0.435546875 0.54931640625 0.43359375 0.5458984375 0.43994140625 0.552734375 0.44677734375 0.5458984375 0.45166015625 0.556640625 0.46240234375 0.55859375 0.48291015625 0.5546875 0.49853515625 0.54638671875 0.5087890625 0.53369140625 0.5048828125 0.5302734375 0.51416015625 0.51611328125 0.5185546875 0.5126953125 0.52587890625 0.521484375 0.54345703125 0.54150390625 0.5625 0.54736328125 0.5615234375 0.5517578125 0.55517578125 0.55712890625 0.5341796875 0.58154296875 0.5400390625 0.60009765625 0.533203125 0.61279296875 0.5009765625 0.63232421875 0.494140625 0.63916015625 0.486328125 0.65478515625 0.486328125 0.66748046875 0.470703125 0.67919921875 0.4736328125 0.72119140625 0.4609375 0.75341796875 0.462890625 0.75927734375 0.4580078125 0.82568359375 0.505859375 0.84716796875 0.515625 0.86474609375 0.517578125 0.8701171875 0.52197265625 0.8701171875 0.52880859375 0.8876953125 0.54052734375 0.88037109375 0.544921875 0.85986328125 0.5439453125 0.853515625 0.54931640625 0.8544921875 0.56103515625 0.84716796875 0.5673828125 0.83349609375 0.5634765625 0.82666015625 0.572265625 0.80419921875 0.578125 0.78076171875 0.5712890625 0.75341796875 0.572265625 0.72705078125 0.5927734375 0.71435546875 0.595703125 0.70947265625 0.6025390625 0.68505859375 0.6015625 0.67626953125 0.609375 0.65478515625 0.6103515625 0.60986328125 0.587890625 0.60302734375 0.5908203125 0.59619140625 0.5849609375 0.57666015625 0.5859375 0.56005859375 0.5791015625 0.55712890625 0.5888671875 0.55419921875 0.5849609375 0.5478515625 0.58740234375 0.55078125 0.59619140625 0.54833984375 0.6015625 0.541015625 0.60009765625 0.54736328125 0.5947265625 0.53173828125 0.5947265625 0.51220703125 0.603515625 0.5048828125 0.61083984375 0.5087890625 0.62060546875 0.52197265625 0.6259765625 0.52978515625 0.63671875 0.54541015625 0.64453125 0.5458984375 0.62548828125 0.53076171875 0.623046875 0.55224609375 0.6171875 0.55859375 0.60107421875 0.56494140625 0.595703125 0.59619140625 0.595703125 0.60107421875 0.5927734375 0.6171875 0.60400390625 0.619140625 0.61474609375 0.6123046875 0.62353515625 0.607421875 0.64404296875 0.6318359375 0.66064453125 0.630859375 0.67626953125 0.62255859375 0.6875 0.61083984375 0.689453125 0.60400390625 0.6953125 0.58154296875 0.6748046875 0.57275390625 0.6728515625 0.55029296875 0.654296875 0.54345703125 0.654296875 0.5390625 0.65771484375 0.53515625 0.68408203125 0.52587890625 0.6865234375 0.521484375 0.69091796875 0.52294921875 0.6953125 0.55517578125 0.7080078125 0.5615234375 0.72119140625 0.57373046875 0.7275390625 0.58935546875 0.7314453125 0.59716796875 0.724609375 0.60009765625 0.728515625 0.60400390625 0.7255859375 0.60693359375 0.73046875 0.62060546875 0.73046875 0.62744140625 0.724609375 0.63232421875 0.7265625 0.64892578125 0.7197265625 0.67431640625 0.697265625 0.70849609375 0.69140625 0.71484375 0.68701171875 0.71826171875 0.6748046875 0.74267578125 0.66796875 0.74560546875 0.6591796875 0.76513671875 0.6533203125 0.77685546875 0.6435546875 0.78662109375 0.640625 0.78466796875 0.6357421875 0.79638671875 0.6376953125 0.81298828125 0.6259765625 0.85888671875 0.6318359375 0.86376953125 0.62109375 0.87548828125 0.6171875 0.88720703125 0.6181640625 0.9130859375 0.62939453125 0.916015625 0.64404296875 0.91015625 0.65576171875 0.916015625 0.67041015625 0.93798828125 0.685546875 0.9462890625 0.67529296875 0.9501953125 0.65283203125 0.9697265625 0.62548828125 0.96923828125 0.619140625 0.95849609375 0.6171875 0.9541015625 0.61181640625 0.98486328125 0.6044921875 1 0.59326171875 1 0.53759765625 0.98828125 0.53369140625 0.98974609375 0.5283203125 1 0.52978515625 1 0.48583984375 0.98291015625 0.4853515625 0.95751953125 0.4951171875 0.94482421875 0.494140625 0.93701171875 0.4990234375 0.91748046875 0.5 0.89990234375 0.509765625 0.89892578125 0.513671875 0.88720703125 0.51171875 0.8828125 0.49853515625 0.8857421875 0.48486328125 0.900390625 0.47021484375 0.89111328125 0.4609375 0.87939453125 0.4619140625 0.87255859375 0.46875 0.84716796875 0.4677734375 0.83544921875 0.4541015625 0.8154296875 0.44580078125 0.8115234375 0.43701171875 0.8125 0.41943359375 0.81591796875 0.4072265625 0.84326171875 0.4052734375 0.86865234375 0.396484375 0.88916015625 0.4091796875 0.89697265625 0.419921875 0.91845703125 0.4365234375 0.94482421875 0.4404296875 0.95751953125 0.4306640625 0.97216796875 0.4423828125 0.99951171875 0.4375 1 0.41259765625 0.97021484375 0.4052734375 0.96484375 0.39990234375 0.97216796875 0.390625 1 0.39111328125 1 0.28369140625
0 0.02392578125 0.2255859375 0.021484375 0.22802734375 0.0263671875 0.23876953125 0.0390625 0.24365234375 0.05126953125 0.2431640625 0.0615234375 0.23583984375 0.0625 0.22802734375 0.02392578125 0.2255859375
0 0.14404296875 0.2177734375 0.1474609375 0.20458984375 0.1416015625 0.19287109375 0.13720703125 0.1884765625 0.12744140625 0.189453125 0.11279296875 0.2041015625 0.08935546875 0.2138671875 0.07861328125 0.212890625 0.07421875 0.22802734375 0.0908203125 0.23779296875 0.09912109375 0.220703125 0.12158203125 0.2138671875 0.13818359375 0.2197265625 0.14404296875 0.2177734375
0 0.37646484375 0.1884765625 0.34423828125 0.1904296875 0.34130859375 0.201171875 0.3251953125 0.20751953125 0.3212890625 0.22998046875 0.32470703125 0.236328125 0.3310546875 0.23681640625 0.3515625 0.23388671875 0.3603515625 0.21630859375 0.3603515625 0.20263671875 0.37646484375 0.1884765625
0 0.18896484375 0.2021484375 0.154296875 0.19677734375 0.1552734375 0.20458984375 0.16455078125 0.2158203125 0.18896484375 0.21875 0.19775390625 0.208984375 0.21142578125 0.2099609375 0.2236328125 0.21826171875 0.22802734375 0.228515625 0.236328125 0.22900390625 0.255859375 0.22509765625 0.25634765625 0.2080078125 0.24658203125 0.2021484375 0.18896484375 0.2021484375
0 0.11474609375 0.26171875 0.12353515625 0.2578125 0.14111328125 0.2578125 0.142578125 0.25439453125 0.13330078125 0.251953125 0.12939453125 0.24609375 0.10888671875 0.25 0.08740234375 0.2421875 0.046875 0.25537109375 0.05517578125 0.2734375 0.07568359375 0.275390625 0.08642578125 0.2880859375 0.0908203125 0.28759765625 0.09375 0.27587890625 0.091796875 0.26318359375 0.09912109375 0.255859375 0.11474609375 0.26171875