1 0.923828125 0.5625 0.115234375 0.109375
1 0.353515625 0.4951171875 0.115234375 0.091796875
1 0.388671875 0.2265625 0.046875 0.052734375
1 0.4638671875 0.5380859375 0.142578125 0.1171875
1 0.41015625 0.6787109375 0.22265625 0.1796875
1 0.5634765625 0.9130859375 0.345703125 0.173828125
1 0.3076171875 0.296875 0.064453125 0.064453125
1 0.48828125 0.5908203125 0.154296875 0.146484375
1 0.791015625 0.607421875 0.205078125 0.138671875
1 0.7080078125 0.634765625 0.1875 0.154296875
1 0.64453125 0.646484375 0.126953125 0.109375
1 0.8251953125 0.8720703125 0.236328125 0.255859375
1 0.7138671875 0.8662109375 0.2734375 0.224609375
1 0.3173828125 0.8203125 0.146484375 0.126953125
1 0.173828125 0.826171875 0.294921875 0.263671875
1 0.2080078125 0.5576171875 0.197265625 0.1875
1 0.271484375 0.638671875 0.111328125 0.12109375
1 0.6904296875 0.2841796875 0.041015625 0.048828125
0 1 0.37753495703125 0.998438265625 0.37670330078125 0.97998297265625 0.374342341796875 0.969167650390625 0.363804154296875 0.9314596796875 0.34880133984375 0.92961046484375 0.342739119140625 0.9198526484375 0.336945525390625 0.9064077421875 0.33695403125 0.902983609375 0.341701458984375 0.89665559375 0.34012370703125 0.895861046875 0.3343244453125 0.88610890234375 0.33749412109375 0.88135863671875 0.32958835546875 0.87133786328125 0.3248494296875 0.86554143359375 0.330125611328125 0.857104080078125 0.328021943359375 0.84946410546875 0.336199171875 0.828110595703125 0.336476306640625 0.827316052734375 0.33067704296875 0.8168965859375 0.320797669921875 0.8170209765625 0.30906624609375 0.797120828125 0.314746787109375 0.789749482421875 0.330832619140625 0.81203043359375 0.338068232421875 0.840382111328125 0.3568995390625 0.83629916796875 0.36204282421875 0.825226556640625 0.361522576171875 0.818375458984375 0.366535798828125 0.77197001171875 0.35496562109375 0.765511935546875 0.356156021484375 0.763801287109375 0.3607705546875 0.69815166796875 0.35000342578125 0.6811412265625 0.339600970703125 0.685735916015625 0.309940169921875 0.657257009765625 0.29835865234375 0.65224945703125 0.30047082421875 0.64011934375 0.295205984375 0.63472444140625 0.31010425 0.61060561328125 0.314732958984375 0.554182224609375 0.3029054921875 0.544684533203125 0.291575591796875 0.525697650390625 0.282360703125 0.51751475 0.265757458984375 0.50591338671875 0.2628649140625 0.49932525 0.266823466796875 0.469268591796875 0.26156996484375 0.46215453515625 0.267637857421875 0.429196828125 0.260540810546875 0.4160092109375 0.250531373046875 0.40586687890625 0.262005509765625 0.411018669921875 0.279533361328125 0.446874587890625 0.283992318359375 0.45650234375 0.292554064453125 0.4594118984375 0.307842515625 0.432657814453125 0.314054642578125 0.402338201171875 0.3098558125 0.3962788125 0.316186662109375 0.3788781875 0.3140886640625 0.377826353515625 0.31830733984375 0.35225133203125 0.31305100390625 0.345917646484375 0.30250998046875 0.34064430078125 0.301195189453125 0.333931767578125 0.316885166015625 0.31798733984375 0.3246722109375 0.279753451171875 0.311778734375 0.27632081640625 0.3030812578125 0.261289650390625 0.29597287109375 0.2548230703125 0.283718365234375 0.26681178125 0.27382481640625 0.281311357421875 0.27407926953125 0.293432966796875 0.265899205078125 0.327971259765625 0.27114987109375 0.336544345703125 0.27944866015625 0.3356282421875 0.289862453125 0.342615072265625 0.2910443515625 0.3447130703125 0.2736437265625 0.353141919921875 0.26230248828125 0.352740396484375 0.25268040234375 0.295785419921875 0.233999001953125 0.2820775546875 0.235062177734375 0.260203798828125 0.246411919921875 0.24596434375 0.240621162109375 0.24200579296875 0.2340330234375 0.225131083984375 0.229825685546875 0.21485301953125 0.235104701171875 0.182426900390625 0.2348615859375 0.168721869140625 0.240406396484375 0.15659458984375 0.23962319140625 0.145660546875 0.24977969921875 0.148041349609375 0.262695853515625 0.13394046484375 0.267581849609375 0.059587697265625 0.2512840859375 0.046713951171875 0.25124829296875 0 0.43860771875 0 0.8906428125 0.1056819609375 0.91699228515625 0.10072933984375 0.9017545546875 0.06138975390625 0.8079286796875 0.059526365234375 0.779458279296875 0.0651870625 0.767986978515625 0.127655662109375 0.75107541796875 0.161390904296875 0.7370819140625 0.199084701171875 0.729676548828125 0.214904740234375 0.733620927734375 0.254207470703125 0.769185541015625 0.25922352734375 0.7805182734375 0.2731943515625 0.7784004296875 0.278462029296875 0.770751951171875 0.281891830078125 0.77496779296875 0.292172728515625 0.774170412109375 0.307062490234375 0.76612041015625 0.2958541484375 0.75940504296875 0.281354572265625 0.75915058984375 0.27897660546875 0.7507160703125 0.272781486328125 0.75085180078125 0.2755468046875 0.746500228515625 0.2875411875 0.745569951171875 0.27290587890625 0.73912037890625 0.271715478515625 0.732662302734375 0.300177373046875 0.717354005859375 0.302272537109375 0.695471744140625 0.295277203125 0.680844939453125 0.288420435546875 0.676894892578125 0.25494531640625 0.685352091796875 0.2499349296875 0.68298262890625 0.225126103515625 0.63870919921875 0.20139746484375 0.635033447265625 0.175531134765625 0.586015423828125 0.13345174609375 0.53687584375 0.130525181640625 0.494697578125 0.16412752734375 0.47899058984375 0.17836981640625 0.489262986328125 0.1873330859375 0.489257314453125 0.190881611328125 0.4727784609375 0.19799283203125 0.46222893359375 0.1593489140625 0.426268466796875 0.137463818359375 0.41969166796875 0.128622103515625 0.40348427734375 0.132569318359375 0.392145875 0.127281794921875 0.36842290234375 0.116732267578125 0.361311681640625 0.118830267578125 0.343911056640625 0.131209166015625 0.32571305078125 0.17246282421875 0.319755376953125 0.186965234375 0.324491466796875 0.207527033203125 0.322896703125 0.262895751953125 0.334461212890625 0.289256814453125 0.33207190625 0.336982724609375 0.3473320078125 0.34951436328125 0.36221893359375 0.347682158203125 0.383046525390625 0.351244857421875 0.3889758515625 0.359153458984375 0.38870722265625 0.364816990234375 0.38171755859375 0.376545580078125 0.377360314453125 0.387092271484375 0.379989900390625 0.406494853515625 0.4212350546875 0.41152225 0.450494330078125 0.420092501953125 0.454311482421875 0.43775325 0.45087317578125 0.452510115234375 0.441109689453125 0.47900691015625 0.444915501953125 0.48031036328125 0.42171561328125 0.48715295703125 0.403257484375 0.510997484375 0.38175690234375 0.5252341015625 0.383066025390625 0.5444754375 0.37778133984375 0.55897784765625 0.3825174296875 0.573621662109375 0.402411908203125 0.576808349609375 0.43905387109375 0.595665169921875 0.451036912109375 0.6089941875 0.47620473828125 0.606757623046875 0.482928609375 0.5946275078125 0.477663767578125 0.589226935546875 0.48359876171875 0.59476891015625 0.49282215625 0.586071431640625 0.49625479296875 0.59478025 0.51074869921875 0.591367458984375 0.533422673828125 0.5829414453125 0.549245544921875 0.571215689453125 0.55808442578125 0.558556822265625 0.550447287109375 0.552367375 0.5595462890625 0.535891357421875 0.56047940234375 0.53022782421875 0.56746906640625 0.534986595703125 0.588819740234375 0.55147962109375 0.61477644140625 0.558070595703125 0.615299525390625 0.56452583984375 0.60962748828125 0.57598012890625 0.58839837109375 0.600769109375 0.601300349609375 0.62264853515625 0.59891387890625 0.6450368671875 0.567528255859375 0.66797096484375 0.5654047421875 0.67745731640625 0.55880809765625 0.694332025390625 0.563015435546875 0.712250064453125 0.549559189453125 0.724117220703125 0.55587869921875 0.772886458984375 0.553475216796875 0.80716462890625 0.564262189453125 0.814807435546875 0.56056659375 0.8736399765625 0.6301265703125 0.894213115234375 0.646458353515625 0.912671244140625 0.6533009453125 0.917288611328125 0.65949323046875 0.91544790234375 0.6668759140625 0.9312764453125 0.684265201171875 0.92218311328125 0.6870390234375 0.900298015625 0.68046222265625 0.891996392578125 0.684553673828125 0.889895560546875 0.6974726640625 0.880276310546875 0.70235582421875 0.8665627734375 0.6944557265625 0.8568134609375 0.702107041015625 0.83097831640625 0.7023870078125 0.80750696484375 0.688693318359375 0.777713267578125 0.6823851484375 0.74371506640625 0.6974333203125 0.729215490234375 0.697178865234375 0.72210143359375 0.7032467578125 0.69599766015625 0.695618125 0.68440196875 0.7016888515625 0.660936287109375 0.696958431640625 0.618469546875 0.660604943359375 0.610297986328125 0.6619282421875 0.6044930546875 0.653759515625 0.583136708984375 0.649555013671875 0.567048041015625 0.637702033203125 0.561254447265625 0.647459849609375 0.559142275390625 0.642452296875 0.551629529296875 0.643379740234375 0.552426908203125 0.653660638671875 0.54834396484375 0.658803923828125 0.540828380859375 0.655249728515625 0.54913000390625 0.651158279296875 0.532255294921875 0.646950943359375 0.508795283203125 0.65118379296875 0.49891307421875 0.657121623046875 0.500502166015625 0.668720150390625 0.5132939296875 0.678070771484375 0.51883873828125 0.691775802734375 0.53360977734375 0.704420494140625 0.5392648046875 0.683985921875 0.523574828125 0.677273392578125 0.548355302734375 0.67673046484375 0.559549470703125 0.661037654296875 0.567851091796875 0.656946203125 0.601600509765625 0.665360876953125 0.60766273046875 0.663511662109375 0.62204075 0.67997917578125 0.621257544921875 0.692106455078125 0.61150823046875 0.699757767578125 0.600712755859375 0.720591029296875 0.62260919140625 0.74509437109375 0.61734718359375 0.76170612109375 0.60535847265625 0.771599671875 0.592176525390625 0.770553505859375 0.583216087890625 0.7750408125 0.564480826171875 0.746844708984375 0.55551471875 0.742368744140625 0.5362535390625 0.71628198046875 0.528870853515625 0.714441271484375 0.523204486328125 0.716949298828125 0.511885927734375 0.74437353515625 0.501209173828125 0.7445121015625 0.495279849609375 0.74807480078125 0.495678537109375 0.75321525 0.5270641640625 0.77560358203125 0.530369572265625 0.791550849609375 0.54184370703125 0.801693181640625 0.55766658203125 0.8101191953125 0.56794464453125 0.8048401796875 0.570056818359375 0.809847732421875 0.575064373046875 0.807735560546875 0.5769135859375 0.81379778125 0.591678955078125 0.817479201171875 0.600639392578125 0.812991896484375 0.605386822265625 0.816416025390625 0.62515691015625 0.813503638671875 0.658626357421875 0.79608316796875 0.697117533203125 0.798958703125 0.705156197265625 0.795921921875 0.712134521484375 0.78365891015625 0.74034196484375 0.78285019140625 0.745872599609375 0.77414704296875 0.768543736328125 0.77307819921875 0.7838293515625 0.765687009765625 0.795164921875 0.7651525859375 0.794370375 0.75935332421875 0.806500490234375 0.764618166015625 0.82758537109375 0.7564324296875 0.87557707421875 0.7751195 0.88374296484375 0.764832931640625 0.897450830078125 0.763769755859375 0.909843904296875 0.767979927734375 0.934768615234375 0.78707702734375 0.933988244140625 0.80368594140625 0.9245047265625 0.814764220703125 0.926888361328125 0.83216201171875 0.931255962890625 0.8371095546875 0.978093998046875 0.649252451171875 0.974356638671875 0.6485166640625 0.9527430078125 0.6543301015625 0.95063650390625 0.658285818359375 0.938506388671875 0.653020978515625 0.937310318359375 0.63759962890625 0.944155744140625 0.623623134765625 0.963920162109375 0.611747474609375 0.956398912109375 0.599230009765625 0.943479921875 0.59712917578125 0.93425652734375 0.602671150390625 0.9070980859375 0.594779560546875 0.898123474609375 0.576858685546875 0.87873790234375 0.562503345703125 0.8768858515625 0.551959490234375 0.882673775390625 0.533238400390625 0.889652099609375 0.520975390625 0.9197087578125 0.526228890625 0.94949678515625 0.52357379296875 0.968226376953125 0.54280662109375 0.9737711875 0.55651165234375 0.9925036171875 0.580226119140625 0.995042896484375 0.5812741328125 1 0.56139227734375 1 0.37753495703125
0 0.08322562109375 0.11154749609375 0.0812491796875 0.1127350625 0.0804077109375 0.11611000390625 0.082312353515625 0.126442927734375 0.09470826171875 0.135134734375 0.10802310546875 0.137894384765625 0.121069322265625 0.1327454296875 0.12422766015625 0.124571033203125 0.08322562109375 0.11154749609375
0 0.13688369140625 0.127726537109375 0.152183484375 0.142743525390625 0.165749947265625 0.1265219609375 0.19184805078125 0.125187322265625 0.20819967578125 0.135985634765625 0.215053609375 0.135454046875 0.222294892578125 0.1221363671875 0.21912237890625 0.107902583984375 0.215559681640625 0.101973259765625 0.20475003125 0.10039834375 0.18498561328125 0.11227400390625 0.15704396484375 0.116509689453125 0.145705560546875 0.1125624765625 0.13688369140625 0.127726537109375
0 0.449057291015625 0.19211737109375 0.4527387109375 0.177352 0.47395365234375 0.166398111328125 0.4386236484375 0.159829818359375 0.43256709765625 0.1706423046875 0.41345582421875 0.173158837890625 0.403189099609375 0.196364396484375 0.4051712109375 0.204140099609375 0.41189508203125 0.206376666015625 0.43483201171875 0.2087347890625 0.449057291015625 0.19211737109375
0 0.30286262109375 0.169669845703125 0.31169583203125 0.172432330078125 0.333841052734375 0.17347282421875 0.338970162109375 0.155147591796875 0.33000121875 0.1461899921875 0.267775734375 0.130675435546875 0.23178124609375 0.11553972265625 0.230732248046875 0.124240037109375 0.237727580078125 0.13886683984375 0.2633054375 0.1486048125 0.275427044921875 0.14042474609375 0.289929458984375 0.1451608359375 0.30087767578125 0.157412505859375 0.30286262109375 0.169669845703125
0 0.099990111328125 0.149894435546875 0.10409006640625 0.171640962890625 0.125712205078125 0.17927243359375 0.133895103515625 0.1958756796875 0.138772595703125 0.196531658203125 0.14509210546875 0.184664501953125 0.146401228515625 0.1704278828125 0.156283439453125 0.1644900546875 0.17158039453125 0.175025408203125 0.182124251953125 0.173173357421875 0.201108298828125 0.177906611328125 0.203610658203125 0.174609708984375 0.1942486953125 0.169474927734375 0.19160776953125 0.162095078125 0.1684078828125 0.160791625 0.147308828125 0.146569181640625 0.099990111328125 0.149894435546875