1 0.6904296875 0.736328125 0.166015625 0.1796875
1 0.345703125 0.259765625 0.109375 0.107421875
1 0.267578125 0.337890625 0.181640625 0.134765625
1 0.177734375 0.2431640625 0.109375 0.123046875
1 0.5849609375 0.6240234375 0.2890625 0.2578125
1 0.1806640625 0.1259765625 0.08984375 0.0859375
1 0.68359375 0.3212890625 0.107421875 0.109375
1 0.1318359375 0.220703125 0.111328125 0.13671875
1 0.5185546875 0.4775390625 0.15234375 0.1484375
1 0.109375 0.1123046875 0.076171875 0.0703125
1 0.62109375 0.4384765625 0.126953125 0.07421875
0 0.908173841796875 0.341316236328125 0.93786481640625 0.343990474609375 0.93733009765625 0.348570046875 0.942214677734375 0.35231053125 0.962212421875 0.35170179296875 0.9679373671875 0.347275361328125 0.973816091796875 0.330865595703125 0.99686773828125 0.321555861328125 0.992746951171875 0.31224357421875 0.993816390625 0.303084427734375 0.947105 0.29491304296875 0.935274169921875 0.296362146484375 0.935884185546875 0.30277367578125 0.950155708984375 0.3201775859375 0.9473308828125 0.327886353515625 0.93504190625 0.331319916015625 0.927179357421875 0.34047842578125 0.919241515625 0.338645830078125 0.911304314453125 0.330020126953125 0.91535044140625 0.321548203125 0.911611234375 0.31284656640625 0.906954453125 0.321700068359375 0.894970482421875 0.328339396484375 0.899014056640625 0.347039904296875 0.908173841796875 0.341316236328125
0 0.897717958984375 1 0.97338675 0.672242455078125 0.966991072265625 0.670520357421875 0.941500009765625 0.64739086328125 0.934863234375 0.608234458984375 0.95952223046875 0.55122046484375 0.95891285546875 0.538015828125 0.90930134375 0.526562109375 0.86022519140625 0.50373570703125 0.8572510546875 0.475876052734375 0.83503849609375 0.490605087890625 0.791075359375 0.477320048828125 0.77443716015625 0.4656404453125 0.769477283203125 0.450908857421875 0.775738224609375 0.428316638671875 0.75467359375 0.41091208984375 0.75650746484375 0.38938803125 0.76879899609375 0.358782037109375 0.787729216796875 0.346953123046875 0.807268814453125 0.348328845703125 0.815436369140625 0.3423761015625 0.817803046875 0.336651796875 0.814597919921875 0.3301636953125 0.798188154296875 0.324284970703125 0.789792162109375 0.3244368359375 0.766587376953125 0.338936794921875 0.750024470703125 0.338248294921875 0.731859318359375 0.33091919140625 0.71796554296875 0.354884580078125 0.647669064453125 0.347016291015625 0.631561115234375 0.378308869140625 0.595531990234375 0.40761507421875 0.61827671484375 0.4154788984375 0.639495765625 0.41410700390625 0.66529375 0.4200629375 0.6701770546875 0.437389638671875 0.670708583984375 0.46677560546875 0.690855001953125 0.5085283984375 0.698792845703125 0.5103609921875 0.705357515625 0.50456075390625 0.722607646484375 0.5022725625 0.73848460546875 0.492351537109375 0.756192884765625 0.48807888671875 0.774282103515625 0.49120999609375 0.7882492578125 0.498615033203125 0.794964517578125 0.514797 0.808473525390625 0.52418649609375 0.81083892578125 0.53204840625 0.82930908203125 0.5425832734375 0.8437318359375 0.57517628125 0.86739094140625 0.599450509765625 0.88105117578125 0.624029103515625 0.878759154296875 0.64753762109375 0.87066689453125 0.66448146875 0.845247294921875 0.6931017265625 0.83486620703125 0.69958855078125 0.77899503125 0.6971408359375 0.734726888671875 0.68065003125 0.7218272578125 0.684465171875 0.722284130859375 0.6960669296875 0.743346208984375 0.740643908203125 0.755020068359375 0.7851436796875 0.7496741484375 0.8173531953125 0.73837676171875 0.827808939453125 0.694260482421875 0.819714126953125 0.67716221875 0.830398306640625 0.660904318359375 0.83291557421875 0.6322068515625 0.8168841953125 0.59663970703125 0.80344729296875 0.59404523046875 0.79657761328125 0.56038661328125 0.77940086328125 0.55863250390625 0.764364267578125 0.53413303125 0.748256958984375 0.526196466796875 0.732838146484375 0.491392478515625 0.720622548828125 0.487958275390625 0.715126677734375 0.49009715625 0.696808384765625 0.48681545703125 0.692915396484375 0.492465109375 0.677497861328125 0.49002313671875 0.672231064453125 0.47834544921875 0.66848994140625 0.4804071171875 0.65955987109375 0.463386701171875 0.65406272265625 0.46652036328125 0.60880107421875 0.46102576953125 0.59864905859375 0.41996211328125 0.595439462890625 0.407903486328125 0.584294580078125 0.386760369140625 0.58986446875 0.378897822265625 0.599022978515625 0.3797356328125 0.618028494140625 0.36637721484375 0.630621201171875 0.360498490234375 0.647030966796875 0.348515158203125 0.6468771875 0.337525330078125 0.633366265625 0.335695287109375 0.61413167578125 0.3394357734375 0.609247095703125 0.352869484375 0.607645490234375 0.359053216796875 0.594441490234375 0.355772158203125 0.583755392578125 0.316923314453125 0.566425501953125 0.301202048828125 0.543983869140625 0.274489041015625 0.528410640625 0.26739156640625 0.51841112890625 0.259453724609375 0.51657853515625 0.253881283203125 0.522607849609375 0.234112611328125 0.52222435546875 0.232204083984375 0.525964201171875 0.221213619140625 0.519246388671875 0.211519115234375 0.52954962890625 0.18503262890625 0.5401566015625 0.1706832578125 0.538934021484375 0.15694517578125 0.530536755859375 0.146793162109375 0.53603134765625 0.12809073828125 0.56045425 0.08153057421875 0.56747196484375 0.06664712109375 0.56403584765625 0.052757173828125 0.547242591796875 0.0287158515625 0.5291508203125 0.02222902734375 0.51876973046875 0.0193314609375 0.488314962890625 0 0.474167201171875 0 0.897717958984375 0.4430321953125 1 0.897717958984375 1
0 0.35754924609375 0.354240103515625 0.373197767578125 0.33851819921875 0.3913641953125 0.3322610859375 0.38129002734375 0.321574353515625 0.384343927734375 0.312873353515625 0.38167351953125 0.301805681640625 0.376788939453125 0.298065197265625 0.320154609375 0.29439617578125 0.30992730078125 0.28889966796875 0.307484052734375 0.2972190859375 0.31137448828125 0.321109822265625 0.324960064453125 0.327904205078125 0.3284695625 0.3443911796875 0.342055138671875 0.351185564453125 0.35754924609375 0.354240103515625
0 0.45408909375 0.501942025390625 0.46248572265625 0.494997052734375 0.462716072265625 0.480418607421875 0.4568405390625 0.46286283203125 0.41806762890625 0.449730935546875 0.3905136171875 0.44911773046875 0.398220470703125 0.47232187890625 0.412645775390625 0.477742455078125 0.4351601484375 0.500184724609375 0.45408909375 0.501942025390625
0 0.246030861328125 0.402697306640625 0.281828359375 0.40155576171875 0.301443890625 0.40712948046875 0.313044369140625 0.42025882421875 0.31899775 0.42163326953125 0.330600142578125 0.414383291015625 0.340981869140625 0.401103359375 0.339990916015625 0.387288068359375 0.333121876953125 0.38308943359375 0.29381360546875 0.38133021875 0.216417736328125 0.383841740234375 0.22595718359375 0.399108048828125 0.238855537109375 0.408879123046875 0.246030861328125 0.402697306640625