1 0.5791015625 0.5 0.095703125 0.091796875
1 0.791015625 0.5185546875 0.140625 0.12890625
1 0.189453125 0.4580078125 0.134765625 0.11328125
1 0.5400390625 0.572265625 0.13671875 0.103515625
1 0.392578125 0.3720703125 0.103515625 0.1171875
1 0.787109375 0.40625 0.11328125 0.111328125
1 0.4765625 0.6953125 0.205078125 0.162109375
1 0.9052734375 0.609375 0.18359375 0.150390625
1 0.6884765625 0.58984375 0.1484375 0.115234375
1 0.533203125 0.4404296875 0.083984375 0.087890625
1 0.123046875 0.6494140625 0.154296875 0.12890625
1 0.3623046875 0.5615234375 0.125 0.1640625
1 0.4609375 0.53515625 0.11328125 0.068359375
1 0.091796875 0.525390625 0.08984375 0.095703125
1 0.67578125 0.4150390625 0.115234375 0.091796875
0 0.072959658203125 0 0.04452533984375 0.17952721484375 0.0559554609375 0.183936529296875 0.07274283984375 0.184486087890625 0.07426532421875 0.1715440859375 0.086723255859375 0.166134671875 0.09187225 0.156931005859375 0.128370580078125 0.159547818359375 0.1360661171875 0.147583533203125 0.145870466796875 0.142281158203125 0.1592454140625 0.144399541015625 0.177489791015625 0.155726375 0.189132958984375 0.155461169921875 0.203057462890625 0.140792173828125 0.216055376953125 0.13863223828125 0.225152001953125 0.14112765234375 0.234890865234375 0.159544556640625 0.256170642578125 0.165024244140625 0.265043615234375 0.1822493515625 0.287352236328125 0.187891994140625 0.2999587578125 0.21150901953125 0.292411814453125 0.252499748046875 0.286182849609375 0.255204455078125 0.2764344140625 0.256824408203125 0.229596537109375 0.246242064453125 0.19964829296875 0.248881287109375 0.190276888671875 0.254779560546875 0.17760487890625 0.254881814453125 0.1687734609375 0.26402956640625 0.164983998046875 0.2613200703125 0.160863841796875 0.270686689453125 0.154634876953125 0.2733913984375 0.14857365234375 0.265048833984375 0.13947702734375 0.262553419921875 0.101023267578125 0.2722827109375 0.088463083984375 0.2650201171875 0.083532951171875 0.269512517578125 0.07595402734375 0.264093529296875 0.070916857421875 0.26593234765625 0.06852848046875 0.277682552734375 0.05650828125 0.273669439453125 0.056126462890625 0.279409546875 0.051145205078125 0.27756594140625 0.054985796875 0.286611439453125 0.0514615390625 0.29554511328125 0.0539985078125 0.312821349609375 0.0679693515625 0.314506787109375 0.08020362890625 0.323827064453125 0.085883037109375 0.337909734375 0.085007576171875 0.356754796875 0.099299537109375 0.366400978515625 0.0856913671875 0.39904914453125 0.085416587890625 0.407442833984375 0.0917478046875 0.417410134765625 0.112487599609375 0.41964034375 0.1240237265625 0.416721556640625 0.126793919921875 0.3992312421875 0.121761537109375 0.3910516328125 0.140178439453125 0.38131276953125 0.15009461328125 0.368645546875 0.160168955078125 0.364967908203125 0.17375798046875 0.372393455078125 0.182793908203125 0.38858972265625 0.194814107421875 0.3926028359375 0.1989246875 0.403273076171875 0.196648138671875 0.407658435546875 0.2089942421875 0.4096138671875 0.210241951171875 0.4050655546875 0.228658853515625 0.39532669140625 0.23462261328125 0.38097881640625 0.26240134765625 0.38537853515625 0.257984005859375 0.336692267578125 0.268984935546875 0.32050557421875 0.287834783203125 0.311362609375 0.30104677734375 0.314509833984375 0.314849880859375 0.32724254296875 0.32005000390625 0.3243748828125 0.318807083984375 0.318904765625 0.3296402734375 0.31376534375 0.36922512890625 0.316871015625 0.377200232421875 0.28649461328125 0.38261443359375 0.288934115234375 0.3802723984375 0.31703875390625 0.400253341796875 0.32073075 0.408325912109375 0.31304478515625 0.398964080078125 0.298906201171875 0.399238859375 0.29051251171875 0.409425025390625 0.279470029296875 0.417130138671875 0.24746888671875 0.421245505859375 0.248120697265625 0.427087865234375 0.261174525390625 0.42269771875 0.26891640234375 0.422418154296875 0.287328521484375 0.428163048828125 0.27769191015625 0.45063462109375 0.282305708984375 0.46611358984375 0.3011044296875 0.467784671875 0.317188869140625 0.46257976171875 0.330074958984375 0.466476263671875 0.33543803515625 0.475032904296875 0.334683970703125 0.486140875 0.321150859375 0.499194701171875 0.315308498046875 0.517979064453125 0.329884810546875 0.532774244140625 0.306389185546875 0.551898869140625 0.288852529296875 0.5652226875 0.284634908203125 0.5709068828125 0.288699150390625 0.5756740625 0.285235591796875 0.577079935546875 0.289676865234375 0.5894260390625 0.291632296875 0.615482568359375 0.2736115703125 0.643638333984375 0.282289609375 0.65170133203125 0.2946405 0.658618875 0.324211712890625 0.673832638671875 0.331367267578125 0.675681029296875 0.31636758203125 0.692855013671875 0.301158603515625 0.7017982578125 0.28464600390625 0.73765913671875 0.26132290234375 0.747244619140625 0.260731791015625 0.76044225390625 0.29393430078125 0.75983199609375 0.324422529296875 0.772611046875 0.326973857421875 0.7854875625 0.352215623046875 0.79541330859375 0.319511544921875 0.8050594921875 0.30521958203125 0.8174103828125 0.297156583984375 0.84074784375 0.302962177734375 0.850445154296875 0.295006220703125 0.857972953125 0.294089203125 0.8833073984375 0.313921552734375 0.906002623046875 0.303805658203125 0.917696916015625 0.30987645703125 0.9261369453125 0.32650566796875 0.931322708984375 0.35369329296875 0.951894765625 0.366970771484375 0.95946890234375 0.3824081875 0.966642080078125 0.443659423828125 0.94349955078125 0.48323470703125 0.921232486328125 0.503964927734375 0.906228013671875 0.512134962890625 0.90481256640625 0.527730546875 0.89322052734375 0.5343317578125 0.910817880859375 0.53975553125 0.91384370703125 0.553945240234375 0.94470896875 0.558833818359375 0.958460947265625 0.5652305234375 0.98807127734375 0.61466584375 1 0.539350853515625 1 0.212206966796875 0.990853263671875 0.20756095703125 0.990913962890625 0.193860107421875 0.981114400390625 0.1891440546875 0.948731439453125 0.187179052734375 0.9534474921875 0.17737948828125 0.939746638671875 0.1773187890625 0.9340624453125 0.173254546875 0.93119 0.178072853515625 0.927889392578125 0.17227683203125 0.9274516640625 0.18169936328125 0.914728525390625 0.175465611328125 0.90086472265625 0.176433755859375 0.886572759765625 0.1667875703125 0.83648540625 0.156745212890625 0.804544962890625 0.13533925 0.853934166015625 0.133142544921875 0.879543392578125 0.14458120703125 0.941976849609375 0.15657899609375 0.9879999609375 0.17230555078125 0.9983395078125 0.180271080078125 1 0.1805518359375 1 0.10564479296875 0.978503896484375 0.099085240234375 0.971790859375 0.094858046875 0.963783775390625 0.078824734375 0.854940599609375 0.066858923828125 0.80462959375 0.0715462578125 0.791580552734375 0.06737019140625 0.77533316015625 0.070070111328125 0.71977569140625 0.061270671875 0.7134908125 0.0676578046875 0.702010599609375 0.06689416796875 0.695022783203125 0.0710606640625 0.692425115234375 0.067485279296875 0.67753246875 0.068290470703125 0.636164708984375 0.056465203125 0.621812046875 0.060519873046875 0.599666380859375 0.053848390625 0.5703699453125 0.052372244140625 0.56208808203125 0.044732619140625 0.55028196484375 0.04602666796875 0.506805392578125 0.027539490234375 0.493104541015625 0.02747879296875 0.428399318359375 0.00984793359375 0.42227739453125 0.015206224609375 0.369480546875 0.008953326171875 0.31797774609375 0.01450655078125 0.31321056640625 0.017970107421875 0.302922146484375 0.01634058203125 0.290678296875 0.02705716015625 0.262685482421875 0.01735027734375 0.23631262109375 0.01739183203125 0.227970060546875 0.02345305859375 0.219739322265625 0.0221494375 0.2056103125 0.011474412109375 0.174745052734375 0.0065858359375 0.1640482421875 0 0.072959658203125 0
0 0.927040341796875 1 0.977310666015625 0.682605671875 0.852483908203125 0.67500355078125 0.844304298828125 0.68003593359375 0.83401587890625 0.678406408203125 0.80835552734375 0.6606317421875 0.7944453828125 0.645245453125 0.79396609765625 0.62829512109375 0.780865931640625 0.61778305078125 0.776546056640625 0.591787220703125 0.766588328125 0.57808158203125 0.7614441171875 0.5772668203125 0.752505658203125 0.583760990234375 0.754064912109375 0.607210279296875 0.75015405078125 0.63190248828125 0.74316144921875 0.64608741015625 0.64135721484375 0.636291109375 0.631064009765625 0.644680013671875 0.6305096640625 0.671485818359375 0.589895966796875 0.6682171953125 0.575273314453125 0.670647123046875 0.571260201171875 0.682667322265625 0.574127859375 0.6878674453125 0.5886946015625 0.689119939453125 0.599360052734375 0.695027787109375 0.616030818359375 0.7129606171875 0.620136615234375 0.733649283203125 0.61818118359375 0.74599538671875 0.607226591796875 0.778536515625 0.582147779296875 0.790384189453125 0.54775826171875 0.79442928515625 0.518736607421875 0.78455944921875 0.501255865234375 0.761752400390625 0.384996716796875 0.743338759765625 0.3408683359375 0.728966953125 0.336920705078125 0.71726787109375 0.340821994140625 0.712612521484375 0.337470263671875 0.70048049609375 0.34175815625 0.680066607421875 0.338569376953125 0.666905740234375 0.31463601953125 0.661533091796875 0.302294701171875 0.649559234375 0.30468786328125 0.627790599609375 0.301336130859375 0.615658572265625 0.3070810234375 0.606021962890625 0.3050329140625 0.585659201171875 0.30162526953125 0.577209599609375 0.287924416015625 0.577148900390625 0.280503658203125 0.580719498046875 0.276103939453125 0.608498232421875 0.269386115234375 0.614289466796875 0.2130138828125 0.61063423828125 0.2002859609375 0.614418916015625 0.18254327734375 0.686488982421875 0.172678228515625 0.705492208984375 0.136933962890625 0.711432037109375 0.132278611328125 0.70753075 0.118088900390625 0.710556576171875 0.098163873046875 0.70318215625 0.061339638671875 0.70262302734375 0.059496033203125 0.70760428515625 0.054137744140625 0.701482359375 0.045092244140625 0.70532294921875 0.002909720703125 0.698641892578125 0.00236973828125 0.6953924140625 0 0.698125759765625 0 0.927040341796875 0.4606491484375 1 0.927040341796875 1