1 0.6611328125 0.40234375 0.123046875 0.0869140625
1 0.50390625 0.619140625 0.1064453125 0.125
1 0.3203125 0.6328125 0.0947265625 0.072265625
1 0.5947265625 0.5712890625 0.083984375 0.0478515625
1 0.2939453125 0.4462890625 0.0927734375 0.08984375
1 0.4375 0.421875 0.0693359375 0.0791015625
1 0.4375 0.498046875 0.0849609375 0.0625
1 0.2001953125 0.642578125 0.078125 0.0693359375
1 0.0810546875 0.353515625 0.072265625 0.0546875
1 0.3798828125 0.3359375 0.0595703125 0.0419921875
1 0.5390625 0.45703125 0.0634765625 0.0595703125
1 0.3349609375 0.556640625 0.146484375 0.0732421875
1 0.76171875 0.208984375 0.056640625 0.0263671875
1 0.44140625 0.3466796875 0.0556640625 0.0390625
1 0.677734375 0.349609375 0.0458984375 0.0322265625
0 0.44189453125 0.5419921875 0.44482421875 0.533203125 0.4140625 0.53369140625 0.416015625 0.54638671875 0.4111328125 0.56884765625 0.419921875 0.57275390625 0.4443359375 0.56591796875 0.4443359375 0.54833984375 0.4287109375 0.54541015625 0.44189453125 0.5419921875
0 0.3994140625 0.48681640625 0.392578125 0.48291015625 0.392578125 0.47900390625 0.39892578125 0.4775390625 0.40380859375 0.470703125 0.4091796875 0.47509765625 0.41015625 0.48291015625 0.4013671875 0.48876953125 0.40478515625 0.5078125 0.419921875 0.48681640625 0.4228515625 0.47021484375 0.4365234375 0.46728515625 0.42431640625 0.4638671875 0.42041015625 0.455078125 0.40869140625 0.455078125 0.4052734375 0.45166015625 0.40380859375 0.392578125 0.36865234375 0.3935546875 0.3564453125 0.40380859375 0.3671875 0.41455078125 0.373046875 0.42919921875 0.373046875 0.44775390625 0.36474609375 0.4658203125 0.32958984375 0.46875 0.30322265625 0.4990234375 0.28125 0.50439453125 0.279296875 0.52001953125 0.28271484375 0.5302734375 0.318359375 0.53173828125 0.34326171875 0.5234375 0.39111328125 0.521484375 0.3994140625 0.49267578125 0.3994140625 0.48681640625
0 0.47802734375 0.203125 0.48681640625 0.21484375 0.51220703125 0.2119140625 0.51806640625 0.2197265625 0.54541015625 0.212890625 0.55322265625 0.234375 0.56982421875 0.2353515625 0.59814453125 0.216796875 0.62158203125 0.212890625 0.62744140625 0.203125 0.65185546875 0.201171875 0.658203125 0.19091796875 0.66552734375 0.1875 0.6728515625 0.18994140625 0.68701171875 0.216796875 0.69580078125 0.216796875 0.71337890625 0.205078125 0.73388671875 0.2021484375 0.73779296875 0.1962890625 0.75146484375 0.193359375 0.75732421875 0.1875 0.76220703125 0.1875 0.76708984375 0.193359375 0.77685546875 0.19140625 0.78857421875 0.2001953125 0.80126953125 0.203125 0.82568359375 0.201171875 0.84912109375 0.1826171875 0.859375 0.17919921875 0.8583984375 0.16064453125 0.84130859375 0.1494140625 0.76123046875 0.1640625 0.72998046875 0.16015625 0.71728515625 0.1650390625 0.70068359375 0.1640625 0.65966796875 0.173828125 0.61083984375 0.171875 0.58837890625 0.166015625 0.56103515625 0.171875 0.53857421875 0.171875 0.53369140625 0.1708984375 0.52880859375 0.1630859375 0.52001953125 0.162109375 0.5009765625 0.18212890625 0.4990234375 0.18896484375 0.48974609375 0.1953125 0.42138671875 0.1943359375 0.41015625 0.21630859375 0.423828125 0.24267578125 0.4345703125 0.24462890625 0.4443359375 0.23876953125 0.4482421875 0.22021484375 0.47119140625 0.2021484375 0.47802734375 0.203125
0 0.677734375 0.51416015625 0.6796875 0.50244140625 0.67431640625 0.49609375 0.67138671875 0.4990234375 0.66357421875 0.4951171875 0.62744140625 0.498046875 0.60205078125 0.48828125 0.59033203125 0.4912109375 0.57373046875 0.48828125 0.51513671875 0.4912109375 0.4853515625 0.48291015625 0.5 0.47900390625 0.5068359375 0.46728515625 0.501953125 0.46533203125 0.501953125 0.45556640625 0.53466796875 0.4267578125 0.54931640625 0.4306640625 0.5712890625 0.45751953125 0.57177734375 0.482421875 0.59619140625 0.4794921875 0.5966796875 0.46142578125 0.607421875 0.44384765625 0.609375 0.43115234375 0.59765625 0.42236328125 0.59228515625 0.4033203125 0.56494140625 0.404296875 0.54443359375 0.3974609375 0.50439453125 0.4013671875 0.49658203125 0.40625 0.4755859375 0.40966796875 0.4716796875 0.45068359375 0.46728515625 0.4599609375 0.45263671875 0.4609375 0.4501953125 0.46728515625 0.4697265625 0.48681640625 0.4697265625 0.49658203125 0.4765625 0.51318359375 0.49462890625 0.5302734375 0.51123046875 0.537109375 0.5166015625 0.54833984375 0.52294921875 0.5517578125 0.55029296875 0.5517578125 0.56103515625 0.5419921875 0.56787109375 0.546875 0.61279296875 0.546875 0.6396484375 0.55224609375 0.642578125 0.53466796875 0.65478515625 0.5341796875 0.66650390625 0.51953125 0.677734375 0.51416015625
0 0 0.39892578125 0.02099609375 0.404296875 0.0283203125 0.40966796875 0.03173828125 0.4248046875 0.0556640625 0.43310546875 0.0712890625 0.47119140625 0.0703125 0.48291015625 0.0791015625 0.49755859375 0.091796875 0.50439453125 0.11083984375 0.4912109375 0.12353515625 0.4921875 0.13232421875 0.4990234375 0.14111328125 0.5 0.13720703125 0.4619140625 0.146484375 0.47216796875 0.15380859375 0.50390625 0.162109375 0.49658203125 0.1630859375 0.48681640625 0.16845703125 0.486328125 0.18115234375 0.4697265625 0.22021484375 0.474609375 0.23193359375 0.48046875 0.2421875 0.46337890625 0.2431640625 0.44189453125 0.23876953125 0.4365234375 0.14111328125 0.4453125 0.11767578125 0.435546875 0.10595703125 0.421875 0.09521484375 0.421875 0.0859375 0.41455078125 0.08203125 0.40869140625 0.0908203125 0.40576171875 0.09423828125 0.390625 0.06396484375 0.3896484375 0.048828125 0.38427734375 0.04296875 0.35693359375 0.07958984375 0.3271484375 0.09228515625 0.3271484375 0.09814453125 0.3310546875 0.1064453125 0.32861328125 0.1064453125 0.29931640625 0.11865234375 0.275390625 0.13525390625 0.2744140625 0.15478515625 0.28125 0.17822265625 0.2802734375 0.1865234375 0.27490234375 0.1865234375 0.26318359375 0.1689453125 0.24755859375 0.1689453125 0.23974609375 0.16259765625 0.2353515625 0.14013671875 0.2353515625 0.10498046875 0.2587890625 0.05322265625 0.2578125 0 0.26611328125 0 0.39892578125
0 0 0.94970703125 0.0068359375 0.95556640625 0.0107421875 0.96826171875 0.00732421875 1 0.9990234375 0.99951171875 0.99951171875 0.3740234375 0.95654296875 0.376953125 0.9521484375 0.39013671875 0.93408203125 0.404296875 0.89208984375 0.4091796875 0.87841796875 0.408203125 0.84716796875 0.3974609375 0.81787109375 0.3955078125 0.75048828125 0.3662109375 0.72607421875 0.361328125 0.7158203125 0.37744140625 0.7294921875 0.39306640625 0.7314453125 0.40380859375 0.720703125 0.41650390625 0.71875 0.43212890625 0.68115234375 0.4296875 0.67236328125 0.431640625 0.6689453125 0.43798828125 0.68359375 0.46337890625 0.67578125 0.47216796875 0.67578125 0.47802734375 0.67919921875 0.48046875 0.69580078125 0.4755859375 0.69921875 0.47119140625 0.6982421875 0.45849609375 0.70458984375 0.44921875 0.71435546875 0.443359375 0.73193359375 0.44140625 0.74560546875 0.4326171875 0.7734375 0.46240234375 0.7734375 0.48291015625 0.7626953125 0.50634765625 0.74951171875 0.5146484375 0.7236328125 0.51806640625 0.724609375 0.54248046875 0.72900390625 0.548828125 0.73291015625 0.548828125 0.75341796875 0.5244140625 0.77490234375 0.5205078125 0.79248046875 0.5 0.82958984375 0.50390625 0.85009765625 0.494140625 0.86669921875 0.501953125 0.875 0.50830078125 0.880859375 0.52392578125 0.88720703125 0.5302734375 0.921875 0.55322265625 0.9228515625 0.57080078125 0.9140625 0.59033203125 0.9150390625 0.60693359375 0.91943359375 0.6123046875 0.93701171875 0.6181640625 0.943359375 0.62744140625 0.9384765625 0.64404296875 0.9384765625 0.67041015625 0.92529296875 0.6865234375 0.92041015625 0.6875 0.89111328125 0.671875 0.81591796875 0.671875 0.78662109375 0.6572265625 0.74560546875 0.6533203125 0.7373046875 0.64794921875 0.732421875 0.63623046875 0.7158203125 0.62353515625 0.7158203125 0.61279296875 0.7216796875 0.59619140625 0.7275390625 0.59130859375 0.728515625 0.57861328125 0.7265625 0.57080078125 0.71826171875 0.5625 0.70556640625 0.5771484375 0.6923828125 0.58154296875 0.6953125 0.61083984375 0.689453125 0.62353515625 0.68115234375 0.6279296875 0.67138671875 0.640625 0.65087890625 0.6396484375 0.63525390625 0.6298828125 0.6318359375 0.62548828125 0.6328125 0.61181640625 0.62451171875 0.5947265625 0.60107421875 0.59375 0.58154296875 0.59765625 0.576171875 0.60693359375 0.564453125 0.61474609375 0.564453125 0.62060546875 0.5771484375 0.63525390625 0.5771484375 0.64013671875 0.564453125 0.64208984375 0.556640625 0.66943359375 0.5458984375 0.68701171875 0.5458984375 0.69482421875 0.56494140625 0.71484375 0.57666015625 0.7158203125 0.5830078125 0.72119140625 0.5830078125 0.74951171875 0.5751953125 0.76806640625 0.57421875 0.78564453125 0.56591796875 0.796875 0.54931640625 0.8046875 0.52001953125 0.806640625 0.51025390625 0.8125 0.50146484375 0.8125 0.486328125 0.79541015625 0.4775390625 0.77880859375 0.47314453125 0.759765625 0.43701171875 0.755859375 0.4296875 0.74951171875 0.4375 0.72216796875 0.45654296875 0.6962890625 0.50048828125 0.703125 0.51171875 0.69091796875 0.51025390625 0.6865234375 0.49853515625 0.6826171875 0.45458984375 0.6796875 0.447265625 0.67431640625 0.453125 0.65478515625 0.4541015625 0.63037109375 0.4677734375 0.62255859375 0.4990234375 0.58349609375 0.4990234375 0.57275390625 0.50634765625 0.556640625 0.4931640625 0.56591796875 0.4931640625 0.57275390625 0.48291015625 0.5830078125 0.47216796875 0.5859375 0.45166015625 0.6083984375 0.4228515625 0.60791015625 0.423828125 0.59716796875 0.4326171875 0.58056640625 0.42236328125 0.5771484375 0.40283203125 0.580078125 0.39501953125 0.5947265625 0.38134765625 0.599609375 0.35205078125 0.599609375 0.34521484375 0.6044921875 0.34033203125 0.59765625 0.32568359375 0.5986328125 0.33056640625 0.609375 0.34521484375 0.6162109375 0.36181640625 0.62109375 0.38330078125 0.619140625 0.38671875 0.62353515625 0.3603515625 0.63037109375 0.357421875 0.65087890625 0.349609375 0.66943359375 0.3349609375 0.67626953125 0.3359375 0.68603515625 0.3466796875 0.70068359375 0.34375 0.71826171875 0.33251953125 0.7314453125 0.30615234375 0.748046875 0.29443359375 0.751953125 0.263671875 0.74853515625 0.255859375 0.72705078125 0.2431640625 0.71826171875 0.240234375 0.70751953125 0.2431640625 0.69189453125 0.25537109375 0.677734375 0.24755859375 0.6748046875 0.23193359375 0.6845703125 0.22021484375 0.6826171875 0.21240234375 0.6875 0.1630859375 0.68603515625 0.1591796875 0.65478515625 0.20166015625 0.609375 0.236328125 0.61962890625 0.2412109375 0.64208984375 0.2392578125 0.66064453125 0.24853515625 0.6650390625 0.27001953125 0.6650390625 0.2734375 0.65185546875 0.2890625 0.63818359375 0.302734375 0.61865234375 0.3076171875 0.60302734375 0.30615234375 0.595703125 0.28662109375 0.5947265625 0.27685546875 0.5986328125 0.248046875 0.59228515625 0.2509765625 0.57763671875 0.2607421875 0.57373046875 0.2529296875 0.56787109375 0.251953125 0.56103515625 0.25732421875 0.5556640625 0.263671875 0.55908203125 0.2666015625 0.53173828125 0.2744140625 0.50732421875 0.27099609375 0.501953125 0.25146484375 0.5029296875 0.24755859375 0.4931640625 0.22021484375 0.4921875 0.18408203125 0.501953125 0.1787109375 0.51123046875 0.158203125 0.52783203125 0.1533203125 0.55419921875 0.16943359375 0.5634765625 0.18798828125 0.5556640625 0.20654296875 0.5576171875 0.2119140625 0.56494140625 0.203125 0.58056640625 0.21484375 0.58837890625 0.19970703125 0.5966796875 0.18505859375 0.59765625 0.1572265625 0.60986328125 0.15234375 0.63623046875 0.1416015625 0.65087890625 0.134765625 0.67041015625 0.13330078125 0.6875 0.12451171875 0.6875 0.10595703125 0.701171875 0.07861328125 0.6962890625 0.04736328125 0.697265625 0.01806640625 0.689453125 0 0.67626953125 0 0.94970703125
0 1 0.15185546875 0.98486328125 0.146484375 0.96630859375 0.1513671875 0.94580078125 0.146484375 0.91357421875 0.1494140625 0.9052734375 0.15673828125 0.8916015625 0.18310546875 0.89501953125 0.1884765625 0.90673828125 0.1875 0.9150390625 0.19384765625 0.93408203125 0.17578125 0.94482421875 0.171875 0.95166015625 0.16015625 0.9638671875 0.16357421875 0.962890625 0.17333984375 0.96826171875 0.1796875 0.99658203125 0.1875 1 0.18505859375 1 0.15185546875