1 0.3291015625 0.427734375 0.140625 0.10546875
1 0.5185546875 0.646484375 0.126953125 0.14453125
1 0.71875 0.64453125 0.109375 0.0859375
1 0.4169921875 0.6044921875 0.095703125 0.05859375
1 0.73046875 0.4404296875 0.109375 0.10546875
1 0.572265625 0.427734375 0.08203125 0.091796875
1 0.5791015625 0.509765625 0.09765625 0.07421875
1 0.849609375 0.6435546875 0.091796875 0.08203125
1 0.94921875 0.3203125 0.080078125 0.06640625
1 0.6259765625 0.330078125 0.068359375 0.05078125
1 0.466796875 0.4755859375 0.07421875 0.0703125
1 0.6953125 0.5634765625 0.166015625 0.091796875
1 0.2021484375 0.2294921875 0.064453125 0.033203125
1 0.5615234375 0.3466796875 0.064453125 0.046875
1 0.3056640625 0.3720703125 0.052734375 0.0390625
0 0.6147552421875 0.584068326171875 0.6073552890625 0.560258265625 0.608265630859375 0.546354828125 0.5749778046875 0.548735453125 0.578974609375 0.55795609375 0.5935441796875 0.5604032109375 0.576936501953125 0.565046298828125 0.578598369140625 0.584041537109375 0.60562692578125 0.58912042578125 0.6147552421875 0.584068326171875
0 0.749879130859375 0.530243462890625 0.752603224609375 0.518839767578125 0.749015427734375 0.502139763671875 0.7247635859375 0.498412998046875 0.693408625 0.468191779296875 0.655141169921875 0.468349642578125 0.644463166015625 0.44961153125 0.642708970703125 0.429561001953125 0.647655828125 0.4131776796875 0.658248443359375 0.400553892578125 0.6440878828125 0.3906274140625 0.60600508203125 0.392895857421875 0.6100078671875 0.456879451171875 0.606637490234375 0.460896111328125 0.593973998046875 0.4620040234375 0.590583767578125 0.4718709453125 0.577715771484375 0.4767185390625 0.592766822265625 0.478591849609375 0.59750223828125 0.496254818359375 0.6158442578125 0.517512521484375 0.617737419921875 0.49661120703125 0.60768584375 0.491110392578125 0.60800252734375 0.48257573828125 0.613391162109375 0.47731913671875 0.6193138984375 0.484244544921875 0.626311779296875 0.485227361328125 0.62668108203125 0.489448525390625 0.619663349609375 0.494315970703125 0.620217306640625 0.500647716796875 0.63191089453125 0.53099403125 0.683804806640625 0.528580638671875 0.711499498046875 0.53519630078125 0.749879130859375 0.530243462890625
0 0.570199576171875 0.232801373046875 0.58248084765625 0.203015953125 0.568267666015625 0.180333654296875 0.49448962109375 0.187851765625 0.48386423828125 0.181869470703125 0.481107375 0.1746670859375 0.458636517578125 0.1548339765625 0.449231224609375 0.156720203125 0.444693376953125 0.16562416015625 0.439509248046875 0.16714108203125 0.415237556640625 0.169264580078125 0.385135451171875 0.1655179609375 0.36141771484375 0.173973205078125 0.30883781640625 0.1807000859375 0.2635923359375 0.174024869140625 0.24574471484375 0.176649703125 0.23156430078125 0.172573484375 0.19816429296875 0.17974908203125 0.11024554296875 0.171490447265625 0.092839697265625 0.185242 0.0935386015625 0.205384853515625 0.104942298828125 0.20810894921875 0.1320234765625 0.225943654296875 0.15859040234375 0.2257460859375 0.17203220703125 0.221379974609375 0.183864765625 0.210774443359375 0.194602328125 0.211961765625 0.199324826171875 0.205168390625 0.204601283203125 0.20470676171875 0.211486984375 0.21048455078125 0.22653803515625 0.212357859375 0.23131315625 0.21832030078125 0.253751244140625 0.219547330078125 0.27385439453125 0.230548951171875 0.283352013671875 0.229718017578125 0.296114767578125 0.1993587890625 0.303798634765625 0.1960281171875 0.312036458984375 0.199029189453125 0.3198652734375 0.209509626953125 0.34643219921875 0.20931205859375 0.353687205078125 0.219311013671875 0.3793834921875 0.2213163515625 0.411741126953125 0.238689427734375 0.429588748046875 0.23606459375 0.435999904296875 0.2121095859375 0.466194333984375 0.216911494140625 0.471787470703125 0.207915208984375 0.499502015625 0.208680607421875 0.50789172265625 0.195186181640625 0.51518643359375 0.193484607421875 0.541693802734375 0.210837830078125 0.54766916015625 0.2305190546875 0.558776025390625 0.235927541015625 0.570199576171875 0.232801373046875
0 0.39476031640625 0.57938959765625 0.443303703125 0.5751426015625 0.450229109375 0.569219865234375 0.462760568359375 0.578757189453125 0.492308716796875 0.5761720625 0.49884496875 0.571878423828125 0.5035873203125 0.559234783203125 0.520880984375 0.550278205078125 0.538788162109375 0.53010258203125 0.544605658203125 0.511516353515625 0.5436823984375 0.500963443359375 0.562941697265625 0.478011103515625 0.5597033515625 0.47138252734375 0.54378166015625 0.471712126953125 0.53815575390625 0.462102328125 0.5300568984375 0.41814941015625 0.507045 0.416440900390625 0.49814104296875 0.4119030546875 0.45450480859375 0.411467255859375 0.432989978515625 0.420793138671875 0.403349505859375 0.4223229765625 0.39934576171875 0.443408943359375 0.387513203125 0.454014474609375 0.3908240234375 0.46754860546875 0.40409409375 0.4855282578125 0.40632976953125 0.5050049765625 0.432989021484375 0.505862701171875 0.431162353515625 0.478906619140625 0.452367435546875 0.447808779296875 0.467827498046875 0.4422027265625 0.50590336328125 0.470240890625 0.506826623046875 0.48079380078125 0.5017348203125 0.48336601171875 0.51022976953125 0.495383220703125 0.5264284375 0.498219494140625 0.495026833984375 0.510005412109375 0.43143239453125 0.51237909765625 0.41376942578125 0.517114513671875 0.40082895703125 0.515056552734375 0.37431465234375 0.528009939453125 0.33499190625 0.528260126953125 0.3269188828125 0.533219900390625 0.32347603125 0.53033100390625 0.31827205078125 0.537698189453125 0.32149054296875 0.550177029296875 0.33413418359375 0.55491937890625 0.348182564453125 0.569640833984375 0.361419865234375 0.569014404296875 0.366247607421875 0.5877326640625 0.39476031640625 0.57938959765625
0 0.942246814453125 0.3953795703125 0.93063861328125 0.396395158203125 0.919267685546875 0.41227714453125 0.894863962890625 0.42504587890625 0.7885039296875 0.424780859375 0.784262912109375 0.43100042578125 0.787349375 0.454124501953125 0.80004563671875 0.471622669921875 0.812155171875 0.464183013671875 0.853905181640625 0.45521351953125 0.869193505859375 0.471953228515625 0.87504376953125 0.471973080078125 0.8770223203125 0.4824336640625 0.88668473828125 0.48956357421875 0.891598826171875 0.454574173828125 0.90065466796875 0.44261651953125 0.90003421875 0.484142173828125 0.90943951171875 0.48225594921875 0.918290849609375 0.474037978515625 0.9319173046875 0.47178244921875 0.953741880859375 0.48422851953125 0.9668143828125 0.47564124609375 0.974927111328125 0.4589809453125 0.972763908203125 0.44640978125 0.986047849609375 0.40377621484375 0.993210666015625 0.400567083984375 0.9888185859375 0.3503653828125 0.9729693671875 0.357600537109375 0.940347673828125 0.36151793359375 0.94547224609375 0.3775518046875 0.955246841796875 0.3798867421875 0.951579634765625 0.38658779296875 0.942246814453125 0.3953795703125
0 0.846092154296875 0.2139807421875 0.8285741328125 0.232527265625 0.829682044921875 0.2451907578125 0.839159810546875 0.250210087890625 0.864579119140625 0.2490495546875 0.885038658203125 0.239815998046875 0.903070931640625 0.23930174609375 0.918524056640625 0.26400230078125 0.9212938359375 0.29566103125 0.930494623046875 0.297514486328125 0.93645706640625 0.2927393671875 0.95017584765625 0.291539130859375 0.985782908203125 0.315667416015625 0.97692716796875 0.214445841796875 0.972113560546875 0.214120666015625 0.916275462890625 0.220069236328125 0.8760691640625 0.19806598828125 0.851797470703125 0.200189486328125 0.845353546875 0.2055384140625 0.846092154296875 0.2139807421875
0 1 0.689568916015625 0.9861303671875 0.690346798828125 0.957043849609375 0.698208380859375 0.9357007578125 0.685188501953125 0.926203138671875 0.686019435546875 0.92300449609375 0.667690333984375 0.913770939453125 0.647230794921875 0.900777849609375 0.632417015625 0.893008591796875 0.6043857890625 0.86177872265625 0.593825943359375 0.845857033203125 0.594155541015625 0.82871525 0.58661662109375 0.840640134765625 0.5770663828125 0.82966530078125 0.561012658203125 0.83477695703125 0.55259018359375 0.85464283203125 0.548725408203125 0.87543196875 0.555413541015625 0.891967173828125 0.5438648984375 0.884197916015625 0.515833671875 0.860467263671875 0.4998325703125 0.85378606640625 0.490315099609375 0.8138170390625 0.483178251953125 0.78436121875 0.486818669921875 0.781063314453125 0.497740884765625 0.75986516796875 0.49853211328125 0.75667944140625 0.504659353515625 0.767429919921875 0.5303030234375 0.773180921875 0.55957419140625 0.779717171875 0.555280552734375 0.78602906640625 0.560576861328125 0.785620056640625 0.568056224609375 0.777731685546875 0.575126578125 0.7886538984375 0.578424482421875 0.79320466015625 0.593976869140625 0.7626736953125 0.603559876953125 0.75175148046875 0.60026197265625 0.73073798828125 0.603163783203125 0.72984749609375 0.61121695703125 0.73660116796875 0.627639982421875 0.75322176171875 0.64745323828125 0.77139898046875 0.660750095703125 0.776338900390625 0.6746733828125 0.799555302734375 0.6726422109375 0.809165099609375 0.6670163046875 0.80530032421875 0.647150427734375 0.80845328125 0.62241710546875 0.8449466875 0.6080589765625 0.89514500390625 0.653113828125 0.8938782734375 0.687252443359375 0.84072456640625 0.693497841796875 0.831820609375 0.68895999609375 0.81934176953125 0.69217848828125 0.801533853515625 0.683102794921875 0.79336850390625 0.687007275390625 0.807898369140625 0.701154919921875 0.81254145703125 0.71776259765625 0.810391169921875 0.72964777734375 0.7975033203125 0.740345634765625 0.7910921640625 0.76430064453125 0.758173638671875 0.770902431640625 0.74514084375 0.7677891796875 0.7150784453125 0.75234203515625 0.701696197265625 0.73915735546875 0.69686845703125 0.720439095703125 0.707091767578125 0.70359414453125 0.707223798828125 0.692948908203125 0.69074815234375 0.68694676171875 0.68055162890625 0.66763483984375 0.675446912109375 0.645750708984375 0.646307771484375 0.64085647265625 0.649585822265625 0.635784521484375 0.67298687890625 0.635863931640625 0.6904651953125 0.629017935546875 0.70564827734375 0.620246009765625 0.709909146484375 0.608176177734375 0.693987455078125 0.60850577734375 0.689357283203125 0.616354443359375 0.681508615234375 0.611724271484375 0.64984988671875 0.61449405078125 0.634614181640625 0.610510158203125 0.62478696484375 0.59541940234375 0.603404166015625 0.594100048828125 0.592646751953125 0.5987629921875 0.6037139140625 0.61587200390625 0.6057847890625 0.62738787890625 0.5746998671875 0.630639142578125 0.550415259765625 0.60830629296875 0.538530080078125 0.6061560078125 0.5264801015625 0.596044875 0.5258338203125 0.588657837890625 0.510710294921875 0.579878974609375 0.520148357421875 0.59659883203125 0.52116394140625 0.60820703125 0.55862629296875 0.64746423828125 0.574138974609375 0.65461400390625 0.577502416015625 0.680903953125 0.585680681640625 0.70145581640625 0.57827379296875 0.707952361328125 0.53106267578125 0.71527290625 0.51876848828125 0.72060198046875 0.517601017578125 0.725489279296875 0.530890939453125 0.73761866796875 0.577732751953125 0.7260769609375 0.60075756640625 0.752241814453125 0.611785021484375 0.78105135546875 0.604470458984375 0.78860319140625 0.56579399609375 0.796240416015625 0.56284554296875 0.81723405859375 0.554917466796875 0.836004939453125 0.54017616015625 0.8559035859375 0.53067854296875 0.85673451953125 0.51957167578125 0.851326033203125 0.48772829296875 0.85198523046875 0.46904973828125 0.8451124453125 0.459018017578125 0.833761369140625 0.456300857421875 0.81485845703125 0.4461043359375 0.795546537109375 0.4434268828125 0.76494309765625 0.44977848046875 0.75853887890625 0.462349646484375 0.75637567578125 0.48103513671875 0.732941853515625 0.480296529296875 0.724499525390625 0.4670264609375 0.706519873046875 0.455999005859375 0.677710333984375 0.4420955703125 0.67679998828125 0.441633939453125 0.67152353515625 0.453967833984375 0.654493931640625 0.453413876953125 0.648162185546875 0.44001177734375 0.64082776953125 0.433330580078125 0.631310298828125 0.41185545703125 0.62893565234375 0.386620796875 0.632206767578125 0.379266529296875 0.6514591328125 0.381614384765625 0.666140880859375 0.378336333984375 0.671212830078125 0.3623749375 0.68324295703125 0.34030615234375 0.68623709375 0.32855300390625 0.6734415703125 0.319167564453125 0.66947753125 0.311635580078125 0.656312705078125 0.312031671875 0.62437699609375 0.29736977734375 0.620874587890625 0.28226610546875 0.6062454609375 0.27408090234375 0.61600020703125 0.2727089296875 0.6246271875 0.27496445703125 0.638253642578125 0.281757833984375 0.642976142578125 0.28965912109375 0.660362134765625 0.29067470703125 0.671970333984375 0.273934998046875 0.68725866015625 0.269766455078125 0.70038378125 0.261304275390625 0.70697265234375 0.217351357421875 0.715071509765625 0.187077517578125 0.733670654296875 0.105820111328125 0.740779755859375 0.075638595703125 0.76043419140625 0.07026981640625 0.759840529296875 0.0545000078125 0.743674630859375 0.05200720703125 0.7151817734375 0.0451612109375 0.69770345703125 0.05114350390625 0.68707807421875 0.06958478515625 0.679084458984375 0.073825802734375 0.672864890625 0.07331155078125 0.6548326171875 0.061967412109375 0.634557732421875 0.0613608359375 0.61547016796875 0.09665400390625 0.5873932578125 0.10291327734375 0.57993374609375 0.107767806640625 0.562495134765625 0.116137662109375 0.55485097265625 0.133339001953125 0.544839103515625 0.15642337109375 0.553453166015625 0.196155125 0.545723615234375 0.217089208984375 0.566222857421875 0.2406749140625 0.568412849609375 0.26514417578125 0.592856279296875 0.26936533984375 0.592486974609375 0.273514029296875 0.585212115234375 0.272261171875 0.558737513671875 0.2439728203125 0.557490634765625 0.22894162109375 0.549767064453125 0.21511759375 0.5254556640625 0.213178748046875 0.5032945546875 0.240438599609375 0.468476888671875 0.25604360546875 0.476681943359375 0.27522349609375 0.477130658203125 0.28633036328125 0.482539142578125 0.2940668515625 0.491964287109375 0.294211798828125 0.5057753984375 0.298320783203125 0.51020106640625 0.316722361328125 0.513907978515625 0.320185064453125 0.510946609375 0.319631107421875 0.504614865234375 0.310357845703125 0.495855853515625 0.323786734375 0.4670333984375 0.31949309765625 0.460497146484375 0.309810826171875 0.459217498046875 0.2694129375 0.465410279296875 0.265825140625 0.448710275390625 0.253016701171875 0.436007076171875 0.254111697265625 0.42421422265625 0.2674085546875 0.40603700390625 0.25480462109375 0.389594126953125 0.2288839765625 0.39717873046875 0.158838677734375 0.435207955078125 0.127364599609375 0.44008831640625 0.094610873046875 0.45465094921875 0.079929126953125 0.4569988046875 0.034089982421875 0.455692365234375 0.013228373046875 0.4420986796875 0.007233162109375 0.428267716796875 0 0.4284065390625 0 0.521830474609375 0.041834412109375 1 0.5218304765625 1 1 0.958165587890625 1 0.689568916015625
0 0 0.204829791015625 0.000508193359375 0.205548697265625 0.01248569921875 0.2087542734375 0.034771904296875 0.22647680078125 0.043141759765625 0.218832638671875 0.055897576171875 0.218780017578125 0.059083302734375 0.212652775390625 0.041816427734375 0.185452482421875 0.032154009765625 0.1783225703125 0 0.178213458984375 0 0.204829791015625