1 0.5341796875 0.5634765625 0.14453125 0.123046875
1 0.318359375 0.6279296875 0.12890625 0.1484375
1 0.443359375 0.3916015625 0.109375 0.1171875
1 0.4130859375 0.5576171875 0.169921875 0.173828125
1 0.0810546875 0.5517578125 0.09765625 0.126953125
1 0.6123046875 0.513671875 0.1015625 0.09375
1 0.5703125 0.3662109375 0.171875 0.134765625
1 0.7431640625 0.4033203125 0.11328125 0.0859375
1 0.6416015625 0.72265625 0.140625 0.126953125
1 0.19140625 0.6083984375 0.17578125 0.1640625
1 0.75 0.4755859375 0.107421875 0.0859375
1 0.1875 0.2509765625 0.109375 0.080078125
1 0.8310546875 0.5322265625 0.103515625 0.08984375
1 0.931640625 0.509765625 0.123046875 0.0859375
1 0.6279296875 0.43359375 0.126953125 0.08984375
1 0.2587890625 0.3154296875 0.181640625 0.115234375
1 0.4541015625 0.720703125 0.177734375 0.1640625
1 0.7490234375 0.6611328125 0.158203125 0.150390625
1 0.6796875 0.587890625 0.11328125 0.09765625
0 0.6974006015625 0.45831155859375 0.70252719140625 0.446083734375 0.713281259765625 0.440453625 0.716454236328125 0.431894412109375 0.698968685546875 0.4249374609375 0.698475681640625 0.4185809921875 0.686003986328125 0.4144325234375 0.671326916015625 0.40246171875 0.669244794921875 0.3962285 0.67315201953125 0.38889128125 0.68891994140625 0.38606965234375 0.696737021484375 0.3755515703125 0.724612146484375 0.38042376953125 0.731938849609375 0.3677055703125 0.7730172890625 0.373791875 0.81385711328125 0.38916901171875 0.871075859375 0.4013573984375 0.871314474609375 0.39206656640625 0.849790560546875 0.37838865234375 0.845146458984375 0.380347521484375 0.8458728203125 0.369100447265625 0.83156550390625 0.36189699609375 0.833886240234375 0.3588393828125 0.84024533984375 0.362502734375 0.849412921875 0.36115223046875 0.839629083984375 0.354557146484375 0.84842954296875 0.352595646484375 0.849037908203125 0.34807216796875 0.836568841796875 0.348080056640625 0.83460997265625 0.343435955078125 0.805017220703125 0.328785177734375 0.7446123515625 0.3043742265625 0.73165291015625 0.302182 0.7255455703125 0.31000959375 0.6883822421875 0.30905513671875 0.67665268359375 0.318597728515625 0.646084439453125 0.307859435546875 0.63128675 0.298455869140625 0.63335046484375 0.27559459765625 0.623076255859375 0.266799400390625 0.5629152578125 0.241410326171875 0.548230302734375 0.21697045703125 0.5196209296875 0.210876263671875 0.51191395703125 0.2022016875 0.51252232421875 0.197678208984375 0.486362197265625 0.19842823046875 0.4298750703125 0.183305482421875 0.37998565625 0.16255525390625 0.371911560546875 0.1532696796875 0.359195990234375 0.15009933203125 0.351740779296875 0.152915703125 0.352488171875 0.1749194765625 0.34516146875 0.187637673828125 0.324146333984375 0.20525436328125 0.315841509765625 0.2177286875 0.30459706640625 0.221158681640625 0.29934459765625 0.227641033203125 0.29103188671875 0.227646291015625 0.285648279296875 0.22007045703125 0.278182548828125 0.206261404296875 0.281114283203125 0.202836666015625 0.2780540390625 0.19635957421875 0.259467119140625 0.187569634765625 0.251770662109375 0.19552048046875 0.25470765234375 0.200408455078125 0.251288173828125 0.205789431640625 0.2368733828125 0.221934998046875 0.214633625 0.236129580078125 0.259262681640625 0.25089308984375 0.253768970703125 0.262509916015625 0.2545084765625 0.27204462109375 0.240085796875 0.275721119140625 0.24167754296875 0.27975422265625 0.267108681640625 0.28609491796875 0.275051638671875 0.281322306640625 0.277125873046875 0.275086458984375 0.258056462890625 0.276565470703125 0.2576867109375 0.271798119140625 0.2728410078125 0.265187259765625 0.276871484375 0.25943915625 0.28738430859375 0.2589435234375 0.295088654296875 0.26346174609375 0.279202736328125 0.273006966796875 0.284224478515625 0.288284515625 0.29620580078125 0.290232869140625 0.302682890625 0.287172626953125 0.301946013671875 0.28179427734375 0.309157353515625 0.279956029296875 0.321872921875 0.283126376953125 0.33043213671875 0.286299353515625 0.33899923828125 0.301941396484375 0.354161421875 0.307799603515625 0.361128888671875 0.3069394765625 0.365274728515625 0.290311423828125 0.377127541015625 0.28235794921875 0.398520314453125 0.281977681640625 0.395827197265625 0.276111583984375 0.409872236328125 0.25519866796875 0.436281494140625 0.261783236328125 0.4359222578125 0.273641306640625 0.44680746484375 0.282069380859375 0.481529435546875 0.28864869140625 0.48629941796875 0.29243529296875 0.483737435546875 0.3006273828125 0.487526669921875 0.300013755859375 0.490088650390625 0.29182166796875 0.4940011328125 0.292797158203125 0.49914349609375 0.30550746875 0.508680828125 0.308924318359375 0.515275912109375 0.299140482421875 0.54388528515625 0.30523467578125 0.544380919921875 0.3157475 0.583998751953125 0.331858884765625 0.586083501953125 0.3422484609375 0.5925658515625 0.3475009296875 0.6573683203125 0.366774775390625 0.663614685546875 0.385474431640625 0.65774858984375 0.388167548828125 0.655797607421875 0.395992513671875 0.66655693359375 0.398675115234375 0.669008810546875 0.4096756875 0.665956455078125 0.415667662109375 0.68222001171875 0.423358861328125 0.679783912109375 0.437296423828125 0.692745984375 0.443645005859375 0.691288005859375 0.45782644140625 0.6974006015625 0.45831155859375
0 0.890642814453125 1 0.95511666015625 0.741409525390625 0.954295314453125 0.740536859375 0.955639244140625 0.73931355078125 0.972539634765625 0.671529787109375 0.96892505859375 0.67769326171875 0.959025859375 0.681978126953125 0.940197693359375 0.6783226640625 0.923323138671875 0.67099858984375 0.90509808203125 0.654506935546875 0.910471173828125 0.64545734765625 0.90606831640625 0.6422817421875 0.9125401484375 0.630908787109375 0.907652173828125 0.633845779296875 0.904959056640625 0.62797968359375 0.893475998046875 0.640700509765625 0.851411548828125 0.621901265625 0.847740310546875 0.615791298828125 0.83208775 0.6077329765625 0.82254252734375 0.59184705859375 0.81153669921875 0.58598622265625 0.812134548828125 0.5648373203125 0.799290470703125 0.55176514453125 0.78608452734375 0.54639468359375 0.784857275390625 0.538816220703125 0.75674090625 0.53907849609375 0.7553877734375 0.52575455859375 0.7440148203125 0.5192827265625 0.735935466796875 0.50168444140625 0.720280275390625 0.489469763671875 0.716118662109375 0.48115968359375 0.697287865234375 0.47334786328125 0.69117001171875 0.464550033203125 0.67051411328125 0.470308654296875 0.665020400390625 0.48192548046875 0.64093713671875 0.48059601171875 0.642287640625 0.489763591796875 0.661121064453125 0.501731767578125 0.6623509453125 0.5134665859375 0.673236154296875 0.521894662109375 0.67079742578125 0.5316758671875 0.66322158984375 0.537059474609375 0.65894987109375 0.547942052734375 0.669216193359375 0.544268185546875 0.680953642578125 0.54719466015625 0.687071498046875 0.55599248828125 0.70394605078125 0.563316560546875 0.728163083984375 0.582860572265625 0.758487453125 0.594576986328125 0.76044632421875 0.599221087890625 0.76582467578125 0.5984842109375 0.7709670390625 0.611194521484375 0.78857846875 0.6238969453125 0.807173279296875 0.645155951171875 0.810238779296875 0.659945755859375 0.818436126953125 0.670820447265625 0.871238869140625 0.659051447265625 0.87869933984375 0.664547791015625 0.88066083984375 0.67334824609375 0.875778123046875 0.68459794921875 0.852067240234375 0.6921921875 0.85305062109375 0.700748771484375 0.84877364453125 0.703318640625 0.82358637890625 0.69599982421875 0.783622455078125 0.712528287109375 0.782893466796875 0.71961900390625 0.7912166953125 0.736239169921875 0.77423203515625 0.748107755859375 0.75296251171875 0.750077142578125 0.728252474609375 0.7241766640625 0.709426939453125 0.7246775546875 0.700511119140625 0.73751900390625 0.695027923828125 0.76576125390625 0.685983591796875 0.768700873046875 0.649795755859375 0.76383393359375 0.62559712890625 0.7733844140625 0.614103552734375 0.76947981640625 0.602845962890625 0.75212803515625 0.59453062109375 0.7479769375 0.578626302734375 0.72842766796875 0.5704236953125 0.709240265625 0.573350169921875 0.697502818359375 0.594496443359375 0.693944314453125 0.597669419921875 0.6853851015625 0.606475134765625 0.6917363125 0.670281078125 0.681671794921875 0.680421521484375 0.672252453125 0.6808934921875 0.645358080078125 0.708514228515625 0.6345829765625 0.701295 0.62395215625 0.6878530703125 0.632028884765625 0.674159380859375 0.6286146640625 0.669997767578125 0.620304580078125 0.6589919375 0.614443744140625 0.631588783203125 0.582677169921875 0.6282820390625 0.57302184375 0.646121568359375 0.55980801171875 0.65076041015625 0.5495364296875 0.63669959765625 0.545511212890625 0.6247261640625 0.55603192578125 0.6105447265625 0.554573947265625 0.600157783203125 0.5608150546875 0.594787322265625 0.574020998046875 0.599441939453125 0.588687548828125 0.587589126953125 0.5966410234375 0.566930599609375 0.598243287109375 0.590914275390625 0.63539083984375 0.59091953515625 0.64370355078125 0.572710251953125 0.65215003125 0.5609728046875 0.649223556640625 0.551063087890625 0.636882998046875 0.565721751953125 0.619759314453125 0.572565966796875 0.617310068359375 0.557031400390625 0.60252815234375 0.53185728125 0.615991115234375 0.5235445703125 0.615996373046875 0.509360505859375 0.6103820390625 0.49223419140625 0.59156701953125 0.477326396484375 0.60135611328125 0.464613455078125 0.60234212109375 0.437767400390625 0.618656822265625 0.437268947265625 0.618174328125 0.3805213671875 0.622932611328125 0.371361673828125 0.636752181640625 0.373816177734375 0.651909107421875 0.36991158203125 0.66340268359375 0.311620384765625 0.695101220703125 0.298907447265625 0.696087228515625 0.29205797265625 0.69022376171875 0.257553583984375 0.6411027734375 0.247919291015625 0.677660365234375 0.237170478515625 0.69160318359375 0.224339546875 0.699312787109375 0.211136232421875 0.6980986796875 0.2035603984375 0.7034822890625 0.185469107421875 0.705205173828125 0.147571533203125 0.70302872265625 0.141078666015625 0.681150830078125 0.128599083984375 0.664533294921875 0.12002672265625 0.640578541015625 0.114118146484375 0.638974091796875 0.12425374609375 0.559037916015625 0.1516358671875 0.55755364453125 0.20737297265625 0.546516265625 0.227423130859375 0.549437482421875 0.23782322265625 0.563978154296875 0.2594966796875 0.620808744140625 0.271831978515625 0.602586314453125 0.30384242578125 0.5742050390625 0.338548619140625 0.55584621484375 0.3378117421875 0.550467865234375 0.345141076171875 0.5419060234375 0.38826745703125 0.500192923828125 0.40171464453125 0.50042891015625 0.421513044921875 0.4918591796875 0.442541326171875 0.495024267578125 0.474116609375 0.55172634765625 0.480963455078125 0.553433458984375 0.485969421875 0.543772873046875 0.495257625 0.5398551328125 0.517368873046875 0.515758720703125 0.528615947265625 0.51648508203125 0.540602525390625 0.5267461484375 0.55466333984375 0.53077136328125 0.56003380078125 0.517565421875 0.545238740234375 0.512318208984375 0.54413473828125 0.50632886328125 0.550000833984375 0.503635744140625 0.5512175703125 0.494588787109375 0.555494546875 0.49201891796875 0.56955798828125 0.5002004921875 0.55511953515625 0.478938853515625 0.564769603515625 0.4673193984375 0.579315533203125 0.46523201953125 0.573200306640625 0.460590546875 0.57258405078125 0.452644958984375 0.5610904765625 0.448740365234375 0.5591289765625 0.439939908203125 0.54934776953125 0.4375011796875 0.54543002734375 0.428212974609375 0.533692580078125 0.4252865 0.52977746875 0.420154654296875 0.5352764375 0.4168505390625 0.5346575546875 0.404748595703125 0.507267546875 0.39376380078125 0.501883939453125 0.38618796484375 0.4935712265625 0.386193224609375 0.480512197265625 0.419819080078125 0.481010458984375 0.43448826171875 0.48639406640625 0.442064095703125 0.485429091796875 0.462602 0.4574464921875 0.481078818359375 0.440330693359375 0.478889220703125 0.438731060546875 0.46238705078125 0.432248708984375 0.457134580078125 0.4151145078125 0.4258504921875 0.400445328125 0.426348755859375 0.394825734375 0.432220109375 0.3857787734375 0.431003375 0.368904220703125 0.42367930078125 0.361564373046875 0.41561571875 0.3614384921875 0.409870248046875 0.37194605859375 0.401061900390625 0.37364791015625 0.385902345703125 0.369853421875 0.378203259765625 0.36325044921875 0.375518029296875 0.362023197265625 0.36793956640625 0.344776259765625 0.35169178515625 0.343910873046875 0.33641160546875 0.32386071484375 0.333490390625 0.313350517578125 0.33814237890625 0.28694651953125 0.3398705234375 0.2813295546875 0.349898232421875 0.270323724609375 0.34403739453125 0.266660373046875 0.350396494140625 0.2521118125 0.34832751953125 0.244661859375 0.359456599609375 0.22901455859375 0.359710990234375 0.22607756640625 0.354823015625 0.220699216796875 0.355559892578125 0.21922809375 0.348959548828125 0.21152637890625 0.34859768359375 0.21385237109375 0.35385278125 0.204805412109375 0.352636046875 0.2007696796875 0.3500714375 0.204312408203125 0.346279576171875 0.1884159765625 0.339199375 0.18596673046875 0.332355158203125 0.177410146484375 0.333338537109375 0.16822416015625 0.305594552734375 0.170662888671875 0.295813345703125 0.17555086328125 0.29287635546875 0.171512501953125 0.286155388671875 0.15904343359375 0.28616327734375 0.13923451953125 0.278107583984375 0.135314146484375 0.26466302734375 0.05780662890625 0.258844255859375 0.044528943359375 0.2600118828125 0 0.438607720703125 0 0.890642814453125 0.438607720703125 1 0.890642814453125 1
0 0.788848314453125 0.47072278125 0.79043480078125 0.46644317578125 0.813904439453125 0.463983412109375 0.818545912109375 0.4578681875 0.837617951171875 0.46054553125 0.8566821015625 0.45075380859375 0.859619091796875 0.45564178125 0.86584968359375 0.4494033046875 0.79821769921875 0.40189246875 0.7896716328125 0.41950126953125 0.716207734375 0.428716177734375 0.717314365234375 0.438861876953125 0.71926534765625 0.431036912109375 0.728802681640625 0.43445376171875 0.78346996484375 0.471459658203125 0.788848314453125 0.47072278125
0 0.886579197265625 0.56002264453125 0.8902504375 0.566132611328125 0.904429244140625 0.563434234375 0.911766462890625 0.567341458984375 0.92458687890625 0.543006435546875 0.91320866796875 0.528221890625 0.90195896484375 0.523339173828125 0.8773721796875 0.4990278125 0.87736955078125 0.494871455078125 0.901316416015625 0.47383003125 0.90192478515625 0.46930655078125 0.890918955078125 0.463445712890625 0.887258232421875 0.47396116796875 0.88420062109375 0.47164043359375 0.885294103515625 0.46100435546875 0.86622206640625 0.458327013671875 0.853267880859375 0.46444749609375 0.788853572265625 0.479035494140625 0.78763420703125 0.48392609765625 0.79828080078125 0.50164500390625 0.811969232421875 0.49674651171875 0.818816076171875 0.498453623046875 0.870674876953125 0.540473375 0.876669482421875 0.5476820859375 0.87728573828125 0.555627673828125 0.88156534375 0.55721416015625 0.87374563671875 0.563575890625 0.886579197265625 0.56002264453125
0 0.119865951171875 0 0.122802693359375 0.004409625 0.12575808984375 0.03839208984375 0.1198998828125 0.053554275390625 0.130787720703125 0.066138703125 0.183608865234375 0.083464197265625 0.194221279296875 0.04715048046875 0.21267443359375 0.03772587890625 0.2315026015625 0.04138134375 0.24226981640625 0.05653301171875 0.27333369140625 0.0777841328125 0.30192466015625 0.0547838359375 0.316604357421875 0.070910994140625 0.33788176953125 0.081410673828125 0.3455887421875 0.090085251953125 0.3478046328125 0.11453301171875 0.353678615234375 0.124308958984375 0.353327265625 0.148636095703125 0.36873332421875 0.15351618359375 0.374229666015625 0.1460557109375 0.3958610546875 0.136384611328125 0.4183604609375 0.14615004296875 0.43474201171875 0.147117646484375 0.4714228515625 0.15834105859375 0.51444964453125 0.152446041015625 0.55772819921875 0.15804197265625 0.578024859375 0.164141421875 0.576931376953125 0.1747775 0.580967111328125 0.177342107421875 0.602236634765625 0.175372720703125 0.612990703125 0.169742611328125 0.627662513671875 0.173400705078125 0.639289857421875 0.19551983984375 0.636368640625 0.21557 0.6434646171875 0.224611701171875 0.650922458984375 0.225951685546875 0.676343080078125 0.215666958984375 0.697615232421875 0.217853927734375 0.7045748125 0.204524732421875 0.718507115234375 0.198648119140625 0.70260542578125 0.18325520703125 0.699049548828125 0.166265291015625 0.664568822265625 0.154551505859375 0.660525201171875 0.139517828125 0.66663516796875 0.13584658984375 0.6597856953125 0.129983125 0.663692919921875 0.122645904296875 0.6607559296875 0.1177579296875 0.66503290625 0.1151880625 0.700489125 0.1229893671875 0.720788416015625 0.133245173828125 0.75526125390625 0.132489892578125 0.891222658203125 0.170544578125 0.92593937109375 0.168811173828125 1 0.17408580859375 1 0.109357185546875 0.561392279296875 0 0.119865951171875 0