1 0.494140625 0.3515625 0.0830078125 0.0771484375
1 0.267578125 0.244140625 0.0703125 0.0673828125
1 0.208984375 0.357421875 0.10546875 0.0888671875
1 0.158203125 0.521484375 0.1357421875 0.103515625
1 0.3525390625 0.212890625 0.0751953125 0.064453125
1 0.8681640625 0.4052734375 0.10546875 0.1181640625
1 0.2724609375 0.60546875 0.19921875 0.1318359375
1 0.13671875 0.2138671875 0.0908203125 0.0556640625
1 0.302734375 0.404296875 0.109375 0.0947265625
1 0.4375 0.57421875 0.3349609375 0.1884765625
1 0.57421875 0.197265625 0.0400390625 0.0390625
1 0.2041015625 0.2802734375 0.1123046875 0.091796875
1 0.8408203125 0.4619140625 0.091796875 0.0625
1 0.0244140625 0.2470703125 0.046875 0.0986328125
1 0.49609375 0.234375 0.0478515625 0.052734375
1 0.453125 0.201171875 0.052734375 0.0810546875
1 0.54296875 0.23828125 0.0361328125 0.0400390625
0 1 0.20556640625 0.99169921875 0.2109375 0.97705078125 0.2119140625 0.96923828125 0.21875 0.95849609375 0.21875 0.95361328125 0.224609375 0.94482421875 0.224609375 0.93798828125 0.21875 0.92626953125 0.220703125 0.91552734375 0.21484375 0.87646484375 0.2158203125 0.86572265625 0.2099609375 0.859375 0.20068359375 0.87548828125 0.1953125 0.88525390625 0.1875 0.91650390625 0.185546875 0.94189453125 0.1923828125 0.94921875 0.17919921875 0.9482421875 0.16552734375 0.89208984375 0.1552734375 0.87451171875 0.1572265625 0.85595703125 0.1669921875 0.84521484375 0.1669921875 0.83154296875 0.162109375 0.80810546875 0.14453125 0.79736328125 0.1484375 0.79248046875 0.1552734375 0.74560546875 0.15625 0.7431640625 0.16943359375 0.736328125 0.17822265625 0.70654296875 0.197265625 0.66650390625 0.1923828125 0.6611328125 0.19677734375 0.65625 0.21630859375 0.63916015625 0.2236328125 0.61279296875 0.21875 0.60791015625 0.212890625 0.59912109375 0.2109375 0.5927734375 0.22216796875 0.5927734375 0.23486328125 0.58154296875 0.2314453125 0.57470703125 0.2353515625 0.572265625 0.23974609375 0.576171875 0.24365234375 0.564453125 0.24560546875 0.5615234375 0.26318359375 0.55712890625 0.265625 0.47900390625 0.263671875 0.47802734375 0.2587890625 0.47021484375 0.2587890625 0.45947265625 0.25 0.42138671875 0.2548828125 0.39013671875 0.25 0.37451171875 0.25390625 0.32470703125 0.251953125 0.283203125 0.29052734375 0.2822265625 0.32958984375 0.2685546875 0.33935546875 0.2646484375 0.36962890625 0.2666015625 0.37841796875 0.27099609375 0.37890625 0.28955078125 0.359375 0.31689453125 0.3603515625 0.35400390625 0.3671875 0.36083984375 0.375 0.37744140625 0.376953125 0.3740234375 0.40478515625 0.3603515625 0.41259765625 0.3583984375 0.42822265625 0.34423828125 0.431640625 0.34326171875 0.4365234375 0.32763671875 0.4384765625 0.31201171875 0.4521484375 0.28857421875 0.4521484375 0.28466796875 0.447265625 0.28466796875 0.451171875 0.27490234375 0.4521484375 0.27099609375 0.4599609375 0.26123046875 0.46484375 0.22802734375 0.458984375 0.21240234375 0.4638671875 0.2041015625 0.45751953125 0.19921875 0.44384765625 0.21044921875 0.4306640625 0.2197265625 0.42822265625 0.21875 0.42236328125 0.22265625 0.41943359375 0.21728515625 0.4150390625 0.18017578125 0.408203125 0.1806640625 0.42333984375 0.171875 0.43408203125 0.1806640625 0.44775390625 0.181640625 0.46337890625 0.18603515625 0.4697265625 0.2412109375 0.49072265625 0.2412109375 0.49853515625 0.232421875 0.50341796875 0.232421875 0.51416015625 0.22802734375 0.5146484375 0.2197265625 0.52587890625 0.2177734375 0.53759765625 0.24951171875 0.5400390625 0.2734375 0.54638671875 0.279296875 0.54150390625 0.3046875 0.48681640625 0.31201171875 0.4814453125 0.34619140625 0.4853515625 0.47900390625 0.5166015625 0.4921875 0.51123046875 0.4814453125 0.48876953125 0.4892578125 0.47119140625 0.4775390625 0.45556640625 0.4833984375 0.42041015625 0.4833984375 0.39111328125 0.47509765625 0.384765625 0.47119140625 0.38671875 0.45458984375 0.3798828125 0.45068359375 0.388671875 0.439453125 0.38916015625 0.43603515625 0.4052734375 0.40869140625 0.40625 0.4052734375 0.39404296875 0.392578125 0.38623046875 0.392578125 0.37744140625 0.4052734375 0.36376953125 0.408203125 0.35302734375 0.423828125 0.34130859375 0.4228515625 0.32958984375 0.41357421875 0.326171875 0.408203125 0.31494140625 0.408203125 0.30517578125 0.42236328125 0.2958984375 0.42822265625 0.287109375 0.43212890625 0.29296875 0.4521484375 0.30419921875 0.4521484375 0.32568359375 0.43896484375 0.328125 0.4365234375 0.33837890625 0.43896484375 0.3447265625 0.45556640625 0.349609375 0.48193359375 0.3134765625 0.52978515625 0.318359375 0.533203125 0.29248046875 0.54150390625 0.2802734375 0.55712890625 0.2734375 0.56591796875 0.2802734375 0.57470703125 0.2802734375 0.58154296875 0.271484375 0.59228515625 0.2783203125 0.60400390625 0.2685546875 0.61376953125 0.2666015625 0.62744140625 0.2802734375 0.64404296875 0.2822265625 0.66943359375 0.3046875 0.6748046875 0.31884765625 0.681640625 0.32568359375 0.6826171875 0.34228515625 0.69091796875 0.3427734375 0.7119140625 0.32666015625 0.712890625 0.29052734375 0.72216796875 0.2626953125 0.73583984375 0.2509765625 0.74853515625 0.25 0.76904296875 0.240234375 0.80029296875 0.2353515625 0.81201171875 0.2421875 0.828125 0.25927734375 0.8330078125 0.27587890625 0.8525390625 0.29638671875 0.8623046875 0.32666015625 0.8671875 0.33056640625 0.8623046875 0.33349609375 0.865234375 0.33740234375 0.8623046875 0.34130859375 0.875 0.34423828125 0.87890625 0.36376953125 0.89404296875 0.3603515625 0.8896484375 0.36962890625 0.89794921875 0.37890625 0.8974609375 0.37158203125 0.892578125 0.36865234375 0.8974609375 0.36767578125 0.90234375 0.34619140625 0.90673828125 0.3447265625 0.9111328125 0.36181640625 0.9091796875 0.38818359375 0.921875 0.40478515625 0.92578125 0.41943359375 0.93408203125 0.42578125 0.94970703125 0.421875 0.97216796875 0.400390625 1 0.39208984375 1 0.20556640625
0 1 0.68994140625 0.96044921875 0.6796875 0.93017578125 0.6611328125 0.87841796875 0.6533203125 0.845703125 0.62841796875 0.845703125 0.61474609375 0.83984375 0.60400390625 0.83984375 0.59619140625 0.84375 0.59326171875 0.8427734375 0.58056640625 0.85888671875 0.5732421875 0.87109375 0.55712890625 0.8544921875 0.54931640625 0.8544921875 0.53369140625 0.8603515625 0.51611328125 0.849609375 0.51416015625 0.85498046875 0.509765625 0.87841796875 0.5126953125 0.8837890625 0.49462890625 0.86669921875 0.494140625 0.86767578125 0.5 0.86279296875 0.49609375 0.86083984375 0.5009765625 0.85498046875 0.501953125 0.85107421875 0.494140625 0.84814453125 0.50390625 0.83935546875 0.5009765625 0.83642578125 0.5068359375 0.82861328125 0.5009765625 0.81591796875 0.50390625 0.81201171875 0.5 0.79833984375 0.4990234375 0.7978515625 0.48681640625 0.78857421875 0.486328125 0.7822265625 0.47412109375 0.787109375 0.45556640625 0.783203125 0.44677734375 0.76904296875 0.4375 0.76220703125 0.427734375 0.69287109375 0.419921875 0.67919921875 0.4130859375 0.6640625 0.42041015625 0.658203125 0.43408203125 0.658203125 0.49072265625 0.634765625 0.50146484375 0.640625 0.52099609375 0.64892578125 0.5224609375 0.6552734375 0.52880859375 0.6552734375 0.54638671875 0.626953125 0.58056640625 0.6279296875 0.59033203125 0.6435546875 0.59716796875 0.6533203125 0.61279296875 0.65234375 0.61962890625 0.64892578125 0.625 0.62451171875 0.6259765625 0.61181640625 0.6201171875 0.60107421875 0.603515625 0.58935546875 0.609375 0.5791015625 0.62060546875 0.578125 0.63916015625 0.57177734375 0.6396484375 0.546875 0.67138671875 0.5400390625 0.67529296875 0.54345703125 0.677734375 0.55712890625 0.6748046875 0.5615234375 0.67919921875 0.5537109375 0.68310546875 0.5625 0.69189453125 0.56103515625 0.697265625 0.54443359375 0.681640625 0.53564453125 0.703125 0.51611328125 0.7021484375 0.50732421875 0.6953125 0.48681640625 0.69921875 0.4609375 0.67529296875 0.4677734375 0.66162109375 0.45556640625 0.658203125 0.45166015625 0.6474609375 0.39892578125 0.6298828125 0.38037109375 0.6298828125 0.337890625 0.66748046875 0.3408203125 0.67138671875 0.3349609375 0.67724609375 0.3330078125 0.68701171875 0.31640625 0.69970703125 0.3193359375 0.70751953125 0.3095703125 0.71044921875 0.31396484375 0.71875 0.34033203125 0.7265625 0.37060546875 0.7265625 0.37646484375 0.7216796875 0.39697265625 0.71875 0.40380859375 0.712890625 0.41259765625 0.7119140625 0.43017578125 0.720703125 0.46728515625 0.7255859375 0.4951171875 0.75341796875 0.513671875 0.77880859375 0.5166015625 0.81201171875 0.5068359375 0.83447265625 0.45654296875 0.8603515625 0.43896484375 0.8603515625 0.42822265625 0.8544921875 0.40771484375 0.857421875 0.38916015625 0.845703125 0.37744140625 0.84375 0.3603515625 0.83349609375 0.34912109375 0.806640625 0.31787109375 0.79296875 0.29052734375 0.787109375 0.26318359375 0.7890625 0.24169921875 0.78125 0.22998046875 0.767578125 0.20458984375 0.77734375 0.19921875 0.76904296875 0.20703125 0.74560546875 0.2041015625 0.73779296875 0.17236328125 0.7265625 0.15625 0.71142578125 0.1513671875 0.69873046875 0.14453125 0.69482421875 0.146484375 0.68994140625 0.140625 0.68701171875 0.14208984375 0.6826171875 0.15185546875 0.6875 0.16162109375 0.6845703125 0.1953125 0.66357421875 0.1943359375 0.64501953125 0.1865234375 0.64013671875 0.18505859375 0.634765625 0.17822265625 0.6416015625 0.15576171875 0.6416015625 0.1552734375 0.63623046875 0.14990234375 0.6357421875 0.15625 0.64599609375 0.15234375 0.65087890625 0.15185546875 0.666015625 0.14208984375 0.6630859375 0.12646484375 0.6689453125 0.1171875 0.64404296875 0.10791015625 0.6416015625 0.10595703125 0.6357421875 0.07958984375 0.6484375 0 0.65869140625 0 0.94970703125 0.01025390625 0.9599609375 0.02001953125 0.962890625 0.033203125 0.97607421875 0.03515625 0.98291015625 0.033203125 0.98876953125 0.02490234375 0.9931640625 0.01513671875 0.9921875 0.01220703125 0.98828125 0.01025390625 1 1 0.99951171875 1 0.68994140625
0 0.07568359375 0.2431640625 0.06689453125 0.2373046875 0.04736328125 0.2373046875 0.046875 0.24755859375 0.06494140625 0.2548828125 0.0654296875 0.26318359375 0.0791015625 0.27783203125 0.08447265625 0.2685546875 0.0966796875 0.26513671875 0.0947265625 0.24658203125 0.07568359375 0.2431640625
0 0.12646484375 0.2421875 0.13720703125 0.255859375 0.16162109375 0.251953125 0.1640625 0.25537109375 0.16064453125 0.2587890625 0.1484375 0.25830078125 0.16162109375 0.263671875 0.17919921875 0.251953125 0.18017578125 0.2470703125 0.18505859375 0.248046875 0.185546875 0.23974609375 0.10595703125 0.23828125 0.099609375 0.24267578125 0.1005859375 0.26220703125 0.1044921875 0.26416015625 0.1083984375 0.26318359375 0.11328125 0.24658203125 0.12158203125 0.2421875 0.12646484375 0.2421875
0 0.0771484375 0.28662109375 0.07568359375 0.2802734375 0.06396484375 0.283203125 0.05126953125 0.294921875 0.0244140625 0.31005859375 0.0234375 0.31787109375 0.02734375 0.32470703125 0.03271484375 0.3310546875 0.0390625 0.33154296875 0.05517578125 0.330078125 0.0712890625 0.31787109375 0.0693359375 0.30322265625 0.0771484375 0.28662109375