1 0.25390625 0.689453125 0.158203125 0.146484375
1 0.6533203125 0.775390625 0.115234375 0.18359375
1 0.7177734375 0.5966796875 0.107421875 0.08203125
1 0.19140625 0.564453125 0.119140625 0.08203125
1 0.080078125 0.70703125 0.154296875 0.126953125
1 0.3837890625 0.4794921875 0.05859375 0.080078125
1 0.80859375 0.408203125 0.091796875 0.111328125
1 0.4619140625 0.810546875 0.150390625 0.107421875
1 0.71875 0.515625 0.0859375 0.0859375
1 0.14453125 0.498046875 0.111328125 0.080078125
1 0.9443359375 0.7421875 0.109375 0.072265625
1 0.24609375 0.4287109375 0.0703125 0.056640625
1 0.2568359375 0.501953125 0.072265625 0.068359375
1 0.3779296875 0.373046875 0.052734375 0.05078125
1 0.443359375 0.4697265625 0.046875 0.05078125
1 0.5751953125 0.501953125 0.072265625 0.033203125
1 0.0166015625 0.5693359375 0.033203125 0.07421875
1 0.28125 0.34765625 0.05859375 0.064453125
1 0.490234375 0.482421875 0.060546875 0.0703125
1 0.880859375 0.443359375 0.087890625 0.087890625
1 0.53515625 0.580078125 0.1640625 0.083984375
1 0.544921875 0.5556640625 0.16796875 0.087890625
1 0.0322265625 0.6533203125 0.060546875 0.125
1 0.9833984375 0.67578125 0.033203125 0.05859375
1 0.5703125 0.8095703125 0.076171875 0.091796875
1 0.6005859375 0.39453125 0.142578125 0.083984375
1 0.7197265625 0.42578125 0.095703125 0.080078125
1 0.044921875 0.44921875 0.08984375 0.07421875
1 0.083984375 0.578125 0.05859375 0.05078125
0 0.105255005859375 0.315716474609375 0.107471044921875 0.318918029296875 0.143121611328125 0.319375822265625 0.14566078515625 0.3101508359375 0.109310142578125 0.300524599609375 0.1052173125 0.3135569765625 0.09657931640625 0.31370775390625 0.087561650390625 0.3230458203125 0.087693580078125 0.330604064453125 0.105255005859375 0.315716474609375
0 0 0.2908530390625 0.012512396484375 0.293033546875 0.02325334375 0.289605826171875 0.01662407421875 0.281080916015625 0.01808349609375 0.27187477734375 0.053545595703125 0.26153508203125 0.074117369140625 0.264416234375 0.071031630859375 0.242328494140625 0.0328041953125 0.2489361875 0 0.248779865234375 0 0.2908530390625
0 0 0.205718876953125 0.004014529296875 0.208395744140625 0.013732271484375 0.20822612109375 0.015759837890625 0.200630181640625 0.039533166015625 0.201295294921875 0.05042489453125 0.2065055703125 0.0632876484375 0.20088066015625 0.09785846875 0.201357302734375 0.07961581640625 0.208156197265625 0.051523490234375 0.20756647265625 0.051087275390625 0.213514517578125 0.065237095703125 0.219747998046875 0.07036925 0.23531955078125 0.096870220703125 0.23755716796875 0.101622701171875 0.262316009765625 0.086525060546875 0.263659619140625 0.100106736328125 0.26828290234375 0.118405931640625 0.264723251953125 0.133807857421875 0.24987335546875 0.133412068359375 0.227198625 0.139133947265625 0.2146778515625 0.154250435546875 0.2144139921875 0.16622191015625 0.219605419921875 0.171526421875 0.214112439453125 0.224452974609375 0.2142686796875 0.233828736328125 0.225445845703125 0.239604423828125 0.24694659375 0.225244552734375 0.25961814453125 0.19076796875 0.26454024609375 0.188153408203125 0.269446236328125 0.212626810546875 0.27927979296875 0.226531619140625 0.271476537109375 0.239545150390625 0.274489619140625 0.246987580078125 0.29866146875 0.242913595703125 0.312773595703125 0.257725798828125 0.3260160234375 0.26196940625 0.321621638671875 0.279207697265625 0.319160587890625 0.309497212890625 0.321872115234375 0.3250310703125 0.31458046484375 0.322796185546875 0.310299162109375 0.32908620703125 0.299388587890625 0.34662878515625 0.283421248046875 0.3800067734375 0.277438244140625 0.397358146484375 0.2814556875 0.414405236328125 0.29897941796875 0.4145183203125 0.30545791015625 0.397713509765625 0.3327531953125 0.4230970390625 0.33285016015625 0.428762376953125 0.317090140625 0.44107583203125 0.31093477734375 0.451647158203125 0.297789318359375 0.462388107421875 0.294361599609375 0.469795576171875 0.28559167578125 0.484400458984375 0.286956865234375 0.490671634765625 0.27496654296875 0.493022337890625 0.254944064453125 0.508082283203125 0.251440958984375 0.5212088984375 0.260932537109375 0.529639572265625 0.248904517578125 0.555079640625 0.252240732421875 0.553221697265625 0.2695544140625 0.563733748046875 0.283951978515625 0.586427330078125 0.284635939453125 0.59156221484375 0.269425216796875 0.61421809765625 0.2679496796875 0.63816105078125 0.278332533203125 0.642307693359375 0.299321677734375 0.655870521484375 0.3028652109375 0.66901598046875 0.313436537109375 0.68612234375 0.3034172421875 0.707698478515625 0.30196055078125 0.7129625625 0.32509034375 0.72925303515625 0.330206384765625 0.7310893984375 0.342595228515625 0.74793190234375 0.317459443359375 0.77803294921875 0.309373482421875 0.782521568359375 0.3190158359375 0.7955351015625 0.32202891796875 0.812641462890625 0.31200962109375 0.81895033203125 0.302178798828125 0.829691283203125 0.298751080078125 0.848803634765625 0.31083837109375 0.848534310546875 0.357286431640625 0.83500917578125 0.355902396484375 0.833512056640625 0.36294903515625 0.8362962421875 0.367760787109375 0.849821376953125 0.36914482421875 0.8522070390625 0.382064119140625 0.859366763671875 0.39003973046875 0.875600693359375 0.3919165234375 0.880393599609375 0.38805258984375 0.874919466796875 0.383827828125 0.873651248046875 0.37304918359375 0.8783310703125 0.362706755859375 0.88797342578125 0.358218134765625 0.91826294140625 0.3609296640625 0.93567085546875 0.36818635546875 0.94718726953125 0.378246078125 0.95675150390625 0.400220734375 0.987854177734375 0.418579201171875 0.989141244140625 0.43043759375 0.98398751171875 0.444568568359375 0.988363048828125 0.447732427734375 0.991941544921875 0.46711137109375 0.999662759765625 0.47631609765625 0.996055759765625 0.269671166015625 0.9664236328125 0.273682767578125 0.95500145703125 0.269021791015625 0.951517197265625 0.25504159375 0.942235671875 0.249263171875 0.9347905078125 0.25587359765625 0.88400460546875 0.2545999140625 0.876901423828125 0.249863548828125 0.87565205078125 0.24016465234375 0.864192177734375 0.233344177734375 0.772168490234375 0.22090944140625 0.744095013671875 0.22139946484375 0.7426921328125 0.233844853515625 0.75170706640625 0.25528905859375 0.790973822265625 0.277285294921875 0.7900448515625 0.285942134765625 0.79566976171875 0.298804888671875 0.782220015625 0.301739849609375 0.775609591796875 0.2942946875 0.751685486328125 0.28499158203125 0.74505621484375 0.276466671875 0.69858930859375 0.275117599609375 0.687659888671875 0.26774782421875 0.68576698046875 0.252119734375 0.703877703125 0.237762595703125 0.7059052734375 0.23016665625 0.683647908203125 0.22353465234375 0.67692440234375 0.20961099609375 0.6317068671875 0.21796081640625 0.625702283203125 0.21428535546875 0.62060782421875 0.200873302734375 0.594618455078125 0.19700663671875 0.595867828125 0.20670553125 0.57110898828125 0.21145801171875 0.557376533203125 0.198196736328125 0.558343201171875 0.191699392578125 0.563704251953125 0.18944566015625 0.560901220703125 0.183554158203125 0.5359916015625 0.17966864453125 0.536864033203125 0.167772556640625 0.522808447265625 0.1669378203125 0.5194938125 0.162675365234375 0.51523135546875 0.16599 0.510836970703125 0.161746392578125 0.501743916015625 0.166765462890625 0.500758404296875 0.172183056640625 0.518147470703125 0.17835999609375 0.52000268359375 0.19182858984375 0.532940826171875 0.190522677734375 0.536785912109375 0.194235833984375 0.533923607421875 0.215887357421875 0.5188825078125 0.220470212890625 0.5227652890625 0.226342869140625 0.53356278125 0.2261543984375 0.536384658203125 0.2331256484375 0.533864333984375 0.2434303828125 0.504824189453125 0.25041775 0.49658471875 0.242460986328125 0.4983672734375 0.22082830859375 0.503084791015625 0.212645376953125 0.51230977734375 0.215184548828125 0.513182208984375 0.203288462890625 0.495755447265625 0.1949520234375 0.493900232421875 0.1814834296875 0.4735169296875 0.189399767578125 0.467512345703125 0.1857243046875 0.466300666015625 0.17818491015625 0.474693646484375 0.16399739453125 0.471852921875 0.155946392578125 0.459900291015625 0.151834712890625 0.398373439453125 0.153988748046875 0.385322212890625 0.148816166015625 0.378332115234375 0.150558296875 0.378464044921875 0.1581165390625 0.38609767578125 0.162303607421875 0.38893840234375 0.170354609375 0.4029186015625 0.16687034765625 0.414871228515625 0.17098202734375 0.42333959765625 0.1611135078125 0.437338642578125 0.158708998046875 0.4455969609375 0.16774551171875 0.434002427734375 0.18414906640625 0.4422418984375 0.192105833984375 0.452490091796875 0.19138691015625 0.448321873046875 0.20010029296875 0.433792376953125 0.203054099609375 0.432332955078125 0.21226023828125 0.421629697265625 0.217847455078125 0.434150470703125 0.223569333984375 0.4384317734375 0.221334447265625 0.437446259765625 0.2267520390625 0.44445520703125 0.226089658203125 0.441234806640625 0.22722594921875 0.440400068359375 0.24128153515625 0.43776666015625 0.245107775390625 0.4226878671875 0.2475311328125 0.4222705 0.25455892578125 0.413158595703125 0.258498248046875 0.403440853515625 0.25866787109375 0.394539001953125 0.243702162109375 0.38260521875 0.24067023046875 0.374839658203125 0.228924919921875 0.36455376953125 0.22748434375 0.36608858203125 0.222597201171875 0.38236020703125 0.2266334921875 0.40382326171875 0.218698306640625 0.393898201171875 0.20699069140625 0.368078455078125 0.212841767578125 0.32920748828125 0.21352026171875 0.334320794921875 0.2280120625 0.334129591796875 0.247996845703125 0.27269697265625 0.255549625 0.264457501953125 0.247592857421875 0.2619776015625 0.22927481640625 0.284275392578125 0.207284046875 0.262112263671875 0.206050787109375 0.255464146484375 0.196446126953125 0.225231169921875 0.196973845703125 0.2045840078125 0.189773697265625 0.19054726953125 0.190018708984375 0.186947193359375 0.200342291015625 0.19514897265625 0.20613955859375 0.182229677734375 0.208525220703125 0.17344090625 0.200038005859375 0.16493484375 0.207747025390625 0.1455558984375 0.211325521484375 0.11994620703125 0.198271564453125 0.116973552734375 0.182662318359375 0.04254625 0.188281765625 0.011176982421875 0.185589083984375 0.00591016796875 0.1932415625 0 0.19471454296875 0 0.205718876953125
0 1 0.550577470703125 0.9944159765625 0.546993958984375 0.989531568359375 0.514676875 0.971367037109375 0.4950124921875 0.961649294921875 0.495182115234375 0.95505771875 0.488816705078125 0.9278943671875 0.479570138671875 0.85339167578125 0.480870587890625 0.792812642578125 0.475447529296875 0.770875677734375 0.48717126171875 0.777084849609375 0.533506240234375 0.767706353515625 0.55311134765625 0.767439763671875 0.5687771328125 0.729446888671875 0.569251810546875 0.72962767578125 0.566906826171875 0.6745624921875 0.569318232421875 0.677955248046875 0.547117412109375 0.67456522265625 0.538535958984375 0.66693158984375 0.534348892578125 0.6667242734375 0.522471654296875 0.647800392578125 0.521181853515625 0.64260623046875 0.563935603515625 0.63201605859375 0.576001314453125 0.63059159765625 0.618149224609375 0.625949466796875 0.630651150390625 0.44125582421875 0.630634755859375 0.434701943359375 0.626428841796875 0.4056052578125 0.6301769609375 0.386339396484375 0.640233951171875 0.3517308828125 0.637597810546875 0.31943264453125 0.64356196875 0.332160736328125 0.661161087890625 0.3408741171875 0.66532930859375 0.338106048828125 0.692379578125 0.35113842578125 0.696472408203125 0.352538576171875 0.714809296875 0.349582033203125 0.731062076171875 0.338859931640625 0.73556954296875 0.33584684765625 0.74858307421875 0.316069384765625 0.760269109375 0.287010392578125 0.7661767265625 0.182161646484375 0.761526400390625 0.17430184765625 0.74438234375 0.155682251953125 0.7295862578125 0.147044259765625 0.72973703515625 0.1004965 0.78563351171875 0.07488407421875 0.803361828125 0.011160029296875 0.803394056640625 0.005182537109375 0.801270734375 0.008651369140625 1 0.5043634375 1 1 0.991348630859375 1 0.846673955078125 0.937447388671875 0.841229556640625 0.9313674140625 0.833235095703125 0.926633783203125 0.809556005859375 0.90754027734375 0.798548462890625 0.895910783203125 0.78201024609375 0.88979584765625 0.741074013671875 0.88428401953125 0.734689755859375 0.88953198828125 0.72595752734375 0.87814750390625 0.723456046875 0.87201098828125 0.712222341796875 0.87462555078125 0.7073163515625 0.887544845703125 0.7049306875 0.9577285390625 0.703705626953125 0.96057473046875 0.65019208203125 0.96792565625 0.63818291015625 0.95923112109375 0.635094439453125 0.960084705078125 0.622118603515625 0.991927880859375 0.621022740234375 0.99634111328125 0.62634609765625 1 0.626614431640625 1 0.550577470703125