1 0.3896484375 0.78125 0.248046875 0.208984375
1 0.5498046875 0.6484375 0.13671875 0.099609375
1 0.5927734375 0.5732421875 0.15234375 0.119140625
1 0.146484375 0.533203125 0.171875 0.103515625
1 0.4951171875 0.7373046875 0.134765625 0.09765625
1 0.4443359375 0.462890625 0.08203125 0.060546875
1 0.5185546875 0.470703125 0.095703125 0.060546875
1 0.044921875 0.5 0.083984375 0.0546875
1 0.365234375 0.5390625 0.05078125 0.05078125
1 0.6044921875 0.4951171875 0.078125 0.06640625
1 0.3203125 0.625 0.1015625 0.080078125
0 0.413313802734375 0.7151519140625 0.418451572265625 0.694981005859375 0.41527739453125 0.686877111328125 0.4046842421875 0.689776033203125 0.367070119140625 0.688136490234375 0.3616267109375 0.693543078125 0.357455546875 0.690949796875 0.349266037109375 0.693145390625 0.40182768359375 0.71911503125 0.413313802734375 0.7151519140625
0 0 0.49733676171875 0.022337279296875 0.4841049453125 0.02313265234375 0.45938359375 0.037866583984375 0.44182437890625 0.049695162109375 0.44177558203125 0.071786412109375 0.457592119140625 0.0817434453125 0.4586931328125 0.08486882421875 0.45496844921875 0.0783980390625 0.448632078125 0.080563248046875 0.439568009765625 0.10395158203125 0.4138561015625 0.0826980703125 0.4132503671875 0.053132615234375 0.42471164453125 0.024252076171875 0.4440015625 0 0.448362765625 0 0.49733676171875
0 0.311786322265625 0.704313005859375 0.310330873046875 0.687677142578125 0.2883924453125 0.679242765625 0.27059479296875 0.65614809375 0.26302299609375 0.659768751953125 0.25256425390625 0.67547483203125 0.242227943359375 0.681309494140625 0.211482291015625 0.673645650390625 0.21535979296875 0.6841531875 0.2309802578125 0.6936333515625 0.2400747109375 0.713052134765625 0.247903353515625 0.712367216796875 0.255047078125 0.70385366015625 0.268490357421875 0.6997193125 0.2833890859375 0.712220830078125 0.300642662109375 0.7121904453125 0.311786322265625 0.704313005859375
0 0.909128833984375 0.2171951875 0.90658434765625 0.2331949296875 0.913226361328125 0.24148846484375 0.91276146875 0.247445560546875 0.8918320078125 0.256179146484375 0.9054096953125 0.264851958984375 0.920106810546875 0.25814273828125 0.921654306640625 0.247653609375 0.929054875 0.242075791015625 0.92610715625 0.219654060546875 0.93335490625 0.20669408203125 0.9758055390625 0.201625583984375 0.971321123046875 0.15036846484375 0.92960626953125 0.15821155078125 0.933838208984375 0.195311986328125 0.914523447265625 0.199960021484375 0.9176120078125 0.2070853359375 0.926951326171875 0.206761287109375 0.909128833984375 0.2171951875
0 0.0573516875 0.5180192265625 0.04339471875 0.516282091796875 0.027615001953125 0.527523345703125 0.006343080078125 0.532342607421875 0.001306201171875 0.536760427734375 0.00589554296875 0.589216828125 0.01713141796875 0.57675799609375 0.03299675 0.566495326171875 0.07430516796875 0.554006671875 0.119363111328125 0.511114826171875 0.073302634765625 0.508735134765625 0.0573516875 0.5180192265625
0 0.126504173828125 0.73925843359375 0.1296728046875 0.696580181640625 0.13858405078125 0.69136323046875 0.14359938671875 0.681063740234375 0.155171119140625 0.678079203125 0.16457764453125 0.684158732421875 0.17347048046875 0.68436678125 0.1979533984375 0.676801416015625 0.173819373046875 0.66017752734375 0.171538162109375 0.6510094375 0.184638984375 0.642960771484375 0.209825224609375 0.637799048828125 0.218173986328125 0.614882037109375 0.22512807421875 0.60983631640625 0.242277626953125 0.614252349609375 0.270570837890625 0.610790943359375 0.3040018203125 0.58715862890625 0.32353660546875 0.59629633203125 0.33394012109375 0.59686525 0.332142212890625 0.576315064453125 0.3358365078125 0.5621868671875 0.321561923828125 0.523006837890625 0.3007733046875 0.516444005859375 0.28338531640625 0.503667234375 0.276682529296875 0.460866548828125 0.28097612890625 0.4535884140625 0.260083484375 0.451472 0.2649091796875 0.44464034765625 0.276566529296875 0.442634392578125 0.2859730546875 0.448713919921875 0.292309427734375 0.44224313671875 0.306988130859375 0.440958916015625 0.3091349296875 0.437319849609375 0.304621306640625 0.43081224609375 0.31032155859375 0.4283413984375 0.30863965234375 0.426023369140625 0.296896689453125 0.427050744140625 0.2877958046875 0.43573553515625 0.276309685546875 0.439698650390625 0.271074326171875 0.436212404296875 0.26137413671875 0.438047130859375 0.25601634375 0.44443230078125 0.240823951171875 0.4398450390625 0.230989353515625 0.428872607421875 0.21754607421875 0.433006953125 0.216549083984375 0.43851756640625 0.224805798828125 0.44272555078125 0.226811755859375 0.454382900390625 0.217521232421875 0.46653552734375 0.20050608984375 0.47492665234375 0.1963653125 0.489586947265625 0.1900289375 0.49605773046875 0.204053111328125 0.5041984453125 0.222817365234375 0.504528927734375 0.232927216796875 0.513012099609375 0.229746609375 0.53301177734375 0.218792587890625 0.537421376953125 0.212236189453125 0.530106423828125 0.204321931640625 0.52981276171875 0.186205775390625 0.548160919921875 0.180334294921875 0.548674607421875 0.171661484375 0.562252296875 0.16017536328125 0.5662154140625 0.14839558203125 0.5780927890625 0.113974044921875 0.579132140625 0.116683328125 0.5931931328125 0.10763123828125 0.6137065 0.086132859375 0.632843599609375 0.05245701171875 0.676218748046875 0.042928052734375 0.680010634765625 0.022133 0.701551376953125 0.015935904296875 0.7039786875 0.024837365234375 0.805722865234375 0.069611220703125 0.810302650390625 0.0895436953125 0.8070796796875 0.11287680078125 0.797642767578125 0.112644798828125 0.761178455078125 0.11906678515625 0.75568625 0.126504173828125 0.73925843359375
0 1 0.4781695234375 0.99304188671875 0.398637923828125 0.97174976171875 0.397590869140625 0.9573831328125 0.385535833984375 0.950484275390625 0.374306556640625 0.97726680859375 0.37048428515625 0.99108953515625 0.37632245703125 0.9891893671875 0.354603427734375 0.9461114921875 0.3525025390625 0.915775505859375 0.35515659375 0.907916478515625 0.338587935546875 0.91169638671875 0.325438318359375 0.930259025390625 0.3065580625 0.950001859375 0.3068029296875 0.95992207421875 0.318753939453125 0.98623258203125 0.320807216796875 0.984157197265625 0.2970854609375 0.969867126953125 0.29717637890625 0.955482087890625 0.29054634375 0.928546732421875 0.286986458984375 0.9111891328125 0.291463263671875 0.905213626953125 0.296423369140625 0.90605136328125 0.311634171875 0.881311603515625 0.316263794921875 0.88158042578125 0.341878111328125 0.876925958984375 0.350666923828125 0.870075896484375 0.3512662265625 0.8539905390625 0.347743162109375 0.842370009765625 0.338899119140625 0.787777564453125 0.334800705078125 0.77687876953125 0.32293530859375 0.7671969921875 0.319345037109375 0.767490654296875 0.311430779296875 0.759766037109375 0.307669279296875 0.77108092578125 0.301749001953125 0.789759564453125 0.30110090234375 0.79752100390625 0.29401240625 0.79870762890625 0.285033955078125 0.786934279296875 0.26880775390625 0.767277060546875 0.269541466796875 0.748531216796875 0.263785986328125 0.74577313671875 0.23789641796875 0.73196898828125 0.24354144140625 0.751686984375 0.2773148828125 0.7519070078125 0.291100619140625 0.73969915234375 0.29808509375 0.738066041015625 0.307595642578125 0.72029877734375 0.301754546875 0.71552830859375 0.292311203125 0.7151370546875 0.2765683046875 0.70647067578125 0.262042419921875 0.699278154296875 0.258727400390625 0.69072777734375 0.262433673828125 0.683021568359375 0.25324717578125 0.66915021484375 0.25248862109375 0.66020858203125 0.240451994140625 0.64944419921875 0.241393755859375 0.6140808984375 0.2316687265625 0.6012737421875 0.23180313671875 0.5665585390625 0.240756748046875 0.563671595703125 0.25284216796875 0.532271412109375 0.2546032578125 0.5201859921875 0.2517163125 0.514552943359375 0.260590740234375 0.519959533203125 0.2660341484375 0.519029748046875 0.277948341796875 0.49828992578125 0.283214087890625 0.4957822578125 0.288363833984375 0.4676602734375 0.293782400390625 0.4519541953125 0.28332365625 0.442682080078125 0.29005128515625 0.437049033203125 0.298925712890625 0.450333060546875 0.315512779296875 0.44184988671875 0.3256226328125 0.431788830078125 0.328968037109375 0.432865001953125 0.352539578125 0.4270607265625 0.359456845703125 0.4107001171875 0.35842303515625 0.40462701953125 0.33972598828125 0.392247935546875 0.34475330078125 0.38096986328125 0.339823580078125 0.37020548046875 0.340765341796875 0.35825446875 0.350685552734375 0.35489065625 0.346049498046875 0.34714762890625 0.34771299609375 0.3463218671875 0.35518076953125 0.353600001953125 0.3594743671875 0.3602908125 0.37959648046875 0.353850416015625 0.390513681640625 0.334792498046875 0.398097455078125 0.32711667578125 0.406164533203125 0.3267861953125 0.4249287890625 0.334339583984375 0.42673312890625 0.348675828125 0.4215345859375 0.35200925390625 0.40891706640625 0.35798476171875 0.4039569609375 0.372834693359375 0.40462990234375 0.3835622578125 0.41453813671875 0.389262509765625 0.412067287109375 0.3939657734375 0.4151070546875 0.39439384765625 0.419999955078125 0.38259565625 0.437302326171875 0.352877380859375 0.4413814453125 0.363188845703125 0.469075353515625 0.35690126953125 0.48737471875 0.36560446875 0.491050603515625 0.371494359375 0.48511191796875 0.371482380859375 0.462433341796875 0.38217955859375 0.455088001953125 0.394503416015625 0.466335685546875 0.3986193515625 0.485203962890625 0.419340765625 0.485363216796875 0.42433769140625 0.480488724609375 0.405763076171875 0.476690404296875 0.4000324375 0.461907677734375 0.43782422265625 0.437400806640625 0.450252103515625 0.444202072265625 0.46118771484375 0.44521747265625 0.4665943046875 0.45066087890625 0.478337267578125 0.449633501953125 0.482630865234375 0.442355369140625 0.495352408203125 0.44124237890625 0.510507982421875 0.45667963671875 0.519058359375 0.45297336328125 0.5306669140625 0.439138830078125 0.575577580078125 0.43964697265625 0.579271876953125 0.42551877734375 0.573247576171875 0.418650302734375 0.5594618359375 0.418870328125 0.5534559453125 0.406576859375 0.545884146484375 0.410197517578125 0.529988427734375 0.40320661328125 0.54025753125 0.39096837109375 0.553083099609375 0.385408962890625 0.550973119140625 0.37819803125 0.54723002734375 0.380497650390625 0.53905892578125 0.377268248046875 0.508086818359375 0.38392223828125 0.493970595703125 0.402906517578125 0.48542021875 0.406612791015625 0.47848454296875 0.406233513671875 0.46731049609375 0.396857375 0.464754033203125 0.39017854296875 0.472876337890625 0.381579369140625 0.471127224609375 0.372857759765625 0.47801410546875 0.3614084609375 0.47358609765625 0.3558794375 0.469659798828125 0.3335433203125 0.46114623828125 0.32639959765625 0.461354287109375 0.317506759765625 0.4700943046875 0.3103326484375 0.492051142578125 0.31334202734375 0.5013232578125 0.3066143984375 0.52872350390625 0.3042171875 0.53099273828125 0.290706703125 0.53713947265625 0.2877037578125 0.53658896484375 0.292682271484375 0.546099513671875 0.294315384765625 0.552068587890625 0.3174588515625 0.550331453125 0.331415818359375 0.563994755859375 0.341067212890625 0.56910768359375 0.354424876953125 0.577554037109375 0.355165021484375 0.59628790625 0.338241927734375 0.601664109375 0.326431759765625 0.6124284921875 0.325489998046875 0.6234128984375 0.338333974609375 0.65429939453125 0.33070140234375 0.654764287109375 0.3247443046875 0.641614669921875 0.320964396484375 0.625235650390625 0.325355587890625 0.617443826171875 0.315190505859375 0.610869017578125 0.31330055078125 0.617841513671875 0.302829830078125 0.61341350390625 0.297300806640625 0.615150638671875 0.28334383984375 0.626673576171875 0.2685307265625 0.618331248046875 0.263344162109375 0.672685259765625 0.2590818359375 0.6935594921875 0.266623248046875 0.68803046875 0.2710512578125 0.687822423828125 0.279944095703125 0.701828185546875 0.29350980859375 0.700537533203125 0.306934677734375 0.730836701171875 0.31513062109375 0.751472501953125 0.31431129296875 0.761325509765625 0.319858724609375 0.740328841796875 0.32218873046875 0.736224880859375 0.325999029296875 0.739001369140625 0.346463599609375 0.72809614453125 0.362701775390625 0.6851242265625 0.367447400390625 0.655834025390625 0.376419421875 0.64873909765625 0.39676155859375 0.652359755859375 0.40433335546875 0.637521798828125 0.426338990234375 0.638206716796875 0.4341676328125 0.659233771484375 0.449091203125 0.660004302734375 0.45789842578125 0.6494599453125 0.47262592578125 0.680584875 0.47335409375 0.699948431640625 0.48053463671875 0.711807396484375 0.49773941796875 0.706363990234375 0.5031460078125 0.701929546875 0.52572055859375 0.6814649765625 0.528497046875 0.6716239453125 0.54562819140625 0.679207720703125 0.564686107421875 0.696063609375 0.577016396484375 0.6697091484375 0.5857315703125 0.657739728515625 0.601076783203125 0.64643681640625 0.629675634765625 0.621898671875 0.653515998046875 0.624332701171875 0.67006624609375 0.6148525390625 0.685686712890625 0.61249769140625 0.698218615234375 0.567342158203125 0.71745330859375 0.5687119921875 0.73311059375 0.563402994140625 0.75132433984375 0.571708505859375 0.767360900390625 0.558075587890625 0.7749630859375 0.557078599609375 0.780473697265625 0.540301890625 0.797225564453125 0.528558927734375 0.798252939453125 0.524008486328125 0.802595333984375 0.512344705078125 0.832704865234375 0.5046688828125 0.84077194140625 0.4855253515625 0.84737713671875 0.436155400390625 0.9029721171875 0.419690765625 0.906384728515625 0.4095321171875 0.8860729765625 0.4004864609375 0.87848276953125 0.383973029296875 0.870066802734375 0.368401359375 0.872415216796875 0.359881369140625 0.89337506640625 0.3422116953125 0.911191126953125 0.317624755859375 0.92320291015625 0.313331158203125 0.930481044921875 0.293759552734375 0.93219333984375 0.284028978515625 0.916774490234375 0.281069283203125 0.87167418359375 0.286806353515625 0.858353337890625 0.303858314453125 0.83911221484375 0.289063609375 0.82216427734375 0.277063802734375 0.820255912109375 0.261632974609375 0.807307912109375 0.2536579453125 0.772507095703125 0.2388144453125 0.74373058203125 0.213334541015625 0.756806560546875 0.194998359375 0.76136898046875 0.17420330859375 0.78290972265625 0.161738607421875 0.786958455078125 0.14700467578125 0.804517671875 0.148668171875 0.81226069921875 0.160374318359375 0.8220833203125 0.1668938984375 0.840248271484375 0.16992723046875 0.86364858203125 0.166165728515625 0.871373201171875 0.141065099609375 0.87751350390625 0.136685888671875 0.88381305859375 0.120649326171875 0.8921185703125 0.0914631484375 0.896644169921875 0.0775061796875 0.894907037109375 0.06219135546875 0.90019119140625 0.04721898828125 0.90938966796875 0.035536791015625 0.928017859375 0.041834412109375 1 0.521830470703125 1 1 0.9581655859375 1 0.4781695234375