1 0.634765625 0.765625 0.2314453125 0.1884765625
1 0.46484375 0.6484375 0.1279296875 0.0869140625
1 0.416015625 0.578125 0.142578125 0.10546875
1 0.853515625 0.4990234375 0.1640625 0.0888671875
1 0.525390625 0.732421875 0.1259765625 0.0869140625
1 0.552734375 0.455078125 0.078125 0.0546875
1 0.4794921875 0.470703125 0.0908203125 0.0537109375
1 0.951171875 0.45703125 0.080078125 0.0478515625
1 0.638671875 0.5234375 0.0458984375 0.0478515625
1 0.3974609375 0.5 0.0732421875 0.060546875
1 0.689453125 0.60546875 0.09375 0.072265625
0 0.64892578125 0.671875 0.61181640625 0.6767578125 0.60107421875 0.6748046875 0.5986328125 0.68310546875 0.60546875 0.70263671875 0.6171875 0.70556640625 0.6669921875 0.67529296875 0.65869140625 0.673828125 0.65478515625 0.6767578125 0.64892578125 0.671875
0 0.90673828125 0.375 0.8857421875 0.37744140625 0.9111328125 0.40087890625 0.9140625 0.40966796875 0.908203125 0.41650390625 0.91162109375 0.419921875 0.92138671875 0.41796875 0.94189453125 0.400390625 0.95361328125 0.3994140625 0.9697265625 0.41552734375 0.97265625 0.43994140625 0.9970703125 0.45166015625 0.99951171875 0.4033203125 0.96728515625 0.400390625 0.93701171875 0.3837890625 0.90673828125 0.375
0 0.76904296875 0.685546875 0.77685546875 0.685546875 0.7841796875 0.66552734375 0.798828125 0.65478515625 0.8017578125 0.64404296875 0.77197265625 0.654296875 0.76123046875 0.6494140625 0.74951171875 0.634765625 0.74169921875 0.6318359375 0.72607421875 0.65625 0.705078125 0.66650390625 0.705078125 0.68310546875 0.716796875 0.68994140625 0.73388671875 0.6884765625 0.74755859375 0.6748046875 0.76123046875 0.677734375 0.76904296875 0.685546875
0 0.0751953125 0.26806640625 0.0712890625 0.25244140625 0.052734375 0.24365234375 0.06201171875 0.2431640625 0.064453125 0.23583984375 0.044921875 0.23291015625 0.0458984375 0.19580078125 0.00146484375 0.19140625 0 0.24267578125 0.04638671875 0.244140625 0.0546875 0.25634765625 0.0537109375 0.27880859375 0.0615234375 0.28369140625 0.06396484375 0.2939453125 0.0791015625 0.29931640625 0.091796875 0.28955078125 0.0703125 0.28271484375 0.0693359375 0.27685546875 0.0751953125 0.26806640625
0 1 0.49169921875 0.99267578125 0.486328125 0.97119140625 0.4833984375 0.95458984375 0.4736328125 0.94091796875 0.4765625 0.92431640625 0.46875 0.87890625 0.47509765625 0.92724609375 0.513671875 0.96923828125 0.5224609375 0.98583984375 0.53125 1 0.54443359375 1 0.49169921875
0 1 0.65771484375 0.99169921875 0.6552734375 0.96923828125 0.6357421875 0.95947265625 0.6328125 0.92236328125 0.5927734375 0.8994140625 0.57568359375 0.888671875 0.55615234375 0.89013671875 0.5419921875 0.85595703125 0.5439453125 0.84326171875 0.533203125 0.83154296875 0.5302734375 0.82177734375 0.517578125 0.81591796875 0.517578125 0.79638671875 0.5009765625 0.78857421875 0.501953125 0.78271484375 0.509765625 0.771484375 0.50634765625 0.7666015625 0.48681640625 0.77587890625 0.4775390625 0.79443359375 0.4755859375 0.8076171875 0.46630859375 0.80078125 0.46044921875 0.79541015625 0.4462890625 0.77783203125 0.439453125 0.767578125 0.42822265625 0.7685546875 0.41650390625 0.7763671875 0.41162109375 0.77490234375 0.40625 0.76123046875 0.4033203125 0.75244140625 0.4150390625 0.73779296875 0.4208984375 0.73193359375 0.4150390625 0.72216796875 0.4140625 0.71728515625 0.41796875 0.70556640625 0.4150390625 0.69580078125 0.4072265625 0.68408203125 0.4072265625 0.6826171875 0.40966796875 0.6884765625 0.41162109375 0.6845703125 0.41845703125 0.68701171875 0.421875 0.70166015625 0.421875 0.70849609375 0.427734375 0.71728515625 0.4208984375 0.72900390625 0.421875 0.734375 0.42822265625 0.7138671875 0.43212890625 0.71875 0.43896484375 0.7158203125 0.48193359375 0.69970703125 0.49609375 0.6796875 0.50439453125 0.6689453125 0.54443359375 0.673828125 0.55810546875 0.673828125 0.57861328125 0.68408203125 0.5771484375 0.70263671875 0.56640625 0.73779296875 0.5869140625 0.76611328125 0.587890625 0.78271484375 0.58203125 0.7900390625 0.58642578125 0.80029296875 0.6083984375 0.82568359375 0.611328125 0.83935546875 0.6181640625 0.837890625 0.62744140625 0.8154296875 0.64599609375 0.84033203125 0.6513671875 0.84912109375 0.650390625 0.85791015625 0.6435546875 0.86962890625 0.6455078125 0.87548828125 0.6552734375 0.884765625 0.65966796875 0.8916015625 0.70166015625 0.900390625 0.71728515625 0.9072265625 0.72216796875 0.91015625 0.75830078125 0.93408203125 0.765625 0.9541015625 0.76708984375 1 0.75830078125 1 0.65771484375
0 1 0.88330078125 0.98486328125 0.86328125 0.96923828125 0.85546875 0.95361328125 0.8515625 0.93994140625 0.8544921875 0.91064453125 0.8525390625 0.89404296875 0.845703125 0.88916015625 0.83984375 0.86376953125 0.8359375 0.859375 0.82861328125 0.8603515625 0.80517578125 0.865234375 0.78662109375 0.8759765625 0.77587890625 0.876953125 0.76806640625 0.86083984375 0.751953125 0.84814453125 0.7490234375 0.82568359375 0.7294921875 0.80712890625 0.7265625 0.78076171875 0.7158203125 0.7685546875 0.74560546875 0.763671875 0.78076171875 0.74951171875 0.794921875 0.73779296875 0.7978515625 0.724609375 0.81591796875 0.7431640625 0.83349609375 0.75 0.84619140625 0.7509765625 0.89111328125 0.74267578125 0.9072265625 0.72314453125 0.9072265625 0.71826171875 0.900390625 0.69287109375 0.890625 0.673828125 0.87451171875 0.66357421875 0.8544921875 0.64794921875 0.853515625 0.63232421875 0.86328125 0.6240234375 0.87158203125 0.61572265625 0.892578125 0.59912109375 0.890625 0.54541015625 0.83984375 0.52587890625 0.8349609375 0.517578125 0.82763671875 0.50341796875 0.798828125 0.49853515625 0.794921875 0.48681640625 0.794921875 0.46875 0.77978515625 0.46728515625 0.7744140625 0.453125 0.76806640625 0.4599609375 0.75146484375 0.453125 0.73388671875 0.453125 0.71826171875 0.40673828125 0.703125 0.4033203125 0.69091796875 0.392578125 0.67626953125 0.3935546875 0.65966796875 0.3671875 0.63818359375 0.353515625 0.61083984375 0.34033203125 0.5966796875 0.3134765625 0.59033203125 0.3291015625 0.57666015625 0.3349609375 0.55712890625 0.32373046875 0.541015625 0.30322265625 0.5400390625 0.296875 0.51806640625 0.291015625 0.51318359375 0.30126953125 0.4951171875 0.31982421875 0.486328125 0.3505859375 0.48291015625 0.3388671875 0.46923828125 0.3388671875 0.46044921875 0.3583984375 0.44384765625 0.3583984375 0.43603515625 0.341796875 0.41552734375 0.3447265625 0.40771484375 0.3359375 0.38818359375 0.30615234375 0.3818359375 0.26318359375 0.380859375 0.2509765625 0.36572265625 0.251953125 0.34521484375 0.24755859375 0.341796875 0.2265625 0.34130859375 0.23583984375 0.3349609375 0.25634765625 0.333984375 0.28564453125 0.3232421875 0.283203125 0.31005859375 0.2958984375 0.29541015625 0.294921875 0.28662109375 0.2890625 0.28271484375 0.30908203125 0.2734375 0.36328125 0.27294921875 0.35546875 0.27880859375 0.3681640625 0.29248046875 0.37109375 0.30615234375 0.3671875 0.31201171875 0.375 0.32177734375 0.36865234375 0.32421875 0.36181640625 0.3349609375 0.34521484375 0.33203125 0.33251953125 0.3369140625 0.33349609375 0.3427734375 0.36474609375 0.34765625 0.37451171875 0.333984375 0.38525390625 0.333984375 0.3916015625 0.34521484375 0.41162109375 0.3603515625 0.419921875 0.35888671875 0.423828125 0.34521484375 0.4365234375 0.33447265625 0.43359375 0.32080078125 0.4375 0.29736328125 0.44677734375 0.294921875 0.44580078125 0.2900390625 0.4521484375 0.29248046875 0.45556640625 0.3056640625 0.48291015625 0.3056640625 0.49267578125 0.3115234375 0.51416015625 0.306640625 0.5234375 0.31298828125 0.5244140625 0.32177734375 0.5166015625 0.32958984375 0.5146484375 0.35205078125 0.5107421875 0.35791015625 0.5185546875 0.36865234375 0.517578125 0.37744140625 0.5263671875 0.38525390625 0.5244140625 0.39208984375 0.51416015625 0.40234375 0.50732421875 0.4033203125 0.49853515625 0.400390625 0.48291015625 0.3828125 0.45166015625 0.37890625 0.44384765625 0.3828125 0.43994140625 0.380859375 0.4384765625 0.38818359375 0.45166015625 0.392578125 0.462890625 0.40380859375 0.44775390625 0.412109375 0.43994140625 0.4091796875 0.43505859375 0.421875 0.42138671875 0.4228515625 0.416015625 0.43017578125 0.4208984375 0.44384765625 0.46533203125 0.439453125 0.47802734375 0.4521484375 0.48681640625 0.455078125 0.50048828125 0.4384765625 0.51318359375 0.4384765625 0.51806640625 0.4453125 0.52978515625 0.4453125 0.53466796875 0.439453125 0.54541015625 0.4375 0.55712890625 0.4296875 0.5966796875 0.45068359375 0.59228515625 0.4658203125 0.57421875 0.47119140625 0.57958984375 0.4755859375 0.60009765625 0.4736328125 0.6025390625 0.45458984375 0.61376953125 0.4423828125 0.625 0.44873046875 0.626953125 0.47119140625 0.63330078125 0.4765625 0.6416015625 0.47216796875 0.6337890625 0.45458984375 0.6416015625 0.42626953125 0.61181640625 0.4248046875 0.5986328125 0.40869140625 0.5986328125 0.40380859375 0.60302734375 0.400390625 0.60888671875 0.40234375 0.61865234375 0.3916015625 0.63330078125 0.3896484375 0.6396484375 0.39404296875 0.64404296875 0.40625 0.65869140625 0.41015625 0.666015625 0.40771484375 0.6640625 0.38916015625 0.65576171875 0.3818359375 0.63623046875 0.3759765625 0.62890625 0.36572265625 0.6337890625 0.34521484375 0.640625 0.34033203125 0.63916015625 0.3330078125 0.63134765625 0.33203125 0.62841796875 0.3369140625 0.61572265625 0.328125 0.60498046875 0.328125 0.59423828125 0.333984375 0.58154296875 0.330078125 0.5771484375 0.34912109375 0.56103515625 0.3515625 0.5546875 0.34521484375 0.5537109375 0.32177734375 0.54345703125 0.3193359375 0.5341796875 0.31005859375 0.5458984375 0.29248046875 0.53955078125 0.2841796875 0.52978515625 0.2783203125 0.51513671875 0.2900390625 0.48681640625 0.287109375 0.48388671875 0.2822265625 0.462890625 0.27880859375 0.4609375 0.26708984375 0.4658203125 0.26123046875 0.45947265625 0.2529296875 0.44775390625 0.2568359375 0.41650390625 0.2578125 0.41259765625 0.24609375 0.37744140625 0.240234375 0.36474609375 0.2412109375 0.33056640625 0.25390625 0.31982421875 0.25390625 0.31201171875 0.2666015625 0.29833984375 0.2685546875 0.29150390625 0.2783203125 0.28271484375 0.275390625 0.27587890625 0.279296875 0.2685546875 0.29443359375 0.26953125 0.31005859375 0.265625 0.31982421875 0.24853515625 0.3271484375 0.24609375 0.31787109375 0.2333984375 0.31201171875 0.232421875 0.29833984375 0.2490234375 0.26318359375 0.23486328125 0.2587890625 0.234375 0.28466796875 0.21630859375 0.2919921875 0.19677734375 0.29296875 0.1865234375 0.31005859375 0.1884765625 0.31884765625 0.19677734375 0.3251953125 0.21533203125 0.32421875 0.22705078125 0.3291015625 0.2197265625 0.33349609375 0.220703125 0.34130859375 0.21142578125 0.345703125 0.20166015625 0.3583984375 0.14794921875 0.3671875 0.13720703125 0.376953125 0.12158203125 0.3818359375 0.11474609375 0.3818359375 0.109375 0.37353515625 0.107421875 0.34814453125 0.08251953125 0.345703125 0.08203125 0.33056640625 0.07568359375 0.326171875 0.05810546875 0.3232421875 0.03173828125 0.3291015625 0.01806640625 0.3369140625 0 0.33837890625 0.00048828125 0.3623046875 0.02978515625 0.357421875 0.03857421875 0.3447265625 0.05810546875 0.3427734375 0.078125 0.35986328125 0.0830078125 0.37255859375 0.07666015625 0.3896484375 0.04638671875 0.3896484375 0 0.39599609375 0.00048828125 0.4189453125 0.01708984375 0.41015625 0.0439453125 0.41162109375 0.0380859375 0.42333984375 0.02490234375 0.4365234375 0 0.43994140625 0 0.94873046875 0.02099609375 0.9619140625 0.0361328125 0.97998046875 0.0361328125 0.98583984375 0.02978515625 0.9931640625 0.01220703125 0.9951171875 0.01123046875 1 1 0.99951171875 1 0.88330078125