1 0.072265625 0.662109375 0.1171875 0.11328125
1 0.30078125 0.623046875 0.091796875 0.068359375
1 0.3876953125 0.556640625 0.064453125 0.06640625
1 0.38671875 0.7802734375 0.17578125 0.095703125
1 0.1845703125 0.7216796875 0.08984375 0.083984375
1 0.3798828125 0.6318359375 0.05859375 0.056640625
1 0.6484375 0.7216796875 0.103515625 0.14453125
1 0.166015625 0.6494140625 0.0859375 0.06640625
1 0.4462890625 0.5712890625 0.060546875 0.068359375
1 0.7587890625 0.7529296875 0.109375 0.12890625
1 0.1318359375 0.5546875 0.072265625 0.0625
1 0.1884765625 0.568359375 0.0625 0.0546875
1 0.3984375 0.3173828125 0.04296875 0.0390625
1 0.7578125 0.724609375 0.099609375 0.076171875
1 0.57421875 0.6455078125 0.083984375 0.08984375
1 0.7177734375 0.63671875 0.099609375 0.111328125
1 0.234375 0.5341796875 0.083984375 0.060546875
1 0.498046875 0.5458984375 0.0625 0.0625
1 0.5029296875 0.5966796875 0.0859375 0.09375
1 0.7958984375 0.6728515625 0.087890625 0.123046875
1 0.39453125 0.7080078125 0.134765625 0.08984375
1 0.5673828125 0.5537109375 0.06640625 0.046875
1 0.5703125 0.583984375 0.0703125 0.052734375
1 0.6279296875 0.5693359375 0.072265625 0.0546875
1 0.32421875 0.5625 0.07421875 0.064453125
1 0.0966796875 0.5947265625 0.07421875 0.05078125
1 0.50390625 0.6806640625 0.08203125 0.09765625
1 0.8984375 0.7705078125 0.09375 0.09765625
1 0.7587890625 0.3544921875 0.04296875 0.04296875
0 1 0.401929107421875 0.985585017578125 0.3997001484375 0.984496900390625 0.40856216796875 0.967515724609375 0.40847616796875 0.947545640625 0.392030958984375 0.937094443359375 0.395745283203125 0.92206515234375 0.3879028359375 0.911855759765625 0.3896478203125 0.900523341796875 0.384258318359375 0.896446314453125 0.37676112890625 0.880812515625 0.373842025390625 0.876148427734375 0.379266427734375 0.863779615234375 0.378247486328125 0.863727890625 0.382738947265625 0.8716052421875 0.3837061640625 0.8757514453125 0.3947101484375 0.8876541015625 0.40766601953125 0.89342376171875 0.40137784765625 0.9092301875 0.3988208203125 0.9033738984375 0.393603947265625 0.91334148828125 0.393828298828125 0.9166064765625 0.3957284609375 0.911441328125 0.397093287109375 0.913479841796875 0.400841884765625 0.918644990234375 0.399477056640625 0.945127599609375 0.411724333984375 0.952884046875 0.413676220703125 0.958290998046875 0.410342056640625 0.96623752734375 0.41481606640625 0.96015688671875 0.41956678125 0.942743830078125 0.418927998046875 0.9425194765625 0.428895587890625 0.928388859375 0.43815521875 0.93148121875 0.4455315078125 0.92933925390625 0.45076583203125 0.923552142578125 0.449055751953125 0.91237553125 0.4586780859375 0.90695112890625 0.454013998046875 0.89840008984375 0.454463333984375 0.90734873828125 0.467056498046875 0.917316328125 0.467280849609375 0.92664450390625 0.456432041015625 0.939324296875 0.4589884375 0.943625677734375 0.4565180390625 0.95938037890625 0.45845247265625 0.97817571484375 0.472254658203125 0.979437091796875 0.486402728515625 0.974047591796875 0.49773514453125 0.944490705078125 0.514596048828125 0.9214631640625 0.506771052734375 0.9149849140625 0.49847926953125 0.91446640234375 0.486421439453125 0.9081090546875 0.477144990234375 0.88851912890625 0.465744025390625 0.871934935546875 0.450214306640625 0.88839759765625 0.4382424765625 0.88713621875 0.42409440625 0.883197544921875 0.423610796875 0.883024916015625 0.429086927734375 0.872936423828125 0.429847244140625 0.863089736328125 0.42863822265625 0.853536578125 0.420968404296875 0.859116158203125 0.412158109375 0.87276316796875 0.406837154296875 0.84000983984375 0.39681846875 0.81762171484375 0.400066634765625 0.810953384765625 0.38925273046875 0.780912259765625 0.38156608984375 0.754274478515625 0.382793193359375 0.757142484375 0.400137072265625 0.735013615234375 0.409414154296875 0.738589583984375 0.41285176953125 0.73503106640625 0.41741240625 0.7362924453125 0.4315604765625 0.732025966796875 0.45002737890625 0.722836142578125 0.467889771484375 0.709741919921875 0.472778841796875 0.68512519921875 0.4697562890625 0.67108058203125 0.462034744140625 0.66916296875 0.45730148046875 0.6743106640625 0.447938400390625 0.66258063671875 0.429506400390625 0.6679526875 0.410175732421875 0.6868165703125 0.398998490234375 0.717462203125 0.401761787109375 0.729105603515625 0.4086887421875 0.727014732421875 0.38094538671875 0.690080927734375 0.372412431640625 0.6906854375 0.367489087890625 0.66632797265625 0.37049544921875 0.62559384765625 0.36849246875 0.619426578125 0.361738140625 0.606988587890625 0.357212408203125 0.534727609375 0.3433423046875 0.5122877578125 0.35108193359375 0.52510590234375 0.3606519140625 0.4985204765625 0.3858737734375 0.482558244140625 0.37341896484375 0.49618780078125 0.3600997578125 0.494028384765625 0.357335830078125 0.43370433203125 0.34393188671875 0.423995998046875 0.349736447265625 0.40701482421875 0.34965044921875 0.40587498046875 0.3630039296875 0.3994316328125 0.370708654296875 0.385646271484375 0.3690160234375 0.3775096640625 0.362019892578125 0.3712389453125 0.364248484375 0.377475390625 0.374509603515625 0.372379419921875 0.37938122265625 0.36166896484375 0.377066630859375 0.357782015625 0.3720915625 0.368094859375 0.36136365625 0.35724605078125 0.35203548046875 0.35994080078125 0.346369271484375 0.3553801640625 0.34281075390625 0.369960115234375 0.342102162109375 0.37296584765625 0.337973408203125 0.36883709375 0.33496767578125 0.340160794921875 0.33244618359375 0.33955628515625 0.33736952734375 0.3448423359375 0.33502003125 0.354395494140625 0.3426898515625 0.34313225390625 0.340807142578125 0.341422173828125 0.34659425390625 0.32936434375 0.347112765625 0.32679049609375 0.3517943046875 0.3165811015625 0.353539291015625 0.316667728515625 0.365044333984375 0.30739127734375 0.37140168359375 0.287870529296875 0.36350751171875 0.292275361328125 0.35205419140625 0.304557544921875 0.34156808984375 0.28465663671875 0.328629669921875 0.243680705078125 0.32859602734375 0.2211367734375 0.316832357421875 0.158342322265625 0.29912703125 0.12068310546875 0.296502087890625 0.101629140625 0.30515720703125 0.0808301953125 0.3036029296875 0.053121115234375 0.293204087890625 0.0472131015625 0.29247867578125 0.039595005859375 0.297540373046875 0.030473732421875 0.29042333984375 0.021898513671875 0.291069607421875 0 0.469418693359375 0 0.52905069921875 0.012046775390625 0.53004311328125 0.035039412109375 0.5218716015625 0.03821776953125 0.51226671875 0.049170029296875 0.512611974609375 0.056356240234375 0.50699748828125 0.0641986875 0.491968201171875 0.064768294921875 0.4710483515625 0.07552984375 0.440385265625 0.091197916015625 0.430814654296875 0.138462017578125 0.43661795703125 0.158622181640625 0.455585291015625 0.160885677734375 0.477852513671875 0.172183822265625 0.495731728515625 0.212451791015625 0.50967163671875 0.2737430625 0.51519823046875 0.2786321328125 0.528292455078125 0.273985498046875 0.541715111328125 0.28562889453125 0.54864206640625 0.298757392578125 0.53126328125 0.356852853515625 0.5383965078125 0.363538001953125 0.528722447265625 0.374662888671875 0.523591572265625 0.4017325546875 0.522917255859375 0.405428796875 0.496883982421875 0.432532736328125 0.483719951171875 0.460241814453125 0.494118794921875 0.4688103046875 0.501667712890625 0.471488234375 0.51648946875 0.4860681875 0.51578087890625 0.492977689453125 0.4961392265625 0.494619224609375 0.51533154296875 0.5295836953125 0.5236226953125 0.533298015625 0.534073892578125 0.54891436328125 0.528994744140625 0.5963168203125 0.54181162890625 0.623973544921875 0.528215716796875 0.65268474609375 0.546733712890625 0.6770422109375 0.5437273515625 0.69860147265625 0.55537012109375 0.735638728515625 0.554920154296875 0.73919724609375 0.550359517578125 0.750426212890625 0.5647319375 0.76903146875 0.576012 0.78084749609375 0.577462826171875 0.798226279296875 0.590591322265625 0.82270464453125 0.58660029296875 0.831083056640625 0.591627087890625 0.848807724609375 0.62228954296875 0.87323499609375 0.651276193359375 0.8875912265625 0.68902141015625 0.925648685546875 0.7331750703125 0.9390196171875 0.742313166015625 0.9573145234375 0.7805419921875 0.95493075390625 0.787745654296875 0.933458119140625 0.787607931640625 0.939141779296875 0.79830093359375 0.938330369140625 0.82119012109375 0.9327507890625 0.830000416015625 0.92276574609375 0.82177780859375 0.919449033203125 0.824369111328125 0.90689014453125 0.820828044921875 0.903331626953125 0.825388681640625 0.890651833984375 0.822832287109375 0.8675719375 0.791012533203125 0.84528726171875 0.78527777734375 0.83409319921875 0.786901861328125 0.8258188671875 0.80137836328125 0.81567865234375 0.806630140625 0.795311587890625 0.805628650390625 0.792686013671875 0.814801650390625 0.82099960546875 0.820277150390625 0.85140406640625 0.85349600390625 0.85808984765625 0.87230816015625 0.857520240234375 0.893228009765625 0.86135546484375 0.9026945390625 0.8569506328125 0.914147857421875 0.848157791015625 0.91656653125 0.841593541015625 0.925255923828125 0.831333052734375 0.959978587890625 0.82019071484375 0.957111208984375 0.790909908203125 0.959513060546875 0.761732548828125 0.952931990234375 0.726214666015625 0.91658650390625 0.688313642578125 0.9159308984375 0.646698296875 0.904824095703125 0.638233255859375 0.888292255859375 0.6386994140625 0.876355328125 0.6306488046875 0.852378021484375 0.630717353515625 0.827398595703125 0.61947093359375 0.805027921875 0.618934970703125 0.784971837890625 0.61553162890625 0.77605809375 0.6075851015625 0.771584083984375 0.60793035546875 0.760631826171875 0.59815221484375 0.73444337890625 0.598255666015625 0.72546045703125 0.589376193359375 0.716374083984375 0.587078423828125 0.70659657421875 0.566279474609375 0.705042298828125 0.56437931640625 0.708307287109375 0.567523400390625 0.711192115234375 0.56211644921875 0.714526279296875 0.55152689453125 0.71122701953125 0.548158458984375 0.718309779296875 0.53857102734375 0.723129673828125 0.53675749609375 0.73789970703125 0.545636966796875 0.746986078125 0.546518185546875 0.756089900390625 0.5359984375 0.7847836484375 0.5348243203125 0.81062684375 0.52843269921875 0.81384010546875 0.52304319921875 0.8251725234375 0.504766375 0.82342816796875 0.507340224609375 0.81874662890625 0.493313056640625 0.8190233359375 0.4812377734375 0.81154359375 0.464412404296875 0.826469431640625 0.451991869140625 0.829941951171875 0.392168876953125 0.820597583984375 0.371473380859375 0.81006038671875 0.362490458984375 0.809956935546875 0.351797455078125 0.81564059765625 0.317213146484375 0.81239369140625 0.301942052734375 0.80652058203125 0.292682423828125 0.79238996484375 0.286532607421875 0.793633890625 0.260913765625 0.7824921796875 0.1472966953125 0.76354419140625 0.141803115234375 0.755373310546875 0.141526408203125 0.741346142578125 0.130504970703125 0.73749409765625 0.12907096875 0.72882215625 0.14935140234375 0.718318603515625 0.154015490234375 0.71289419921875 0.152149603515625 0.70366947265625 0.1634471171875 0.69306246875 0.16030303125 0.690177638671875 0.154654275390625 0.695481140625 0.1488497109375 0.685772806640625 0.133457716796875 0.6808843671875 0.130123552734375 0.6754774140625 0.1255803671875 0.679917150390625 0.1215207890625 0.680418208984375 0.118186625 0.6750112578125 0.1054033828125 0.681437783203125 0.10056666796875 0.69233831640625 0.09110013671875 0.696173541015625 0.083188513671875 0.707696037109375 0.063253333984375 0.70724733203125 0.041867328125 0.718614654296875 0.020204615234375 0.715954806640625 0.004967794921875 0.697591982421875 0.009372626953125 0.6861386640625 0.004293478515625 0.670522318359375 0 0.6695683125 0 0.9423626328125 0.4694186875 1 0.9423626328125 1 0.990651126953125 0.606721771484375 0.989787359375 0.60561619921875 0.990973533203125 0.604095986328125 1 0.53058131640625 1 0.401929107421875
0 0.88632165625 0.304552501953125 0.922270794921875 0.312964556640625 0.92783355078125 0.3246422265625 0.943899234375 0.328114115234375 0.959394677734375 0.324019634765625 0.960154365234375 0.30562191015625 0.952277015625 0.304654693359375 0.950791287109375 0.3004742109375 0.937506982421875 0.30284116015625 0.911767240234375 0.29268412109375 0.8910891953125 0.29014517578125 0.89815450390625 0.285515361328125 0.8852846328125 0.280436841796875 0.850026634765625 0.278606490234375 0.8592170859375 0.289230314453125 0.88632165625 0.304552501953125