1 0.107421875 0.70703125 0.1044921875 0.0986328125
1 0.326171875 0.6416015625 0.083984375 0.0576171875
1 0.40234375 0.56640625 0.056640625 0.05859375
1 0.4296875 0.7841796875 0.1640625 0.07421875
1 0.224609375 0.751953125 0.080078125 0.07421875
1 0.404296875 0.640625 0.052734375 0.0498046875
1 0.677734375 0.6962890625 0.0859375 0.1328125
1 0.197265625 0.68359375 0.078125 0.0556640625
1 0.4609375 0.572265625 0.0517578125 0.060546875
1 0.7890625 0.712890625 0.09375 0.115234375
1 0.15234375 0.59375 0.064453125 0.0546875
1 0.208984375 0.6005859375 0.056640625 0.0478515625
1 0.384765625 0.3310546875 0.0390625 0.033203125
1 0.7841796875 0.685546875 0.0908203125 0.0654296875
1 0.5966796875 0.630859375 0.0732421875 0.0810546875
1 0.734375 0.60546875 0.0859375 0.099609375
1 0.25 0.5625 0.078125 0.05078125
1 0.509765625 0.54296875 0.0556640625 0.0546875
1 0.51953125 0.591796875 0.07421875 0.083984375
1 0.8154296875 0.630859375 0.07421875 0.1123046875
1 0.427734375 0.712890625 0.1240234375 0.0732421875
1 0.578125 0.541015625 0.0615234375 0.0380859375
1 0.5849609375 0.5703125 0.064453125 0.0439453125
1 0.638671875 0.548828125 0.06640625 0.0458984375
1 0.341796875 0.578125 0.0673828125 0.0556640625
1 0.123046875 0.638671875 0.0693359375 0.0419921875
1 0.53125 0.673828125 0.0712890625 0.0888671875
1 0.927734375 0.712890625 0.08203125 0.0869140625
1 0.7421875 0.32421875 0.0380859375 0.0380859375
0 1 0.38134765625 0.99609375 0.38037109375 1 0.37939453125 0.99951171875 0.341796875 0.96826171875 0.3408203125 0.96826171875 0.349609375 0.95166015625 0.3515625 0.93017578125 0.337890625 0.92041015625 0.3427734375 0.90478515625 0.3369140625 0.89501953125 0.33984375 0.88330078125 0.3359375 0.87841796875 0.3291015625 0.86279296875 0.328125 0.85888671875 0.333984375 0.8466796875 0.33447265625 0.84716796875 0.3388671875 0.85498046875 0.3388671875 0.8603515625 0.34912109375 0.87353515625 0.3603515625 0.87841796875 0.353515625 0.8935546875 0.34912109375 0.88720703125 0.3447265625 0.89697265625 0.34375 0.900390625 0.34521484375 0.8955078125 0.34716796875 0.89794921875 0.3505859375 0.90283203125 0.3486328125 0.93017578125 0.357421875 0.93798828125 0.3583984375 0.94287109375 0.3544921875 0.951171875 0.35791015625 0.94580078125 0.36328125 0.9287109375 0.36474609375 0.9296875 0.37451171875 0.9169921875 0.38525390625 0.9208984375 0.39208984375 0.91943359375 0.3974609375 0.91357421875 0.396484375 0.90380859375 0.4072265625 0.89794921875 0.4033203125 0.8896484375 0.40478515625 0.89990234375 0.416015625 0.90966796875 0.4150390625 0.91748046875 0.4033203125 0.93017578125 0.404296875 0.93408203125 0.4013671875 0.94970703125 0.4013671875 0.9697265625 0.41259765625 0.97265625 0.42626953125 0.96875 0.43798828125 0.94189453125 0.4580078125 0.91845703125 0.453125 0.9111328125 0.44580078125 0.9091796875 0.43408203125 0.90185546875 0.42578125 0.88134765625 0.4169921875 0.86328125 0.40380859375 0.8779296875 0.39013671875 0.875 0.37646484375 0.87109375 0.37646484375 0.87158203125 0.3818359375 0.86181640625 0.3837890625 0.85205078125 0.3837890625 0.841796875 0.37744140625 0.84619140625 0.3681640625 0.85888671875 0.361328125 0.82568359375 0.35546875 0.80419921875 0.361328125 0.79638671875 0.3515625 0.76611328125 0.34765625 0.740234375 0.35205078125 0.7451171875 0.36865234375 0.724609375 0.38037109375 0.728515625 0.38330078125 0.7255859375 0.38818359375 0.728515625 0.40185546875 0.7265625 0.42041015625 0.7197265625 0.43896484375 0.70751953125 0.4453125 0.68310546875 0.4453125 0.66845703125 0.439453125 0.666015625 0.43505859375 0.669921875 0.42529296875 0.65625 0.40869140625 0.6591796875 0.38916015625 0.67626953125 0.3759765625 0.70654296875 0.375 0.71875 0.38037109375 0.71337890625 0.353515625 0.67626953125 0.349609375 0.67626953125 0.3447265625 0.65283203125 0.3505859375 0.61279296875 0.353515625 0.60595703125 0.34765625 0.59326171875 0.3447265625 0.52099609375 0.33984375 0.5 0.35009765625 0.513671875 0.35791015625 0.49072265625 0.3857421875 0.4736328125 0.37548828125 0.4853515625 0.36083984375 0.48291015625 0.3583984375 0.42236328125 0.3525390625 0.41357421875 0.359375 0.39697265625 0.361328125 0.3974609375 0.37451171875 0.39208984375 0.3828125 0.37841796875 0.3828125 0.36962890625 0.376953125 0.36376953125 0.3798828125 0.37109375 0.38916015625 0.36669921875 0.39453125 0.35595703125 0.3935546875 0.3515625 0.38916015625 0.3603515625 0.37744140625 0.3486328125 0.36962890625 0.3505859375 0.36376953125 0.345703125 0.36083984375 0.35986328125 0.3583984375 0.3623046875 0.35400390625 0.35791015625 0.3515625 0.32958984375 0.3525390625 0.32958984375 0.357421875 0.33447265625 0.3544921875 0.3447265625 0.36083984375 0.33349609375 0.3603515625 0.33251953125 0.3662109375 0.32080078125 0.3681640625 0.31884765625 0.373046875 0.30908203125 0.3759765625 0.310546875 0.38720703125 0.30224609375 0.39453125 0.2822265625 0.38916015625 0.28515625 0.37744140625 0.2958984375 0.36572265625 0.27490234375 0.35546875 0.23486328125 0.3603515625 0.21142578125 0.3515625 0.14794921875 0.341796875 0.11083984375 0.34375 0.09326171875 0.3544921875 0.07275390625 0.35546875 0.04443359375 0.3486328125 0.03857421875 0.3486328125 0.03173828125 0.3544921875 0.02197265625 0.3486328125 0 0.35302734375 0 0.48388671875 0.0048828125 0.49072265625 0 0.51904296875 0.0029296875 0.57373046875 0.00830078125 0.5859375 0.03271484375 0.5849609375 0.05419921875 0.57421875 0.05615234375 0.564453125 0.06689453125 0.5634765625 0.0732421875 0.55712890625 0.0791015625 0.54150390625 0.0771484375 0.52099609375 0.083984375 0.48974609375 0.09814453125 0.478515625 0.14501953125 0.478515625 0.1669921875 0.49462890625 0.171875 0.51611328125 0.18505859375 0.5322265625 0.22607421875 0.541015625 0.28662109375 0.5390625 0.29296875 0.55126953125 0.2900390625 0.56494140625 0.30224609375 0.5703125 0.31298828125 0.5517578125 0.37060546875 0.5517578125 0.3759765625 0.54150390625 0.38623046875 0.53515625 0.41259765625 0.53125 0.4130859375 0.50537109375 0.43798828125 0.4892578125 0.46630859375 0.49609375 0.4755859375 0.50244140625 0.47998046875 0.5166015625 0.494140625 0.51416015625 0.49853515625 0.494140625 0.50244140625 0.5126953125 0.53759765625 0.5166015625 0.54248046875 0.5263671875 0.55712890625 0.51953125 0.60498046875 0.5263671875 0.63037109375 0.509765625 0.66064453125 0.5244140625 0.68408203125 0.5185546875 0.70654296875 0.52734375 0.74267578125 0.5224609375 0.74560546875 0.517578125 0.75830078125 0.5302734375 0.77783203125 0.5390625 0.78955078125 0.5390625 0.80810546875 0.5498046875 0.83154296875 0.54296875 0.84033203125 0.546875 0.861328125 0.57470703125 0.888671875 0.60009765625 0.9072265625 0.63525390625 0.94970703125 0.673828125 0.9638671875 0.68115234375 0.986328125 0.71630859375 0.98486328125 0.7236328125 0.9638671875 0.72607421875 0.970703125 0.73583984375 0.97265625 0.75830078125 0.96826171875 0.767578125 0.95751953125 0.7607421875 0.95458984375 0.763671875 0.94189453125 0.76171875 0.93896484375 0.7666015625 0.92626953125 0.765625 0.89990234375 0.7373046875 0.87744140625 0.734375 0.86669921875 0.7373046875 0.8603515625 0.75244140625 0.85107421875 0.7587890625 0.8310546875 0.76025390625 0.82958984375 0.76953125 0.85791015625 0.771484375 0.8916015625 0.80029296875 0.900390625 0.81787109375 0.90234375 0.83837890625 0.9072265625 0.84716796875 0.904296875 0.85888671875 0.89599609375 0.8623046875 0.890625 0.87158203125 0.884765625 0.90673828125 0.87353515625 0.9052734375 0.84521484375 0.9111328125 0.81591796875 0.908203125 0.77685546875 0.876953125 0.73974609375 0.880859375 0.69775390625 0.875 0.6875 0.85986328125 0.6865234375 0.84814453125 0.67578125 0.82568359375 0.6728515625 0.80126953125 0.6591796875 0.78076171875 0.65625 0.76123046875 0.65185546875 0.7529296875 0.6435546875 0.74951171875 0.642578125 0.73876953125 0.6298828125 0.71435546875 0.62890625 0.70556640625 0.619140625 0.69775390625 0.61572265625 0.6884765625 0.59521484375 0.689453125 0.59375 0.69287109375 0.59716796875 0.6953125 0.59228515625 0.69921875 0.58154296875 0.697265625 0.5791015625 0.70458984375 0.5703125 0.71044921875 0.5703125 0.72509765625 0.580078125 0.73291015625 0.58203125 0.74169921875 0.5751953125 0.77099609375 0.5771484375 0.79638671875 0.5712890625 0.80029296875 0.5673828125 0.81201171875 0.54931640625 0.8125 0.55126953125 0.8076171875 0.53759765625 0.8095703125 0.52490234375 0.8037109375 0.51025390625 0.8203125 0.49853515625 0.8251953125 0.43896484375 0.8232421875 0.41748046875 0.8154296875 0.40869140625 0.81640625 0.39892578125 0.8232421875 0.36474609375 0.82421875 0.34912109375 0.8203125 0.33837890625 0.8076171875 0.33251953125 0.8095703125 0.30615234375 0.8017578125 0.19287109375 0.796875 0.1865234375 0.78955078125 0.1845703125 0.77587890625 0.17333984375 0.7734375 0.1708984375 0.76513671875 0.189453125 0.75244140625 0.193359375 0.74658203125 0.1904296875 0.73779296875 0.2001953125 0.72607421875 0.19677734375 0.7236328125 0.19189453125 0.7294921875 0.18505859375 0.720703125 0.16943359375 0.7177734375 0.16552734375 0.712890625 0.16162109375 0.7177734375 0.15771484375 0.71875 0.15380859375 0.7138671875 0.14208984375 0.7216796875 0.138671875 0.73291015625 0.1298828125 0.73779296875 0.12353515625 0.75 0.10400390625 0.751953125 0.08447265625 0.765625 0.06298828125 0.765625 0.0458984375 0.74951171875 0.048828125 0.73779296875 0.0419921875 0.72314453125 0.02685546875 0.7216796875 0.0263671875 0.73388671875 0.0185546875 0.74853515625 0 0.76806640625 0 0.94677734375 0.02587890625 0.9638671875 0.037109375 0.98193359375 0.03173828125 0.9931640625 0.01611328125 0.99609375 0.01708984375 1 0.91162109375 1 0.92236328125 0.99609375 0.92431640625 1 0.93798828125 0.99609375 0.93994140625 1 0.96630859375 0.9990234375 0.96923828125 0.99609375 0.9970703125 0.99951171875 1 0.98681640625 0.9931640625 0.98486328125 1 0.98095703125 1 0.97216796875 0.9951171875 0.96923828125 1 0.96533203125 1 0.95654296875 0.9921875 0.95361328125 1 0.94580078125 0.9931640625 0.93798828125 1 0.93212890625 1 0.54443359375 0.9970703125 0.54150390625 1 0.53662109375 1 0.38134765625
0 0.92236328125 0.248046875 0.90966796875 0.251953125 0.88330078125 0.2451171875 0.86279296875 0.2451171875 0.869140625 0.23974609375 0.85595703125 0.236328125 0.8212890625 0.23876953125 0.83154296875 0.248046875 0.85986328125 0.259765625 0.89599609375 0.263671875 0.90283203125 0.2744140625 0.9189453125 0.27587890625 0.93359375 0.27001953125 0.93212890625 0.251953125 0.92431640625 0.251953125 0.92236328125 0.248046875