1 0.216796875 0.7021484375 0.201171875 0.236328125
1 0.4462890625 0.5 0.171875 0.150390625
1 0.19140625 0.150390625 0.09375 0.068359375
1 0.6728515625 0.0947265625 0.083984375 0.0859375
1 0.9033203125 0.083984375 0.06640625 0.072265625
1 0.0849609375 0.1767578125 0.078125 0.078125
1 0.6484375 0.1845703125 0.08203125 0.09375
1 0.876953125 0.265625 0.1328125 0.12890625
1 0.6435546875 0.6328125 0.298828125 0.232421875
1 0.55859375 0.2607421875 0.13671875 0.123046875
1 0.310546875 0.423828125 0.185546875 0.13671875
1 0.111328125 0.623046875 0.171875 0.13671875
0 0.748130416015625 0.23121070703125 0.7471911484375 0.251049900390625 0.753889705078125 0.2561410859375 0.76770473828125 0.2554170703125 0.77746708984375 0.26232668359375 0.794298400390625 0.243633623046875 0.7563392109375 0.217917025390625 0.756084830078125 0.194182396484375 0.7507888828125 0.18753345703125 0.752150265625 0.13798719140625 0.7464902109375 0.133831078125 0.736622330078125 0.134348232421875 0.7178670625 0.163531859375 0.716561591796875 0.19526422265625 0.732766021484375 0.19293073828125 0.741386439453125 0.196931701171875 0.748130416015625 0.23121070703125
0 0.82461210546875 0.08570420703125 0.824189990234375 0.115411279296875 0.80414183984375 0.119925203125 0.799360947265625 0.13254448828125 0.8007097421875 0.1394002890625 0.8053830078125 0.1436081171875 0.819094611328125 0.140910525390625 0.83810216015625 0.144861875 0.8455827421875 0.136553845703125 0.85742419921875 0.13593326171875 0.876117259765625 0.1527645703125 0.888583498046875 0.14518475390625 0.90452725390625 0.147317671875 0.911484388671875 0.157342796875 0.9097134765625 0.1801940703125 0.92850996875 0.198998955078125 0.945341279296875 0.180305890625 0.9531880625 0.16010469140625 0.950080947265625 0.119698095703125 0.937306513671875 0.11195683984375 0.875815361328125 0.10924246484375 0.86382085546875 0.09750233984375 0.8698492109375 0.080364935546875 0.86616483203125 0.066705048828125 0.85188226171875 0.067948314453125 0.844561021484375 0.060416017578125 0.8378065546875 0.073138734375 0.82461210546875 0.08570420703125
0 0.693604791015625 0.200920080078125 0.680410341796875 0.213485552734375 0.659269873046875 0.225477958984375 0.633458236328125 0.2238621953125 0.62763883984375 0.235546408203125 0.623890158203125 0.277301798828125 0.5986431953125 0.305341392578125 0.60477078515625 0.308978251953125 0.59214940234375 0.313597703125 0.5923003515625 0.3353587578125 0.60195717578125 0.349695140625 0.61421235546875 0.356968861328125 0.608028853515625 0.37114590234375 0.6107264453125 0.38485750390625 0.622774763671875 0.3881840703125 0.631660052734375 0.3689179453125 0.645684044921875 0.362740736328125 0.65171030078125 0.355003677734375 0.65405008203125 0.34300707421875 0.67410033203125 0.3290928046875 0.663249857421875 0.310860986328125 0.66174591796875 0.3010448203125 0.6754141953125 0.259759064453125 0.676612041015625 0.2448538125 0.6987434921875 0.214009 0.6982780546875 0.205127908203125 0.693604791015625 0.200920080078125
0 1 0.486907044921875 0.986023916015625 0.220227486328125 0.981738515625 0.223420568359375 0.964028046875 0.225338234375 0.9370744765625 0.2208138203125 0.92777966015625 0.213384955078125 0.91801311328125 0.225276029296875 0.919413623046875 0.233118619140625 0.946362998046875 0.256443720703125 0.934250375 0.3085324296875 0.913314669921875 0.333872333984375 0.88864496875 0.33516521875 0.863354681640625 0.324616646484375 0.817755568359375 0.32304840234375 0.813082302734375 0.31884057421875 0.812254857421875 0.30305196484375 0.822131130859375 0.26493343359375 0.83376782421875 0.2509653515625 0.861973052734375 0.23217095703125 0.860729787109375 0.217888388671875 0.85200383984375 0.221314189453125 0.83148395703125 0.2451480546875 0.818603994140625 0.24483356640625 0.80676044140625 0.254854494140625 0.7940768515625 0.305488880859375 0.790493806640625 0.3032029140625 0.789511212890625 0.28445394140625 0.78504480859375 0.284193267578125 0.774394904296875 0.298109630859375 0.770443556640625 0.317117181640625 0.763430509765625 0.324905958984375 0.739695880859375 0.32516033984375 0.7320084375 0.329521212890625 0.697367423828125 0.329357677734375 0.69601653125 0.331902220703125 0.7087909609375 0.3396434765625 0.726708294921875 0.34167296484375 0.733665427734375 0.35169808984375 0.7360527265625 0.3594889609375 0.727115720703125 0.377768302734375 0.70846808203125 0.390124814453125 0.671073564453125 0.39406357421875 0.664058423828125 0.4112526953125 0.62889605859375 0.42002196484375 0.614663107421875 0.43165236328125 0.6064543125 0.444946046875 0.59087256640625 0.449720646484375 0.575232810546875 0.481709490234375 0.58374769921875 0.49313722265625 0.543179662109375 0.521485009765625 0.521935763671875 0.531503841796875 0.513828302734375 0.5561714453125 0.500112505859375 0.577669724609375 0.4835935859375 0.592883171875 0.4727906328125 0.594438828125 0.45710335546875 0.6066401953125 0.47413103515625 0.6388960078125 0.486437931640625 0.647156515625 0.4970340234375 0.64165370703125 0.496984404296875 0.63126657421875 0.50321962109375 0.618076322265625 0.544578076171875 0.538727943359375 0.5516428359375 0.53192595703125 0.60305505078125 0.550011021484375 0.61562471875 0.544404783203125 0.635252853515625 0.560197587890625 0.645172451171875 0.560667220703125 0.6648005859375 0.576460025390625 0.694038021484375 0.58680173828125 0.705724333984375 0.5832207890625 0.7238010078125 0.569409951171875 0.73465567578125 0.568841083984375 0.753505982421875 0.579232412109375 0.76435645703125 0.59746423046875 0.7635206171875 0.619277 0.78507061328125 0.6339795859375 0.780964119140625 0.650026771484375 0.80132046484375 0.660833921875 0.81113243359375 0.678130669921875 0.794096361328125 0.683476234375 0.793676345703125 0.703782962890625 0.775338998046875 0.722060203125 0.75773195703125 0.7259514453125 0.754666064453125 0.733533359375 0.7564306796875 0.73888312109375 0.765208341796875 0.73644410546875 0.779801205078125 0.741121568359375 0.78364073046875 0.757741818359375 0.779120513671875 0.765894701171875 0.767018380859375 0.770981689453125 0.762709220703125 0.764281033203125 0.751231869140625 0.762408791015625 0.743910630859375 0.754876494140625 0.747650919921875 0.75072248046875 0.74411958984375 0.74942330078125 0.734613716796875 0.756847970703125 0.713736021484375 0.754973630859375 0.699813361328125 0.7725247578125 0.677897162109375 0.76971534375 0.668287857421875 0.7751664375 0.6240375390625 0.780453994140625 0.60809378515625 0.778321076171875 0.58441506640625 0.760761556640625 0.57849433984375 0.76107184765625 0.57402373828125 0.77961186328125 0.5592694375 0.8001750703125 0.558903234375 0.8120682421875 0.551629513671875 0.824323421875 0.552405244140625 0.8391252421875 0.544715703125 0.8528864609375 0.51355220703125 0.862435658203125 0.45793006640625 0.858424203125 0.4438047421875 0.853227490234375 0.42806784765625 0.855041724609375 0.42089965625 0.85987013671875 0.40401453515625 0.886976755859375 0.398095904296875 0.877886701171875 0.397738091796875 0.85217849609375 0.3866269453125 0.83841308203125 0.3614918046875 0.830824873046875 0.330018015625 0.83445333984375 0.298759482421875 0.804427583984375 0.277567298828125 0.815433201171875 0.2693067890625 0.82774009765625 0.24474051953125 0.83100655859375 0.222518224609375 0.8034757265625 0.211611837890625 0.803057806640625 0.204394029296875 0.7974990859375 0.19904426953125 0.799263703125 0.1924512421875 0.786745751953125 0.19982629296875 0.785864490234375 0.20045107421875 0.778905259765625 0.19354355859375 0.779267267578125 0.18439969140625 0.793599453125 0.18040082421875 0.79281952734375 0.18263507421875 0.78824969140625 0.171521830078125 0.78388462109375 0.17022475 0.778015607421875 0.16311037109375 0.77443046484375 0.13403437109375 0.738848083984375 0.100686244140625 0.76335424609375 0.083807416015625 0.762259830078125 0.05425968359375 0.745997392578125 0.03436877734375 0.7440713359375 0.029126640625 0.72900883984375 0.034114396484375 0.72033670703125 0.05193039453125 0.7109922734375 0.053442728515625 0.683207060546875 0.042958458984375 0.653082068359375 0.02867798828125 0.6449249921875 0.0279022578125 0.630123169921875 0.06306881640625 0.602553212890625 0.07309813671875 0.576795388671875 0.090756892578125 0.573890935546875 0.121605900390625 0.577221701171875 0.124570458984375 0.55826586328125 0.146796951171875 0.5669960078125 0.18080898828125 0.592919466796875 0.198618693359375 0.61177606640625 0.219033046875 0.595368970703125 0.214361880859375 0.58176080078125 0.21737605859375 0.573192095703125 0.232647513671875 0.56249676953125 0.259603181640625 0.55762083984375 0.2600211015625 0.546714453125 0.2690098203125 0.529421904296875 0.286931349609375 0.512650701171875 0.2811699609375 0.497120669921875 0.235262654296875 0.4802313515625 0.226280228515625 0.469322869140625 0.2221283125 0.456182234375 0.21049371875 0.460749970703125 0.198445400390625 0.457423404296875 0.192371623046875 0.445372986328125 0.198346166015625 0.436649138671875 0.210187623046875 0.4360285546875 0.2218718359375 0.44184794921875 0.253153447265625 0.36846991796875 0.290130044921875 0.37543754296875 0.30145015234375 0.383749765625 0.34076233203125 0.397521474609375 0.358110794921875 0.388696294921875 0.374050353515625 0.409629900390625 0.39939235546875 0.42116526171875 0.40354846875 0.415505208984375 0.404123630859375 0.39815884375 0.414090748046875 0.418415955078125 0.42479026953125 0.41488672265625 0.43777785546875 0.39837409765625 0.46119380078125 0.4298003671875 0.47869741015625 0.423935548828125 0.4954791015625 0.394855353515625 0.492833224609375 0.382130541015625 0.497874791015625 0.365044849609375 0.53018861328125 0.32080292578125 0.507649732421875 0.3155523984375 0.488176744140625 0.30271995703125 0.47550364453125 0.30635262109375 0.461794140625 0.2996498671875 0.458837970703125 0.281004326171875 0.4623238828125 0.253115681640625 0.451318263671875 0.231923498046875 0.45511446484375 0.209955583984375 0.46513958984375 0.20299844921875 0.476045974609375 0.203416369140625 0.494012923828125 0.215832990234375 0.501125203125 0.228818478515625 0.515980837890625 0.21962919140625 0.52434897265625 0.19049518359375 0.529543587890625 0.185770203125 0.537386177734375 0.18436969140625 0.5494862109375 0.188683048828125 0.558261775390625 0.195644376953125 0.562206830078125 0.204837859375 0.57882708203125 0.2009983359375 0.610098203125 0.174622025390625 0.62500975 0.147618837890625 0.632126224609375 0.141803638671875 0.649888412109375 0.14087276171875 0.679899482421875 0.175416638671875 0.6885198984375 0.179417603515625 0.6895646953125 0.152151642578125 0.669831033203125 0.14378560546875 0.6623546484375 0.1332929453125 0.638516587890625 0.13157375 0.632804818359375 0.126430849609375 0.632033283203125 0.09282833984375 0.6262180859375 0.08571186328125 0.612144474609375 0.081501939453125 0.58664312890625 0.085806904296875 0.57999419140625 0.0911028515625 0.557246349609375 0.091305515625 0.55064702734375 0.106988595703125 0.542647193359375 0.114829087890625 0.50696767578125 0.1137304765625 0.477674328125 0.121202666015625 0.459756994140625 0.1191731796875 0.43945236328125 0.10935281640625 0.4305712734375 0.109818255859375 0.43814479296875 0.15048552734375 0.4223995078125 0.189901138671875 0.416987541015625 0.237680689453125 0.40592181640625 0.253103095703125 0.41646409375 0.256013841796875 0.424048107421875 0.249679390625 0.44082350390625 0.24880023046875 0.444354833984375 0.250099408203125 0.443988630859375 0.261992580078125 0.427887630859375 0.266299640625 0.4244576328125 0.276374384765625 0.414538037109375 0.27590475 0.41464356640625 0.26847798046875 0.406178294921875 0.26743737890625 0.403370978515625 0.279953234375 0.39568353515625 0.284314109375 0.396304119140625 0.29615556640625 0.390071 0.299945474609375 0.3824890859375 0.296879580078125 0.3852985 0.2749633828125 0.3740343046875 0.248837259765625 0.37107813671875 0.23019171484375 0.35586469140625 0.213672796875 0.339709876953125 0.226393416015625 0.320702328125 0.22244206640625 0.29514926953125 0.2257602421875 0.272655806640625 0.249697537109375 0.2452388984375 0.2268916875 0.238863220703125 0.1713191640625 0.213930744140625 0.186478798828125 0.19315648046875 0.186578033203125 0.188377685546875 0.18979697265625 0.184275388671875 0.187043470703125 0.182612103515625 0.19306762890625 0.17627765234375 0.1854836171875 0.151349375 0.181842560546875 0.141171201171875 0.176438986328125 0.138316365234375 0.16916736328125 0.149071798828125 0.147824228515625 0.16829040625 0.13692204296875 0.165332140625 0.12767684375 0.146479736328125 0.126685859375 0.129859484375 0.130525384765625 0.123210544921875 0.135821333984375 0.106590294921875 0.139660857421875 0.10456290625 0.148177845703125 0.106950203125 0.15596871875 0.124759908203125 0.174825318359375 0.126520328125 0.19897576953125 0.14906130859375 0.194825953125 0.17279383984375 0.203971916015625 0.17523285546875 0.212749576171875 0.1658842265625 0.213734267578125 0.1604289375 0.22292565234375 0.154559921875 0.224222732421875 0.1504038125 0.22988278515625 0.151649173828125 0.234765009765625 0.170391853515625 0.261983453125 0.194697451171875 0.263183396484375 0.192514916015625 0.26874001953125 0.18441375 0.26520658984375 0.182076068359375 0.26780284765625 0.182330447265625 0.291537478515625 0.159994232421875 0.30903479296875 0.121509498046875 0.31105169140625 0.119382873046875 0.2987944140625 0.10795723828125 0.297908958984375 0.1015710703125 0.289338158203125 0.07492779296875 0.29073447265625 0.05799934765625 0.27925292578125 0.04403755859375 0.23941519921875 0.051263759765625 0.207372541015625 0.0459678125 0.2007236015625 0.0440501484375 0.1830131328125 0.059791236328125 0.162398208984375 0.0528858203125 0.153359873046875 0.026919037109375 0.148783744140625 0 0.1725311484375 0 0.5130929609375 0.024718732421875 0.984754462890625 0.041532037109375 0.99403901171875 0.04616841796875 1 0.51309296484375 1 1 0.974482283203125 1 0.486907044921875