1 0.2763671875 0.7421875 0.15625 0.177734375
1 0.4755859375 0.4775390625 0.119140625 0.125
1 0.4130859375 0.75390625 0.171875 0.27734375
1 0.9306640625 0.5703125 0.138671875 0.140625
1 0.10546875 0.0263671875 0.0546875 0.052734375
1 0.9013671875 0.2109375 0.130859375 0.109375
1 0.36328125 0.3837890625 0.126953125 0.125
1 0.697265625 0.0966796875 0.078125 0.080078125
1 0.62890625 0.505859375 0.115234375 0.140625
1 0.9453125 0.3037109375 0.109375 0.107421875
1 0.6630859375 0.294921875 0.111328125 0.123046875
1 0.939453125 0.3896484375 0.12109375 0.134765625
1 0.4658203125 0.2529296875 0.0859375 0.08984375
1 0.3955078125 0.150390625 0.095703125 0.078125
1 0.3974609375 0.048828125 0.08203125 0.0625
0 0.128541001953125 0 0.125493044921875 0.010797400390625 0.1370287109375 0.03990459765625 0.122158650390625 0.0445363203125 0.118104048828125 0.05986712109375 0.11275451171875 0.065274849609375 0.075479787109375 0.063545634765625 0 0.451855474609375 0 0.912168193359375 0.451855474609375 1 0.912168193359375 1 0.938369533203125 0.8652057890625 0.928802662109375 0.85361160546875 0.927277353515625 0.839345373046875 0.940665748046875 0.8285153671875 0.94562728515625 0.827867896484375 0.9624719453125 0.741209626953125 0.940731314453125 0.725904224609375 0.9350059296875 0.70007562109375 0.93638576171875 0.687448685546875 0.972198173828125 0.691172525390625 0.978360400390625 0.65947061328125 0.944250046875 0.64975460546875 0.93283076171875 0.642161943359375 0.886838361328125 0.629998140625 0.863495408203125 0.5980585390625 0.855124349609375 0.580312435546875 0.851700279296875 0.559229546875 0.838324041015625 0.5340629609375 0.843326828125 0.502797533203125 0.850330212890625 0.49717398046875 0.87187384375 0.502436234375 0.88510460546875 0.500709650390625 0.9110204921875 0.51112016796875 0.9327363046875 0.509968314453125 0.958249640625 0.522449775390625 0.9629517109375 0.51208051171875 0.950870412109375 0.49683699609375 0.949143828125 0.483606234375 0.933063724609375 0.45576487890625 0.93217133984375 0.44377086328125 0.92380028125 0.426024759765625 0.9165228828125 0.41923719921875 0.915831771484375 0.406207712890625 0.904123927734375 0.38351462109375 0.9071139609375 0.36260391015625 0.900411294921875 0.34733130078125 0.90265441796875 0.341319744140625 0.911944568359375 0.337752587890625 0.91513587890625 0.315806408203125 0.912158001953125 0.300720525390625 0.895304283203125 0.321085599609375 0.880620951171875 0.321992533203125 0.869463525390625 0.362807576171875 0.858749900390625 0.370933716796875 0.83867338671875 0.3691804296875 0.818005203125 0.33453696484375 0.820621783203125 0.321075833984375 0.851050623046875 0.28615596484375 0.856341970703125 0.26999096875 0.872865875 0.265143421875 0.887491017578125 0.253479220703125 0.85655540234375 0.232958904296875 0.848070353515625 0.232384173828125 0.840116392578125 0.215256443359375 0.84618374609375 0.18957092578125 0.8517345625 0.183127724609375 0.8506263515625 0.169479865234375 0.821431869140625 0.164879626953125 0.79613435546875 0.154052013671875 0.79909529296875 0.127762669921875 0.81416662890625 0.122095474609375 0.817818677734375 0.1088356171875 0.81732884375 0.09477066015625 0.80570828515625 0.088213470703125 0.804398798828125 0.075601080078125 0.71950466796875 0.061785822265625 0.7368360625 0.091482298828125 0.7511459375 0.09802494140625 0.755202931640625 0.121380048828125 0.750098310546875 0.1338202578125 0.704050109375 0.149585095703125 0.687654744140625 0.1399505859375 0.674625255859375 0.140641697265625 0.6710871953125 0.1367301796875 0.661394494140625 0.14236827734375 0.654088001953125 0.1302020859375 0.62877594140625 0.11668515234375 0.637358041015625 0.05871328515625 0.6292028046875 0.042621025390625 0.54553087109375 0.025282251953125 0.51448365625 0.06061921875 0.504172583984375 0.06667441796875 0.496305908203125 0.065682587890625 0.49100001171875 0.07915826953125 0.479609822265625 0.076944240234375 0.47704904296875 0.062476732421875 0.474216642578125 0.074284017578125 0.467198708984375 0.07721825390625 0.467659451171875 0.085904578125 0.457421115234375 0.105406359375 0.46159209765625 0.11159009375 0.45819951171875 0.134571748046875 0.44632187890625 0.156978669921875 0.443950216796875 0.17747228125 0.458834822265625 0.175529875 0.463837611328125 0.14426444921875 0.47104226953125 0.13760542578125 0.481396986328125 0.139618177734375 0.49908729296875 0.159175759765625 0.51257751953125 0.16717097265625 0.519192900390625 0.166307681640625 0.535990818359375 0.17387125 0.543641669921875 0.173209232421875 0.557447162109375 0.162997599609375 0.579594619140625 0.1651534375 0.59423430859375 0.156178552734375 0.62817450390625 0.1584774765625 0.6464104453125 0.164171375 0.6632811015625 0.18518152734375 0.66205890234375 0.188705041015625 0.672183248046875 0.1863746328125 0.704685421875 0.19054322265625 0.720935314453125 0.1732845625 0.729420361328125 0.173859294921875 0.74105546875 0.183105802734375 0.740092734375 0.196351111328125 0.754402611328125 0.202893755859375 0.757596310546875 0.219633482421875 0.7500036484375 0.231052765625 0.722363568359375 0.246097396484375 0.717474771484375 0.26019144921875 0.725933115234375 0.29407345703125 0.726049498046875 0.3155879921875 0.73715590625 0.380073408203125 0.728282853515625 0.3842589375 0.681686626953125 0.375201546875 0.666513458984375 0.3620435234375 0.668354033203125 0.358102912109375 0.663334306640625 0.34799311328125 0.6353765703125 0.342558681640625 0.624864220703125 0.349649349609375 0.62003361328125 0.374500669921875 0.62003600390625 0.413186578125 0.625674103515625 0.422879279296875 0.618656171875 0.425813515625 0.61888654296875 0.43015667578125 0.632578044921875 0.43711641796875 0.62742978125 0.44148867578125 0.630982390625 0.448089509765625 0.6402434453125 0.43914371875 0.647894296875 0.438481703125 0.660521234375 0.43986153515625 0.670905044921875 0.447252921875 0.67862863671875 0.460037490234375 0.678917197265625 0.475137919921875 0.686051509765625 0.493718220703125 0.68999451171875 0.534244703125 0.685998099609375 0.560332771484375 0.667318359375 0.5873277734375 0.65264957421875 0.590924025390625 0.634413634765625 0.585230125 0.599350681640625 0.566594025390625 0.582494572265625 0.54827319140625 0.562388962890625 0.541141267578125 0.554262822265625 0.53042764453125 0.55805795703125 0.505375046875 0.554692076171875 0.49504942578125 0.541677138671875 0.49842985546875 0.542683515625 0.49325249609375 0.53792325390625 0.4928644921875 0.539346728515625 0.4883055078125 0.54659503125 0.48971443359375 0.55216039453125 0.48596055078125 0.54344497265625 0.481042658203125 0.540006353515625 0.457270451171875 0.526273599609375 0.48092866796875 0.52354303125 0.511561173828125 0.514885802734375 0.517400548828125 0.515950369140625 0.52298045703125 0.51080210546875 0.52735271484375 0.501094857421875 0.530301498046875 0.3542591484375 0.5006849296875 0.347614673828125 0.496169587890625 0.30352103515625 0.490822439453125 0.304670498046875 0.47385234375 0.297926578125 0.48919769140625 0.291728296875 0.49067935546875 0.2951645234375 0.475765654296875 0.288951693359375 0.474558001953125 0.281245041015625 0.503148658203125 0.287545158203125 0.520492212890625 0.287229892578125 0.53869905859375 0.298736462890625 0.562427623046875 0.28939051171875 0.593923419921875 0.29233929296875 0.60363066796875 0.306620076171875 0.60479467578125 0.31602421484375 0.584056146484375 0.329815162109375 0.57115519921875 0.366890865234375 0.579436580078125 0.38757120703125 0.578083453125 0.402700732421875 0.58317352734375 0.4087559296875 0.5934846015625 0.406874103515625 0.628043169921875 0.4412168515625 0.628271150390625 0.472913923828125 0.63658162890625 0.4870079765625 0.64147042578125 0.5077901484375 0.658942517578125 0.510581298828125 0.6777531875 0.50006894921875 0.684843857421875 0.48820347265625 0.671254189453125 0.48772818359375 0.659878546875 0.4746841484375 0.657880341796875 0.463102248046875 0.811445419921875 0.464513564453125 0.842883025390625 0.4678503515625 0.847830015625 0.46583759765625 0.858184732421875 0.451457375 0.8768814140625 0.44051337890625 0.880664392578125 0.33742694921875 0.869223185546875 0.332407224609375 0.859113384765625 0.334793431640625 0.841309091796875 0.327084388671875 0.83121383984375 0.330059875 0.8076138125 0.324307787109375 0.815092486328125 0.31147957421875 0.814748125 0.3009672265625 0.821838794921875 0.304304009765625 0.826785783203125 0.29832155078125 0.82992129296875 0.2915776328125 0.845266640625 0.261548953125 0.83942965625 0.25920399609375 0.826615994140625 0.2636611484375 0.80921425 0.2607414609375 0.804885634765625 0.2064943828125 0.796490263671875 0.200870828125 0.78948687890625 0.201833564453125 0.7762415703125 0.187322412109375 0.7707343984375 0.206664171875 0.751390248046875 0.21018768359375 0.75261244921875 0.20921040234375 0.763168439453125 0.244123099609375 0.677539552734375 0.249487185546875 0.674821140625 0.348000083984375 0.6821495546875 0.35526293359375 0.686247798828125 0.353524193359375 0.709013630859375 0.35802498828125 0.699679837890625 0.370795009765625 0.6892669296875 0.3802403984375 0.63791044140625 0.3711224296875 0.635063494140625 0.361861375 0.644009283203125 0.349234439453125 0.642629451171875 0.3365493125 0.6304923515625 0.316644978515625 0.62232495703125 0.30666371875 0.612862626953125 0.2983799453125 0.611252423828125 0.294468427734375 0.614790486328125 0.28969362109375 0.611713166015625 0.267604353515625 0.620314595703125 0.24702584765625 0.640492943359375 0.22720880078125 0.648461451171875 0.235722943359375 0.654414814453125 0.2311930546875 0.658369974609375 0.226187876953125 0.6509494921875 0.2123678359375 0.658471806640625 0.2091328828125 0.6723500390625 0.2068315703125 0.66760432421875 0.200633287109375 0.669085990234375 0.2016396640625 0.663908630859375 0.2107285390625 0.661376947265625 0.19719466796875 0.645313783203125 0.149994615234375 0.63936280859375 0.11619750390625 0.625271146484375 0.08094543359375 0.57167392578125 0.096504212890625 0.54138578125 0.09348269140625 0.518231947265625 0.110738958984375 0.495795931640625 0.120055814453125 0.4589215 0.149851732421875 0.421729412109375 0.185790134765625 0.410984302734375 0.195109380859375 0.412795779296875 0.20529191796875 0.421222638671875 0.2237000390625 0.420502431640625 0.23552187109375 0.426024150390625 0.2390162890625 0.421867716796875 0.24338615625 0.3883300703125 0.234755630859375 0.360862169921875 0.227276958984375 0.35511008203125 0.2230477890625 0.338169078125 0.20449419140625 0.311996115234375 0.202852501953125 0.276215345703125 0.243737892578125 0.26213344921875 0.265885349609375 0.264289287109375 0.278827548828125 0.247462275390625 0.293324154296875 0.25028012890625 0.31019480859375 0.27129028125 0.30985044921875 0.2841184921875 0.32135701953125 0.307847056640625 0.34231137109375 0.31890504296875 0.34587852734375 0.328195193359375 0.351271708984375 0.330855412109375 0.346741818359375 0.334810572265625 0.374757744140625 0.3510022734375 0.395639359375 0.34861367578125 0.42690478515625 0.3536164609375 0.432773255859375 0.367652326171875 0.443314701171875 0.365940291015625 0.431551056640625 0.371175837890625 0.4305446796875 0.376353197265625 0.4349169375 0.3815014609375 0.4318396171875 0.38627626953125 0.434371302734375 0.39536514453125 0.4412461484375 0.4042236484375 0.436328255859375 0.412939068359375 0.439247943359375 0.417267681640625 0.44733044140625 0.419913357421875 0.46176885546875 0.411973943359375 0.460561203125 0.4181867734375 0.487483466796875 0.423419931640625 0.49408430078125 0.419867322265625 0.48971204296875 0.41471905859375 0.4918969765625 0.39795023828125 0.47817637890625 0.385611861328125 0.478319462890625 0.373819123046875 0.499574533203125 0.3639809453125 0.5009543671875 0.351354009765625 0.4967542890625 0.339791640625 0.500578521484375 0.320117677734375 0.523586876953125 0.290202990234375 0.539031666015625 0.277086216796875 0.531436615234375 0.249819591796875 0.5389419921875 0.22226440625 0.496674376953125 0.210287330078125 0.48695258203125 0.210546794921875 0.477475705078125 0.217838740234375 0.475865501953125 0.226122513671875 0.4883348046875 0.23660576953125 0.497108416015625 0.2522809296875 0.505823833984375 0.257198822265625 0.512310677734375 0.2708175859375 0.495658236328125 0.2901471875 0.48140655078125 0.294361814453125 0.441396609375 0.279062498046875 0.423822685546875 0.281019453125 0.4152939921875 0.272376771484375 0.414013603515625 0.265143015625 0.3938643515625 0.24994314453125 0.400334255859375 0.22218668359375 0.404662873046875 0.21926699609375 0.426623599609375 0.225147623046875 0.42947055078125 0.21602965234375 0.425932490234375 0.21211813671875 0.4282896015625 0.188935208984375 0.425168640625 0.18564206640625 0.358294625 0.175866861328125 0.35482930078125 0.1854019296875 0.357360986328125 0.1944908046875 0.352644369140625 0.202170751953125 0.35724699609375 0.211662177734375 0.354400046875 0.220780146484375 0.332756974609375 0.235378583984375 0.329621462890625 0.229396123046875 0.325508671875 0.23396965625 0.31475140234375 0.23402784765625 0.311773525390625 0.21894196484375 0.306164521484375 0.2146278984375 0.300494935546875 0.16087065625 0.30147221875 0.150314662109375 0.3084610546875 0.14200179296875 0.2792520234375 0.134712240234375 0.265890333984375 0.11223496875 0.269312013671875 0.094631951171875 0.282714955078125 0.08649126171875 0.28190746484375 0.05194723828125 0.288867205078125 0.038255736328125 0.2821936328125 0.02836176171875 0.286105150390625 0.02482369921875 0.2825088984375 0.010154916015625 0.27754736328125 0.010802384765625 0.27025541796875 0.001325505859375 0.270234857421875 0 0.179867986328125 0 0.178416091796875 0.00389106640625 0.16212255859375 0.013081775390625 0.14722340234375 0.012334865234375 0.138903431640625 0 0.128541001953125 0
0 1 0.169956939453125 0.991074658203125 0.1656169765625 0.980635046875 0.18615423046875 0.96901448828125 0.1795970390625 0.94810377734375 0.176607005859375 0.942940966796875 0.1782899453125 0.941330763671875 0.18657371875 0.94613466796875 0.195029673828125 0.942856072265625 0.200839953125 0.94581940234375 0.213236517578125 0.953989185546875 0.23201809375 0.966875587890625 0.243119720703125 0.9626051640625 0.256796677734375 0.98719701953125 0.25190548828125 1 0.264195353515625 1 0.169956939453125
0 0.354106703125 0.128307900390625 0.38742613671875 0.092338013671875 0.41016287109375 0.088698119140625 0.419149912109375 0.06734121484375 0.396973361328125 0.0598067421875 0.3711156640625 0.060153494140625 0.36050148046875 0.0484189453125 0.35513739453125 0.051137357421875 0.36181096484375 0.061031333984375 0.3627033515625 0.07302534765625 0.355399251953125 0.099545060546875 0.344671078125 0.10498188671875 0.348238234375 0.11427203515625 0.3420545 0.118443017578125 0.347893875 0.127100248046875 0.354106703125 0.128307900390625
0 0.3506872421875 0 0.3384825625 0.03178105078125 0.352806986328125 0.04101301171875 0.36212623046875 0.042824490234375 0.37381713671875 0.02414235546875 0.39118978515625 0.023220873046875 0.403615447265625 0.02563617578125 0.4192057109375 0.03941257421875 0.432264294921875 0.044100095703125 0.437167638671875 0.032695361328125 0.434146119140625 0.009541525390625 0.401887677734375 0 0.3506872421875 0
0 0.812363806640625 0.051359025390625 0.717794115234375 0.032976541015625 0.707825916015625 0.044471365234375 0.71117725 0.05210766796875 0.71760590234375 0.054969166015625 0.77100423828125 0.059438474609375 0.806009001953125 0.067317306640625 0.812363806640625 0.051359025390625
0 0.538274755859375 0 0.545918873046875 0.020521994140625 0.569288529296875 0.01915431640625 0.631014283203125 0.033301779296875 0.64072153125 0.03035299609375 0.641929181640625 0.024140166015625 0.638968271484375 0.01765434765625 0.548144525390625 0 0.538274755859375 0
0 1 0.08783180859375 0.88600223828125 0.06567288671875 0.884200466796875 0.065859955078125 0.882978267578125 0.069383470703125 0.90022237890625 0.08294404296875 1 0.102665697265625 1 0.08783180859375