1 0.62890625 0.748046875 0.1201171875 0.1435546875
1 0.494140625 0.47265625 0.091796875 0.099609375
1 0.5029296875 0.734375 0.115234375 0.23828125
1 0.0625 0.4765625 0.1123046875 0.1103515625
1 0.923828125 0.1171875 0.0634765625 0.0625
1 0.154296875 0.154296875 0.1083984375 0.0810546875
1 0.61328125 0.40625 0.1005859375 0.0986328125
1 0.361328125 0.0859375 0.0615234375 0.0634765625
1 0.349609375 0.470703125 0.0859375 0.1162109375
1 0.076171875 0.228515625 0.1337890625 0.0751953125
1 0.3564453125 0.2734375 0.0849609375 0.1005859375
1 0.0712890625 0.3076171875 0.1298828125 0.1025390625
1 0.5439453125 0.26953125 0.0673828125 0.072265625
1 0.625 0.189453125 0.0791015625 0.0576171875
1 0.6416015625 0.095703125 0.0673828125 0.0458984375
0 1 0.20263671875 0.98828125 0.18701171875 0.97265625 0.17529296875 0.96337890625 0.1611328125 0.95166015625 0.166015625 0.94091796875 0.1640625 0.93408203125 0.1669921875 0.8974609375 0.16162109375 0.8935546875 0.15576171875 0.892578125 0.14111328125 0.8798828125 0.13427734375 0.8955078125 0.10986328125 0.89453125 0.09814453125 0.88916015625 0.09375 0.87548828125 0.107421875 0.86181640625 0.10546875 0.8486328125 0.09423828125 0.8447265625 0.07080078125 0.8388671875 0.06494140625 0.8388671875 0.05517578125 0.8525390625 0.04541015625 0.8564453125 0.03564453125 0.853515625 0.03076171875 0.859375 0.02783203125 0.85986328125 0.0234375 0.81982421875 0.0283203125 0.80615234375 0.0234375 0.78466796875 0.0224609375 0.7802734375 0.02490234375 0.7802734375 0.04345703125 0.76953125 0.05712890625 0.765625 0.07568359375 0.75732421875 0.0830078125 0.7529296875 0.08154296875 0.7470703125 0.09423828125 0.75 0.09814453125 0.7421875 0.10595703125 0.74609375 0.11962890625 0.7392578125 0.15087890625 0.75 0.16064453125 0.75 0.17724609375 0.73388671875 0.1953125 0.7060546875 0.19677734375 0.7109375 0.20556640625 0.7099609375 0.21533203125 0.6953125 0.26318359375 0.689453125 0.26611328125 0.68408203125 0.279296875 0.67431640625 0.27734375 0.67138671875 0.2724609375 0.66748046875 0.27734375 0.650390625 0.26025390625 0.6494140625 0.25146484375 0.6552734375 0.24365234375 0.65234375 0.23583984375 0.65625 0.22802734375 0.65478515625 0.21875 0.59228515625 0.2158203125 0.5888671875 0.21826171875 0.5869140625 0.23974609375 0.5830078125 0.24267578125 0.583984375 0.25146484375 0.60498046875 0.25 0.6083984375 0.25341796875 0.609375 0.27978515625 0.58837890625 0.2900390625 0.5859375 0.29638671875 0.57666015625 0.302734375 0.56103515625 0.2978515625 0.52197265625 0.3046875 0.509765625 0.29833984375 0.498046875 0.27783203125 0.50634765625 0.2666015625 0.51513671875 0.263671875 0.52587890625 0.2509765625 0.5390625 0.24365234375 0.5390625 0.23583984375 0.53173828125 0.2275390625 0.52294921875 0.2255859375 0.482421875 0.22900390625 0.484375 0.25537109375 0.47265625 0.27880859375 0.484375 0.29345703125 0.5 0.32470703125 0.5 0.34326171875 0.494140625 0.35302734375 0.4931640625 0.36474609375 0.5107421875 0.37744140625 0.5087890625 0.38818359375 0.494140625 0.39697265625 0.4931640625 0.41259765625 0.48828125 0.41650390625 0.49365234375 0.4208984375 0.51904296875 0.4208984375 0.51904296875 0.4150390625 0.53076171875 0.4248046875 0.53857421875 0.423828125 0.5419921875 0.42041015625 0.5390625 0.41162109375 0.546875 0.40478515625 0.55078125 0.39697265625 0.548828125 0.39208984375 0.5537109375 0.38818359375 0.5537109375 0.38330078125 0.5439453125 0.37646484375 0.55322265625 0.3798828125 0.56103515625 0.3681640625 0.59033203125 0.369140625 0.60888671875 0.375 0.63720703125 0.365234375 0.6337890625 0.36083984375 0.63916015625 0.359375 0.64404296875 0.3515625 0.6650390625 0.34521484375 0.6796875 0.32568359375 0.681640625 0.31396484375 0.70068359375 0.2978515625 0.71435546875 0.2978515625 0.72314453125 0.3154296875 0.74365234375 0.3173828125 0.7783203125 0.33740234375 0.7705078125 0.36962890625 0.7490234375 0.39013671875 0.7421875 0.40478515625 0.734375 0.40869140625 0.7216796875 0.43212890625 0.7197265625 0.46337890625 0.72216796875 0.4677734375 0.73388671875 0.46484375 0.75048828125 0.46875 0.76123046875 0.462890625 0.77001953125 0.462890625 0.80078125 0.47900390625 0.8212890625 0.51806640625 0.8232421875 0.55322265625 0.8349609375 0.57666015625 0.828125 0.59716796875 0.8369140625 0.62744140625 0.79541015625 0.669921875 0.76220703125 0.6767578125 0.71826171875 0.673828125 0.703125 0.68603515625 0.7109375 0.68994140625 0.7109375 0.69482421875 0.70556640625 0.6923828125 0.70263671875 0.6962890625 0.7021484375 0.68310546875 0.69091796875 0.673828125 0.68505859375 0.6796875 0.681640625 0.67529296875 0.6904296875 0.67138671875 0.673828125 0.66064453125 0.65869140625 0.638671875 0.64013671875 0.626953125 0.63525390625 0.62890625 0.63232421875 0.625 0.62451171875 0.625 0.61376953125 0.6318359375 0.59423828125 0.6357421875 0.58056640625 0.64453125 0.56884765625 0.6435546875 0.56201171875 0.6337890625 0.55322265625 0.634765625 0.552734375 0.68310546875 0.5625 0.69482421875 0.56494140625 0.7041015625 0.5673828125 0.68310546875 0.57470703125 0.6806640625 0.66552734375 0.69140625 0.669921875 0.69482421875 0.6865234375 0.77880859375 0.6875 0.76904296875 0.69091796875 0.7685546875 0.705078125 0.78955078125 0.69091796875 0.7919921875 0.689453125 0.80419921875 0.68310546875 0.8095703125 0.63232421875 0.8076171875 0.62890625 0.81103515625 0.6298828125 0.82763671875 0.62548828125 0.8388671875 0.59716796875 0.8388671875 0.59375 0.82373046875 0.5888671875 0.81982421875 0.5927734375 0.81591796875 0.58447265625 0.8076171875 0.57275390625 0.8056640625 0.56884765625 0.7978515625 0.5673828125 0.81982421875 0.55859375 0.82763671875 0.5576171875 0.84423828125 0.55126953125 0.8525390625 0.45556640625 0.8447265625 0.4462890625 0.83935546875 0.4365234375 0.81982421875 0.4365234375 0.81005859375 0.4404296875 0.80615234375 0.447265625 0.77783203125 0.4638671875 0.63623046875 0.45166015625 0.6357421875 0.44921875 0.64599609375 0.43603515625 0.65625 0.427734375 0.64794921875 0.43359375 0.63134765625 0.45556640625 0.619140625 0.46923828125 0.6171875 0.49951171875 0.615234375 0.53076171875 0.62109375 0.53515625 0.58935546875 0.54248046875 0.5810546875 0.55712890625 0.5791015625 0.57568359375 0.583984375 0.61083984375 0.5830078125 0.62109375 0.59716796875 0.6259765625 0.61767578125 0.63916015625 0.619140625 0.6435546875 0.61083984375 0.640625 0.58056640625 0.6552734375 0.56103515625 0.658203125 0.54443359375 0.6669921875 0.52978515625 0.6650390625 0.50244140625 0.6591796875 0.50244140625 0.65966796875 0.5166015625 0.654296875 0.51416015625 0.65087890625 0.4990234375 0.64892578125 0.5146484375 0.60791015625 0.51171875 0.60107421875 0.5146484375 0.46240234375 0.515625 0.4541015625 0.51123046875 0.4501953125 0.50634765625 0.4521484375 0.50146484375 0.4453125 0.49462890625 0.4482421875 0.46630859375 0.43994140625 0.4423828125 0.4326171875 0.46337890625 0.423828125 0.46630859375 0.42822265625 0.470703125 0.43505859375 0.470703125 0.435546875 0.47509765625 0.43115234375 0.474609375 0.43115234375 0.4794921875 0.419921875 0.47412109375 0.4150390625 0.48291015625 0.4140625 0.50634765625 0.40478515625 0.5146484375 0.38525390625 0.517578125 0.36669921875 0.53125 0.33154296875 0.5419921875 0.31396484375 0.5439453125 0.30126953125 0.5380859375 0.2890625 0.51025390625 0.2900390625 0.48583984375 0.30078125 0.44970703125 0.310546875 0.43408203125 0.3134765625 0.42041015625 0.32275390625 0.41015625 0.33349609375 0.4052734375 0.34521484375 0.40625 0.35205078125 0.408203125 0.35888671875 0.41796875 0.36328125 0.41259765625 0.359375 0.40771484375 0.373046875 0.40380859375 0.3740234375 0.39990234375 0.3681640625 0.39599609375 0.375 0.38818359375 0.3818359375 0.35302734375 0.3818359375 0.32958984375 0.37353515625 0.3212890625 0.34716796875 0.3212890625 0.3408203125 0.32958984375 0.341796875 0.33349609375 0.32568359375 0.3427734375 0.28173828125 0.3427734375 0.2744140625 0.33740234375 0.2958984375 0.28076171875 0.2998046875 0.26123046875 0.3134765625 0.23193359375 0.3115234375 0.21826171875 0.2890625 0.19970703125 0.2841796875 0.18798828125 0.2900390625 0.17333984375 0.30419921875 0.169921875 0.3056640625 0.15771484375 0.31787109375 0.1513671875 0.32568359375 0.15234375 0.33740234375 0.1708984375 0.36767578125 0.1728515625 0.37646484375 0.1767578125 0.3759765625 0.17333984375 0.39501953125 0.1572265625 0.41259765625 0.1552734375 0.44384765625 0.1591796875 0.45556640625 0.169921875 0.47607421875 0.171875 0.48681640625 0.18359375 0.49365234375 0.185546875 0.51025390625 0.181640625 0.51611328125 0.18359375 0.52978515625 0.1787109375 0.54931640625 0.1640625 0.55908203125 0.1640625 0.564453125 0.17138671875 0.5634765625 0.20068359375 0.57666015625 0.205078125 0.578125 0.18603515625 0.5712890625 0.16357421875 0.572265625 0.14208984375 0.5771484375 0.13720703125 0.5712890625 0.11767578125 0.5732421875 0.10986328125 0.5673828125 0.10595703125 0.56689453125 0.0947265625 0.56201171875 0.107421875 0.55126953125 0.107421875 0.548828125 0.09423828125 0.54150390625 0.09375 0.533203125 0.08642578125 0.51123046875 0.048828125 0.43212890625 0.0498046875 0.421875 0.06298828125 0.41943359375 0.1171875 0.39404296875 0.125 0.38525390625 0.134765625 0.37744140625 0.1279296875 0.37353515625 0.130859375 0.36181640625 0.1279296875 0.34521484375 0.1337890625 0.30615234375 0.111328125 0.3037109375 0.09912109375 0.3115234375 0.07861328125 0.32568359375 0.0751953125 0.3466796875 0.05126953125 0.26708984375 0.048828125 0.263671875 0.06005859375 0.251953125 0.06396484375 0.2490234375 0.07666015625 0.25 0.08935546875 0.2626953125 0.09716796875 0.2607421875 0.12158203125 0.23583984375 0.126953125 0.20849609375 0.1259765625 0.205078125 0.13818359375 0.208984375 0.14501953125 0.2099609375 0.16943359375 0.19970703125 0.18359375 0.19189453125 0.1826171875 0.16015625 0.19580078125 0.17138671875 0.208984375 0.185546875 0.21630859375 0.1875 0.23193359375 0.208984375 0.26904296875 0.208984375 0.28173828125 0.18408203125 0.3095703125 0.16552734375 0.3076171875 0.1572265625 0.29833984375 0.154296875 0.25927734375 0.14111328125 0.255859375 0.12939453125 0.234375 0.1240234375 0.24755859375 0.123046875 0.26806640625 0.130859375 0.27294921875 0.1318359375 0.27880859375 0.123046875 0.29150390625 0.1220703125 0.31103515625 0.107421875 0.32958984375 0.1044921875 0.34130859375 0.0966796875 0.34619140625 0.0859375 0.36083984375 0.0830078125 0.37158203125 0.0634765625 0.39404296875 0.0595703125 0.40576171875 0.0458984375 0.41748046875 0.04833984375 0.427734375 0.07373046875 0.4208984375 0.09326171875 0.42578125 0.11865234375 0.4208984375 0.13037109375 0.4248046875 0.15087890625 0.423828125 0.15625 0.43017578125 0.1552734375 0.45947265625 0.138671875 0.47998046875 0.1318359375 0.49853515625 0.12109375 0.51318359375 0.09423828125 0.5380859375 0.05029296875 0.541015625 0.03857421875 0.5458984375 0.00439453125 0.548828125 0 0.55322265625 0.00048828125 0.578125 0.0390625 0.58154296875 0.0380859375 0.59326171875 0.0283203125 0.61572265625 0 0.62841796875 0 0.70556640625 0.01025390625 0.708984375 0.0205078125 0.72119140625 0.0166015625 0.73388671875 0 0.74755859375 0 0.94970703125 0.0068359375 0.95361328125 0.00830078125 0.9599609375 0.02001953125 0.962890625 0.0341796875 0.97705078125 0.03271484375 0.990234375 0.01904296875 0.9931640625 0.01123046875 0.9873046875 0.0087890625 0.98876953125 0.0126953125 0.99267578125 0.0078125 0.99658203125 0.01318359375 1 1 0.99951171875 1 0.20263671875
0 0.08984375 0.17236328125 0.103515625 0.16455078125 0.1142578125 0.14892578125 0.119140625 0.13818359375 0.1171875 0.13232421875 0.123046875 0.12548828125 0.123046875 0.11767578125 0.11865234375 0.115234375 0.09912109375 0.1142578125 0.08740234375 0.1181640625 0.08154296875 0.09765625 0.06689453125 0.1015625 0.05615234375 0.0947265625 0.0478515625 0.08642578125 0.052734375 0.07470703125 0.052734375 0.06201171875 0.05908203125 0.056640625 0.06787109375 0.056640625 0.07958984375 0.0654296875 0.09423828125 0.0537109375 0.10107421875 0.0556640625 0.1162109375 0.07470703125 0.12158203125 0.095703125 0.1279296875 0.06787109375 0.14111328125 0.06640625 0.15478515625 0.05078125 0.0234375 0.05126953125 0.033203125 0.07470703125 0.033203125 0.08642578125 0.02099609375 0.0986328125 0.01513671875 0.09375 0.01318359375 0.1015625 0.00830078125 0.09375 0.0048828125 0.10205078125 0.0068359375 0.10791015625 0 0.10986328125 0.0009765625 0.23779296875 0.03955078125 0.1962890625 0.06982421875 0.1767578125 0.09130859375 0.185546875 0.08984375 0.17236328125
0 0.6708984375 0.14990234375 0.6689453125 0.12451171875 0.671875 0.11376953125 0.6796875 0.10595703125 0.67529296875 0.1025390625 0.66357421875 0.111328125 0.64013671875 0.1064453125 0.61865234375 0.109375 0.623046875 0.13037109375 0.64306640625 0.1376953125 0.6669921875 0.17626953125 0.6728515625 0.17626953125 0.6796875 0.16943359375 0.6748046875 0.16455078125 0.6796875 0.15673828125 0.6708984375 0.14990234375
0 0.65087890625 0.05078125 0.615234375 0.05419921875 0.6083984375 0.07470703125 0.61083984375 0.0859375 0.62353515625 0.083984375 0.64013671875 0.07421875 0.65185546875 0.07421875 0.66748046875 0.078125 0.6748046875 0.09716796875 0.68359375 0.09716796875 0.6982421875 0.09130859375 0.6923828125 0.05810546875 0.68798828125 0.0537109375 0.65087890625 0.05078125
0 0.6328125 0.00048828125 0.6328125 0.00830078125 0.640625 0.01318359375 0.626953125 0.01416015625 0.62841796875 0.01953125 0.6357421875 0.02001953125 0.626953125 0.02197265625 0.6220703125 0.03173828125 0.625 0.03759765625 0.64306640625 0.037109375 0.6474609375 0.03271484375 0.64892578125 0 0.6328125 0.00048828125
0 0.716796875 0.00048828125 0.65673828125 0 0.65234375 0.03564453125 0.6650390625 0.03759765625 0.6767578125 0.03564453125 0.6748046875 0.02685546875 0.68017578125 0.015625 0.716796875 0.00048828125
0 0.263671875 0.02294921875 0.26708984375 0.041015625 0.30029296875 0.0400390625 0.349609375 0.04541015625 0.35595703125 0.0439453125 0.3603515625 0.03759765625 0.35107421875 0.021484375 0.263671875 0.02294921875
0 0.51611328125 0.021484375 0.43115234375 0.0205078125 0.423828125 0.03076171875 0.423828125 0.03662109375 0.43212890625 0.041015625 0.49072265625 0.0390625 0.51171875 0.04443359375 0.5224609375 0.02685546875 0.52294921875 0.0146484375 0.51806640625 0.0146484375 0.51611328125 0.021484375
0 0.77783203125 0.0146484375 0.84619140625 0.01171875 0.85986328125 0.015625 0.89404296875 0.0029296875 0.90673828125 0.00390625 0.92529296875 0.0087890625 0.93798828125 0.015625 0.94189453125 0.0234375 0.9501953125 0.02392578125 0.96826171875 0.0126953125 0.9775390625 0.00048828125 0.7666015625 0.00048828125 0.77783203125 0.0146484375
0 0.02783203125 0.021484375 0.0224609375 0.03369140625 0.02392578125 0.0390625 0.1787109375 0.03857421875 0.19677734375 0.029296875 0.1962890625 0.02587890625 0.18505859375 0.0224609375 0.02783203125 0.021484375