1 0.2333984375 0.412109375 0.060546875 0.072265625
1 0.0361328125 0.4892578125 0.0703125 0.10546875
1 0.7109375 0.744140625 0.08984375 0.1015625
1 0.880859375 0.53515625 0.08203125 0.06640625
1 0.080078125 0.55859375 0.10546875 0.09375
1 0.9541015625 0.548828125 0.08984375 0.078125
1 0.48828125 0.5673828125 0.060546875 0.068359375
1 0.8203125 0.720703125 0.13671875 0.111328125
1 0.390625 0.740234375 0.12109375 0.1640625
1 0.919921875 0.4501953125 0.078125 0.0546875
1 0.7861328125 0.521484375 0.048828125 0.0546875
1 0.2587890625 0.5 0.052734375 0.056640625
1 0.712890625 0.48828125 0.1015625 0.0546875
1 0.232421875 0.7568359375 0.171875 0.15234375
1 0.416015625 0.578125 0.041015625 0.05078125
1 0.2958984375 0.4150390625 0.05859375 0.06640625
1 0.728515625 0.369140625 0.06640625 0.04296875
1 0.0673828125 0.40234375 0.056640625 0.05078125
1 0.1650390625 0.4033203125 0.05078125 0.0546875
1 0.361328125 0.6572265625 0.0703125 0.0625
1 0.6328125 0.69921875 0.0703125 0.05078125
1 0.5556640625 0.7255859375 0.076171875 0.1328125
1 0.2734375 0.6376953125 0.0859375 0.06640625
1 0.5439453125 0.423828125 0.072265625 0.0546875
1 0.44921875 0.3994140625 0.07421875 0.05078125
1 0.8359375 0.6474609375 0.22265625 0.17578125
1 0.4736328125 0.6982421875 0.12890625 0.13671875
1 0.3779296875 0.5986328125 0.05859375 0.0703125
1 0.298828125 0.5771484375 0.04296875 0.05859375
1 0.2568359375 0.583984375 0.048828125 0.0625
1 0.208984375 0.55078125 0.0390625 0.05859375
1 0.59375 0.5712890625 0.078125 0.060546875
0 0.49538934375 0.4620901640625 0.504098361328125 0.450307376953125 0.50102458984375 0.41854508203125 0.49641393359375 0.4129098359375 0.488217212890625 0.421106556640625 0.456967212890625 0.425717212890625 0.469262294921875 0.463627048828125 0.49538934375 0.4620901640625
0 0.352971310546875 0.5625 0.37858606640625 0.56147541015625 0.3903688515625 0.552766392578125 0.393442623046875 0.540471310546875 0.384733607421875 0.542008197265625 0.374487705078125 0.531762294921875 0.322233607421875 0.5471311484375 0.321721310546875 0.56711065625 0.325819671875 0.574282787109375 0.352971310546875 0.5625
0 0.315061474609375 0.545081966796875 0.328893443359375 0.53125 0.328893443359375 0.500512294921875 0.320696720703125 0.49231557421875 0.314036884765625 0.47643442578125 0.297643443359375 0.47643442578125 0.292008197265625 0.48309426171875 0.28688524609375 0.522028689453125 0.292008197265625 0.535348361328125 0.308401638671875 0.54559426171875 0.315061474609375 0.545081966796875
0 0.40932376953125 0.47438524609375 0.420081966796875 0.462602458984375 0.412397541015625 0.456967212890625 0.38063524609375 0.459016392578125 0.37397541015625 0.44518442578125 0.38524590234375 0.436987705078125 0.375512294921875 0.419057376953125 0.357069671875 0.417008197265625 0.352971310546875 0.4221311484375 0.3417008203125 0.42315573828125 0.33811475390625 0.42059426171875 0.34477458984375 0.4129098359375 0.3283811484375 0.4129098359375 0.32479508203125 0.44313524609375 0.329918033203125 0.461577869140625 0.352971310546875 0.466188525390625 0.360143443359375 0.477459015625 0.37397541015625 0.477971310546875 0.40932376953125 0.47438524609375
0 0.804303279296875 0.55686475390625 0.7966188515625 0.55020491796875 0.7832991796875 0.549180328125 0.758709015625 0.5153688515625 0.738217212890625 0.513319671875 0.701331966796875 0.519467212890625 0.696721310546875 0.52817623046875 0.69774590234375 0.540471310546875 0.7254098359375 0.564036884765625 0.804303279296875 0.55686475390625
0 1 0.58745037109375 0.95645491796875 0.592213115234375 0.922643443359375 0.56557376953125 0.88268442578125 0.570696720703125 0.84016393359375 0.53227458984375 0.84477458984375 0.5112704921875 0.866290984375 0.508196720703125 0.883196720703125 0.500512294921875 0.8862704921875 0.486168033203125 0.882172130859375 0.4800204921875 0.86936475390625 0.47438524609375 0.852971310546875 0.480532787109375 0.84938524609375 0.46977458984375 0.853483607421875 0.46567623046875 0.853483607421875 0.455430328125 0.84682376953125 0.445696720703125 0.823258197265625 0.430327869140625 0.800717212890625 0.428278689453125 0.775102458984375 0.432377048828125 0.7745901640625 0.44313524609375 0.780737705078125 0.45440573828125 0.782786884765625 0.4707991796875 0.787397541015625 0.467213115234375 0.78893442578125 0.473872951171875 0.780737705078125 0.491290984375 0.801741802734375 0.5 0.821721310546875 0.51895491796875 0.818647541015625 0.54149590234375 0.83913934375 0.573258197265625 0.866290984375 0.59938524609375 0.86936475390625 0.6004098359375 0.88268442578125 0.585040984375 0.90266393359375 0.600922130859375 0.904713115234375 0.61731557421875 0.8995901640625 0.63063524609375 0.9354508203125 0.665471310546875 0.9354508203125 0.676741802734375 0.930327869140625 0.684938525390625 0.950819671875 0.705430328125 0.944672130859375 0.712602458984375 0.938012294921875 0.7346311484375 0.88268442578125 0.741803279296875 0.884221310546875 0.758709015625 0.876536884765625 0.771516392578125 0.87141393359375 0.771516392578125 0.86731557421875 0.7653688515625 0.857069671875 0.76434426171875 0.7966188515625 0.772540984375 0.787397541015625 0.766393443359375 0.775102458984375 0.766393443359375 0.75461065625 0.744877048828125 0.7387295078125 0.797643443359375 0.70850409765625 0.805327869140625 0.6987704921875 0.803790984375 0.68391393359375 0.77561475390625 0.677766392578125 0.7745901640625 0.662397541015625 0.781762294921875 0.649077869140625 0.780737705078125 0.62858606640625 0.7653688515625 0.615266392578125 0.74897541015625 0.60809426171875 0.74897541015625 0.595286884765625 0.75563524609375 0.59016393359375 0.78432376953125 0.58145491796875 0.7879098359375 0.540471310546875 0.793032787109375 0.5158811484375 0.803278689453125 0.497438525390625 0.80225409765625 0.455430328125 0.818647541015625 0.4082991796875 0.828893443359375 0.364241802734375 0.832991802734375 0.34375 0.843237705078125 0.30788934375 0.852459015625 0.297643443359375 0.852459015625 0.293032787109375 0.838627048828125 0.28432376953125 0.83606557421875 0.160348361328125 0.866803279296875 0.155737705078125 0.860143443359375 0.156762294921875 0.84067623046875 0.14856557421875 0.80686475390625 0.15163934375 0.775102458984375 0.16086065625 0.751536884765625 0.169057376953125 0.70850409765625 0.174692623046875 0.6987704921875 0.19518442578125 0.691598361328125 0.1987704921875 0.686987705078125 0.18852458984375 0.66854508203125 0.18288934375 0.63934426171875 0.165471310546875 0.641393443359375 0.160348361328125 0.64856557421875 0.155737705078125 0.64600409765625 0.146516392578125 0.616290984375 0.1362704921875 0.610143443359375 0.1362704921875 0.59067623046875 0.15522541015625 0.566598361328125 0.18647541015625 0.55891393359375 0.194672130859375 0.527151638671875 0.21311475390625 0.49231557421875 0.21772541015625 0.48975409765625 0.227971310546875 0.493852458984375 0.232581966796875 0.4800204921875 0.24436475390625 0.47643442578125 0.24692623046875 0.46875 0.24538934375 0.46106557421875 0.2341188515625 0.4620901640625 0.213627048828125 0.4754098359375 0.19518442578125 0.479508197265625 0.1875 0.474897541015625 0.183401638671875 0.461577869140625 0.17981557421875 0.46106557421875 0.180327869140625 0.4707991796875 0.173668033203125 0.478483607421875 0.150102458984375 0.478483607421875 0.142418033203125 0.499487705078125 0.1270491796875 0.50768442578125 0.13524590234375 0.525102458984375 0.134221310546875 0.539446720703125 0.116290984375 0.593237705078125 0.017930328125 0.605532787109375 0.0112704921875 0.5917008203125 0.00768442578125 0.591188525390625 0 0.599230365234375 0 1 1 1 1 0.58745037109375
0 1 0.1763180078125 0.824282787109375 0.174180328125 0.7566598359375 0.17520491796875 0.74231557421875 0.180327869140625 0.663422130859375 0.179303279296875 0.656762294921875 0.19211065625 0.651127048828125 0.194672130859375 0.635758197265625 0.1875 0.63063524609375 0.192622951171875 0.623463115234375 0.192622951171875 0.61731557421875 0.180327869140625 0.598872951171875 0.180327869140625 0.589651638671875 0.18647541015625 0.575307376953125 0.171106556640625 0.5425204921875 0.158811474609375 0.52100409765625 0.157786884765625 0.51024590234375 0.161372951171875 0.513319671875 0.188012294921875 0.51229508203125 0.197233607421875 0.50768442578125 0.200819671875 0.504098361328125 0.188012294921875 0.506147541015625 0.161372951171875 0.49641393359375 0.156762294921875 0.37141393359375 0.157786884765625 0.37602458984375 0.169569671875 0.36936475390625 0.174180328125 0.36270491796875 0.17059426171875 0.365778689453125 0.161372951171875 0.361168033203125 0.157786884765625 0.264856556640625 0.157786884765625 0.271516392578125 0.161372951171875 0.2699795078125 0.16393442578125 0.25768442578125 0.158811474609375 0.169569671875 0.158811474609375 0.162397541015625 0.1629098359375 0.15932376953125 0.158811474609375 0.09272541015625 0.1629098359375 0.047643443359375 0.15983606640625 0 0.1614241796875 0 0.20371525390625 0.0332991796875 0.200819671875 0.02561475390625 0.19211065625 0.02817623046875 0.182377048828125 0.039446720703125 0.178278689453125 0.08145491796875 0.180327869140625 0.0957991796875 0.16393442578125 0.11936475390625 0.1721311484375 0.1408811484375 0.168032787109375 0.152151638671875 0.17315573828125 0.163422130859375 0.1721311484375 0.17059426171875 0.181352458984375 0.179303279296875 0.184938525390625 0.178278689453125 0.19518442578125 0.182377048828125 0.2033811484375 0.072233607421875 0.216188525390625 0 0.219628220703125 0 0.322233607421875 0.017930328125 0.3145491796875 0.061987705078125 0.3104508203125 0.114241802734375 0.3125 0.287397541015625 0.3012295078125 0.425717212890625 0.30020491796875 0.472848361328125 0.295081966796875 0.548668033203125 0.2971311484375 0.78432376953125 0.28688524609375 0.924692623046875 0.28586065625 0.949282787109375 0.280737705078125 1 0.280737705078125 1 0.1763180078125