1 0.751953125 0.720703125 0.2109375 0.1953125
1 0.3408203125 0.775390625 0.275390625 0.21484375
1 0.2255859375 0.4150390625 0.10546875 0.087890625
1 0.419921875 0.4931640625 0.173828125 0.115234375
1 0.326171875 0.423828125 0.12109375 0.0859375
1 0.2578125 0.568359375 0.150390625 0.123046875
1 0.064453125 0.1376953125 0.029296875 0.033203125
1 0.48046875 0.7333984375 0.365234375 0.27734375
1 0.92578125 0.3330078125 0.0625 0.05078125
1 0.55078125 0.591796875 0.126953125 0.1015625
1 0.6220703125 0.65234375 0.1328125 0.125
1 0.1806640625 0.5625 0.083984375 0.09765625
1 0.673828125 0.4482421875 0.107421875 0.07421875
1 0.95703125 0.40234375 0.052734375 0.041015625
1 0.416015625 0.2841796875 0.072265625 0.044921875
1 0.48828125 0.2421875 0.037109375 0.03515625
1 0.435546875 0.2265625 0.04296875 0.037109375
1 0.1669921875 0.234375 0.0546875 0.0390625
0 0.927040341796875 1 0.99632685546875 0.562542173828125 0.98060043359375 0.54974278515625 0.9538302265625 0.539415833984375 0.94204796875 0.55936133203125 0.93131376953125 0.56628440234375 0.911520416015625 0.563149443359375 0.896939716796875 0.5527241328125 0.893612642578125 0.538501505859375 0.87918869140625 0.527086529296875 0.880756169921875 0.517189853515625 0.89550282421875 0.507351564453125 0.89326377734375 0.505475193359375 0.866023328125 0.498117248046875 0.833256724609375 0.500028986328125 0.78966216796875 0.487037322265625 0.74200137109375 0.480503087890625 0.735127482421875 0.475863640625 0.737429521484375 0.454923873046875 0.734514302734375 0.45091141796875 0.72654317578125 0.45319964453125 0.726063724609375 0.475442576171875 0.714183109375 0.483198564453125 0.6942330078125 0.4810532734375 0.67569363671875 0.470000974609375 0.655067365234375 0.465719599609375 0.652205927734375 0.45816493359375 0.6275718046875 0.4471618125 0.624813333984375 0.442159689453125 0.63102486328125 0.41575216015625 0.65384100390625 0.415815150390625 0.655148771484375 0.404355599609375 0.646452296875 0.398412990234375 0.6030636640625 0.390526412109375 0.595356857421875 0.384740548828125 0.595003388671875 0.36135119921875 0.591774673828125 0.359318080078125 0.583960296875 0.360616640625 0.577856333984375 0.37993975 0.5710808046875 0.3874898125 0.529563943359375 0.387001150390625 0.4896053515625 0.395889744140625 0.44788255859375 0.390295998046875 0.4313809140625 0.366378017578125 0.42663850390625 0.37069936328125 0.407472140625 0.363605734375 0.39783057421875 0.37323809375 0.382828810546875 0.371876541015625 0.37200545703125 0.347336173828125 0.374253712890625 0.329938615234375 0.360398365234375 0.32774414453125 0.354352791015625 0.333888078125 0.34268270703125 0.337112189453125 0.32981702734375 0.33507446484375 0.319871169921875 0.327412232421875 0.3121597578125 0.331263333984375 0.29319932421875 0.329274791015625 0.291842375 0.33463958984375 0.30105827734375 0.343707951171875 0.34226164453125 0.3461759453125 0.350487876953125 0.355087560546875 0.324026560546875 0.352418240234375 0.320587314453125 0.354917 0.313659640625 0.353819763671875 0.314286630859375 0.34986109375 0.2975114609375 0.353291130859375 0.293185509765625 0.358185685546875 0.304841783203125 0.383872470703125 0.324164892578125 0.389976431640625 0.334796130859375 0.380500818359375 0.34828880078125 0.37857987109375 0.37933117578125 0.3875544765625 0.385891568359375 0.3941732578125 0.3882289765625 0.408239138671875 0.406871310546875 0.421843982421875 0.407959337890625 0.43419023828125 0.403319890625 0.44106412890625 0.3833697890625 0.438918837890625 0.381282884765625 0.44568976171875 0.44353358984375 0.443375376953125 0.46733479296875 0.45323208203125 0.4839440078125 0.470065640625 0.504046251953125 0.480858228515625 0.50496832421875 0.51346808203125 0.522513421875 0.534000599609375 0.528505212890625 0.531398875 0.536705287109375 0.48603091015625 0.538792189453125 0.479259986328125 0.543324068359375 0.479470517578125 0.545455546875 0.488431310546875 0.538715384765625 0.53098701953125 0.55767121484375 0.542612529296875 0.5665198359375 0.557202435546875 0.578445029296875 0.565178166015625 0.58688179296875 0.569557900390625 0.60095227734375 0.557583529296875 0.62022620703125 0.557592736328125 0.638098611328125 0.5472350234375 0.6757551640625 0.559286201171875 0.71381896875 0.591184515625 0.719228341796875 0.608273181640625 0.71755329296875 0.62525428125 0.720311763671875 0.63025640234375 0.765043529296875 0.661689076171875 0.79905490625 0.67113392578125 0.82936271875 0.691151623046875 0.857602046875 0.67939238671875 0.8853127421875 0.683781330078125 0.90551334765625 0.706763427734375 0.902064892578125 0.728536115234375 0.904505263671875 0.7451545390625 0.898871544921875 0.76150864453125 0.884644314453125 0.774472685546875 0.87953001953125 0.79395254296875 0.866816482421875 0.800562115234375 0.852804388671875 0.799357314453125 0.8383804375 0.7879423359375 0.81942000390625 0.78595379296875 0.790347755859375 0.79656661328125 0.77518924609375 0.796194728515625 0.757630333984375 0.804573107421875 0.74559757421875 0.803681798828125 0.7005031328125 0.768133705078125 0.689460041015625 0.76739914453125 0.682675302734375 0.79422313671875 0.662613029296875 0.808799232421875 0.649120357421875 0.8107201796875 0.61217994921875 0.82617376953125 0.598011107421875 0.8259586328125 0.59524803125 0.830593474609375 0.5689880390625 0.84266620703125 0.54940061328125 0.844636333984375 0.54059196484375 0.855415111328125 0.528818916015625 0.856086677734375 0.531577388671875 0.86108880078125 0.5396514765625 0.8613531171875 0.54204266796875 0.87187678515625 0.527354400390625 0.8685358984375 0.52714847265625 0.863430810546875 0.4697661640625 0.8157915703125 0.464293798828125 0.821519044921875 0.45943921484375 0.84256177734375 0.435315306640625 0.853958337890625 0.4219793828125 0.8548896171875 0.408065646484375 0.865874322265625 0.395719392578125 0.866962349609375 0.376543822265625 0.8791426484375 0.361385310546875 0.878770765625 0.347167287109375 0.872460875 0.342953509765625 0.86063404296875 0.33170448828125 0.854794396484375 0.329832720703125 0.847396478515625 0.291665955078125 0.812945623046875 0.277922779296875 0.794029763671875 0.27511512890625 0.78293288671875 0.263709359375 0.778082908203125 0.26168084375 0.771674658203125 0.236634865234375 0.750461365234375 0.22986854296875 0.73873749609375 0.229152400390625 0.71123273046875 0.2235324921875 0.69867594140625 0.203739138671875 0.695540982421875 0.189055478515625 0.682563130859375 0.187653953125 0.672196208984375 0.183019111328125 0.669433134765625 0.17495423046875 0.649894888671875 0.171994435546875 0.63015071484375 0.17455158203125 0.620410787109375 0.186951623046875 0.615780546875 0.19372715234375 0.608230486328125 0.17669226953125 0.610097650390625 0.162165353515625 0.596130130859375 0.14604480078125 0.537779708984375 0.149331904296875 0.52663365234375 0.187154412109375 0.51842123046875 0.199187171875 0.5193125390625 0.2167860546875 0.536302845703125 0.236843724609375 0.531363716796875 0.242889296875 0.52521978125 0.2628393984375 0.52736507421875 0.2948806484375 0.517222498046875 0.3057669921875 0.5189467265625 0.33351766015625 0.5487043515625 0.344247255859375 0.551418248046875 0.3436248671875 0.545739953125 0.3493031640625 0.54511756640625 0.352796193359375 0.539076595703125 0.32952362109375 0.5130717109375 0.326201150390625 0.489212119140625 0.315785048828125 0.484518888671875 0.324589095703125 0.483377078125 0.325632546875 0.47999161328125 0.30130731640625 0.476646123046875 0.3039090390625 0.4826379140625 0.2972902578125 0.489198306640625 0.28229309765625 0.478199791015625 0.281773673828125 0.4750740390625 0.293914001953125 0.46888092578125 0.280170826171875 0.44996506640625 0.2664722265625 0.446780927734375 0.201144951171875 0.4557094921875 0.183859564453125 0.436739849609375 0.17484959375 0.432776576171875 0.172664330078125 0.427357994140625 0.177783228515625 0.398241169921875 0.20643441015625 0.396692107421875 0.23206741015625 0.388578046875 0.239671255859375 0.3918113671875 0.244830126953125 0.3880632265625 0.230572130859375 0.356384654296875 0.230890232421875 0.344768353515625 0.189637685546875 0.336205603515625 0.1797901875 0.340732876953125 0.147964076171875 0.336706609375 0.141927708984375 0.323576615234375 0.1056726796875 0.321892359375 0.10186615234375 0.329912666015625 0.100808888671875 0.362209021484375 0.078816458984375 0.382566375 0.0748577890625 0.3819393828125 0.05658733984375 0.35317602734375 0.05102121875 0.337077029296875 0.0685893359375 0.30942472265625 0.0663641015625 0.27863745703125 0.069337708984375 0.269470736328125 0.09632305078125 0.26562883984375 0.112059375 0.25594730078125 0.14069674609375 0.2833091328125 0.151103638671875 0.30727629296875 0.1483405625 0.311911134765625 0.15229462890625 0.322175091796875 0.15860451953125 0.307957068359375 0.161465955078125 0.315511732421875 0.1931353203125 0.32052766796875 0.20069458984375 0.30802926953125 0.219399916015625 0.29881797265625 0.221437638671875 0.285952291015625 0.237384494140625 0.271738873046875 0.250250173828125 0.273776595703125 0.252121939453125 0.281174513671875 0.26587432421875 0.280816443359375 0.268274724609375 0.272066181640625 0.262502673828125 0.250862095703125 0.25157175390625 0.2334061484375 0.23292481640625 0.22943826953125 0.202491017578125 0.25505285546875 0.194416927734375 0.2547885390625 0.18811624609375 0.2497326328125 0.18056158203125 0.25259406640625 0.175030826171875 0.271500716796875 0.177099314453125 0.303277650390625 0.173606283203125 0.30931862109375 0.167045888671875 0.30269983984375 0.168788533203125 0.253265634765625 0.15472265234375 0.255603041015625 0.143003390625 0.2527323984375 0.136442994140625 0.2461136171875 0.134419083984375 0.230068400390625 0.11973081640625 0.226727513671875 0.111191087890625 0.219795236328125 0.114684119140625 0.213754265625 0.13849453125 0.20433704296875 0.15750414453125 0.21242033984375 0.17109978125 0.213051935546875 0.173294251953125 0.199196587890625 0.161315275390625 0.194763068359375 0.1509575625 0.176890662109375 0.145436017578125 0.1765233828125 0.1400082265625 0.19798257421875 0.12839192578125 0.197664474609375 0.1291710625 0.202353103515625 0.125158607421875 0.205268322265625 0.078173982421875 0.200870169921875 0.071241705078125 0.209409900390625 0.059258125 0.214613345703125 0.058837060546875 0.2236771015625 0.050238943359375 0.229924 0.041175185546875 0.2295029375 0.03725070703125 0.225457443359375 0 0.460649150390625 0 0.927040341796875 0.460649150390625 1 0.927040341796875 1
0 0.073781900390625 0.126116462890625 0.06576159765625 0.122309935546875 0.058166958984375 0.0998026875 0.05942094140625 0.091885345703125 0.058451720703125 0.091599509765625 0.052932033203125 0.1264494375 0.063414982421875 0.127517984375 0.0670109765625 0.12402955859375 0.071229357421875 0.12621942578125 0.07216063671875 0.139555349609375 0.07757921875 0.137370087890625 0.073781900390625 0.126116462890625
0 0.119678498046875 0.118168357421875 0.11015370703125 0.1014423671875 0.10322603125 0.100345130859375 0.096450501953125 0.107895193359375 0.093158794921875 0.128678212890625 0.098837087890625 0.128055826171875 0.100968568359375 0.13701662109375 0.08893580859375 0.1361253125 0.0880936796875 0.154252826171875 0.070857474609375 0.1413779375 0.073508376953125 0.153464482421875 0.0818421796875 0.155291673828125 0.09106268359375 0.1547230703125 0.094506533203125 0.142587345703125 0.10627958203125 0.14191577734375 0.107170890625 0.129883017578125 0.11446584375 0.12545870703125 0.13815948046875 0.1423998359375 0.15472872265625 0.133864708984375 0.1663450234375 0.13418280859375 0.164424076171875 0.12069013671875 0.146350345703125 0.116305798828125 0.141607935546875 0.12062714453125 0.119678498046875 0.118168357421875
0 0.329002525390625 0.29538019140625 0.272430115234375 0.297072189453125 0.2710193828125 0.30597919921875 0.2759631171875 0.31639990234375 0.299661357421875 0.32370406640625 0.323570130859375 0.326476349609375 0.32456900390625 0.30735916796875 0.330614580078125 0.301215232421875 0.329002525390625 0.29538019140625