1 0.1884765625 0.5927734375 0.125 0.185546875
1 0.15625 0.3857421875 0.09375 0.1328125
1 0.0712890625 0.6181640625 0.111328125 0.16015625
1 0.3486328125 0.060546875 0.095703125 0.12109375
1 0.337890625 0.2724609375 0.09375 0.154296875
1 0.2490234375 0.4404296875 0.107421875 0.125
1 0.9677734375 0.5166015625 0.064453125 0.154296875
1 0.37109375 0.44921875 0.115234375 0.154296875
1 0.0458984375 0.228515625 0.048828125 0.130859375
1 0.41015625 0.27734375 0.080078125 0.13671875
1 0.859375 0.474609375 0.12109375 0.140625
1 0.9736328125 0.3056640625 0.052734375 0.166015625
1 0.17578125 0.234375 0.0859375 0.125
1 0.1435546875 0.1015625 0.064453125 0.12109375
1 0.505859375 0.3212890625 0.107421875 0.11328125
1 0.8720703125 0.3671875 0.09765625 0.091796875
1 0.978515625 0.0927734375 0.04296875 0.080078125
0 1 0.378600580078125 0.96129590625 0.360449748046875 0.963589513671875 0.28243727734375 0.955305802734375 0.186739099609375 0.936353515625 0.133429833984375 0.94932126953125 0.116814158203125 0.97418792578125 0.107121916015625 0.949852916015625 0.053151736328125 0.944092482421875 0.050772787109375 0.92284264453125 0.048163634765625 0.928198767578125 0.0960127265625 0.915956349609375 0.136387806640625 0.854259779296875 0.119708462890625 0.833951109375 0.037249126953125 0.80191115625 0.033315115234375 0.803860162109375 0.0406885078125 0.822339736328125 0.08301487109375 0.798606533203125 0.09830871484375 0.7825231171875 0.125466556640625 0.77182228515625 0.15328533203125 0.758634275390625 0.17169483203125 0.751742078125 0.1981604453125 0.775980255859375 0.208419609375 0.791091533203125 0.248511705078125 0.822726865234375 0.257858396484375 0.833336541015625 0.290114568359375 0.823076203125 0.314345796875 0.80878697265625 0.341724005859375 0.784108318359375 0.335052251953125 0.775072595703125 0.30481009765625 0.783791220703125 0.293135125 0.7734341640625 0.273655525390625 0.73893565234375 0.2876275546875 0.727321611328125 0.30805097265625 0.743029150390625 0.313621212890625 0.756722255859375 0.320764876953125 0.758580923828125 0.350125794921875 0.771017033203125 0.397172544921875 0.801518900390625 0.400917703125 0.80381806640625 0.426691044921875 0.82260902734375 0.40714884375 0.836108427734375 0.326870744140625 0.904288947265625 0.335242259765625 0.910461361328125 0.388803046875 0.919749572265625 0.431821685546875 0.927431453125 0.45825601171875 0.94896220703125 0.46089965625 0.9477963671875 0.44072783203125 1 0.4578131484375 1 0.378600580078125
0 0.366699677734375 0.5751275546875 0.326754109375 0.559298064453125 0.301414712890625 0.558007609375 0.283063962890625 0.573962333984375 0.289392138671875 0.596588849609375 0.284294548828125 0.62327481640625 0.2612220859375 0.633187359375 0.270257806640625 0.66342951171875 0.2638384765625 0.700877908203125 0.25250885546875 0.74864833203125 0.259213333984375 0.738546677734375 0.27822441796875 0.717210599609375 0.291068779296875 0.746099560546875 0.310805201171875 0.748522888671875 0.315274703125 0.74178855078125 0.29679512109375 0.699462255859375 0.317568302734375 0.663776150390625 0.33110563671875 0.701854154296875 0.34599668359375 0.74373990234375 0.369224779296875 0.702893 0.371265896484375 0.61210404296875 0.381664486328125 0.5679111328125 0.366699677734375 0.5751275546875
0 0.941194728515625 0.5983260546875 0.9453849296875 0.6680306796875 0.932986751953125 0.73934003515625 0.9715773359375 0.762065337890625 0.992640171875 0.5905223046875 0.941194728515625 0.5983260546875
0 0.917209037109375 0.60084341015625 0.886363517578125 0.644396748046875 0.8576237578125 0.6263014921875 0.836060765625 0.609087572265625 0.83411080859375 0.639801546875 0.859514810546875 0.670232638671875 0.8774570390625 0.672435666015625 0.91016121484375 0.6582433203125 0.9158648984375 0.6130063359375 0.917209037109375 0.60084341015625
0 0.594501439453125 0.573965384765625 0.59925566015625 0.59457787890625 0.6145871875 0.63287618359375 0.629037744140625 0.678349443359375 0.63102563671875 0.76599157421875 0.638105689453125 0.723162009765625 0.658911111328125 0.702046177734375 0.66353625390625 0.6643774140625 0.639233611328125 0.62497759375 0.643450478515625 0.6054668203125 0.66586209375 0.6009352890625 0.68783333203125 0.599991490234375 0.657816978515625 0.563103052734375 0.594501439453125 0.573965384765625
0 0 0.928785802734375 0.007845265625 0.9316398984375 0.11978012890625 0.954487728515625 0.57632923046875 0.974129080078125 0.94290650390625 0.995570529296875 0.95550844140625 0.892935970703125 0.904317021484375 0.8541712109375 0.870635005859375 0.831827732421875 0.870350283203125 0.80448090234375 0.893358146484375 0.76542765234375 0.8860521328125 0.706265314453125 0.864521513671875 0.703621685546875 0.83958709765625 0.733450861328125 0.81592179296875 0.728607791015625 0.8024489296875 0.71967040625 0.805972849609375 0.690970384765625 0.80348568359375 0.68156104296875 0.78198716015625 0.6934877421875 0.77446658984375 0.7399050234375 0.758979306640625 0.732540923828125 0.727596599609375 0.735970734375 0.7221493828125 0.706169404296875 0.70467990234375 0.71494900390625 0.667276322265625 0.709042103515625 0.698668814453125 0.73423968359375 0.680855673828125 0.79031784765625 0.7171482421875 0.776566099609375 0.7392485859375 0.83390335546875 0.71425851953125 0.88910037109375 0.7031494375 0.9350768984375 0.58926475390625 0.942943060546875 0.44396497265625 0.939668876953125 0.30445602734375 0.918897806640625 0.2891889765625 0.9097400546875 0.29073069921875 0.89718373046875 0.296962158203125 0.8760994140625 0.306309154296875 0.844472779296875 0.33986206640625 0.808535201171875 0.316505021484375 0.791100931640625 0.289844154296875 0.800573009765625 0.286288009765625 0.8147026171875 0.26601980859375 0.875941697265625 0.2515100546875 0.9051136640625 0.215658123046875 0.91527784765625 0.2039473515625 0.89199050390625 0.176846 0.90505002734375 0.141654380859375 0.909833 0.134665474609375 0.892587716796875 0.127171603515625 0.84978932421875 0.092549697265625 0.909265994140625 0.114799953125 0.831883265625 0.043627306640625 0.788549298828125 0.019829763671875 0.77470260546875 0 0.7642256796875 0 0.84443346484375 0.00541701171875 0.847585365234375 0.006582712890625 0.867757173828125 0 0.870095865234375 0 0.928785802734375