1 0.7138671875 0.841796875 0.216796875 0.2685546875
1 0.423828125 0.6728515625 0.1640625 0.2001953125
1 0.275390625 0.5703125 0.2705078125 0.2470703125
1 0.7080078125 0.125 0.119140625 0.130859375
1 0.93359375 0.6748046875 0.1328125 0.228515625
1 0.650390625 0.333984375 0.142578125 0.140625
1 0.8603515625 0.4521484375 0.1142578125 0.140625
1 0.5419921875 0.298828125 0.1142578125 0.1328125
1 0.048828125 0.421875 0.087890625 0.1591796875
1 0.8359375 0.6142578125 0.115234375 0.1826171875
1 0.611328125 0.47265625 0.1220703125 0.1279296875
1 0.3603515625 0.130859375 0.087890625 0.1298828125
1 0.50390625 0.0830078125 0.130859375 0.1298828125
1 0.4755859375 0.4365234375 0.076171875 0.123046875
1 0.130859375 0.4873046875 0.1279296875 0.146484375
1 0.87890625 0.044921875 0.0859375 0.0888671875
1 0.740234375 0.4248046875 0.0966796875 0.0966796875
1 0.251953125 0.283203125 0.1328125 0.119140625
1 0.896484375 0.193359375 0.1533203125 0.1328125
1 0.96875 0.337890625 0.0625 0.076171875
0 0.16875 1 0.071875 0.9015625 0.0515625 0.875 0.040625 0.8453125 0.025 0.84375 0 0.821875 0 1 0.16875 1
0 0.4296875 0.1984375 0.384375 0.2109375 0.3609375 0.2046875 0.315625 0.175 0.2546875 0.1625 0.1734375 0.1875 0.1515625 0.1796875 0.0984375 0.1421875 0.0875 0.140625 0.078125 0.1484375 0.0640625 0.1453125 0.040625 0.11875 0.0234375 0.1359375 0.0203125 0.171875 0.0375 0.190625 0.0890625 0.2109375 0.0984375 0.25 0.0828125 0.2765625 0.084375 0.30625 0.090625 0.3171875 0.1171875 0.3234375 0.128125 0.3171875 0.1234375 0.2796875 0.1328125 0.25625 0.1421875 0.2484375 0.209375 0.2359375 0.2703125 0.2328125 0.35 0.259375 0.38125 0.2609375 0.434375 0.225 0.4703125 0.2140625 0.48125 0.203125 0.5296875 0.18125 0.5484375 0.1625 0.578125 0.146875 0.6234375 0.1421875 0.6359375 0.1140625 0.6296875 0.1015625 0.53125 0.134375 0.45 0.171875 0.4296875 0.1984375
0 0.7421875 1 0.7421875 0.9859375 0.73125 0.9703125 0.6203125 0.903125 0.60625 0.903125 0.5875 0.91875 0.5875 0.959375 0.5828125 0.965625 0.5453125 0.95625 0.5203125 0.9328125 0.496875 0.9234375 0.4875 0.9125 0.4984375 0.8875 0.49375 0.83125 0.475 0.80625 0.45625 0.7921875 0.4375 0.7875 0.4140625 0.8046875 0.403125 0.828125 0.3921875 0.834375 0.3578125 0.8015625 0.2859375 0.7515625 0.2859375 0.734375 0.30625 0.70625 0.3046875 0.690625 0.290625 0.6875 0.2671875 0.696875 0.2421875 0.696875 0.2296875 0.65625 0.15 0.609375 0.1296875 0.571875 0.0765625 0.5359375 0.05 0.4953125 0 0.46875 0 0.7796875 0.021875 0.7921875 0.05 0.828125 0.0640625 0.83125 0.1234375 0.86875 0.190625 0.9203125 0.2765625 1 0.3109375 1 0.3140625 0.9953125 0.334375 1 0.7421875 1
0 1 0.58075448046875 0.94895294921875 0.564692787109375 0.956093244140625 0.529000201171875 0.91503587109375 0.49687688671875 0.87397849609375 0.5147231796875 0.920391228515625 0.550415767578125 0.916821080078125 0.58075448046875 1 0.62767857421875 1 0.58075448046875
0 0.72045985546875 0.45761502734375 0.72760028515625 0.48616913671875 0.7561620078125 0.49152301171875 0.78472345703125 0.523646326171875 0.777583162109375 0.54149262109375 0.78650866796875 0.5539850390625 0.82042547265625 0.5147231796875 0.788293876953125 0.49866148828125 0.76508751171875 0.4754613203125 0.74009607421875 0.45583042578125 0.72045985546875 0.45761502734375
0 0.54016469921875 0.37016823046875 0.547305130859375 0.389799126953125 0.58526781640625 0.4066964296875 0.62763466796875 0.407645419921875 0.59193265234375 0.37909137890625 0.54016469921875 0.37016823046875
0 0.499107462890625 0.34518339453125 0.45805008984375 0.307706205078125 0.39378648828125 0.25952119921875 0.408067212890625 0.29164451171875 0.42948850390625 0.33447564453125 0.48304152734375 0.361245083984375 0.499107462890625 0.34518339453125
0 0.20278062109375 0.388014525390625 0.211706123046875 0.37552210546875 0.165293529296875 0.348752666015625 0.103124958984375 0.382142859375 0.118880935546875 0.404076146484375 0.17778931640625 0.37552210546875 0.20278062109375 0.388014525390625
0 0.9959821015625 0.76830357421875 0.9757294609375 0.79491 0.9775143984375 0.866295173828125 1 0.878787525390625 0.9959821015625 0.76830357421875
0 0.841846900390625 0.77706370703125 0.807929822265625 0.73244797265625 0.78472345703125 0.723524826171875 0.76508751171875 0.74672512890625 0.78650866796875 0.77884830859375 0.82221068359375 0.818110236328125 0.841846900390625 0.77706370703125
0 0.21349133203125 0.03465789453125 0.204565830078125 0.03108869140625 0.176004107421875 0.041796404296875 0.129591513671875 0.03465789453125 0.11709586328125 0.01859623828125 0.109955431640625 0.05071955078125 0.17778931640625 0.088196775390625 0.22777205859375 0.06678127734375 0.21349133203125 0.03465789453125