1 0.3125 0.43359375 0.09375 0.09765625
1 0.900390625 0.361328125 0.095703125 0.078125
1 0.5703125 0.513671875 0.109375 0.099609375
1 0.95703125 0.509765625 0.0859375 0.08984375
1 0.212890625 0.5478515625 0.18359375 0.126953125
1 0.47265625 0.515625 0.109375 0.083984375
1 0.7890625 0.5126953125 0.142578125 0.08984375
1 0.93359375 0.6162109375 0.125 0.1328125
1 0.7255859375 0.39453125 0.134765625 0.09375
1 0.5703125 0.3896484375 0.09375 0.142578125
1 0.4091796875 0.43359375 0.0703125 0.0625
1 0.357421875 0.533203125 0.12890625 0.09765625
1 0.6416015625 0.3349609375 0.080078125 0.091796875
1 0.357421875 0.2978515625 0.052734375 0.041015625
1 0.306640625 0.2958984375 0.041015625 0.0390625
1 0.2607421875 0.27734375 0.046875 0.0390625
1 0.2216796875 0.443359375 0.09375 0.076171875
1 0.7919921875 0.330078125 0.119140625 0.0625
1 0.5205078125 0.265625 0.0390625 0.03515625
1 0.314453125 0.2529296875 0.04296875 0.04296875
1 0.1787109375 0.2255859375 0.048828125 0.03515625
1 0.1923828125 0.193359375 0.046875 0.03125
1 0.4697265625 0.20703125 0.037109375 0.0234375
1 0.8984375 0.4375 0.11328125 0.060546875
1 0.6611328125 0.498046875 0.08984375 0.072265625
1 0.443359375 0.3369140625 0.12890625 0.103515625
1 0.5810546875 0.267578125 0.044921875 0.03125
1 0.21484375 0.2822265625 0.0390625 0.033203125
1 0.16015625 0.2783203125 0.0390625 0.03125
1 0.041015625 0.1884765625 0.0234375 0.029296875
1 0.064453125 0.3232421875 0.08203125 0.0625
1 0.1162109375 0.2548828125 0.080078125 0.048828125
1 0.09375 0.1943359375 0.046875 0.029296875
1 0.2890625 0.2021484375 0.04296875 0.02734375
0 0.9502020234375 1 0.96211490625 0.886656482421875 0.953171796875 0.896057986328125 0.947628751953125 0.93365924609375 0.94034194921875 0.942439337890625 0.89851603515625 0.93167928125 0.8561986953125 0.955869443359375 0.833506576171875 0.959848380859375 0.818762828125 0.948752787109375 0.79706306640625 0.9432900625 0.801032501953125 0.905523408203125 0.796226595703125 0.89069933984375 0.761356697265625 0.874306412109375 0.716544205078125 0.8314125703125 0.715050916015625 0.815345677734375 0.73674592578125 0.790579015625 0.73434059765625 0.7680522890625 0.7302059140625 0.76367978515625 0.737191798828125 0.722777583984375 0.702558255859375 0.70641721875 0.695307361328125 0.609623302734375 0.715097974609375 0.587838466796875 0.71343929296875 0.573345185546875 0.704659201171875 0.5660583828125 0.6584432421875 0.55165492578125 0.590943380859375 0.54296941015625 0.543654740234375 0.553909115234375 0.47466633984375 0.559386095703125 0.471273404296875 0.57653041796875 0.4817121796875 0.598310501953125 0.470781978515625 0.611480638671875 0.4012973984375 0.62167844921875 0.37926684765625 0.6193629453125 0.37214544140625 0.62656942578125 0.372069873046875 0.6727003125 0.411991388671875 0.68644219921875 0.42922078515625 0.704163021484375 0.414647181640625 0.721723203125 0.37133273046875 0.725125640625 0.357170234375 0.723637103515625 0.3487209296875 0.71320308203125 0.361626345703125 0.620690841796875 0.35979751953125 0.57754178515625 0.272672435546875 0.5890674921875 0.26944489453125 0.604638205078125 0.262654271484375 0.60869746484375 0.219420140625 0.596198404296875 0.162855232421875 0.604572138671875 0.125083826171875 0.57037331640625 0.11605326953125 0.550332236328125 0.068514166015625 0.5485176640625 0.059899466796875 0.539657251953125 0.06420444140625 0.528972763671875 0.10362502734375 0.51720609375 0.196382978515625 0.512636400390625 0.223049287109375 0.5011201953125 0.2830118828125 0.5058315234375 0.31961603515625 0.490586845703125 0.3195309609375 0.47625895703125 0.277539654296875 0.46707251171875 0.262550193359375 0.473452025390625 0.174843859375 0.47537067578125 0.151986345703125 0.480923224609375 0.064445404296875 0.481268267578125 0.048959763671875 0.492368615234375 0 0.500953439453125 0 0.562541787109375 0.026858396484375 0.566413384765625 0.088148890625 0.58876521484375 0.10363928125 0.6078942578125 0.121454681640625 0.6654515234375 0.110118123046875 0.727899767578125 0.080143953125 0.770888185546875 0.064242453125 0.770807865234375 0.030445234375 0.729071775390625 0 0.716084068359375 0 0.9502020234375 0.47379610546875 1 0.9502020234375 1
0 0.26490325390625 0.163455490234375 0.222415767578125 0.158989875 0.167008611328125 0.1563483359375 0.164773427734375 0.162477384765625 0.246270392578125 0.17422505078125 0.265980685546875 0.168341716796875 0.26490325390625 0.163455490234375
0 0.361309359375 0.184725138671875 0.4097605 0.192999546875 0.683899529296875 0.218630732421875 0.5368071015625 0.195215724609375 0.36056271484375 0.176691693359375 0.361309359375 0.184725138671875
0 1 0.2741281484375 0.9805700390625 0.2720859765625 0.7625848125 0.25712977734375 0.79695853125 0.27824353515625 0.813521603515625 0.2720294140625 0.86702436328125 0.27765278125 0.891540560546875 0.286593513671875 0.932785220703125 0.287746513671875 1 0.301348634765625 1 0.2741281484375
0 0.15379616796875 0.403154734375 0.16638505078125 0.40447787890625 0.216074265625 0.385835513671875 0.2719728515625 0.353526833984375 0.30220223828125 0.35352208203125 0.326964150390625 0.344987705078125 0.374337859375 0.348375888671875 0.373922001953125 0.337195220703125 0.36166390234375 0.33272485546875 0.28878163671875 0.329837603515625 0.2530847734375 0.321312728515625 0.24596336328125 0.328519208984375 0.181941509765625 0.3170172578125 0.168691052734375 0.321988556640625 0.16455147265625 0.33109943359375 0.15924938671875 0.320996197265625 0.10872845703125 0.3172772265625 0.103676837890625 0.31992826953125 0.10120069140625 0.37376181640625 0.10699895703125 0.379144220703125 0.138801953125 0.379304861328125 0.15379616796875 0.403154734375