1 0.5009765625 0.5029296875 0.125 0.14453125
1 0.2548828125 0.8115234375 0.201171875 0.18359375
1 0.4716796875 0.3486328125 0.083984375 0.10546875
1 0.2041015625 0.951171875 0.126953125 0.09765625
1 0.03125 0.572265625 0.0625 0.0703125
1 0.8291015625 0.0400390625 0.07421875 0.05859375
1 0.63671875 0.17578125 0.076171875 0.0546875
0 0 0.552014197265625 0.02618013671875 0.54623328515625 0.0304148671875 0.5391855078125 0.006052294921875 0.520436029296875 0 0.52194503515625 0 0.552014197265625
0 0.717787833984375 0.453403318359375 0.7097375625 0.44171461328125 0.70530406640625 0.444531990234375 0.697659994140625 0.427606060546875 0.693663017578125 0.377243134765625 0.683793533203125 0.37542391796875 0.66908001953125 0.388508314453125 0.68516323046875 0.439281767578125 0.68071240234375 0.46949519140625 0.717787833984375 0.453403318359375
0 1 0.550909810546875 0.903501869140625 0.477290900390625 0.90391673046875 0.458355654296875 0.88680069921875 0.448071306640625 0.87671944921875 0.46256872265625 0.829372666015625 0.47522959375 0.841247140625 0.491956755859375 0.887172236328125 0.497626171875 0.914754048828125 0.522420935546875 0.92038447265625 0.538136939453125 0.916335509765625 0.569962150390625 0.90242572265625 0.58627012109375 0.85329005078125 0.560857396484375 0.8275014609375 0.56728721484375 0.8129997109375 0.5640549765625 0.7982991953125 0.55659233984375 0.790253259765625 0.538054623046875 0.765480158203125 0.531391380859375 0.737673583984375 0.54346028515625 0.698593166015625 0.54464421484375 0.71327201953125 0.58635191015625 0.700170294921875 0.59903444140625 0.673176111328125 0.6006288984375 0.661310302734375 0.570203712890625 0.666759291015625 0.5542932734375 0.685906302734375 0.5383915 0.67828822265625 0.48037150390625 0.619062634765625 0.48315422265625 0.596342177734375 0.41605980078125 0.586671455078125 0.418470982421875 0.578603857421875 0.434178322265625 0.565709560546875 0.437393232421875 0.560481001953125 0.423289013671875 0.530863875 0.4315293828125 0.538093087890625 0.46739055859375 0.553394234375 0.4806953828125 0.54815267578125 0.48713819921875 0.559007326171875 0.52380743359375 0.55879123046875 0.546973080078125 0.442336376953125 0.581144484375 0.43952333203125 0.5698619765625 0.459474068359375 0.557183775390625 0.45344611328125 0.53300697265625 0.442777232421875 0.52111516796875 0.400866439453125 0.538412634765625 0.396238509765625 0.5301506015625 0.3998769453125 0.510411626953125 0.408947037109375 0.502158259765625 0.45085349609375 0.491709806640625 0.4462385625 0.462900740234375 0.456518580078125 0.452633720703125 0.511919962890625 0.444812544921875 0.50950878125 0.43514182421875 0.49560766015625 0.43775176953125 0.480107751953125 0.420216546875 0.47569591796875 0.388788869140625 0.4480967734375 0.391390150390625 0.43380678515625 0.37184127734375 0.43142593359375 0.3142274765625 0.437272451171875 0.306777837890625 0.47192803515625 0.294713263671875 0.462265978515625 0.283426421875 0.4255967421875 0.294281072265625 0.41873906640625 0.30797476171875 0.418747732421875 0.29427673828125 0.39678767578125 0.298896005859375 0.398390798828125 0.3121921640625 0.4161117890625 0.3214696875 0.39434616796875 0.33716836328125 0.38948914453125 0.372619009765625 0.375778125 0.39315737890625 0.387237736328125 0.4288197890625 0.352984015625 0.4424961484375 0.335263025390625 0.433218626953125 0.30504526953125 0.435616810546875 0.2699878203125 0.44606959765625 0.239355203125 0.467403029296875 0.1926133828125 0.47905707421875 0.1720706796875 0.472195064453125 0.14184426171875 0.488291271484375 0.11364015625 0.49189937890625 0.089653453125 0.515855755859375 0.090846046875 0.541238150390625 0.083789603515625 0.550701439453125 0.04510238671875 0.5671951796875 0.011972115234375 0.60940980859375 0.052710052734375 0.772800755859375 0.0584673359375 0.775292794921875 0.065700880859375 0.804304958984375 0.0624327890625 0.81179651953125 0.092581833984375 0.932717734375 0.104902080078125 0.9306336328125 0.168976025390625 0.906098291015625 0.196458720703125 0.76913539453125 0.213795177734375 0.749405083984375 0.257706623046875 0.753864576171875 0.323388021484375 0.7357763828125 0.32904444140625 0.7103983203125 0.355792201171875 0.779912587890625 0.3754271953125 0.947927294921875 0.369355916015625 0.992240603515625 0.364693599609375 1 0.56139228125 1 0.720436232421875 0.960345888671875 0.72694351953125 0.946739560546875 0.74467317578125 0.942319060546875 0.767230611328125 0.948678740234375 0.780527853515625 0.945363365234375 0.79060260546875 0.94113946484375 0.79221330859375 0.942449853515625 1 0.8906428125 1 0.816605703125 0.9199864140625 0.848961060546875 0.915146720703125 0.857015662109375 0.90628405859375 0.85580140625 0.890559388671875 0.875129853515625 0.844625626953125 0.8831584609375 0.8099657109375 0.902072044921875 0.777328107421875 0.90849753125 0.750316595703125 0.937488033203125 0.727751578125 0.943114123046875 0.70015676953125 0.93886639453125 0.711858470703125 0.910269091796875 0.70904542578125 0.89898658203125 0.707400056640625 0.898274384765625 0.71983402734375 0.86789847265625 0.759164900390625 0.90013244140625 0.777816677734375 0.884727552734375 0.85331983203125 0.858081017578125 0.862381919921875 0.8127596640625 0.870461875 0.80138951953125 0.879324537109375 0.802603775390625 0.912744203125 0.83364691796875 0.944578078125 0.823997859375 0.94861404296875 0.81271968359375 0.95788290234375 0.808696716796875 1 0.79560249609375 1 0.698128798828125 0.992002845703125 0.688054787109375 0.97833081640625 0.6469520546875 0.988018869140625 0.617144826171875 1 0.603098029296875 1 0.550909810546875
0 0.180800080078125 1 0.1824189609375 0.990913703125 0.182284169921875 0.912315267578125 0.1635479609375 1 0.180800080078125 1
0 0.7828388046875 0.158131095703125 0.761284947265625 0.15751313671875 0.769538314453125 0.166583228515625 0.7828388046875 0.158131095703125
0 0.769149447265625 0.144424408203125 0.743568287109375 0.141386603515625 0.74698629296875 0.15166228515625 0.769149447265625 0.144424408203125
0 0.2533776328125 0.273020765625 0.247544111328125 0.25992337109375 0.23444671875 0.26575689453125 0.2457205625 0.276641869140625 0.2533776328125 0.273020765625
0 0.776706873046875 0.298330564453125 0.76886403125 0.277174234375 0.762416884765625 0.278781689453125 0.76180758984375 0.28663752734375 0.76944733203125 0.310412466796875 0.776706873046875 0.298330564453125
0 0.748852640625 0.38573859375 0.746441458984375 0.376067873046875 0.735366380859375 0.369413294921875 0.730323591796875 0.3800865078125 0.739579451171875 0.396610572265625 0.748852640625 0.38573859375
0 0.857715412109375 0.252453125 0.854098638671875 0.23794704296875 0.8450372109375 0.23250238671875 0.840396283203125 0.244787388671875 0.847232296875 0.265338755859375 0.857715412109375 0.252453125
0 0.853333904296875 0.1730823671875 0.843887943359375 0.13862987890625 0.84145509765625 0.16320421484375 0.8251341328125 0.169841462890625 0.847690484375 0.17791339453125 0.853333904296875 0.1730823671875
0 0.39188299609375 0.40968577734375 0.388076123046875 0.377251271484375 0.379204796875 0.3897350390625 0.364495615234375 0.39597042578125 0.377385580078125 0.399604525390625 0.382614138671875 0.413708744140625 0.39188299609375 0.40968577734375
0 0.41255133984375 0.21792645703125 0.407525876953125 0.201203626953125 0.384757763671875 0.209448330078125 0.40368001171875 0.230410224609375 0.41255133984375 0.21792645703125
0 0.464007212890625 0.396839138671875 0.47750646875 0.392617404296875 0.47972755078125 0.384359703125 0.4440738046875 0.38212129296875 0.4486930703125 0.40408134765625 0.46440041015625 0.41214894921875 0.464007212890625 0.396839138671875
0 0.703057517578125 0.17459883984375 0.697824626953125 0.1673436328125 0.705079833984375 0.162110740234375 0.698840115234375 0.1542505703125 0.671236640625 0.163700865234375 0.670821779296875 0.18263611328125 0.687739044921875 0.188690060546875 0.703057517578125 0.17459883984375
0 0.36398596875 0.246299 0.36741697265625 0.236027650390625 0.36158778515625 0.21608124609375 0.29206918359375 0.249678015625 0.30314426171875 0.25633259375 0.316042888671875 0.246268673828125 0.35371028515625 0.2497170078125 0.36398596875 0.246299
0 0.826897025390625 0.24900912109375 0.834147900390625 0.2506252421875 0.8331497421875 0.2363222578125 0.81179898046875 0.2330856875 0.81140144921875 0.224624888671875 0.797707759765625 0.217767212890625 0.7965065 0.20608283984375 0.78180165234375 0.20546921484375 0.78238928515625 0.23185843359375 0.800914001953125 0.244359529296875 0.812183513671875 0.262093517578125 0.826897025390625 0.24900912109375
0 0.840521396484375 0.365450978515625 0.860277701171875 0.341693369140625 0.890499791015625 0.332446173828125 0.892720869140625 0.324188474609375 0.872778798828125 0.323168650390625 0.822402875 0.34771266015625 0.807901125 0.34448041796875 0.788754115234375 0.3603821953125 0.797811208984375 0.372675859375 0.83024571484375 0.368868986328125 0.840521396484375 0.365450978515625
0 0.715087431640625 0.264046515625 0.69919865625 0.224352470703125 0.6466146484375 0.23660714453125 0.6552568828125 0.26783605859375 0.707028498046875 0.26605583203125 0.715087431640625 0.264046515625
0 0.91490135546875 0.28955455078125 0.932220482421875 0.297220287109375 0.941878205078125 0.315356138671875 0.971870908203125 0.325788091796875 0.958709126953125 0.2729990703125 0.954193533203125 0.272053986328125 0.95398176953125 0.288370623046875 0.945317873046875 0.291386765625 0.938879392578125 0.279296197265625 0.9167205703125 0.279685064453125 0.91490135546875 0.28955455078125
0 0.504410197265625 0.215567265625 0.521941087890625 0.2069163671875 0.518523080078125 0.19664068359375 0.52961115625 0.182748228515625 0.54914703125 0.189005275390625 0.54934146484375 0.200084685546875 0.52697521484375 0.20994117578125 0.5400682734375 0.210956666015625 0.57553191796875 0.195266654296875 0.5767505078125 0.17955498046875 0.597695072265625 0.18802877734375 0.597098775390625 0.175337580078125 0.60999740234375 0.165273658203125 0.581192669921875 0.163039580078125 0.4732029453125 0.189964443359375 0.48264457421875 0.23126594140625 0.5039953359375 0.234502513671875 0.504410197265625 0.215567265625
0 0.6316200546875 0.375592357421875 0.613518861328125 0.330457990234375 0.56618074609375 0.329420837890625 0.55913730078125 0.31833709375 0.56297016796875 0.309677529296875 0.60648408203125 0.305676224609375 0.6171659609375 0.297020994140625 0.616379564453125 0.266401375 0.60571934765625 0.240811548828125 0.550914259765625 0.261323921875 0.54647209765625 0.277839322265625 0.537000140625 0.284480904296875 0.5377865390625 0.3151005234375 0.540599583984375 0.326383033203125 0.552076525390625 0.3346493984375 0.591952005859375 0.350387064453125 0.605853125 0.3477771171875 0.598999783203125 0.354621796875 0.623962982421875 0.3792134609375 0.6316200546875 0.375592357421875
0 0.44306698046875 0.38151633203125 0.433417919921875 0.34968245703125 0.443097306640625 0.333573251953125 0.438478041015625 0.311613197265625 0.474343548828125 0.297534974609375 0.494484388671875 0.3027851953125 0.503139619140625 0.31346707421875 0.50352415234375 0.34247490625 0.516617212890625 0.343490396484375 0.529917705078125 0.335038263671875 0.5269102265625 0.31267634375 0.512201044921875 0.31891173046875 0.50515326953125 0.314676998046875 0.518051896484375 0.304613076171875 0.515658046875 0.267546310546875 0.481209890625 0.27014326171875 0.38933803515625 0.29304948828125 0.3907337265625 0.31581326953125 0.412486353515625 0.320661626953125 0.393745537109375 0.33132617578125 0.386274234375 0.35972471484375 0.40057288671875 0.365575564453125 0.40380079296875 0.357922826171875 0.41669508984375 0.35470791796875 0.42654724609375 0.3839231796875 0.4333962578125 0.383927513671875 0.44306698046875 0.38151633203125