1 0.7958984375 0.380859375 0.0654296875 0.099609375
1 0.515625 0.513671875 0.078125 0.142578125
1 0.9111328125 0.9541015625 0.087890625 0.091796875
1 0.701171875 0.4716796875 0.1064453125 0.1123046875
1 0.3193359375 0.67578125 0.1044921875 0.134765625
1 0.689453125 0.578125 0.142578125 0.134765625
1 0.263671875 0.4951171875 0.0810546875 0.123046875
1 0.9853515625 0.7578125 0.029296875 0.078125
1 0.6806640625 0.3994140625 0.078125 0.076171875
1 0.126953125 0.4814453125 0.0498046875 0.099609375
1 0.1806640625 0.298828125 0.041015625 0.056640625
1 0.4033203125 0.703125 0.0830078125 0.115234375
1 0.517578125 0.2236328125 0.0439453125 0.0439453125
1 0.3623046875 0.4072265625 0.0498046875 0.091796875
1 0.2841796875 0.4091796875 0.1015625 0.068359375
1 0.4775390625 0.37890625 0.0576171875 0.0830078125
1 0.41796875 0.396484375 0.052734375 0.087890625
1 0.587890625 0.3720703125 0.0498046875 0.087890625
1 0.62890625 0.3642578125 0.0390625 0.083984375
1 0.533203125 0.376953125 0.052734375 0.0859375
1 0.251953125 0.3125 0.0419921875 0.056640625
1 0.1650390625 0.376953125 0.044921875 0.056640625
1 0.384765625 0.2744140625 0.0283203125 0.046875
1 0.283203125 0.8359375 0.072265625 0.078125
1 0.548828125 0.599609375 0.0810546875 0.09375
1 0.787109375 0.4580078125 0.0625 0.0654296875
1 0.740234375 0.626953125 0.052734375 0.0751953125
1 0.65625 0.2998046875 0.0390625 0.0419921875
1 0.4140625 0.076171875 0.0361328125 0.0498046875
1 0.4990234375 0.0693359375 0.048828125 0.0341796875
1 0.5986328125 0.072265625 0.0517578125 0.048828125
1 0.458984375 0.3056640625 0.048828125 0.048828125
1 0.5107421875 0.314453125 0.044921875 0.0439453125
1 0.556640625 0.306640625 0.046875 0.046875
1 0.5771484375 0.3173828125 0.0361328125 0.025390625
1 0.5947265625 0.2900390625 0.0341796875 0.0361328125
1 0.61328125 0.314453125 0.0361328125 0.0185546875
1 0.478515625 0.255859375 0.033203125 0.029296875
1 0.427734375 0.2724609375 0.0283203125 0.0390625
1 0.4521484375 0.255859375 0.0185546875 0.0341796875
1 0.353515625 0.279296875 0.0361328125 0.0341796875
1 0.36328125 0.337890625 0.0439453125 0.041015625
1 0.4140625 0.322265625 0.033203125 0.0517578125
1 0.291015625 0.3193359375 0.0390625 0.0576171875
1 0.283203125 0.2763671875 0.0419921875 0.0263671875
1 0.2685546875 0.255859375 0.0576171875 0.017578125
1 0.359375 0.2275390625 0.0576171875 0.021484375
1 0.443359375 0.2158203125 0.0673828125 0.0234375
1 0.435546875 0.236328125 0.0341796875 0.025390625
1 0.26953125 0.232421875 0.064453125 0.0283203125
1 0.181640625 0.4375 0.046875 0.0654296875
1 0.119140625 0.388671875 0.048828125 0.0263671875
1 0.5419921875 0.2646484375 0.048828125 0.0341796875
1 0.3408203125 0.2529296875 0.0498046875 0.0234375
1 0.142578125 0.298828125 0.041015625 0.033203125
1 0.1376953125 0.33984375 0.0439453125 0.0498046875
1 0.181640625 0.3388671875 0.037109375 0.0263671875
1 0.244140625 0.357421875 0.0517578125 0.037109375
0 1 0.20859375 0.96796875 0.1953125 0.92109375 0.159375 0.90390625 0.15625 0.9 0.14140625 0.88515625 0.1390625 0.8703125 0.11953125 0.87109375 0.1125 0.87890625 0.1140625 0.89921875 0.1296875 0.90625 0.09296875 0.92109375 0.0921875 0.93046875 0.1046875 0.965625 0.12734375 0.97265625 0.1546875 0.99921875 0.15625 0.99921875 0.0703125 0.89453125 0.0921875 0.85078125 0.084375 0.8453125 0.09296875 0.859375 0.09921875 0.86171875 0.1125 0.81640625 0.10625 0.80859375 0.0921875 0.79609375 0.0875 0.75078125 0.0828125 0.69453125 0.0875 0.68984375 0.09375 0.68359375 0.0859375 0.63203125 0.090625 0.57578125 0.1046875 0.53515625 0.0953125 0.52890625 0.1078125 0.5171875 0.11015625 0.521875 0.12265625 0.5421875 0.13515625 0.5484375 0.15390625 0.5703125 0.17421875 0.5734375 0.20078125 0.58984375 0.1984375 0.603125 0.20390625 0.609375 0.21953125 0.603125 0.26328125 0.6140625 0.27890625 0.63203125 0.2921875 0.63828125 0.2796875 0.66328125 0.2765625 0.6765625 0.28515625 0.6765625 0.32734375 0.67109375 0.3234375 0.66171875 0.3359375 0.659375 0.32890625 0.66484375 0.325 0.65390625 0.325 0.6515625 0.33046875 0.6640625 0.33984375 0.6609375 0.34765625 0.66796875 0.3640625 0.68984375 0.3625 0.7140625 0.38671875 0.71953125 0.425 0.73671875 0.428125 0.74921875 0.4453125 0.75703125 0.440625 0.7640625 0.41640625 0.7640625 0.34609375 0.79921875 0.33125 0.83203125 0.3328125 0.8359375 0.34609375 0.83125 0.37734375 0.821875 0.42421875 0.8125 0.43203125 0.8203125 0.44453125 0.8234375 0.50390625 0.8296875 0.49921875 0.8453125 0.44765625 0.86015625 0.4328125 0.9078125 0.45546875 0.9265625 0.50234375 0.9234375 0.55546875 0.9078125 0.58515625 0.89921875 0.590625 0.87109375 0.5859375 0.8546875 0.55234375 0.83046875 0.5390625 0.8328125 0.53359375 0.8265625 0.52890625 0.828125 0.54140625 0.8046875 0.59921875 0.78515625 0.6109375 0.77890625 0.625 0.7671875 0.62890625 0.73984375 0.671875 0.7140625 0.67578125 0.7265625 0.69140625 0.7234375 0.69921875 0.73046875 0.71875 0.7046875 0.71796875 0.70703125 0.7125 0.7234375 0.71484375 0.71484375 0.6984375 0.70390625 0.7125 0.68046875 0.6984375 0.6578125 0.70546875 0.64765625 0.7328125 0.628125 0.72578125 0.6125 0.74921875 0.615625 0.77578125 0.609375 0.81328125 0.615625 0.82890625 0.60859375 0.8484375 0.58828125 0.84375 0.56171875 0.815625 0.54453125 0.8234375 0.52578125 0.8234375 0.5078125 0.80078125 0.5078125 0.78828125 0.51875 0.77109375 0.51953125 0.7484375 0.53828125 0.7421875 0.56171875 0.759375 0.5703125 0.74296875 0.5640625 0.71171875 0.5859375 0.64921875 0.58515625 0.6140625 0.55859375 0.64375 0.53359375 0.640625 0.51640625 0.628125 0.49609375 0.6421875 0.48671875 0.6375 0.46328125 0.6578125 0.45 0.65546875 0.44812285546875 0.632317291015625 0.43125 0.64765625 0.4375 0.67890625 0.446875 0.69140625 0.446875 0.72265625 0.40546875 0.771875 0.36875 0.74921875 0.359375 0.73515625 0.35390625 0.7046875 0.34609375 0.70625 0.34375 0.71484375 0.31484375 0.7359375 0.30390625 0.7515625 0.28671875 0.753125 0.26328125 0.7296875 0.2390625 0.71640625 0.2265625 0.68828125 0.225 0.65390625 0.21875 0.64296875 0.21875 0.58984375 0.240625 0.56640625 0.2328125 0.53828125 0.22421875 0.5515625 0.18984375 0.55625 0.17421875 0.578125 0.15390625 0.5890625 0.14453125 0.5796875 0.12578125 0.5859375 0.11328125 0.5796875 0.08359375 0.584375 0.0765625 0.57734375 0.084375 0.55234375 0.075 0.53515625 0.0734375 0.49296875 0.05 0.48203125 0.040625 0.44765625 0.04609375 0.4328125 0.06796875 0.4375 0.0828125 0.42734375 0.0859375 0.40703125 0.09375 0.39765625 0.1015625 0.33203125 0.1234375 0.28671875 0.15703125 0.2796875 0.17421875 0.26875 0.20234375 0.275 0.1984375 0.25234375 0.203125 0.23515625 0.21484375 0.2328125 0.2328125 0.24140625 0.234375 0.22890625 0.22421875 0.221875 0.21484375 0.23125 0.20390625 0.2296875 0.20078125 0.2234375 0.18984375 0.225 0.19296875 0.2109375 0.22109375 0.2046875 0.2375 0.21328125 0.23203125 0.21875 0.24921875 0.21875 0.27109375 0.2171875 0.28203125 0.209375 0.31015625 0.2234375 0.33828125 0.2109375 0.37890625 0.2125 0.40078125 0.2203125 0.40859375 0.2078125 0.42109375 0.203125 0.47109375 0.2015625 0.48359375 0.2125 0.49296875 0.1984375 0.5125 0.18984375 0.4921875 0.16015625 0.478125 0.15078125 0.4671875 0.12734375 0.45546875 0.1234375 0.453125 0.11015625 0.43671875 0.1 0.39921875 0.1015625 0.38203125 0.0921875 0 0.09921875 0 0.22421875 0.0203125 0.23671875 0.01640625 0.2453125 0 0.25078125 0.00078125 1 0.50859375 1 0.5125 0.97890625 0.50625 0.96171875 0.50625 0.93203125 0.5109375 0.91328125 0.52578125 0.9046875 0.546875 0.91953125 0.57421875 1 0.58359375 1 0.59453125 0.9859375 0.60703125 0.9953125 0.64296875 1 0.70703125 1 0.6984375 0.97734375 0.71015625 0.9625 0.73828125 0.9828125 0.75234375 0.9796875 0.76015625 1 0.81328125 1 0.81953125 0.99375 0.86015625 1 0.86015625 0.9546875 0.84296875 0.9703125 0.81171875 0.9765625 0.753125 0.93828125 0.7546875 0.92109375 0.7671875 0.90546875 0.7703125 0.87890625 0.7515625 0.86171875 0.75625 0.82578125 0.74921875 0.8171875 0.740625 0.82109375 0.73359375 0.8375 0.7140625 0.84765625 0.6953125 0.87578125 0.6921875 0.89140625 0.68671875 0.896875 0.6796875 0.89453125 0.67890625 0.9046875 0.66640625 0.89375 0.64296875 0.8984375 0.6421875 0.87109375 0.628125 0.86171875 0.6265625 0.85234375 0.6265625 0.82734375 0.63828125 0.815625 0.6515625 0.81640625 0.66015625 0.840625 0.6875 0.81328125 0.6875 0.80234375 0.6765625 0.78828125 0.678125 0.77734375 0.68671875 0.778125 0.690625 0.76484375 0.70859375 0.7515625 0.73125 0.76328125 0.740625 0.80546875 0.75703125 0.8078125 0.759375 0.78515625 0.778125 0.76484375 0.790625 0.73828125 0.81171875 0.7265625 0.8375 0.69140625 0.84921875 0.6859375 0.8609375 0.69140625 0.8703125 0.74140625 0.88046875 0.75 0.88984375 0.7359375 0.89765625 0.7359375 0.9046875 0.74453125 0.9015625 0.78984375 0.915625 0.86015625 0.903125 0.89609375 0.934375 0.90234375 0.940625 0.93046875 0.9625 0.95703125 0.978125 0.99140625 0.97265625 0.9953125 0.96640625 0.9875 0.965625 0.99921875 0.98671875 1 0.98984375 0.9859375 0.996875 0.98828125 0.9921875 0.99921875 1 0.99921875 1 0.81015625 0.9890625 0.78828125 0.97421875 0.7828125 0.9703125 0.77265625 0.971875 0.73046875 1 0.72109375 1 0.20859375
0 0.63984375 0.409375 0.63203125 0.4171875 0.61171875 0.4109375 0.609375 0.43203125 0.60078125 0.4375 0.5765625 0.42734375 0.59453125 0.4296875 0.59453125 0.4140625 0.54296875 0.4234375 0.54296875 0.4359375 0.53515625 0.4234375 0.521875 0.42734375 0.5328125 0.45703125 0.54296875 0.4421875 0.5546875 0.47578125 0.5625 0.48203125 0.5578125 0.56015625 0.6015625 0.57890625 0.6171875 0.56640625 0.61875 0.54453125 0.64375 0.49765625 0.63984375 0.409375
0 0.30390625 0.6015625 0.3140625 0.60078125 0.31484375 0.5875 0.32265625 0.5953125 0.328125 0.59296875 0.33125 0.57890625 0.321875 0.57734375 0.325 0.55078125 0.34453125 0.5484375 0.35234375 0.528125 0.3765625 0.52109375 0.39296875 0.471875 0.40390625 0.48125 0.40859375 0.4703125 0.41875 0.47265625 0.4328125 0.49296875 0.4328125 0.51484375 0.440625 0.53046875 0.42734375 0.534375 0.42421875 0.51875 0.41015625 0.51875 0.39921875 0.5328125 0.38203125 0.5328125 0.36953125 0.5484375 0.33828125 0.5671875 0.3375 0.58046875 0.34609375 0.5796875 0.35625 0.60078125 0.36171875 0.6015625 0.37734375 0.5765625 0.38984375 0.578125 0.41328125 0.5578125 0.42265625 0.5578125 0.43359375 0.575 0.440625 0.57109375 0.4421875 0.55703125 0.45703125 0.546875 0.4609375 0.56328125 0.46796875 0.5640625 0.471875 0.50703125 0.4890625 0.48828125 0.4890625 0.46640625 0.44921875 0.4734375 0.42578125 0.4390625 0.33984375 0.4625 0.334375 0.49296875 0.3015625 0.50078125 0.3 0.56640625 0.265625 0.57265625 0.278125 0.59609375 0.290625 0.60546875 0.296875 0.60078125 0.30234375 0.575 0.309375 0.57890625 0.30390625 0.6015625
0 0.71328125 0.0140625 0.70078125 0 0.6515625 0.00078125 0.67421875 0.0234375 0.70078125 0.0234375 0.70625 0.04140625 0.71796875 0.0453125 0.73125 0.06328125 0.73828125 0.0484375 0.75234375 0.0546875 0.7703125 0.04296875 0.71328125 0.0140625
0 0.16171875 0.021875 0.17578125 0.0140625 0.20078125 0.0203125 0.221875 0.01484375 0.13828125 0 0 0.00390625 0.00078125 0.025 0.04765625 0.021875 0.05546875 0.03125 0.0671875 0.03046875 0.07578125 0.021875 0.10234375 0.0171875 0.12890625 0.0265625 0.16171875 0.021875
0 0.59453125 0 0.3421875 0.00078125 0.39609375 0.015625 0.42890625 0.0078125 0.44140625 0.015625 0.47109375 0.0140625 0.47890625 0.0203125 0.49765625 0.0078125 0.51015625 0.015625 0.54140625 0.0125 0.55625 0.03984375 0.575 0.04765625 0.5875 0.04140625 0.5890625 0.02578125 0.6 0.01015625 0.59453125 0
0 0.96875 0.00078125 0.90390625 0 0.89921875 0.009375 0.88203125 0.00625 0.88203125 0 0.8125 0.00078125 0.82109375 0.0359375 0.86328125 0.0484375 0.8703125 0.03359375 0.87890625 0.03125 0.8875 0.05546875 0.9 0.06328125 0.91953125 0.021875 0.96484375 0.0234375 0.971875 0.01640625 0.96875 0.00078125