1 0.37890625 0.443359375 0.1689453125 0.189453125
1 0.1591796875 0.490234375 0.1611328125 0.1484375
1 0.9423828125 0.8798828125 0.115234375 0.240234375
1 0.740234375 0.5703125 0.1435546875 0.154296875
1 0.7373046875 0.9658203125 0.099609375 0.068359375
1 0.4677734375 0.6875 0.1953125 0.1845703125
0 0.6140625 0.19921875 0.62421875 0.1671875 0.60390625 0.171875 0.5984375 0.18046875 0.6140625 0.19921875
0 0.1890625 0.04765625 0.20234375 0.0390625 0.22265625 0.04375 0.27265625 0.0328125 0.32578125 0.03125 0.37890625 0.0421875 0.41640625 0.034375 0.44296875 0.046875 0.52734375 0.05 0.58671875 0.034375 0.60390625 0.034375 0.62109375 0.04375 0.65234375 0.0359375 0.66484375 0.04375 0.69609375 0.0390625 0.71796875 0.0578125 0.77421875 0.046875 0.79296875 0.034375 0.80078125 0.0390625 0.84453125 0.0359375 0.859375 0.02890625 0.859375 0.01796875 0.8703125 0.00078125 0.63984375 0 0.51953125 0.0140625 0 0.02890625 0.00234375 0.0703125 0.04765625 0.071875 0.059375 0.08046875 0.06875 0.10859375 0.090625 0.11484375 0.11484375 0.109375 0.12734375 0.0953125 0.16953125 0.075 0.1890625 0.04765625
0 0 0.47578125 0.0078125 0.48984375 0.02578125 0.515625 0.0375 0.51640625 0.0609375 0.51015625 0.0625 0.48671875 0.08046875 0.4703125 0.16796875 0.4234375 0.20859375 0.4234375 0.23828125 0.44375 0.24765625 0.44375 0.259375 0.42265625 0.2609375 0.40078125 0.28984375 0.390625 0.32421875 0.3453125 0.35078125 0.334375 0.371875 0.34296875 0.37734375 0.3625 0.40546875 0.3671875 0.40859375 0.375 0.4296875 0.37265625 0.43671875 0.3359375 0.48359375 0.3359375 0.49140625 0.346875 0.51484375 0.34375 0.52109375 0.3515625 0.53828125 0.3515625 0.5421875 0.37421875 0.553125 0.39296875 0.553125 0.41171875 0.56171875 0.4203125 0.57734375 0.421875 0.59609375 0.4390625 0.60078125 0.434375 0.60546875 0.4546875 0.63515625 0.453125 0.64609375 0.46875 0.67421875 0.4703125 0.69140625 0.478125 0.7 0.47109375 0.69921875 0.4625 0.58515625 0.41875 0.575 0.40859375 0.5796875 0.39921875 0.60859375 0.384375 0.66953125 0.384375 0.68515625 0.3921875 0.69140625 0.40625 0.74765625 0.4234375 0.76171875 0.4390625 0.78515625 0.4453125 0.81328125 0.4390625 0.815625 0.42265625 0.7984375 0.40546875 0.8 0.34296875 0.78046875 0.328125 0.75390625 0.328125 0.753125 0.29140625 0.7234375 0.27578125 0.734375 0.27265625 0.73359375 0.24375 0.67734375 0.240625 0.659375 0.23203125 0.65546875 0.2171875 0.61171875 0.2078125 0.6125 0.26328125 0.58046875 0.2671875 0.58125 0.27890625 0.63828125 0.2984375 0.640625 0.31015625 0.61640625 0.3265625 0.59765625 0.325 0.57578125 0.3125 0.51796875 0.3140625 0.5078125 0.28828125 0.53125 0.27109375 0.5328125 0.24140625 0.57265625 0.2203125 0.590625 0.18984375 0.58984375 0.184375 0.56484375 0.1859375 0.54140625 0.2 0.53046875 0.2140625 0.50234375 0.21875 0.49296875 0.23125 0.47265625 0.234375 0.46328125 0.2546875 0.43984375 0.25625 0.40703125 0.2890625 0.39140625 0.2921875 0.37421875 0.28125 0.34765625 0.290625 0.33359375 0.2984375 0.32578125 0.3125 0.26171875 0.3328125 0.2515625 0.33828125 0.24765625 0.3515625 0.22109375 0.3640625 0.19453125 0.3578125 0.16875 0.34140625 0.1578125 0.31953125 0.1546875 0.29453125 0.12734375 0.253125 0.1171875 0.28359375 0.115625 0.32421875 0.1078125 0.34140625 0.1078125 0.36640625 0.1140625 0.38046875 0.1 0.39609375 0.10625 0.43515625 0.09609375 0.4453125 0.07578125 0.4515625 0 0.45546875 0 0.47578125
0 0.95859375 0.775 0.9734375 0.76953125 0.971875 0.75859375 0.89453125 0.728125 0.878125 0.71796875 0.87578125 0.70625 0.83203125 0.6921875 0.83125 0.71015625 0.8453125 0.76328125 0.84375 0.79140625 0.82421875 0.796875 0.81015625 0.7828125 0.7890625 0.85234375 0.77734375 0.8578125 0.75703125 0.85625 0.7484375 0.87734375 0.73515625 0.8828125 0.7296875 0.87734375 0.7296875 0.84296875 0.721875 0.81796875 0.71484375 0.815625 0.70390625 0.8234375 0.690625 0.81953125 0.6859375 0.80390625 0.690625 0.77421875 0.67734375 0.76875 0.671875 0.75859375 0.675 0.73359375 0.6703125 0.71484375 0.703125 0.65546875 0.67890625 0.64375 0.64921875 0.6390625 0.63671875 0.6265625 0.56171875 0.5953125 0.53515625 0.59375 0.50546875 0.578125 0.4828125 0.55859375 0.48125 0.53359375 0.471875 0.52421875 0.4828125 0.49609375 0.46953125 0.4890625 0.4578125 0.49609375 0.44765625 0.5140625 0.4296875 0.51796875 0.41328125 0.546875 0.39921875 0.546875 0.38046875 0.534375 0.34765625 0.5265625 0.334375 0.53046875 0.3578125 0.55078125 0.34375 0.60859375 0.31796875 0.640625 0.28359375 0.6578125 0.265625 0.67578125 0.2640625 0.69453125 0.2328125 0.72265625 0.22734375 0.734375 0.21875 0.73671875 0.21484375 0.75 0.17421875 0.775 0.15625 0.79296875 0.1515625 0.81171875 0.1171875 0.83203125 0.1203125 0.85859375 0.09453125 0.8609375 0.06640625 0.878125 0.0484375 0.89765625 0.0375 0.92265625 0.03984375 0.940625 0.07265625 0.9234375 0.10703125 0.9515625 0.12109375 0.9453125 0.1703125 0.89921875 0.16875 0.88828125 0.15625 0.87421875 0.15859375 0.8625 0.23359375 0.8 0.25234375 0.79375 0.28671875 0.7984375 0.4390625 0.61328125 0.47421875 0.6 0.51484375 0.615625 0.5640625 0.65546875 0.546875 0.71171875 0.528125 0.74296875 0.55859375 0.7734375 0.6171875 0.81640625 0.615625 0.85078125 0.625 0.86328125 0.625 0.87890625 0.6640625 0.91328125 0.6640625 0.94765625 0.6484375 0.98359375 0.65234375 1 0.696875 0.99921875 0.70703125 0.9421875 0.71953125 0.9421875 0.79453125 0.9859375 0.81484375 0.9859375 0.82890625 1 0.90625 0.99921875 0.8921875 0.85390625 0.9 0.77578125 0.90546875 0.7671875 0.95859375 0.775
0 0.678125 0.10703125 0.7171875 0.11015625 0.728125 0.10078125 0.69921875 0.0859375 0.68828125 0.0875 0.678125 0.10703125
0 1 0.32734375 0.9875 0.32734375 0.9875 0.30078125 0.971875 0.29609375 0.965625 0.26015625 0.90703125 0.25 0.89375 0.27890625 0.96640625 0.296875 0.975 0.32421875 0.9765625 0.37109375 0.9953125 0.37578125 1 0.37421875 1 0.32734375