1 0.427734375 0.20703125 0.0732421875 0.072265625
1 0.4814453125 0.3876953125 0.0908203125 0.107421875
1 0.1298828125 0.2138671875 0.099609375 0.083984375
1 0.1064453125 0.3828125 0.109375 0.0859375
1 0.5673828125 0.271484375 0.0576171875 0.068359375
1 0.041015625 0.2490234375 0.0810546875 0.107421875
1 0.6240234375 0.2431640625 0.0751953125 0.080078125
1 0.890625 0.169921875 0.072265625 0.0673828125
1 0.9814453125 0.205078125 0.037109375 0.0859375
1 0.23046875 0.56640625 0.244140625 0.2392578125
0 1 0.2765625 0.9877490390625 0.273588115234375 0.98108463671875 0.25693157421875 0.95692632421875 0.267758318359375 0.94359751953125 0.251101779296875 0.9402653828125 0.25693157421875 0.89777993359375 0.25360025390625 0.879452923828125 0.239442220703125 0.85214869921875 0.233982796875 0.853125 0.228125 0.8453125 0.2203125 0.81875 0.21875 0.7484375 0.1921875 0.7296875 0.1921875 0.7109375 0.2203125 0.70625 0.2640625 0.6828125 0.2703125 0.6484375 0.3078125 0.5984375 0.3140625 0.5828125 0.33125 0.594550794921875 0.342167251953125 0.626206671875 0.34799703125 0.632037974609375 0.338835931640625 0.6453125 0.340625 0.650364986328125 0.352161166015625 0.6640625 0.359375 0.7375 0.3890625 0.734375 0.40625 0.682020798828125 0.3896383828125 0.669525091796875 0.37464750390625 0.63125 0.3671875 0.6046875 0.3625 0.578125 0.346875 0.5703125 0.35625 0.56875 0.3765625 0.579555986328125 0.443772138671875 0.5812220546875 0.457930205078125 0.56622724609375 0.457930205078125 0.54623410546875 0.46209433984375 0.521242693359375 0.46792413671875 0.4984375 0.475 0.46959373828125 0.478750880859375 0.41627877734375 0.499571556640625 0.36129762109375 0.5278876875 0.3321409765625 0.551206837890625 0.31548003515625 0.559535107421875 0.26633030859375 0.679462212890625 0.284375 0.7328125 0.3140625 0.81875 0.382123798828125 0.92655366015625 0.381290763671875 0.9348819296875 0.3754594609375 0.94321019921875 0.382123798828125 0.966529318359375 0.3912873671875 0.984018673828125 0.38045773046875 1 1 1 1 0.79375 0.975 0.7890625 0.9515625 0.7765625 0.8484375 0.7671875 0.746875 0.7125 0.6640625 0.640625 0.6421875 0.6078125 0.6296875 0.5671875 0.6609375 0.5265625 0.7296875 0.5 0.778125 0.4953125 0.8203125 0.5 0.853125 0.525 0.8828125 0.5375 0.925 0.534375 1 0.5609375 1 0.5140625 0.9453125 0.496875 0.925 0.4734375 0.9078125 0.4671875 0.8984375 0.4578125 0.903125 0.425 0.884375 0.4203125 0.8609375 0.43125 0.8453125 0.4296875 0.825 0.4375 0.80625 0.434375 0.8015625 0.4265625 0.809375 0.4140625 0.8359375 0.40625 0.8875 0.4109375 0.9390625 0.4 1 0.403125 1 0.2765625
0 0.48125 0.2765625 0.490625 0.275 0.5 0.3078125 0.5140625 0.3109375 0.51875 0.3 0.50625 0.2609375 0.4828125 0.2515625 0.4453125 0.296875 0.4703125 0.303125 0.48125 0.2765625
0 0.3984375 0.3828125 0.415625 0.38125 0.428125 0.365625 0.4375 0.303125 0.421875 0.3015625 0.3953125 0.353125 0.390625 0.3765625 0.3984375 0.3828125
0 0.384375 0.4265625 0.3734375 0.4390625 0.35 0.446875 0.34375 0.4703125 0.359375 0.5046875 0.375 0.5046875 0.3921875 0.49375 0.4078125 0.4421875 0.425 0.4515625 0.43125 0.478125 0.49375 0.45625 0.496875 0.428125 0.4921875 0.4203125 0.43125 0.4109375 0.4234375 0.428125 0.409375 0.434375 0.384375 0.4265625
0 0.0546875 1 0.053125 0.9875 0.028125 0.9703125 0.01875 0.89375 0.025 0.8515625 0.053125 0.8234375 0.0453125 0.7078125 0.0375 0.678125 0.0328125 0.6953125 0.025 0.7015625 0.0140625 0.7015625 0 0.6890625 0 1 0.0546875 1
0 0.265625 0.4078125 0.2453125 0.4125 0.1390625 0.475 0.04375 0.55 0.0015625 0.5671875 0.0015625 0.640625 0.0296875 0.640625 0.0296875 0.5953125 0.034375 0.5875 0.0453125 0.5921875 0.05 0.6046875 0.059375 0.6046875 0.1421875 0.5703125 0.1796875 0.509375 0.190625 0.496875 0.215625 0.4875 0.228125 0.4671875 0.25 0.45625 0.3 0.45 0.30625 0.4234375 0.3328125 0.3890625 0.328125 0.36875 0.315625 0.3640625 0.2859375 0.4140625 0.275 0.415625 0.265625 0.4078125