1 0.779296875 0.267578125 0.046875 0.041015625
1 0.3974609375 0.1298828125 0.13671875 0.13671875
1 0.5771484375 0.2333984375 0.115234375 0.09375
1 0.671875 0.2421875 0.072265625 0.080078125
1 0.8271484375 0.232421875 0.19921875 0.115234375
1 0.06640625 0.20703125 0.11328125 0.134765625
1 0.072265625 0.326171875 0.1015625 0.14453125
1 0.1572265625 0.3173828125 0.052734375 0.1484375
1 0.4208984375 0.2919921875 0.119140625 0.134765625
1 0.2568359375 0.3125 0.046875 0.080078125
1 0.2861328125 0.2060546875 0.072265625 0.080078125
1 0.2470703125 0.1298828125 0.08984375 0.0546875
1 0.0029296875 0.3251953125 0.005859375 0.103515625
0 0.499861908203125 0.2515599609375 0.51850269140625 0.2474939609375 0.518313193359375 0.217618892578125 0.4925528515625 0.213395890625 0.4664460078125 0.22369894921875 0.471394505859375 0.243162677734375 0.499861908203125 0.2515599609375
0 0.990523873046875 0.21991170703125 0.9419186875 0.221609037109375 0.9421677421875 0.25318955078125 0.954880078125 0.274943447265625 0.9569320234375 0.260357830078125 0.99195790625 0.260977029296875 0.990523873046875 0.21991170703125
0 1 0.49127245703125 0.995352470703125 0.358184625 0.94180501171875 0.36504508984375 0.937690287109375 0.36945759375 0.948101623046875 0.374216595703125 0.933754228515625 0.3789864296875 0.919872447265625 0.37264109375 0.913992720703125 0.375407705078125 0.92181611328125 0.379403318359375 0.8383684140625 0.38573242578125 0.84031208203125 0.392494650390625 0.820144517578125 0.401736541015625 0.758808048828125 0.405585982421875 0.747227267578125 0.416235541015625 0.706534806640625 0.424486654296875 0.702598748046875 0.43401548828125 0.7198318671875 0.438536271484375 0.690075908203125 0.442136658203125 0.6937250234375 0.448839326171875 0.70548447265625 0.443306103515625 0.7110176953125 0.455065552734375 0.71254447265625 0.4498896640625 0.73142348046875 0.452645443359375 0.76182371484375 0.44304621875 0.769885328125 0.45386361328125 0.74006981640625 0.455758556640625 0.737075814453125 0.467815783203125 0.703264689453125 0.4775341171875 0.689502017578125 0.474599669921875 0.686508015625 0.486656896484375 0.659340005859375 0.49102067578125 0.6658640078125 0.4822552265625 0.680270958984375 0.479190837890625 0.655452671875 0.4774962265625 0.652518224609375 0.491258896484375 0.64022277734375 0.481443115234375 0.494924275390625 0.52579012109375 0.485871880859375 0.535497623046875 0.490522603515625 0.54643412890625 0.453241033203125 0.55456612890625 0.41290590625 0.573049912109375 0.411557794921875 0.583342134765625 0.38615478515625 0.5893518046875 0.38404328125 0.602231974609375 0.370816609375 0.61464653515625 0.366712716796875 0.643817767578125 0.37891071875 0.699740123046875 0.357752373046875 0.72950691015625 0.356642484375 0.746620916015625 0.37082204296875 0.76149348046875 0.373003931640625 0.775077484375 0.387649103515625 0.778834875 0.39835821875 0.792121103515625 0.444822125 0.80245122265625 0.52327259765625 0.799711671875 0.61625996484375 0.822077353515625 0.629378357421875 0.831010634765625 0.635268916015625 0.853002755859375 0.647743029296875 0.867934873046875 0.667504537109375 0.87151359765625 0.68285354296875 0.87097759765625 0.691369935546875 0.84592108984375 0.730524787109375 0.81808713671875 0.79180169921875 0.812532251953125 0.803144259765625 0.79506091015625 0.8321963828125 0.7957539140625 0.858194947265625 0.80679869921875 0.8724340625 0.823376705078125 0.955367423828125 0.8512160546875 0.973076986328125 0.869380396484375 0.979720099609375 0.86402583984375 0.98778171484375 0.874843232421875 0.976845208984375 0.87949395703125 0.99907555078125 0.880425181640625 1 0.88093684765625 1 0.7720322890625 0.97991499609375 0.771812693359375 0.974322216796875 0.758347798828125 0.935037423828125 0.75801212890625 0.9218594765625 0.74737340234375 0.9273223125 0.73266867578125 1 0.7079377734375 1 0.49127245703125