1 0.205078125 0.5 0.076171875 0.064453125
1 0.93359375 0.3505859375 0.0859375 0.08984375
1 0.56640625 0.193359375 0.044921875 0.046875
1 0.2890625 0.4990234375 0.048828125 0.0625
1 0.861328125 0.3583984375 0.08984375 0.076171875
1 0.65234375 0.037109375 0.0703125 0.06640625
1 0.6240234375 0.2939453125 0.060546875 0.0546875
1 0.13671875 0.53515625 0.0625 0.06640625
1 0.7548828125 0.298828125 0.03515625 0.048828125
1 0.08984375 0.0615234375 0.078125 0.083984375
1 0.056640625 0.3720703125 0.060546875 0.03515625
1 0.5458984375 0.546875 0.09375 0.06640625
1 0.400390625 0.8828125 0.0546875 0.0625
1 0.7041015625 0.8505859375 0.041015625 0.056640625
1 0.5625 0.6953125 0.060546875 0.05859375
1 0.4501953125 0.7529296875 0.068359375 0.06640625
1 0.3486328125 0.779296875 0.080078125 0.064453125
1 0.615234375 0.66015625 0.048828125 0.048828125
1 0.6689453125 0.6806640625 0.04296875 0.046875
1 0.7080078125 0.712890625 0.044921875 0.052734375
1 0.2412109375 0.541015625 0.060546875 0.05859375
1 0.384765625 0.44921875 0.052734375 0.044921875
1 0.1171875 0.416015625 0.03515625 0.03515625
1 0.2646484375 0.3740234375 0.0390625 0.0390625
1 0.8193359375 0.44140625 0.080078125 0.080078125
1 0.4736328125 0.5673828125 0.052734375 0.04296875
1 0.619140625 0.44921875 0.041015625 0.044921875
1 0.552734375 0.2705078125 0.041015625 0.041015625
1 0.583984375 0.26953125 0.025390625 0.029296875
1 0.7119140625 0.240234375 0.05078125 0.037109375
1 0.869140625 0.1005859375 0.064453125 0.037109375
1 0.81640625 0.1103515625 0.052734375 0.0390625
1 0.849609375 0.13671875 0.060546875 0.041015625
1 0.75 0.0166015625 0.046875 0.033203125
1 0.185546875 0.158203125 0.130859375 0.0546875
1 0.158203125 0.2451171875 0.03125 0.021484375
1 0.1328125 0.375 0.03515625 0.04296875
1 0.83203125 0.2236328125 0.029296875 0.02734375
1 0.1708984375 0.3994140625 0.0390625 0.029296875
1 0.4755859375 0.4658203125 0.041015625 0.03515625
1 0.4970703125 0.443359375 0.0234375 0.02734375
1 0.5185546875 0.4423828125 0.021484375 0.025390625
1 0.5517578125 0.4326171875 0.029296875 0.029296875
1 0.6376953125 0.2431640625 0.09765625 0.05078125
1 0.0390625 0.34375 0.046875 0.0390625
1 0.0078125 0.3544921875 0.015625 0.037109375
1 0.072265625 0.4228515625 0.025390625 0.029296875
1 0.01953125 0.4443359375 0.029296875 0.0390625