1 0.4423828125 0.33203125 0.201171875 0.25390625
1 0.0458984375 0.404296875 0.091796875 0.267578125
1 0.919921875 0.505859375 0.16015625 0.171875
0 1 0.17152597265625 0.98622598828125 0.177267828125 0.96937139453125 0.212693357421875 0.957187865234375 0.25956578515625 0.954439677734375 0.417009333984375 0.988695384765625 0.40786552734375 0.997151015625 0.3885296328125 0.9992841171875 0.359341638671875 1 0.35819437109375 1 0.17152597265625
0 0 0.853587044921875 0.000250671875 0.853344974609375 0.02641906640625 0.84243637890625 0.053643951171875 0.864018701171875 0.120135591796875 0.868426564453125 0.132922302734375 0.880015125 0.126919642578125 0.9448553046875 0.1310240703125 0.988764794921875 0.13337376953125 0.9936766796875 0.22393086328125 0.995257359375 0.220352849609375 0.98707678515625 0.224392400390625 0.941685828125 0.2061331171875 0.87155128125 0.22856539453125 0.795632515625 0.245080005859375 0.7796845390625 0.26626568359375 0.77518346484375 0.277797580078125 0.76564301171875 0.27810923046875 0.747788587890625 0.267002310546875 0.732982099609375 0.22804720703125 0.73230213671875 0.166141634765625 0.7442105625 0.139831583984375 0.763234806640625 0.11861757421875 0.769359009765625 0 0.753463529296875 0 0.853587044921875
0 0.853992078125 0.5906073984375 0.83348636328125 0.5561533671875 0.7934181015625 0.526228744140625 0.786492392578125 0.457915650390625 0.764080232421875 0.43966458203125 0.744517685546875 0.444193986328125 0.71795264453125 0.477826396484375 0.7035428046875 0.46620950390625 0.67765773046875 0.4608868046875 0.650036197265625 0.46202829296875 0.638447638671875 0.474815005859375 0.6380509921875 0.497538818359375 0.647506451171875 0.5139401015625 0.67529797265625 0.503059837890625 0.712431625 0.515073375 0.7298610703125 0.53973196484375 0.761955345703125 0.56139928515625 0.761473705078125 0.588992482421875 0.744902427734375 0.608186716796875 0.68325184375 0.605486978515625 0.658734912109375 0.61480077734375 0.64045551171875 0.638836068359375 0.61932649609375 0.640090884765625 0.609644384765625 0.636674634765625 0.603350189453125 0.625199400390625 0.605681615234375 0.584649498046875 0.59289490234375 0.573060939453125 0.570284419921875 0.566171775390625 0.4875048203125 0.5647268515625 0.450144513671875 0.565698349609375 0.44029241015625 0.572020875 0.4312984765625 0.6221962265625 0.451520873046875 0.672881552734375 0.470545115234375 0.699191603515625 0.466505564453125 0.744582564453125 0.48418999609375 0.75463298828125 0.537696603515625 0.758814197265625 0.555211044921875 0.778603400390625 0.581011123046875 0.788795486328125 0.6038199296875 0.784322744140625 0.688137662109375 0.79066538671875 0.77105891796875 0.7839946640625 0.815081736328125 0.773397716796875 0.855659970703125 0.77410601171875 0.89851296484375 0.7375106640625 0.910214853515625 0.718231435546875 0.926474478515625 0.716891623046875 0.945697044921875 0.731839771484375 0.95954025 0.77591925 0.994985392578125 0.791650138671875 0.99777062890625 0.63208403515625 0.989654982421875 0.631942376953125 0.9683559765625 0.64293596875 0.947255294921875 0.642567654296875 0.90354412890625 0.635310177734375 0.861597751953125 0.619965384765625 0.853992078125 0.5906073984375
0 0 0.672320986328125 0.042095623046875 0.688465744140625 0.095517234375 0.69751633984375 0.199369181640625 0.70095270703125 0.25310244140625 0.692148880859375 0.276052908203125 0.679560490234375 0.315934748046875 0.534130478515625 0.32205073828125 0.462797783203125 0.31495503515625 0.404223466796875 0.3183265234375 0.2110710703125 0.309466033203125 0.160584068359375 0.29223491015625 0.124563572265625 0.222298689453125 0.131460951171875 0.202962796875 0.123005322265625 0.175341263671875 0.12414680859375 0.15760016796875 0.117342640625 0.131573435546875 0.120135591796875 0.098799197265625 0.137423376953125 0.07559374609375 0.164619931640625 0.068732912109375 0.185607287109375 0.0709025625 0.247342865234375 0.083207634765625 0.286524625 0.082697662109375 0.315740953125 0.095512705078125 0.325706384765625 0.085320619140625 0.35150646484375 0.087725138671875 0.49280371484375 0.133860939453125 0.547188607421875 0.14152327734375 0.573300337890625 0.13939017578125 0.602488333984375 0.117751189453125 0.6329594765625 0.078342775390625 0.658249583984375 0.015154056640625 0.650652125 0 0.652449794921875 0 0.672320986328125
0 0.886848283203125 0.17550948828125 0.826139484375 0.146633171875 0.7741525546875 0.14943470703125 0.7790360234375 0.188463185546875 0.806657380859375 0.20007198046875 0.825103978515625 0.2059573515625 0.850223806640625 0.25461126953125 0.86812029296875 0.292012509765625 0.87319805859375 0.319917783203125 0.92131451171875 0.326320974609375 0.927573111328125 0.2154429609375 0.886848283203125 0.17550948828125
0 0.78345675390625 0.147742591796875 0.73719463671875 0.14137176953125 0.692139671875 0.172110837890625 0.735964974609375 0.2118191171875 0.75012028125 0.251009541015625 0.762874423828125 0.26421320703125 0.775100826171875 0.201375572265625 0.766393447265625 0.1476846015625 0.78345675390625 0.147742591796875
0 0.648120212890625 0.143525833984375 0.626515046875 0.106059857421875 0.598408294921875 0.122259267578125 0.557450322265625 0.130816556640625 0.518152673828125 0.15052945703125 0.513246689453125 0.219058255859375 0.53822709375 0.169424283203125 0.57915270703125 0.16272087890625 0.612434162109375 0.168865158203125 0.630686603515625 0.185873736328125 0.65229191015625 0.2233397109375 0.6701506953125 0.213269099609375 0.677207595703125 0.177413548828125 0.648120212890625 0.143525833984375
0 0.33047324609375 0.169506896484375 0.330084931640625 0.191753376953125 0.344660912109375 0.20684340234375 0.330709607421875 0.262233126953125 0.313405439453125 0.297165455078125 0.33399761328125 0.286398263671875 0.358784001953125 0.247887568359375 0.389133408203125 0.20947405078125 0.384217580078125 0.172299388671875 0.38850873046875 0.138994298828125 0.407117126953125 0.13561024609375 0.417693193359375 0.16732035546875 0.4257578828125 0.130372271484375 0.41485822265625 0.1172009375 0.332988400390625 0.12852217578125 0.33047324609375 0.169506896484375
0 0.8566776796875 0.7350246328125 0.861593505859375 0.772199294921875 0.855545095703125 0.799910361328125 0.865862283203125 0.846451447265625 0.902496603515625 0.87305312890625 0.92904025 0.84013656640625 0.913807091796875 0.75642081640625 0.89535983984375 0.732120865234375 0.8566776796875 0.7350246328125