1 0.0703125 0.38671875 0.134765625 0.173828125
1 0.4794921875 0.7177734375 0.115234375 0.142578125
1 0.6005859375 0.1708984375 0.087890625 0.111328125
1 0.1611328125 0.30859375 0.115234375 0.1328125
1 0.384765625 0.67578125 0.1328125 0.1875
1 0.5341796875 0.6083984375 0.1328125 0.146484375
1 0.259765625 0.3076171875 0.095703125 0.111328125
1 0.1953125 0.2138671875 0.10546875 0.09765625
1 0.5810546875 0.0888671875 0.099609375 0.080078125
0 0.218044998046875 0.43798340625 0.19245208203125 0.451425337890625 0.169200337890625 0.44350342578125 0.160617767578125 0.447124427734375 0.162433828125 0.468756388671875 0.176751935546875 0.46582640234375 0.1922365625 0.49957898046875 0.22501889453125 0.459305775390625 0.22593655078125 0.44009794140625 0.218044998046875 0.43798340625
0 0.540326884765625 0.4000039375 0.529422396484375 0.3649411640625 0.513484498046875 0.35813317578125 0.499785568359375 0.3713788359375 0.4809591640625 0.359567802734375 0.471840369140625 0.371503267578125 0.471190826171875 0.38655387109375 0.50088024609375 0.424112611328125 0.517550638671875 0.43450012890625 0.525555505859375 0.429878515625 0.540326884765625 0.4000039375
0 0.393649220703125 0.448666419921875 0.40777105859375 0.43384244921875 0.416652103515625 0.4006979375 0.40598536328125 0.3868442109375 0.398712990234375 0.3950453515625 0.388933541015625 0.387350072265625 0.36938575390625 0.406640861328125 0.37439991015625 0.43843369921875 0.38260105078125 0.4457060703125 0.3754116328125 0.472537345703125 0.359515212890625 0.475044423828125 0.343784701171875 0.514811767578125 0.325124205078125 0.540261 0.356928158203125 0.56992819140625 0.41294298828125 0.59762452734375 0.43394465234375 0.550811447265625 0.460228587890625 0.5316339765625 0.4651183125 0.535481615234375 0.47935346875 0.513921498046875 0.49911677734375 0.44647706640625 0.46480574609375 0.40091345703125 0.43642950390625 0.497345171875 0.41595294921875 0.50116244921875 0.40155188671875 0.48546230078125 0.393856607421875 0.495241751953125 0.389616423828125 0.4763435078125 0.393649220703125 0.448666419921875
0 1 0.280365640625 0.974088115234375 0.261639935546875 0.908078314453125 0.2744019609375 0.878400009765625 0.27152456640625 0.827554130859375 0.27819998828125 0.81103853515625 0.270391390625 0.76019265625 0.2770668125 0.7330214296875 0.290085837890625 0.706303474609375 0.276160271484375 0.63582685546875 0.283496349609375 0.62283005859375 0.32568781640625 0.60512869140625 0.341244283203125 0.5993213125 0.356604478515625 0.616373134765625 0.3560986171875 0.62229383203125 0.3340022734375 0.638881271484375 0.32575965625 0.646504708984375 0.332031419921875 0.647897861328125 0.355241689453125 0.673253029296875 0.320590705078125 0.6802572890625 0.31654679296875 0.690882552734375 0.321085451171875 0.679082634765625 0.374593203125 0.680392833984375 0.379173337890625 0.6988266953125 0.367196400390625 0.71033925 0.37789350390625 0.715157134765625 0.397792357421875 0.70461482421875 0.411883833984375 0.70655531640625 0.461460990234375 0.689978990234375 0.504384953125 0.670657837890625 0.510203447265625 0.66410684765625 0.487302767578125 0.6549051015625 0.48060809765625 0.629704728515625 0.517838 0.631921466796875 0.468528953125 0.646723208984375 0.413288099609375 0.638748705078125 0.3925434296875 0.640976556640625 0.377915732421875 0.633085005859375 0.375801197265625 0.62279155859375 0.4457830703125 0.605399783203125 0.466497373046875 0.598323681640625 0.486592498046875 0.61992527734375 0.510142720703125 0.61954384765625 0.52103609765625 0.553390365234375 0.565900552734375 0.576725064453125 0.592452599609375 0.57311517578125 0.618551375 0.5798209609375 0.644030974609375 0.57063032421875 0.6720176484375 0.5358467734375 0.7134462578125 0.536322271484375 0.755864359375 0.5071913046875 0.779353853515625 0.478668404296875 0.778477677734375 0.428079525390625 0.746314521484375 0.37227208203125 0.765193517578125 0.295048201171875 0.7377349296875 0.2745190546875 0.69755579296875 0.276550634765625 0.671034109375 0.29721234765625 0.64442947265625 0.321226953125 0.630564634765625 0.34392024609375 0.5774383125 0.29833441015625 0.542386650390625 0.285707927734375 0.53900339453125 0.26869758203125 0.548824322265625 0.250459994140625 0.57269524609375 0.2158616015625 0.5913364921875 0.210703763671875 0.59164608203125 0.200841359375 0.565320669921875 0.181633525390625 0.564403015625 0.158011462890625 0.602055826171875 0.14211504296875 0.60456290234375 0.13334731640625 0.63097126953125 0.117337578125 0.64021449609375 0.08621651171875 0.699540740234375 0.076788126953125 0.70631836328125 0.03048090625 0.702368521484375 0 0.69481448828125 0 0.883663494140625 0.33809163671875 0.974254875 0.33376830078125 0.96886737109375 0.332756578125 0.9347637265625 0.318308482421875 0.926402212890625 0.3788564140625 0.89213823828125 0.3883262734375 0.8946756796875 0.39914780859375 0.91110832421875 0.427247802734375 0.913562810546875 0.436759140625 0.925415318359375 0.437574591796875 0.947624978515625 0.45782451171875 0.957279998046875 0.467686916015625 0.983605408203125 0.498509509765625 0.953802673828125 0.5129824140625 0.953451607421875 0.568129203125 0.914941873046875 0.598910318359375 0.8758240703125 0.6404907421875 0.783776216796875 0.659925212890625 0.771221576171875 0.744362275390625 0.712311162109375 0.792796205078125 0.7570867578125 0.783387060546875 0.761410107421875 0.66548670703125 0.8293813046875 0.650262056640625 0.886200470703125 0.6130543828125 0.930362791015625 0.56310691015625 0.977878005859375 0.550367111328125 0.9812308984375 0.531872578125 1 0.84125178515625 1 0.875816732421875 0.97877858984375 0.8963374765625 0.9527000546875 1 0.565826251953125 1 0.280365640625