1 0.5009765625 0.337890625 0.08984375 0.0703125
1 0.8857421875 0.6787109375 0.185546875 0.15234375
1 0.61328125 0.4765625 0.134765625 0.15625
1 0.46484375 0.431640625 0.076171875 0.048828125
1 0.791015625 0.4453125 0.07421875 0.064453125
1 0.2529296875 0.4560546875 0.134765625 0.109375
1 0.3916015625 0.369140625 0.177734375 0.09765625
1 0.890625 0.568359375 0.21484375 0.1640625
1 0.791015625 0.3349609375 0.078125 0.0703125
1 0.0517578125 0.44140625 0.05078125 0.07421875
1 0.3701171875 0.3125 0.05859375 0.052734375
1 0.1630859375 0.3916015625 0.08203125 0.078125
1 0.2626953125 0.328125 0.068359375 0.046875
1 0.884765625 0.234375 0.06640625 0.046875
1 0.96875 0.361328125 0.0546875 0.080078125
1 0.0302734375 0.3837890625 0.060546875 0.060546875
1 0.3544921875 0.4482421875 0.107421875 0.119140625
1 0.677734375 0.416015625 0.078125 0.0703125
1 0.607421875 0.3857421875 0.052734375 0.052734375
1 0.896484375 0.345703125 0.064453125 0.037109375
1 0.7470703125 0.2080078125 0.056640625 0.02734375
1 0.5185546875 0.283203125 0.15234375 0.052734375
1 0.84375 0.42578125 0.04296875 0.02734375
1 0.27734375 0.224609375 0.064453125 0.017578125
0 0.663014484375 0.2643015234375 0.66660237109375 0.27089173046875 0.67839873828125 0.272158669921875 0.696433978515625 0.25977673828125 0.716731609375 0.2641045546875 0.72488153515625 0.257104453125 0.7224434765625 0.23536421484375 0.688672646484375 0.22982801953125 0.672080009765625 0.235444072265625 0.663014484375 0.2643015234375
0 0 0.3589776875 0.0213368046875 0.350506654296875 0.049960033203125 0.352864859375 0.06345453125 0.402759873046875 0.079073009765625 0.41732433984375 0.08186240625 0.44912555859375 0.097188103515625 0.455305873046875 0.10366119921875 0.448364328125 0.107696236328125 0.419682544921875 0.104906837890625 0.387881326171875 0.119295634765625 0.367232357421875 0.175839412109375 0.3518268046875 0.193406203125 0.326030234375 0.280191482421875 0.3112475 0.325758681640625 0.3180506328125 0.33806075390625 0.285722408203125 0.319439955078125 0.28133603515625 0.1654643515625 0.295107357421875 0.152225376953125 0.300606296875 0.14778044921875 0.317550267578125 0.12609876953125 0.32166516015625 0.030636556640625 0.328356525390625 0 0.325186673828125 0 0.3589776875
0 1 0.4912724765625 0.996709046875 0.397031908203125 0.985908134765625 0.4242710859375 0.9644606796875 0.435093298828125 0.947106814453125 0.418910556640625 0.937024533203125 0.370575263671875 0.887363744140625 0.390777080078125 0.8682744921875 0.37297606640625 0.855482669921875 0.343203013671875 0.8306815546875 0.35414233984375 0.8163513125 0.376468138671875 0.8472369296875 0.39553608984375 0.887480857421875 0.3941307421875 0.91824936328125 0.409845033203125 0.9218958046875 0.4181120703125 0.864670650390625 0.462082294921875 0.829808552734375 0.473372955078125 0.820391689453125 0.49216942578125 0.82241985546875 0.5021718515625 0.968910951171875 0.562532396484375 0.994707521484375 0.580099185546875 0.9988224140625 0.601780869140625 1 0.602255748046875 1 0.4912724765625
0 0.6764717265625 0.36120633984375 0.66994007421875 0.3664710546875 0.64322790234375 0.370761615234375 0.64043850390625 0.3389603984375 0.63182012890625 0.332545857421875 0.593370146484375 0.337246310546875 0.590953384765625 0.36419270703125 0.631607205078125 0.374525169921875 0.639134310546875 0.397766568359375 0.6640525390625 0.390180904296875 0.7132661796875 0.405251076171875 0.717146845703125 0.4202254375 0.746472748046875 0.442705603515625 0.764039537109375 0.416909033203125 0.796133537109375 0.422503787109375 0.82411264453125 0.406416857421875 0.834173625 0.406065521484375 0.871825123046875 0.426576078125 0.88691659375 0.426049072265625 0.893389689453125 0.41910752734375 0.8838344140625 0.385863703125 0.866539107421875 0.371357791015625 0.863808265625 0.341233404296875 0.80038149609375 0.35184269140625 0.7894049140625 0.374051376953125 0.777784216796875 0.377814931640625 0.76407679296875 0.36989923046875 0.758519294921875 0.35498342578125 0.72977895703125 0.349271560546875 0.68524447265625 0.32396473828125 0.675359158203125 0.32934656640625 0.6764717265625 0.36120633984375
0 1 0.62502298046875 0.976684763671875 0.635810154296875 0.97387894140625 0.6708075 0.967548455078125 0.681766826171875 0.97398926953125 0.712414431640625 0.94958696484375 0.74413915234375 0.808514140625 0.66450158984375 0.802541595703125 0.647260474609375 0.8349898984375 0.615254830078125 0.94150757421875 0.666568775390625 0.945982095703125 0.64090915625 0.79801698828125 0.556143171875 0.789907474609375 0.516157841796875 0.82296439453125 0.501580626953125 0.812968796875 0.48448 0.717740884765625 0.448879173828125 0.681162634765625 0.457074185546875 0.679617525390625 0.51061325390625 0.70949408984375 0.520308201171875 0.630859734375 0.575403271484375 0.5938568046875 0.55387660546875 0.597739404296875 0.549714177734375 0.589225138671875 0.5365886640625 0.573133140625 0.537150609375 0.531873076171875 0.50906118359375 0.5285356796875 0.490385779296875 0.499485015625 0.465896833984375 0.498923216796875 0.44980903515625 0.4748788515625 0.45333326171875 0.45490425 0.4580576328125 0.413737818359375 0.432649513671875 0.41822893359375 0.445915521484375 0.444503896484375 0.467816818359375 0.432762564453125 0.477622833984375 0.43776876171875 0.505635955078125 0.359585873046875 0.53521184375 0.3097647265625 0.492656275390625 0.214336123046875 0.528203552734375 0.19994294140625 0.500518177734375 0.18012221484375 0.432753841796875 0.1400793828125 0.439521326171875 0.118342552734375 0.43222668359375 0.08657969921875 0.44541646875 0.0770690625 0.48064792578125 0.018439326171875 0.49343358203125 0.00955073046875 0.46958287890625 0 0.472757265625 0 0.508727529296875 0.00786723828125 0.734015767578125 0.0750988515625 0.8471602578125 0.013602255859375 0.898245171875 0.017155611328125 1 0.508727546875 1 1 0.982844388671875 1 0.62502298046875