1 0.19140625 0.0302734375 0.0625 0.060546875
1 0.0732421875 0.0615234375 0.08203125 0.08984375
1 0.1630859375 0.181640625 0.14453125 0.17578125
1 0.3095703125 0.1298828125 0.150390625 0.201171875
1 0.255859375 0.037109375 0.095703125 0.0625
1 0.552734375 0.04296875 0.05078125 0.060546875
1 0.548828125 0.328125 0.158203125 0.228515625
1 0.376953125 0.0498046875 0.076171875 0.09375
0 0.39040543359375 0.57922369921875 0.37372833984375 0.60220830859375 0.369705869140625 0.629559208984375 0.376094025390625 0.64967303125 0.397461435546875 0.666208634765625 0.411409228515625 0.618541580078125 0.42646912109375 0.595415486328125 0.39953205078125 0.5400975234375 0.39040543359375 0.57922369921875
0 0 0.915796568359375 0.003242009765625 0.91608020703125 0.02035419140625 0.93468789453125 0.0174449609375 0.95969182421875 0.105122359375 0.9673626015625 0.113333248046875 0.961562650390625 0.129222267578125 0.9662119140625 0.1305260703125 0.9606224609375 0.122409650390625 0.950949689453125 0.077128072265625 0.946988064453125 0.0464819296875 0.924751943359375 0.019888677734375 0.884130259765625 0 0.816993376953125 0 0.915796568359375
0 0.58265456640625 0.10472565625 0.56327859765625 0.111993154296875 0.560348431640625 0.2013635703125 0.579077814453125 0.220112744140625 0.61493916796875 0.21999105078125 0.62495576171875 0.226570912109375 0.632536658203125 0.251677818359375 0.628150572265625 0.3018109921875 0.629970103515625 0.318265958984375 0.634821703125 0.318690419921875 0.650791361328125 0.3037918046875 0.665365947265625 0.267586630859375 0.670520310546875 0.22729813671875 0.663283234375 0.2168875078125 0.663222388671875 0.19895683203125 0.645372349609375 0.17946980078125 0.636962328125 0.126587533203125 0.631655845703125 0.122049333984375 0.610207796875 0.12506160546875 0.606457669921875 0.10273421484375 0.593489654296875 0.092636982421875 0.58265456640625 0.10472565625
0 0.401132390625 0.83845024609375 0.38212003515625 0.822935470703125 0.37632825 0.805318189453125 0.362228337890625 0.80815855078125 0.370011568359375 0.8495789375 0.366049943359375 0.894860513671875 0.336698439453125 0.950957384765625 0.305011669921875 0.968554875 0.2934889453125 0.95125098828125 0.28171366796875 0.946146841796875 0.278216087890625 0.911619712890625 0.2606490234375 0.888898283203125 0.27053329296875 0.813172896484375 0.260516701171875 0.80659303515625 0.25671635546875 0.812778857421875 0.24613381640625 0.812667796875 0.24207029296875 0.78460946484375 0.252500712890625 0.73989383203125 0.24991290234375 0.713594185546875 0.26582171484375 0.680764896484375 0.29367771484375 0.660387892578125 0.2954059765625 0.649946841796875 0.30196604296875 0.677408802734375 0.31033501171875 0.67488183984375 0.305907875 0.66960578125 0.308737607421875 0.637261798828125 0.31894590234375 0.6137112421875 0.332064568359375 0.538268828125 0.3017622421875 0.530728986328125 0.304309001953125 0.501619400390625 0.330264830078125 0.48433530859375 0.32407900390625 0.480534962890625 0.325807267578125 0.470093912109375 0.351682455078125 0.472357697265625 0.35687787109375 0.487478435546875 0.372706044921875 0.4741970234375 0.4001984296875 0.476602296875 0.406798083984375 0.4291071484375 0.426032564453125 0.42345684765625 0.4338355859375 0.4273986796875 0.442598591796875 0.41105477734375 0.45828527734375 0.399390564453125 0.464005587890625 0.3526332734375 0.480965654296875 0.326414267578125 0.48733255078125 0.2536403046875 0.50000696484375 0.2205280390625 0.515835134765625 0.207246626953125 0.5209484453125 0.11154890234375 0.5182191484375 0.086866453125 0.509506359375 0.074697142578125 0.51409477734375 0.040877443359375 0.508788296875 0.036339244140625 0.49939849609375 0.041221263671875 0.490948888671875 0.063296107421875 0.489251048828125 0.082702498046875 0.496973431640625 0.106192205078125 0.49612451171875 0.115895400390625 0.488351912109375 0.120918908203125 0.468662548828125 0.122455466796875 0.462021841796875 0.114541380859375 0.46325416796875 0.04457735546875 0.4380057734375 0.053775451171875 0.389956779296875 0.230454828125 0.33867191796875 0.276484892578125 0.29947573046875 0.333350044921875 0.267111953125 0.3679988671875 0.240772720703125 0.445543787109375 0.144671794921875 0.538169859375 0.188002984375 0.57373761328125 0.220953966796875 0.625507779296875 0.230565892578125 0.59946068359375 0.244210919921875 0.592506580078125 0.248122326171875 0.57573821875 0.260918435546875 0.578487310546875 0.26449665234375 0.5934665625 0.26917633984375 0.5865428828125 0.270025259765625 0.5768396875 0.262505208984375 0.56966345703125 0.265961734375 0.54878135546875 0.2784444453125 0.545799505859375 0.28420580859375 0.55445144921875 0.2997814296875 0.5533697734375 0.291595001953125 0.609688771484375 0.2780914609375 0.61502567578125 0.272987314453125 0.626800953125 0.25741169140625 0.62788262890625 0.252762427734375 0.643771646484375 0.239430798828125 0.656456689453125 0.225472375 0.65767985546875 0.23359942578125 0.71379651953125 0.22046096484375 0.82671748828125 0.23578403515625 0.837835548828125 0.255716787109375 0.908021701171875 0.23064705859375 0.97834458984375 0.390386494140625 0.99231998046875 0.392795310546875 0.980308892578125 0.424168681640625 0.956980462890625 0.427564359375 0.91816768359375 0.439531341796875 0.8931414140625 0.427684587890625 0.823662697265625 0.401132390625 0.83845024609375
0 1 0.376367580078125 0.9896151171875 0.36113786328125 0.97627285546875 0.327379013671875 0.98092212109375 0.311489994140625 0.9440795234375 0.239009634765625 0.922429140625 0.225708427734375 0.85735630078125 0.149943453125 0.806818458984375 0.112930412109375 0.791010080078125 0.08873326953125 0.7443334296875 0.06346508203125 0.733831533203125 0.043806142578125 0.712605609375 0.02565333984375 0.712960232421875 0.0167216875 0.641003755859375 0.010426310546875 0.64965653515625 0.055996716796875 0.647534236328125 0.080254705078125 0.683304322265625 0.05323699609375 0.694796625 0.061575541015625 0.69857717578125 0.092868271484375 0.68917821484375 0.181672740234375 0.69877034765625 0.19310419921875 0.720076908203125 0.191709125 0.728334814453125 0.19976469921875 0.728032048828125 0.240477650390625 0.744517435546875 0.24762345703125 0.752492369140625 0.258913427734375 0.757243533203125 0.3163643203125 0.751664708984375 0.36150441015625 0.73448251953125 0.4088884921875 0.729671974609375 0.463873263671875 0.701533001953125 0.48748466796875 0.690112173828125 0.54352069140625 0.67442548828125 0.555184904296875 0.66235807421875 0.63723760546875 0.65433292578125 0.654460849609375 0.6581134765625 0.685753580078125 0.632420830078125 0.737281826171875 0.62445652734375 0.772435748046875 0.587382638671875 0.8050429140625 0.569290681640625 0.84419951171875 0.562802091796875 0.881112123046875 0.51649968359375 0.879505552734375 0.500358115234375 0.8870560234375 0.49676010546875 0.909555326171875 0.50456312890625 0.913497158203125 0.50451291015625 0.942010373046875 0.478313697265625 0.887571755859375 0.467559248046875 0.88011255078125 0.45099322265625 0.89251462109375 0.457805837890625 0.90777684765625 0.455966513671875 0.9288004375 0.4491341015625 0.951016765625 0.432739984375 0.9707669765625 0.43791946875 0.996478576171875 0.47816952734375 1 0.958165587890625 1 1 0.52183047265625 1 0.376367580078125