1 0.1484375 0.791015625 0.0859375 0.1220703125
1 0.2509765625 0.7509765625 0.0908203125 0.0703125
1 0.51953125 0.787109375 0.0810546875 0.0703125
1 0.7080078125 0.349609375 0.0576171875 0.046875
1 0.7841796875 0.96875 0.2001953125 0.0625
1 0.6162109375 0.302734375 0.048828125 0.048828125
1 0.0537109375 0.771484375 0.107421875 0.228515625
1 0.169921875 0.984375 0.091796875 0.03125
0 0.97734375 0.4484375 1 0.46484375 0.99921875 0.4234375 0.9609375 0.42890625 0.96484375 0.4484375 0.97734375 0.4484375
0 0.31484375 0.6171875 0.30625 0.60859375 0.30078125 0.59375 0.21875 0.58515625 0.2171875 0.62578125 0.22265625 0.6328125 0.25703125 0.6328125 0.27421875 0.6421875 0.30625 0.64140625 0.33828125 0.640625 0.340625 0.63515625 0.33046875 0.61875 0.31484375 0.6171875
0 0.446875 0.60078125 0.4515625 0.58046875 0.4390625 0.57421875 0.44375 0.56640625 0.4375 0.56171875 0.4375 0.54921875 0.43984375 0.5421875 0.44296875 0.5484375 0.4484375 0.54453125 0.45859375 0.5265625 0.47890625 0.5328125 0.52265625 0.53125 0.58359375 0.546875 0.60390625 0.5421875 0.63359375 0.5734375 0.65546875 0.5734375 0.66796875 0.5671875 0.68203125 0.5703125 0.69765625 0.584375 0.73359375 0.58125 0.74765625 0.59375 0.77734375 0.5859375 0.78203125 0.59375 0.81484375 0.596875 0.8203125 0.56171875 0.84375 0.53828125 0.853125 0.50390625 0.87109375 0.509375 0.88046875 0.5265625 0.8875 0.49921875 0.89921875 0.4921875 0.9171875 0.50078125 0.925 0.52421875 0.909375 0.59765625 0.925 0.60390625 0.93515625 0.6296875 0.96640625 0.621875 0.98515625 0.646875 0.99921875 0.6515625 1 0.49921875 0.97734375 0.5015625 0.96953125 0.478125 0.95390625 0.5015625 0.93359375 0.5 0.9234375 0.49140625 0.915625 0.38359375 0.9234375 0.35703125 0.91328125 0.346875 0.903125 0.36015625 0.9140625 0.38359375 0.9078125 0.39453125 0.9078125 0.41640625 0.90078125 0.421875 0.87890625 0.421875 0.85078125 0.4078125 0.82265625 0.4125 0.74140625 0.4046875 0.72578125 0.4203125 0.71171875 0.4203125 0.67890625 0.40625 0.67265625 0.390625 0.65625 0.39609375 0.66484375 0.3984375 0.66640625 0.40625 0.64609375 0.4078125 0.63984375 0.4015625 0.61953125 0.4203125 0.57890625 0.409375 0.51171875 0.409375 0.4921875 0.42265625 0.48203125 0.453125 0.43984375 0.4546875 0.43671875 0.4609375 0.40546875 0.459375 0.39375 0.47109375 0.3984375 0.48828125 0.3875 0.49609375 0.390625 0.51953125 0.41953125 0.525 0.4296875 0.53828125 0.43125 0.56015625 0.42421875 0.578125 0.403125 0.58359375 0.390625 0.61640625 0.409375 0.63671875 0.4109375 0.67265625 0.43125 0.67890625 0.4375 0.67109375 0.4390625 0.63671875 0.4515625 0.62109375 0.446875 0.60078125
0 1 0.00078125 0.00078125 0 0 0.57265625 0.01484375 0.559375 0.04921875 0.559375 0.07578125 0.5984375 0.10234375 0.590625 0.13046875 0.5640625 0.1796875 0.60390625 0.19140625 0.6265625 0.209375 0.62578125 0.215625 0.59296875 0.2125 0.56640625 0.18203125 0.5515625 0.15234375 0.5546875 0.1265625 0.53828125 0.125 0.51953125 0.140625 0.49765625 0.1421875 0.47890625 0.12578125 0.4734375 0.11640625 0.4546875 0.10546875 0.4546875 0.08984375 0.465625 0.05546875 0.4703125 0.0484375 0.46640625 0.05546875 0.4453125 0.06484375 0.4390625 0.10703125 0.440625 0.13046875 0.4296875 0.15234375 0.428125 0.1546875 0.43984375 0.16796875 0.453125 0.18515625 0.4546875 0.19140625 0.4375 0.23515625 0.4328125 0.26953125 0.4140625 0.29765625 0.421875 0.34140625 0.4109375 0.34609375 0.425 0.35859375 0.396875 0.37109375 0.3921875 0.39296875 0.3953125 0.4 0.38984375 0.3921875 0.36484375 0.40078125 0.3375 0.43984375 0.3265625 0.45703125 0.340625 0.48046875 0.3484375 0.49609375 0.3484375 0.50703125 0.3390625 0.53984375 0.3421875 0.5453125 0.33828125 0.5359375 0.31796875 0.540625 0.29921875 0.60078125 0.2765625 0.65078125 0.2828125 0.67265625 0.3203125 0.68671875 0.2984375 0.703125 0.29453125 0.7171875 0.25859375 0.73359375 0.2515625 0.7375 0.23828125 0.75390625 0.225 0.765625 0.23515625 0.76484375 0.253125 0.78515625 0.2390625 0.79765625 0.253125 0.80859375 0.2484375 0.82890625 0.2890625 0.86640625 0.28125 0.87890625 0.2875 0.90234375 0.2875 0.91171875 0.296875 0.94921875 0.2984375 0.978125 0.32109375 0.98828125 0.3390625 0.99296875 0.3359375 0.9984375 0.32890625 0.98984375 0.315625 0.9796875 0.31328125 0.9875 0.30859375 0.9890625 0.27890625 1 0.27265625 1 0.00078125