1 0.3720703125 0.41015625 0.2265625 0.185546875
1 0.5517578125 0.3095703125 0.294921875 0.21875
1 0.3173828125 0.6435546875 0.3515625 0.337890625
1 0.9609375 0.603515625 0.078125 0.20703125
1 0.056640625 0.3857421875 0.107421875 0.125
1 0.17578125 0.3515625 0.134765625 0.1171875
1 0.9560546875 0.2353515625 0.087890625 0.115234375
1 0.380859375 0.20703125 0.1171875 0.115234375
1 0.7998046875 0.3876953125 0.115234375 0.107421875
1 0.8232421875 0.556640625 0.142578125 0.12890625
0 0 0.96625754296875 0.09440539453125 0.97285901171875 0.0894090859375 0.971662978515625 0.08392951171875 0.928946958984375 0.073153275390625 0.92565344140625 0.03251125390625 0.94990449609375 0 0.953393107421875 0 0.96625754296875
0 0.96625754296875 1 0.98660941796875 0.708954642578125 0.9839998984375 0.709949228515625 0.967149154296875 0.708770908203125 0.947870916015625 0.693876330078125 0.921145388671875 0.68862087109375 0.908059490234375 0.66992601953125 0.908884314453125 0.658130498046875 0.963136310546875 0.560325326171875 0.9121185234375 0.5271248203125 0.883590091796875 0.523436603515625 0.882099478515625 0.53264559765625 0.894283923828125 0.552124072265625 0.889181724609375 0.6008733984375 0.8659029765625 0.606865501953125 0.83717430859375 0.630256306640625 0.815150509765625 0.63040956640625 0.759118701171875 0.584158591796875 0.742703857421875 0.5525311015625 0.67381604296875 0.520620970703125 0.660217615234375 0.521363390625 0.65375418359375 0.50482494140625 0.612652380859375 0.463004599609375 0.620099671875 0.453365482421875 0.61383069921875 0.44615385546875 0.61410756640625 0.430086732421875 0.600391306640625 0.4325142265625 0.5932620859375 0.413389248046875 0.549685814453125 0.40695547265625 0.537147875 0.39253222265625 0.517044814453125 0.3894331640625 0.502586134765625 0.378262232421875 0.49430825 0.43610271875 0.48384430859375 0.44045094921875 0.477846427734375 0.453578048828125 0.376618357421875 0.484599060546875 0.3732070078125 0.497060369140625 0.40710295703125 0.50874383203125 0.41129215625 0.533589822265625 0.4236356328125 0.53868624609375 0.43645044140625 0.537042375 0.441670470703125 0.486607974609375 0.4620503984375 0.47363991015625 0.490932326171875 0.47227290234375 0.5105286328125 0.4584033828125 0.5477181015625 0.459310611328125 0.5593957890625 0.4618205078125 0.565193431640625 0.4757724296875 0.577419078125 0.4825539296875 0.589874615234375 0.52237112890625 0.5787803125 0.54784170703125 0.511059267578125 0.57189252734375 0.49926374609375 0.571067705078125 0.484922900390625 0.558211697265625 0.457178087890625 0.55542493359375 0.469633625 0.5952421328125 0.4960410859375 0.6292616875 0.49560518359375 0.659710859375 0.45503979296875 0.69497381640625 0.37818638671875 0.728545923828125 0.357965494140625 0.72713194140625 0.34052558984375 0.734378994140625 0.31638081640625 0.764863595703125 0.284753326171875 0.781278439453125 0.25371499609375 0.789267912109375 0.19305231640625 0.78502596484375 0.16828873046875 0.76382121484375 0.156540185546875 0.7138935703125 0.15644544921875 0.56995525390625 0.165265517578125 0.55279221484375 0.2354552578125 0.5297606796875 0.233457890625 0.52200109765625 0.21786209375 0.51498393359375 0.224543083984375 0.395225818359375 0.180925611328125 0.401489013671875 0.078012466796875 0.432392193359375 0.10261701953125 0.467978990234375 0.10014255078125 0.503365552734375 0.091793806640625 0.51378829296875 0.0733758203125 0.510807068359375 0.068126134765625 0.50112674609375 0.066252373046875 0.4552762421875 0.0742888203125 0.43721175 0.068685640625 0.432586654296875 0.002327181640625 0.44925937890625 0 0.482539615234375 0 0.493474240234375 0.031407994140625 0.493479220703125 0.052913490234375 0.54916908203125 0.054398328125 0.576365935546875 0 0.593036125 0 0.892501564453125 0.00630403125 0.88880591796875 0.033029556640625 0.89406137890625 0.06430355078125 0.882701755859375 0.066459953125 0.876079291015625 0.088012423828125 0.882666328125 0.10353158984375 0.87867159375 0.130221689453125 0.860218177734375 0.15765420703125 0.85536319140625 0.18132765234375 0.831618888671875 0.205036525390625 0.8315834609375 0.217892533203125 0.81724261328125 0.244735892578125 0.820812998046875 0.250262443359375 0.814426197265625 0.27938003515625 0.809689041015625 0.294981603515625 0.78030035546875 0.33193541015625 0.78457773046875 0.33805112109375 0.76976555859375 0.353334623046875 0.769140970703125 0.3730487578125 0.753586376953125 0.403380099609375 0.7557073515625 0.4089066484375 0.749320548828125 0.40855315234375 0.754375771484375 0.420348673828125 0.755200595703125 0.424307982421875 0.74701088671875 0.452954248046875 0.749014029296875 0.45859862890625 0.740942154296875 0.52419869921875 0.747222669921875 0.542775720703125 0.73582184765625 0.547365390625 0.70650979296875 0.553204236328125 0.707764740234375 0.550812169921875 0.71775735546875 0.55798259375 0.724185359375 0.57495116796875 0.72367860546875 0.690879353515625 0.664052533203125 0.711494943359375 0.647714318359375 0.722353583984375 0.625613888671875 0.75824690234375 0.64505693359375 0.768705072265625 0.67711455078125 0.785161119140625 0.69604506640625 0.796838806640625 0.698554962890625 0.800049921875 0.71317267578125 0.811138451171875 0.724107943359375 0.812741123046875 0.749619724609375 0.807450234375 0.75263637890625 0.8088172421875 0.781518306640625 0.80258369921875 0.7980155546875 0.78953323046875 0.803029576171875 0.76943016796875 0.79993051953125 0.741290658203125 0.814895953125 0.730078525390625 0.84205160546875 0.68445791015625 0.87696106640625 0.670977314453125 0.876018412109375 0.650014001953125 0.861006001953125 0.633670013671875 0.876796259765625 0.62018941796875 0.87585360546875 0.587159494140625 0.839677646484375 0.55114834375 0.82191967578125 0.4789966640625 0.86090050390625 0.40308591015625 0.880992015625 0.381574640625 0.861708005859375 0.36328026171875 0.820635859375 0.351366908203125 0.821496109375 0.345369029296875 0.83462320703125 0.32154232421875 0.8363437109375 0.31048922265625 0.849117314453125 0.161366302734375 0.92335532421875 0.11096733203125 0.941844169921875 0.102736419921875 0.950581833984375 0.106613326171875 0.96778607421875 0.10925148046875 0.973897150390625 0.39096363671875 0.9935963828125 0.384215314453125 0.969605255859375 0.39339616015625 0.948972830078125 0.435749279296875 0.95193444921875 0.464181650390625 0.93264821875 0.500893728515625 0.9332813671875 0.56513719140625 0.955180099609375 0.572573544921875 1 0.96625754296875 1
0 0.805204083984375 0.336770720703125 0.81096630078125 0.327013771484375 0.823975568359375 0.33469672265625 0.8281705390625 0.323136865234375 0.836006751953125 0.332151396484375 0.84623503125 0.3311733125 0.845415982421875 0.30656298828125 0.823315552734375 0.29570434765625 0.779739279296875 0.289270568359375 0.775273216796875 0.280491701171875 0.769116306640625 0.308000849609375 0.776051064453125 0.317799001953125 0.776522390625 0.311058705078125 0.783144857421875 0.31321510546875 0.788512375 0.321210353515625 0.78478873046875 0.326029912109375 0.797680166015625 0.335397939453125 0.805204083984375 0.336770720703125
0 1 0.372983904296875 0.917238044921875 0.369157951171875 0.95199424609375 0.392754767578125 1 0.403072693359375 1 0.372983904296875
0 0.239277841796875 0.148185669921875 0.24472776171875 0.13078696875 0.163849966796875 0.088725189453125 0.117221615234375 0.05329165234375 0.102603900390625 0.056502767578125 0.1216464765625 0.0747674921875 0.12442169140625 0.119834376953125 0.130301736328125 0.1083923515625 0.175798748046875 0.1115738125 0.178108408203125 0.126975146484375 0.1939398671875 0.13062216015625 0.195465908203125 0.145122041015625 0.200874626953125 0.1404203125 0.200521130859375 0.145475537109375 0.209730125 0.1469661484375 0.239277841796875 0.148185669921875
0 1 0.28604624609375 0.983244361328125 0.284874578125 0.94194232421875 0.270133259765625 0.927088947265625 0.2767145234375 0.936610234375 0.28584688671875 0.933198884765625 0.298308197265625 0.885191978515625 0.30680442578125 0.87633648046875 0.30025858984375 0.876966841796875 0.279136244140625 0.867050857421875 0.287756076171875 0.861712994140625 0.33987555078125 0.912536318359375 0.363749234375 0.933387572265625 0.344040869140625 0.975632263671875 0.345301591796875 0.981158814453125 0.338914791015625 0.9924830078125 0.34647991015625 0.99487507421875 0.336487296875 1 0.335829875 1 0.28604624609375
0 0.60516887890625 0.206790884765625 0.596354583984375 0.187548076171875 0.59800423046875 0.16395703515625 0.58378121484375 0.149415953125 0.583274458984375 0.132447376953125 0.588017390625 0.12515912109375 0.617918603515625 0.12132341796875 0.61956825 0.097732376953125 0.581754193359375 0.0815416484375 0.57305773046875 0.060613765625 0.588694724609375 0.054933955078125 0.579839228515625 0.0483881171875 0.574430509765625 0.053089845703125 0.5715316875 0.046113884765625 0.510986841796875 0.04018686328125 0.5009414765625 0.123303466796875 0.5018725859375 0.18263456640625 0.55708534375 0.20427521484375 0.59662567578125 0.20788680078125 0.60516887890625 0.206790884765625
0 0.172504859375 0 0.206459701171875 0.012118994140625 0.248586560546875 0.015064791015625 0.316142798828125 0.0418018671875 0.32958219140625 0.055441494140625 0.250925876953125 0.090580845703125 0.2572714765625 0.10880437109375 0.269184830078125 0.107944119140625 0.326394955078125 0.1373443515625 0.377848642578125 0.1400956875 0.371390984375 0.087151388671875 0.375585955078125 0.07559153125 0.3977687890625 0.06105622265625 0.416304607421875 0.062352373046875 0.423433828125 0.0814773515625 0.449652599609375 0.069764234375 0.466462142578125 0.08363952734375 0.467558056640625 0.092182732421875 0.463280681640625 0.129136537109375 0.446583197265625 0.149982015625 0.445758373046875 0.161777537109375 0.4799666171875 0.181102751953125 0.48620016015625 0.164605501953125 0.49252765234375 0.049902609375 0.48727796875 0.040222291015625 0.4547902265625 0.04472378125 0.380646953125 0.0395391796875 0.295261890625 0.0013955078125 0.287271048828125 0 0.172504859375 0