1 0.6318359375 0.771484375 0.224609375 0.27734375
1 0.5048828125 0.15234375 0.216796875 0.3046875
1 0.15234375 0.6201171875 0.22265625 0.283203125
1 0.673828125 0.16015625 0.15234375 0.20703125
1 0.810546875 0.9453125 0.20703125 0.109375
1 0.5810546875 0.4697265625 0.162109375 0.2421875
1 0.6875 0.4638671875 0.125 0.203125
1 0.0791015625 0.423828125 0.123046875 0.1953125
1 0.3212890625 0.416015625 0.126953125 0.181640625
1 0.9140625 0.2060546875 0.171875 0.236328125
1 0.8984375 0.443359375 0.203125 0.23046875
1 0.267578125 0.8525390625 0.287109375 0.259765625
1 0.59765625 0.92578125 0.26171875 0.1484375
1 0.25390625 0.15625 0.294921875 0.259765625