1 0.51953125 0.5068359375 0.107421875 0.134765625
1 0.353515625 0.458984375 0.095703125 0.166015625
1 0.3046875 0.2724609375 0.228515625 0.224609375
1 0.16796875 0.4130859375 0.107421875 0.107421875
1 0.2001953125 0.5302734375 0.103515625 0.123046875
1 0.07421875 0.41015625 0.091796875 0.107421875
1 0.044921875 0.2412109375 0.046875 0.111328125
1 0.1669921875 0.1953125 0.076171875 0.080078125
1 0.064453125 0.1201171875 0.05859375 0.12890625
1 0.091796875 0.0283203125 0.08203125 0.056640625
1 0.3203125 0.0869140625 0.21875 0.173828125
1 0.29296875 0.005859375 0.22265625 0.01171875
1 0.771484375 0.064453125 0.197265625 0.08984375
1 0.94140625 0.08984375 0.1171875 0.08984375
1 0.513671875 0.4072265625 0.10546875 0.080078125
0 1 0.415752376953125 0.986913388671875 0.416355228515625 0.930260345703125 0.407649958984375 0.905047525390625 0.39930676953125 0.89102004296875 0.3853403671875 0.881254673828125 0.350907498046875 0.850449185546875 0.345375912109375 0.796758244140625 0.3125462578125 0.776201259765625 0.31614419921875 0.78073603515625 0.321948447265625 0.7746296875 0.33606644921875 0.76277907421875 0.332862228515625 0.759302193359375 0.31844212890625 0.7530747890625 0.326423244140625 0.743793658203125 0.316537919921875 0.72226930078125 0.32089165625 0.71897455859375 0.340602326171875 0.738413673828125 0.367477236328125 0.741709515625 0.397617447265625 0.71160205078125 0.51461199609375 0.72290955078125 0.5649765546875 0.711633693359375 0.5784598203125 0.687086150390625 0.57894405859375 0.678772396484375 0.568302939453125 0.68282293359375 0.549559642578125 0.669339666015625 0.538283787109375 0.65878906640625 0.538737484375 0.60434453515625 0.604642220703125 0.600928734375 0.618216005859375 0.6019266484375 0.631457150390625 0.665231359375 0.67858584375 0.66680403125 0.708514478515625 0.656162912109375 0.71682823046875 0.64065437890625 0.7149240234375 0.58242866015625 0.67629012109375 0.555492669921875 0.6677353515625 0.5392883203125 0.64300676953125 0.401857845703125 0.622634130859375 0.361348068359375 0.610663560546875 0.348620599609375 0.600355078125 0.30965295703125 0.60431619921875 0.28247484765625 0.58348765625 0.25726202734375 0.57514446484375 0.204962720703125 0.587963556640625 0.131411712890625 0.631407099609375 0.1180495078125 0.626268126953125 0.112245259765625 0.630802904296875 0.068047025390625 0.60613540234375 0 0.597780279296875 0 0.9423626328125 0.4694186875 1 0.9423626328125 1 0.990389560546875 0.6088520625 0.963428150390625 0.60762714453125 0.950277525390625 0.600765001953125 0.934496330078125 0.572590080078125 0.901513974609375 0.556296314453125 0.9016044921875 0.5484362578125 0.999253845703125 0.5366582421875 1 0.530581302734375 1 0.415752376953125