1 0.541015625 0.0537109375 0.109375 0.107421875
1 0.802734375 0.3232421875 0.09375 0.1171875
1 0.666015625 0.1640625 0.076171875 0.109375
1 0.9189453125 0.7333984375 0.111328125 0.1796875
1 0.59375 0.080078125 0.078125 0.09765625
1 0.7939453125 0.0849609375 0.09765625 0.068359375
1 0.0205078125 0.828125 0.041015625 0.12109375
1 0.689453125 0.0458984375 0.076171875 0.04296875
1 0.2724609375 0.3095703125 0.11328125 0.142578125
1 0.3662109375 0.349609375 0.103515625 0.12109375
1 0.4130859375 0.41015625 0.134765625 0.162109375
1 0.478515625 0.46484375 0.12890625 0.1484375
1 0.6328125 0.5361328125 0.142578125 0.171875
1 0.767578125 0.650390625 0.134765625 0.1640625
1 0.75 0.2021484375 0.12890625 0.134765625
1 0.96875 0.1591796875 0.0625 0.107421875
1 0.9052734375 0.11328125 0.08984375 0.0625
1 0.12890625 0.1123046875 0.107421875 0.12890625
1 0.1376953125 0.58203125 0.1953125 0.244140625
1 0.2626953125 0.6435546875 0.1875 0.248046875
1 0.3740234375 0.66015625 0.142578125 0.177734375
1 0.7275390625 0.9033203125 0.244140625 0.193359375
1 0.1845703125 0.8720703125 0.15234375 0.146484375
1 0.8642578125 0.234375 0.09765625 0.11328125
1 0.359375 0.2353515625 0.109375 0.107421875
1 0.2294921875 0.0263671875 0.103515625 0.052734375