1 0.8037109375 0.6484375 0.32421875 0.240234375
1 0.6064453125 0.5458984375 0.240234375 0.166015625
1 0.80078125 0.3486328125 0.154296875 0.107421875
1 0.8740234375 0.482421875 0.201171875 0.123046875
1 0.96875 0.541015625 0.0625 0.095703125
1 0.9619140625 0.3642578125 0.076171875 0.087890625
1 0.2685546875 0.287109375 0.30078125 0.107421875
1 0.03125 0.2939453125 0.0546875 0.087890625
0 0.935763115234375 1 0.9359978203125 0.907196544921875 0.924087111328125 0.864260615234375 0.929468359375 0.82795659765625 0.913229763671875 0.806309138671875 0.889361126953125 0.813805107421875 0.88272921875 0.831097060546875 0.8733198359375 0.826185263671875 0.850812322265625 0.84636514453125 0.846176669921875 0.83995415234375 0.771710447265625 0.84498441796875 0.764715544921875 0.837740984375 0.762770515625 0.81317798046875 0.679778580078125 0.762671244140625 0.675671603515625 0.771303416015625 0.681640765625 0.791980361328125 0.680895171875 0.834695373046875 0.653112865234375 0.83974925 0.62799356640625 0.828233154296875 0.62338552734375 0.820240123046875 0.618556572265625 0.824903392578125 0.609312876953125 0.8104993671875 0.53736758984375 0.76176797265625 0.530688458984375 0.87242775390625 0.52254534375 0.749640353515625 0.451404880859375 0.70013174609375 0.43602633984375 0.674543001953125 0.393697931640625 0.651648880859375 0.375849681640625 0.631555845703125 0.372156927734375 0.616457455078125 0.340267646484375 0.6301435 0.32847140234375 0.625981296875 0.32553625 0.70347351953125 0.33158825390625 0.719404353515625 0.347270556640625 0.727590685546875 0.354794138671875 0.749877283203125 0.34963380859375 0.77352500390625 0.345609677734375 0.77741105859375 0.33780994921875 0.770944837890625 0.328653103515625 0.79689657421875 0.3183284375 0.79909013671875 0.2938955 0.702921228515625 0.299694970703125 0.687988521484375 0.313183708984375 0.68585019140625 0.313195310546875 0.503860650390625 0.310918904296875 0.49828209765625 0.29981702734375 0.49967083203125 0.2975958515625 0.490928205078125 0.300120787109375 0.482268419921875 0.3111398203125 0.485625796875 0.31918808203125 0.477853681640625 0.3372296328125 0.486872455078125 0.32724034765625 0.515183443359375 0.328858005859375 0.603832771484375 0.3456765078125 0.592257443359375 0.3535038515625 0.59714162890625 0.359165248046875 0.590119111328125 0.36149287890625 0.547431712890625 0.360159373046875 0.53316576171875 0.346031494140625 0.52658908203125 0.346307640625 0.510768705078125 0.359405771484375 0.4856770234375 0.3595122265625 0.434246998046875 0.32312536328125 0.433611861328125 0.318462095703125 0.42878290625 0.308859412109375 0.4349453671875 0.251878447265625 0.43553328125 0.231091044921875 0.447830591796875 0.1915124921875 0.448722263671875 0.164341708984375 0.46407319140625 0.15299130078125 0.479700265625 0.136058337890625 0.4525018671875 0.11643475 0.44345548046875 0.123204732421875 0.4182533359375 0.137608755859375 0.40900964453125 0.136914388671875 0.403458705078125 0.06089374609375 0.406879318359375 0.05115298828125 0.42095196875 0.037135568359375 0.40804713671875 0.00147632421875 0.411058037109375 0 0.495636595703125 0 0.4967911328125 0.004003630859375 0.49292487109375 0.0126081875 0.4986138828125 0.008445984375 0.510410126953125 0 0.50743003515625 0 0.524212919921875 0.01816312890625 0.543021390625 0.04123094140625 0.5814045078125 0.048395537109375 0.62425759375 0.091915375 0.624225974609375 0.09891027734375 0.63146941015625 0.095552900390625 0.642488443359375 0.081093646484375 0.654896212890625 0.075574326171875 0.69911041796875 0.109909703125 0.726612576171875 0.115602716796875 0.763109896484375 0.1384732265625 0.76746540234375 0.17933405859375 0.829105630859375 0.202843705078125 0.842176150390625 0.19424315234375 0.881589013671875 0.182198376953125 0.8916651484375 0.1440637890625 0.900494625 0.12152866015625 0.922256544921875 0.058026244140625 0.93380826171875 0 0.908319111328125 0 0.991348630859375 0.495636583984375 1 0.935763115234375 1
0 0.566719923828125 0.62143608203125 0.53219124609375 0.6050081875 0.532250478515625 0.64694598828125 0.534747798828125 0.639868240234375 0.55523144140625 0.64497334375 0.57427112109375 0.64214064453125 0.579932517578125 0.635118125 0.566719923828125 0.62143608203125
0 0.721996119140625 0.474598345703125 0.738175482421875 0.45430800390625 0.699567443359375 0.444930240234375 0.6894636953125 0.43446750390625 0.689684611328125 0.421811203125 0.6803304609375 0.413735328125 0.678440658203125 0.38600825 0.659456208984375 0.385676875 0.6466618359375 0.393366146484375 0.608692935546875 0.392703396484375 0.59750821484375 0.398838244140625 0.521680873046875 0.391184595703125 0.51207819140625 0.397347056640625 0.477245751953125 0.398321576171875 0.456458345703125 0.410618884765625 0.380410087890625 0.415621537109375 0.3715846171875 0.42258882421875 0.379566046875 0.599970326171875 0.391468748046875 0.552702501953125 0.4131438203125 0.5348818671875 0.436957228515625 0.530549974609375 0.451751861328125 0.5442596328125 0.46069179296875 0.576066068359375 0.455282931640625 0.613952125 0.459642439453125 0.6361834921875 0.468219380859375 0.64345454296875 0.48248533203125 0.64212103515625 0.50038480859375 0.61394812109375 0.515207052734375 0.626075740234375 0.513376486328125 0.64028646484375 0.52117621484375 0.6467526875 0.5251687265625 0.599346791015625 0.505545138671875 0.59030040234375 0.49938267578125 0.580697720703125 0.48597677734375 0.578089939453125 0.4804218359375 0.533682431640625 0.47117814453125 0.51927840625 0.51050416015625 0.487523193359375 0.559298791015625 0.502617583984375 0.643809529296875 0.466112255859375 0.66276636328125 0.46802566796875 0.7240239921875 0.494415236328125 0.721996119140625 0.474598345703125
0 0.991348630859375 1 0.995338294921875 0.771432318359375 0.968182853515625 0.7859043359375 0.957416353515625 0.81341049609375 0.94398284375 0.81238475390625 0.941461912109375 0.8661464140625 0.942003857421875 1 0.991348630859375 1
0 1 0.25613929296875 0.985316306640625 0.25764188671875 0.9858726015625 0.27110301171875 1 0.270946046875 1 0.25613929296875
0 0.651009333984375 0.28029188671875 0.652145533203125 0.2605302265625 0.590363228515625 0.26419937109375 0.565133470703125 0.259011423828125 0.55755466015625 0.23988890234375 0.542401037109375 0.246745732421875 0.542207736328125 0.25781999609375 0.564802095703125 0.277995875 0.585340970703125 0.279936900390625 0.601327033203125 0.270720822265625 0.641434265625 0.2848723125 0.651009333984375 0.28029188671875
0 0.854839634765625 0.25299062890625 0.848791634765625 0.282161671875 0.84077098828125 0.288351748046875 0.842992166015625 0.297094375 0.851679564453125 0.2980372734375 0.8811543671875 0.28668286328125 0.915931578125 0.288872421875 0.914069390625 0.2595633046875 0.854839634765625 0.25299062890625
0 0.72933399609375 0.2808677890625 0.73638412890625 0.2849471484375 0.7345259453125 0.300739908203125 0.74865382421875 0.307316591796875 0.766888677734375 0.3052611015625 0.777323802734375 0.296739388671875 0.77720933984375 0.2579656640625 0.66965840625 0.2545058359375 0.659278509765625 0.25986347265625 0.659085208984375 0.270937736328125 0.666135341796875 0.27501709375 0.68839432421875 0.269075548828125 0.7067988671875 0.3026297109375 0.715569111328125 0.298826498046875 0.718981716796875 0.284643388671875 0.72933399609375 0.2808677890625
0 0.367418412109375 0.389283193359375 0.36619536328125 0.368689091796875 0.333805015625 0.3657499375 0.3209554140625 0.376603283203125 0.28936989453125 0.37288691796875 0.2813216328125 0.380659029296875 0.2480436171875 0.383243201171875 0.242216533203125 0.399757943359375 0.262727791015625 0.4032810078125 0.36014736328125 0.3978601328125 0.367418412109375 0.389283193359375
0 0.162862123046875 0.36751367578125 0.11057204296875 0.3713485078125 0.107546041015625 0.36338308984375 0.063248990234375 0.3626098828125 0.05198142578125 0.37349084375 0.001978466796875 0.382290302734375 0.001671353515625 0.399884763671875 0.0102409296875 0.407577689453125 0.030030205078125 0.407131853515625 0.15284522265625 0.39740669921875 0.172883029296875 0.38272252734375 0.1730211015625 0.37481233984375 0.162862123046875 0.36751367578125