1 0.9169921875 0.0576171875 0.1015625 0.11328125
1 0.3291015625 0.703125 0.119140625 0.1328125
1 0.6103515625 0.7783203125 0.09375 0.123046875
1 0.7421875 0.662109375 0.185546875 0.220703125
1 0.4384765625 0.744140625 0.126953125 0.146484375
1 0.953125 0.470703125 0.09375 0.107421875
1 0.494140625 0.7724609375 0.08984375 0.107421875
1 0.3271484375 0.201171875 0.322265625 0.400390625
1 0.16015625 0.66796875 0.099609375 0.125
1 0.1025390625 0.62890625 0.08984375 0.08203125
1 0.2431640625 0.6884765625 0.091796875 0.14453125
0 0.7418069296875 0 0.741469462890625 0.000884173828125 0.749789404296875 0.013713515625 0.75949044921875 0.015998724609375 0.744669869140625 0.017390927734375 0.731901541015625 0.027458052734375 0.750066744140625 0.09679640625 0.76687856640625 0.102331935546875 0.77881490234375 0.118533625 0.779852125 0.148235798828125 0.774671580078125 0.150166025390625 0.7715321875 0.13540645703125 0.768292962890625 0.1678819453125 0.75655076171875 0.18228653125 0.8044569609375 0.201605419921875 0.8003746484375 0.2349850078125 0.81045287109375 0.273118048828125 0.81762465625 0.278115556640625 0.821019197265625 0.3252285859375 0.77897578515625 0.3485632421875 0.74902955859375 0.34261171875 0.650466041015625 0.35042692578125 0.663023607421875 0.409465197265625 0.653749650390625 0.419410296875 0.636338796875 0.42176761328125 0.635800775390625 0.431407646484375 0.712294287109375 0.517951623046875 0.71007009375 0.52939985546875 0.6119391953125 0.424368984375 0.465663611328125 0.443471578125 0.355529833984375 0.44556821875 0.33903417578125 0.474133337890625 0.307767853515625 0.480473134765625 0.290834005859375 0.471443232421875 0.294134244140625 0.4407149296875 0.194666625 0.44768705078125 0.18020102734375 0.434197662109375 0.17466549609375 0.45100948046875 0.17925810546875 0.48233681640625 0.167210837890625 0.48800546875 0.163400302734375 0.454026845703125 0.162984306640625 0.46716125390625 0.152745240234375 0.474516080078125 0.15245126953125 0.491144859375 0.1435711171875 0.437226125 0.143826265625 0.469579583984375 0.135273373046875 0.4751262109375 0.142323130859375 0.476629345703125 0.144436396484375 0.487051453125 0.134918388671875 0.4900078046875 0.12943277734375 0.48320209765625 0.11750753515625 0.492365123046875 0.10984764453125 0.473390119140625 0.10032963671875 0.47634647265625 0.10762344921875 0.484838353515625 0.1000966796875 0.494722439453125 0.09677425 0.4747213125 0.07918035546875 0.4718370703125 0.0756637890625 0.421229666015625 0.05926796484375 0.40255973046875 0.055202279296875 0.336227646484375 0.041102759765625 0.333221376953125 0.035911115234375 0.309786888671875 0.032660794921875 0.316897662109375 0.023020759765625 0.316359642578125 0.02982646875 0.310874029296875 0.021029521484375 0.309431908203125 0.0181230859375 0.276296373046875 0.01131737890625 0.281781986328125 0 0.24986796484375 0 0.508727541015625 0.0031655703125 0.599377615234375 0.010313482421875 0.603691439453125 0.01454001171875 0.62453565625 0.0355173515625 0.649168212890625 0.044314296875 0.650610333984375 0.049300708984375 0.61807383203125 0.06231308984375 0.614995455078125 0.068092671875 0.605172380859375 0.063721919921875 0.530104365234375 0.095953357421875 0.526354841796875 0.101888255859375 0.59612028515625 0.133276603515625 0.59327486328125 0.139777244140625 0.57905331640625 0.15972845703125 0.5993484140625 0.170078455078125 0.57012324609375 0.179596462890625 0.56716689453125 0.186291240234375 0.583551623046875 0.181354744140625 0.592470595703125 0.191360857421875 0.603491736328125 0.198105552734375 0.596258939453125 0.208832724609375 0.60288160546875 0.23619977734375 0.63516295703125 0.2656578984375 0.62713698828125 0.306880416015625 0.655435861328125 0.3501940078125 0.6434274140625 0.38340165234375 0.667632880859375 0.390889599609375 0.706731037109375 0.41449603125 0.681416236328125 0.48830496875 0.69108399609375 0.490307302734375 0.723376443359375 0.524713017578125 0.73179621484375 0.536405302734375 0.74100915625 0.5352294296875 0.807524279296875 0.510291806640625 0.81976568359375 0.48233681640625 0.82074189453125 0.37689548046875 0.8069308125 0.368747484375 0.77397831640625 0.312776494140625 0.774183548828125 0.2649923203125 0.75835903515625 0.1964249453125 0.748508240234375 0.181959345703125 0.735018849609375 0.152196158203125 0.73430888671875 0.1201976796875 0.71968244140625 0.100917611328125 0.7186063984375 0.113586107421875 0.755774328125 0.099253630859375 0.77114402734375 0.06142565234375 0.78995818359375 0.01003117578125 0.795982826171875 0.0113991015625 0.83515510546875 0.029876458984375 0.838291474609375 0.056461435546875 0.87322411328125 0.05207405859375 0.897867767578125 0.060210958984375 0.905455548828125 0.06539150390625 0.903525322265625 0.07099914453125 0.913825404296875 0.12727519921875 0.922356103515625 0.139810572265625 0.930664947265625 0.162524 0.92987177734375 0.192753099609375 0.8938298046875 0.2186558359375 0.88417867578125 0.23246138671875 0.903813724609375 0.23435279296875 0.957976515625 0.24846341015625 0.98634749609375 0.261353763671875 0.979774744140625 0.26056059375 0.957061318359375 0.27012851953125 0.9304874375 0.26787103515625 0.86584152734375 0.2284678125 0.86459354296875 0.1946611328125 0.848280923828125 0.18615815625 0.830210021484375 0.210729697265625 0.80748549609375 0.243499154296875 0.79409594140625 0.26742175 0.802881791015625 0.287201017578125 0.84330004296875 0.299126259765625 0.834137015625 0.328889447265625 0.83484698046875 0.3657134921875 0.86242479296875 0.373495408203125 0.884894169921875 0.388865109375 0.89922664453125 0.4155 0.910541755859375 0.453671865234375 0.851481291015625 0.480245744140625 0.86104921484375 0.51325925390625 0.85464840625 0.54430371875 0.892049291015625 0.5703894921875 0.88763972265625 0.594800189453125 0.91040306640625 0.614701486328125 0.95431569140625 0.63680478125 0.936050654296875 0.6554358984375 0.9686370703125 0.668925287109375 0.954171470703125 0.699958654296875 0.966207642578125 0.6957808515625 0.993467955078125 0.97641387109375 0.983668033203125 0.989758701171875 0.974455435546875 1 0.9758703046875 1 0.73611098828125 0.99127289453125 0.71725290234375 0.910292171875 0.70258763671875 0.8951554296875 0.669879193359375 0.858586533203125 0.67465484375 0.8491295390625 0.679358380859375 0.849861697265625 0.700324623046875 0.84089280859375 0.71900565625 0.82685430078125 0.71774657421875 0.78764521484375 0.74710486328125 0.690717953125 0.7767293984375 0.659085552734375 0.77258607421875 0.661087888671875 0.8048785234375 0.653561119140625 0.814762609375 0.580362314453125 0.82256671875 0.572114486328125 0.836849279296875 0.562291412109375 0.83106969921875 0.559262951171875 0.7944397890625 0.554359708984375 0.60393541796875 0.558797001953125 0.55567423828125 0.5669949140625 0.565009205078125 0.570799919921875 0.724064212890625 0.58056198046875 0.728096607421875 0.61429655078125 0.717297326171875 0.617302818359375 0.7031978046875 0.63910105078125 0.676196833984375 0.63842990625 0.656977779296875 0.6499280546875 0.635584447265625 0.660827171875 0.622083958984375 0.6807062734375 0.61526715625 0.707856994140625 0.5662128046875 0.72008730078125 0.565785712890625 0.734491888671875 0.5775279140625 0.753039796875 0.557637716796875 0.78394004296875 0.540814798828125 0.810003623046875 0.485675798828125 0.8239811171875 0.4851876953125 0.83610049609375 0.506630943359375 0.845862556640625 0.51066333984375 0.874954599609375 0.49215425 0.900979361328125 0.4859974921875 0.904096560546875 0.450027630859375 0.923487556640625 0.42923333203125 0.960178478515625 0.427952056640625 0.9657140078125 0.411140236328125 0.980229521484375 0.40101209765625 0.996864794921875 0.4014919375 0.991502708984375 0.247941896484375 0.984378376953125 0.2443033125 0.97840466015625 0.223520109375 0.984600236328125 0.20056262890625 0.989740107421875 0.197467611328125 0.986577595703125 0.106905099609375 0.98395681640625 0.106996619140625 0.976724015625 0.100251923828125 0.958420158203125 0.1271308671875 0.900885021484375 0.132638673828125 0.89280913671875 0.126798080078125 0.862596662109375 0.06312837890625 0.85361667578125 0.056444697265625 0.8658247890625 0.00528817578125 0.860961841796875 0 0.7418069296875 0
0 0.61111760546875 0 0.610369443359375 0.003712970703125 0.615195009765625 0.016664337890625 0.649833677734375 0.006708142578125 0.658874677734375 0.01513901171875 0.671948072265625 0.013807818359375 0.673890595703125 0 0.61111760546875 0
0 0.922200896484375 0 0.93673838671875 0.00718511328125 0.96525358984375 0.047298298828125 0.97411155078125 0.05048760546875 0.984542373046875 0.048623939453125 0.982844388671875 0 0.922200896484375 0
0 0.037053775390625 0.718212595703125 0.042478375 0.7232711171875 0.04044831640625 0.765325626953125 0.03111334765625 0.7735235390625 0.01189429296875 0.77419468359375 0.009217419921875 0.772679916015625 0.010033494140625 0.79604923828125 0.08027862890625 0.77880391796875 0.104251138671875 0.763972240234375 0.111594869140625 0.74884659375 0.08579196484375 0.711262669921875 0.072535533203125 0.707352298828125 0.037053775390625 0.718212595703125