1 0.2099609375 0.35546875 0.04296875 0.05859375
1 0.4677734375 0.7412109375 0.080078125 0.083984375
1 0.1396484375 0.509765625 0.05859375 0.052734375
1 0.4013671875 0.71875 0.080078125 0.06640625
1 0.400390625 0.1318359375 0.06640625 0.0625
1 0.7333984375 0.828125 0.10546875 0.115234375
1 0.7783203125 0.7099609375 0.103515625 0.125
1 0.212890625 0.1005859375 0.07421875 0.0703125
1 0.4140625 0.1875 0.0703125 0.064453125
1 0.4306640625 0.7255859375 0.103515625 0.080078125
1 0.154296875 0.3056640625 0.060546875 0.060546875
1 0.349609375 0.8935546875 0.11328125 0.12109375
1 0.271484375 0.3427734375 0.068359375 0.04296875
1 0.12890625 0.087890625 0.08984375 0.041015625
1 0.08203125 0.0234375 0.068359375 0.04296875
1 0.111328125 0.1748046875 0.064453125 0.05078125
1 0.224609375 0.18359375 0.0390625 0.041015625
1 0.169921875 0.1953125 0.03515625 0.05078125
1 0.3642578125 0.8369140625 0.083984375 0.080078125
1 0.0908203125 0.634765625 0.091796875 0.072265625
1 0.0595703125 0.4267578125 0.05078125 0.05859375
1 0.150390625 0.4365234375 0.05859375 0.056640625
1 0.0693359375 0.3115234375 0.03125 0.037109375
1 0.25 0.056640625 0.05859375 0.05078125
1 0.63671875 0.8671875 0.07421875 0.119140625
1 0.4892578125 0.9453125 0.037109375 0.052734375
1 0.55859375 0.7060546875 0.037109375 0.04296875
1 0.33203125 0.3330078125 0.041015625 0.033203125
1 0.0244140625 0.37890625 0.041015625 0.076171875
1 0.2841796875 0.134765625 0.05078125 0.044921875
1 0.1083984375 0.005859375 0.041015625 0.01171875
0 0.701692720703125 0.033271427734375 0.690170568359375 0.04011146484375 0.685961375 0.0517105078125 0.695396705078125 0.062564615234375 0.7046782578125 0.051320265625 0.701692720703125 0.033271427734375
0 0.4433123046875 0.78827330859375 0.41369997265625 0.8108388984375 0.416803740234375 0.82719694921875 0.445742232421875 0.838565322265625 0.455697623046875 0.793387009765625 0.4433123046875 0.78827330859375
0 0.63297057421875 0.955299900390625 0.6319064921875 0.97051698046875 0.648696125 0.973390078125 0.668435748046875 0.9705227734375 0.67488554296875 0.96332804296875 0.65291111328125 0.925261779296875 0.639343478515625 0.93705594140625 0.63297057421875 0.955299900390625
0 0.6376263671875 0.111195595703125 0.667079125 0.103060806640625 0.66044000390625 0.06436783984375 0.642231595703125 0.081784177734375 0.609320373046875 0.0786332734375 0.617455158203125 0.10808603125 0.6376263671875 0.111195595703125
0 0.245259611328125 0.7412925625 0.246914849609375 0.71762155078125 0.225448890625 0.696581380859375 0.210350044921875 0.693826513671875 0.19811850390625 0.71081126953125 0.199762154296875 0.760198771484375 0.24494046484375 0.770154162109375 0.253749091796875 0.7656729609375 0.254340248046875 0.757219029296875 0.245259611328125 0.7412925625
0 0 0.59436164453125 0.004913294921875 0.5945082734375 0.02241231640625 0.587236654296875 0.03927883984375 0.601158982421875 0.043452484375 0.5657706953125 0.019432572265625 0.532658560546875 0.000715689453125 0.53304880078125 0 0.533495328125 0 0.59436164453125
0 0.205477810546875 0.42333621875 0.227062001953125 0.442685599609375 0.2278069375 0.456330123046875 0.240269146484375 0.472493052734375 0.24116786328125 0.50823603125 0.254694154296875 0.509181880859375 0.263159673828125 0.4367145234375 0.25384257421875 0.424169630859375 0.2615515703125 0.411116263671875 0.247475462890625 0.40588433203125 0.23076851171875 0.377531203125 0.22329598046875 0.38720299609375 0.197815951171875 0.3871203125 0.178590591796875 0.370484458984375 0.1812214375 0.39360565625 0.19380187890625 0.408077798828125 0.192856029296875 0.421604091796875 0.205477810546875 0.42333621875
0 0.1337627578125 0.877915537109375 0.14819355859375 0.878075111328125 0.178119244140625 0.863177177734375 0.18335117578125 0.8491010703125 0.199395875 0.838329646484375 0.1977464296875 0.825471400390625 0.14466979296875 0.78268167578125 0.129961189453125 0.798643693359375 0.10605371484375 0.80037002734375 0.08481842578125 0.81247754296875 0.074159439453125 0.83127131640625 0.082335568359375 0.84798405859375 0.1337627578125 0.877915537109375
0 0.54409487890625 0.027348275390625 0.539844345703125 0.051687333984375 0.534222171875 0.047046556640625 0.517941009765625 0.0611995546875 0.47940761328125 0.053407875 0.4761029296875 0.064220640625 0.439686111328125 0.099053318359375 0.434093693359375 0.15473104296875 0.444433533203125 0.16479887109375 0.4587461015625 0.16664923046875 0.467554728515625 0.16216802734375 0.471018984375 0.1369244609375 0.47723231640625 0.1331113046875 0.49390371875 0.13767519140625 0.50648416015625 0.152147333984375 0.526265125 0.136540013671875 0.554890265625 0.14024073046875 0.571366544921875 0.13544617578125 0.5747125703125 0.111893396484375 0.558750556640625 0.097184791015625 0.55750294140625 0.0299849140625 0.54409487890625 0.027348275390625
0 0.96625754296875 1 0.98372537890625 0.750198306640625 0.936826849609375 0.813438412109375 0.931671806640625 0.83856374609375 0.90370891796875 0.873987580078125 0.900824234375 0.963835728515625 0.90982798046875 0.968712966796875 0.9321628984375 0.96517761328125 0.937666841796875 0.97150917578125 0.931103552734375 1 0.96625754296875 1
0 0 0.96625754296875 0.186404349609375 0.979292205078125 0.193165162109375 0.95173057421875 0.224704744140625 0.925901646484375 0.241098341796875 0.946587119140625 0.243513447265625 0.983285662109375 0.406451470703125 0.9946793984375 0.3751020625 0.96190426171875 0.298277525390625 0.906410072265625 0.300606603515625 0.84880509765625 0.26451472265625 0.818246916015625 0.233176056640625 0.81690503125 0.2296291171875 0.867628626953125 0.1694999453125 0.913546080078125 0.127856986328125 0.92592560546875 0.07937978515625 0.890253724609375 0.043447478515625 0.84526473828125 0.026108029296875 0.83810555859375 0.02536309375 0.824461033203125 0.0338583671875 0.812312177734375 0.05269348046875 0.8102311484375 0.067325197265625 0.78321990625 0.098037158203125 0.769226482421875 0.111959486328125 0.75235995703125 0.086012326171875 0.722511162109375 0.059787359375 0.70878395703125 0.02180957421875 0.6687491015625 0 0.67674993359375 0 0.96625754296875
0 1 0.303365123046875 0.996398837890625 0.313834560546875 0.9894405703125 0.30400319140625 0.999632423828125 0.255443310546875 0.976865921875 0.25300179296875 0.969824970703125 0.268650455078125 0.97784152734375 0.299794 0.96541486328125 0.307420314453125 0.958687265625 0.3307366328125 0.9393023359375 0.328531578125 0.933366810546875 0.316223146484375 0.911540365234375 0.336784595703125 0.90049113671875 0.336861486328125 0.8915229375 0.355773490234375 0.86930625 0.357618056640625 0.860184271484375 0.35443160546875 0.872492703125 0.348496076171875 0.863961880859375 0.33685569140625 0.858061900390625 0.348336505859375 0.8523628359375 0.3326465 0.833764185546875 0.331345955078125 0.82975011328125 0.35230344140625 0.842921712890625 0.35832165234375 0.84288037109375 0.371061666015625 0.802892650390625 0.359770181640625 0.795307677734375 0.33460350390625 0.785281189453125 0.332203330078125 0.780959560546875 0.30896390234375 0.772505626953125 0.30837274609375 0.761296826171875 0.3228804375 0.7589793359375 0.30742689453125 0.74545304296875 0.306481044921875 0.745376154296875 0.29543181640625 0.714001939453125 0.2703006875 0.6617413359375 0.28873397265625 0.613772609375 0.2700881875 0.576693537109375 0.265796310546875 0.558366896484375 0.284903435546875 0.53457765234375 0.284938984375 0.5297004140625 0.293942732421875 0.5488075390625 0.312269373046875 0.557533482421875 0.33326819921875 0.5546603828125 0.350057833984375 0.537356482421875 0.36668789453125 0.49618644921875 0.372304275390625 0.458989146484375 0.369703185546875 0.451481064453125 0.35558573828125 0.4072486015625 0.3321040546875 0.401194845703125 0.32148641015625 0.3397825078125 0.276414744140625 0.231453939453125 0.270538724609375 0.209119021484375 0.274074078125 0.190242564453125 0.28889512109375 0.181859728515625 0.335882451171875 0.167624048828125 0.3450813203125 0.17615487109375 0.356721705078125 0.18940915234375 0.337259884765625 0.231797046875 0.338524880859375 0.259913712890625 0.325199501953125 0.310873771484375 0.325364869140625 0.32703669921875 0.312902658203125 0.347326140625 0.314321435546875 0.35283008203125 0.32065299609375 0.3527473984375 0.346133025390625 0.370831783203125 0.36693673046875 0.381644548828125 0.3702414140625 0.38093516015625 0.380386134765625 0.357932197265625 0.38132619140625 0.334887890625 0.39500626171875 0.291477255859375 0.396218330078125 0.27475871875 0.44092371484375 0.29233462890625 0.44470132421875 0.295793091796875 0.455987015625 0.274238658203125 0.496956134765625 0.270183244140625 0.530653634765625 0.25642048828125 0.53308935546875 0.25909267578125 0.5434705390625 0.251070326171875 0.54885625 0.214617958984375 0.559899685546875 0.194446751953125 0.556790123046875 0.195156140625 0.54664540234375 0.175457857421875 0.536772693359375 0.144899673828125 0.57286457421875 0.14343955859375 0.60589402734375 0.169900984375 0.616239662109375 0.197107349609375 0.640229818359375 0.213660521484375 0.6464844921875 0.216409595703125 0.667914900390625 0.225176880859375 0.676173712890625 0.258519685546875 0.685301486328125 0.271933541015625 0.651408865234375 0.289355673828125 0.633088017578125 0.311217666015625 0.6363158125 0.332878744140625 0.666714419921875 0.3488821015625 0.668683009765625 0.348651431640625 0.635535326171875 0.341610482421875 0.65118398828125 0.333156548828125 0.65059283203125 0.33670348828125 0.599869236328125 0.34681266015625 0.576789380859375 0.354953240234375 0.569712884765625 0.366670513671875 0.5722312890625 0.3714650703125 0.5887075703125 0.365600638671875 0.623977625 0.380894607421875 0.636090935546875 0.404175376953125 0.619029291015625 0.428437544921875 0.612230595703125 0.52484792578125 0.6427590234375 0.539154701171875 0.681138640625 0.567661609375 0.68653014453125 0.57800144921875 0.6965979765625 0.579254859375 0.727268595703125 0.59690766015625 0.74209543359375 0.608424021484375 0.771784654296875 0.623286404296875 0.777921095703125 0.62320372265625 0.803401123046875 0.63208923828125 0.8099691484375 0.65745103515625 0.811742619140625 0.6757718828125 0.82916475 0.6928806640625 0.803176248046875 0.70055411328125 0.766333638671875 0.71195803515625 0.761184388671875 0.72591591015625 0.768107109375 0.72378774609375 0.798541265625 0.74199036328125 0.81765418359375 0.78547788671875 0.82749134375 0.79940021484375 0.8106248203125 0.79936466796875 0.786835576171875 0.787688734375 0.77157715625 0.7268262109375 0.730791572265625 0.731591013671875 0.686949353515625 0.75974901953125 0.6608839609375 0.78739276171875 0.65432173046875 0.80583183984375 0.670053076171875 0.8124354140625 0.684956802734375 0.84471413671875 0.709301654296875 0.855846046875 0.683744734375 0.75208989453125 0.6174880390625 0.76624715625 0.57048060546875 0.777064447265625 0.5712370234375 0.783582810546875 0.58165461328125 0.781925234375 0.592405982421875 0.78091694140625 0.60682524609375 0.78137716796875 0.613196787109375 0.795087873046875 0.61143863671875 0.800850017578125 0.632670693359375 0.823153265625 0.65053122265625 0.860409935546875 0.66707333203125 0.856839033203125 0.620949169921875 0.866280158203125 0.59527401953125 0.879806451171875 0.59621987109375 0.885192162109375 0.604242220703125 0.883536923828125 0.62791323046875 0.86992794921875 0.652447408203125 0.868113138671875 0.69054922265625 0.889856900390625 0.69546780078125 0.920019046875 0.677188296875 0.926037255859375 0.664016697265625 0.9342547265625 0.667989427734375 0.94396786328125 0.662721947265625 0.9456231015625 0.639050935546875 0.936542462890625 0.62312446875 0.94240689453125 0.5878544140625 0.9348988125 0.573736966796875 0.9375412421875 0.5237996484375 0.91037042578125 0.523598732421875 0.89719303515625 0.554109779296875 0.86962618359375 0.571721240234375 0.866640646484375 0.553672404296875 0.85209161328125 0.5552036171875 0.850560400390625 0.5406545859375 0.8378617265625 0.52787323046875 0.836413197265625 0.487844166015625 0.826853841796875 0.515210103515625 0.8213498984375 0.508878541015625 0.811790541015625 0.536244478515625 0.80695464453125 0.5325082109375 0.81160121484375 0.490356779296875 0.80452471484375 0.48221619921875 0.792293173828125 0.499200953125 0.7867834375 0.5293986484375 0.776520486328125 0.530380046875 0.767670517578125 0.547601263671875 0.76216657421875 0.541269703125 0.759057013671875 0.56144091015625 0.7441119453125 0.580784498046875 0.732507107421875 0.6131045625 0.7251172578125 0.597296326171875 0.68839287890625 0.587932091796875 0.678880658203125 0.566028755859375 0.700866677734375 0.531036505859375 0.72941492578125 0.523687998046875 0.72694365625 0.486136 0.73905696484375 0.470842033203125 0.75120582421875 0.4793373046875 0.754664287109375 0.49062299609375 0.776490732421875 0.470061546875 0.795325845703125 0.46798051953125 0.80318862109375 0.477025607421875 0.816915830078125 0.450800642578125 0.839132517578125 0.448956076171875 0.86300444140625 0.423440498046875 0.883885037109375 0.416405341796875 0.9086556796875 0.426632744140625 0.923837208984375 0.403907583984375 0.949080775390625 0.40737183984375 0.990250810546875 0.401755458984375 1 0.40605513671875 1 0.303365123046875
0 1 0.03374245703125 0.981322734375 0.032436416015625 0.96459225 0.039761775390625 0.949611634765625 0.03531612109375 0.946277341796875 0.029985802734375 0.927422509765625 0.02866734375 0.9261770859375 0.030279310546875 0.87714427734375 0.026850603515625 0.87328977734375 0.03337728515625 0.829329328125 0.030303271484375 0.81583059765625 0.020864078125 0.812056958984375 0.02060019921875 0.800781078125 0.037651779296875 0.798298220703125 0.073158296875 0.810293298828125 0.059555115234375 0.81851076953125 0.063527845703125 0.824410748046875 0.052047033203125 0.830896091796875 0.068641546875 0.824446296875 0.07583627734375 0.81725156640625 0.069386482421875 0.817760041015625 0.086412578125 0.845125978515625 0.095971935546875 0.85991147265625 0.0910591484375 0.85747575 0.077296392578125 0.866916875 0.051621244140625 0.875252576171875 0.053903185546875 0.87882926953125 0.063498091796875 0.875914830078125 0.09302773828125 0.88720051953125 0.08956927734375 0.892119099609375 0.067825513671875 0.90364125390625 0.060985478515625 0.911699150390625 0.079389009765625 0.908944283203125 0.09448785546875 0.936546681640625 0.100665640625 0.946969205078125 0.085253439453125 0.952360708984375 0.05674653125 0.9653371875 0.05340630078125 0.96654925390625 0.09681693359375 0.973507521484375 0.10664830078125 0.98286596484375 0.106453181640625 1 0.105517732421875 1 0.03374245703125
0 0.011036548828125 0.324709626953125 0.00911849609375 0.352139044921875 0.011557421875 0.35370719921875 0.014779419921875 0.368374462890625 0.02311512109375 0.37065640625 0.03778238671875 0.36743440625 0.042659625 0.358430658203125 0.011036548828125 0.324709626953125
0 0.033543439453125 0.31871494921875 0.048914296875 0.34187748828125 0.077539435546875 0.345578205078125 0.078958212890625 0.325288767578125 0.057764265625 0.32465626953125 0.05525165234375 0.29984428515625 0.039130064453125 0.299566482421875 0.033543439453125 0.31871494921875
0 0.156917140625 0.170179578125 0.180588150390625 0.17183481640625 0.188882509765625 0.1868567734375 0.200446005859375 0.16727672265625 0.19541498828125 0.154182013671875 0.12868803515625 0.148666484375 0.13772733203125 0.17733296484375 0.156917140625 0.170179578125
0 0.39598844921875 0.91833984765625 0.39264242578125 0.941892626953125 0.381433623046875 0.956400318359375 0.39141876953125 0.971540505859375 0.405613107421875 0.97508165234375 0.428657416015625 0.961401580078125 0.429957958984375 0.9428029296875 0.402083548828125 0.9162174765625 0.39598844921875 0.91833984765625