1 0.60546875 0.6708984375 0.17578125 0.21875
1 0.7119140625 0.88671875 0.236328125 0.2265625
1 0.0888671875 0.6162109375 0.142578125 0.185546875
1 0.142578125 0.5205078125 0.12890625 0.1015625
1 0.484375 0.572265625 0.08203125 0.07421875
1 0.5185546875 0.4951171875 0.1171875 0.08984375
1 0.17578125 0.4208984375 0.09765625 0.056640625
1 0.1884765625 0.4658203125 0.091796875 0.060546875
1 0.041015625 0.3984375 0.076171875 0.048828125
1 0.9755859375 0.4453125 0.048828125 0.0546875
1 0.76953125 0.4306640625 0.09765625 0.083984375
1 0.4599609375 0.37109375 0.046875 0.05859375
1 0.1650390625 0.33203125 0.0546875 0.048828125
1 0.0810546875 0.341796875 0.060546875 0.05078125
1 0.021484375 0.3525390625 0.0390625 0.0625
1 0.1240234375 0.3076171875 0.0625 0.056640625
1 0.240234375 0.3349609375 0.056640625 0.052734375
1 0.2587890625 0.3017578125 0.0390625 0.0390625
1 0.421875 0.296875 0.056640625 0.041015625
1 0.662109375 0.306640625 0.037109375 0.029296875
1 0.900390625 0.33984375 0.05078125 0.068359375
1 0.9755859375 0.3232421875 0.0390625 0.02734375
1 0.9970703125 0.33203125 0.005859375 0.03515625
1 0.7255859375 0.28125 0.029296875 0.03125
0 0 0.658624294921875 0.022015693359375 0.638737978515625 0.03106841015625 0.588234681640625 0.03780298046875 0.576912583984375 0.0607608671875 0.572410607421875 0.06465571484375 0.536525404296875 0.078124859375 0.51388120703125 0.0720746953125 0.48599359375 0.021485849609375 0.48184208984375 0.00537660546875 0.468487015625 0.0004348671875 0.470723091796875 0 0.495636615234375 0 0.658624294921875
0 0.222467859375 0.2026274453125 0.30773592578125 0.1861392109375 0.317709455078125 0.176507884765625 0.311317087890625 0.168225125 0.231520576171875 0.1521241484375 0.110595443359375 0.151647630859375 0.005762443359375 0.16550642578125 0.00459345703125 0.2324775859375 0.066635369140625 0.23586056640625 0.08979287109375 0.21992242578125 0.147059255859375 0.216019306640625 0.16204806640625 0.199938578125 0.20102964453125 0.213692890625 0.222467859375 0.2026274453125
0 0.5586864609375 1 0.5800374765625 0.9704227421875 0.59223533203125 0.833359845703125 0.57927949609375 0.8265967578125 0.565810353515625 0.849240955078125 0.547639615234375 0.860363435546875 0.54572070703125 0.876672298828125 0.5323941484375 0.8911478046875 0.53170147265625 0.837205931640625 0.53906341796875 0.789941595703125 0.5285683125 0.73582862109375 0.502228884765625 0.746808515625 0.49489545703125 0.79243911328125 0.483003017578125 0.818379302734375 0.4859282890625 0.8380411953125 0.5004323125 0.849734013671875 0.505105390625 0.86288946875 0.499955794921875 0.970659146484375 0.486629236328125 0.985134654296875 0.456993814453125 0.99769125390625 0.43767412890625 0.98101166796875 0.4156287890625 0.93323402734375 0.412674998046875 0.915205873046875 0.423275904296875 0.869632310546875 0.43324943359375 0.860000982421875 0.4528542890625 0.8603431875 0.469533875 0.8410235 0.47695285546875 0.790491689453125 0.4769731015625 0.69570636328125 0.469032548828125 0.682493873046875 0.45923012109375 0.682322771484375 0.442436466796875 0.70817741015625 0.4444491953125 0.780118919921875 0.421633896484375 0.776452205078125 0.40521096484375 0.78106825 0.377893689453125 0.754443650390625 0.366913796875 0.72810422265625 0.362896609375 0.67737279296875 0.374589427734375 0.66286876953125 0.408783857421875 0.670002578125 0.41712365234375 0.660342734375 0.4323691171875 0.629558365234375 0.450303451171875 0.538354203125 0.4265388203125 0.4954492578125 0.406905447265625 0.49674079296875 0.391916634765625 0.512821521484375 0.3728536015625 0.48143829296875 0.369207134765625 0.409468265625 0.354788662109375 0.392874232421875 0.347076244140625 0.366591837890625 0.34405715234375 0.258679576171875 0.334511376953125 0.243804830078125 0.324708947265625 0.243633728515625 0.314706900390625 0.254898794921875 0.315256994140625 0.317009357421875 0.293476576171875 0.34767966015625 0.2930488203125 0.37218573046875 0.27267400390625 0.415954455078125 0.26898704296875 0.533555078125 0.27664242578125 0.56310494921875 0.275073990234375 0.652960541015625 0.252894333984375 0.706503177734375 0.239653328125 0.71607746875 0.242264912109375 0.753710478515625 0.238854853515625 0.761822134765625 0.2095331171875 0.75640761328125 0.20663636328125 0.735111986328125 0.213941275390625 0.691115126953125 0.179746841796875 0.68398131640625 0.1714926015625 0.688739947265625 0.14882815625 0.77005612890625 0.1517819453125 0.788084279296875 0.208934259765625 0.790716115234375 0.21862262109375 0.79742216796875 0.215534517578125 0.880714291015625 0.220207595703125 0.893869748046875 0.164318294921875 0.91250502734375 0.133419857421875 0.903794513671875 0.07457676953125 0.904401638671875 0.027397984375 0.892138478515625 0.019913703125 0.852786181640625 0.000850669921875 0.821402953125 0.007927443359375 0.790475998046875 0 0.78460192578125 0 0.976445453125 0.004676505859375 0.97672213671875 0.030645212890625 0.986980837890625 0.03686122265625 0.991992046875 0.0896465234375 0.99291341796875 0.110926513671875 0.975308267578125 0.15518002734375 0.96790953515625 0.160908236328125 0.920616681640625 0.17148274609375 0.994341875 0.495636541015625 1 0.5586864609375 1
0 0.991348630859375 1 0.99153984765625 0.989045193359375 0.979325455078125 0.939804916015625 0.928043931640625 0.8817115390625 0.9049434609375 0.89438220703125 0.926874734375 0.94869480078125 0.937033875 1 0.991348630859375 1
0 0.704547482421875 0.671896681640625 0.69924703125 0.694683462890625 0.70263684375 0.781357130859375 0.74557857421875 0.849110349609375 0.763549693359375 0.849424037109375 0.773123986328125 0.86266504296875 0.805485060546875 0.88120650390625 0.816094232421875 0.928784525390625 0.8400014453125 0.963520779296875 0.849111197265625 0.909750009765625 0.843403240234375 0.862257537109375 0.830647021484375 0.844058283203125 0.835890439453125 0.8245389765625 0.832737033203125 0.817946990234375 0.826088009765625 0.824367875 0.824824994140625 0.80310076171875 0.810606140625 0.7750705625 0.8135801796875 0.698313390625 0.7893022421875 0.68481573046875 0.758204185546875 0.6875413828125 0.7487439609375 0.66776542578125 0.734097353515625 0.664241294921875 0.709562765625 0.66544727734375 0.704547482421875 0.671896681640625