1 0.9150390625 0.646484375 0.169921875 0.3046875
1 0.658203125 0.0068359375 0.13671875 0.013671875
1 0.78515625 0.1962890625 0.28125 0.3046875
1 0.03515625 0.248046875 0.0703125 0.3125
1 0.2548828125 0.2431640625 0.134765625 0.2109375
1 0.37109375 0.654296875 0.248046875 0.39453125
1 0.72265625 0.5830078125 0.177734375 0.265625
1 0.5908203125 0.7451171875 0.21484375 0.330078125
1 0.4755859375 0.2431640625 0.171875 0.2421875
0 0.468854796875 0 0.567665521484375 0.15429194140625 0.565133884765625 0.131118912109375 0.591637576171875 0.145688138671875 0.60420407421875 0.139301162109375 0.60885228515625 0.122620916015625 0.62865294140625 0.11285569140625 0.64565246875 0.12927233984375 0.64095041015625 0.1558236796875 0.62569034375 0.168650447265625 0.6196642265625 0.228984869140625 0.63360080859375 0.249941037109375 0.687284671875 0.363748451171875 0.761254296875 0.378951744140625 0.783163658203125 0.40033030859375 0.668222763671875 0.377314220703125 0.658195888671875 0.335876982421875 0.64890719921875 0.298240478515625 0.6228809140625 0.265829505859375 0.609890720703125 0.28018719921875 0.577261591796875 0.274697001953125 0.57477582421875 0.312650158203125 0.562678283203125 0.3721926015625 0.404649873046875 0.3812171171875 0.379254615234375 0.3723487265625 0.38258688671875 0.31845422265625 0.415693271484375 0.306102703125 0.40081028515625 0.249832595703125 0.39009823828125 0.194723890625 0.397863095703125 0.163633060546875 0.385773390625 0.15217825390625 0.341847220703125 0.12916303125 0.344017482421875 0.07943862109375 0.325117328125 0.063391416015625 0.317675689453125 0.035256390625 0.324119880859375 0.02482928515625 0.206341431640625 0.047723095703125 0.208483443359375 0.072258091796875 0.175007669921875 0.082709267578125 0.1758463359375 0.13776516796875 0.18999054296875 0.190234583984375 0.2242589375 0.173712970703125 0.217925591796875 0.151278845703125 0.272256296875 0.1466343203125 0.319968185546875 0.31090504296875 0.327355810546875 0.348911078125 0.3076090234375 0.3488053203125 0.25475598046875 0.361050986328125 0.23289278125 0.400798583984375 0.137906462890625 0.409401544921875 0.13611342578125 0.390029052734375 0.158769255859375 0.34421108984375 0.16077791015625 0.324099623046875 0.087754677734375 0.3442101953125 0.08722355078125 0.37192289453125 0.093818541015625 0.415999294921875 0 0.4342357734375 0 0.541615263671875 0.004257353515625 0.543845919921875 0.122738158203125 0.544480826171875 0.185149087890625 0.52051678515625 0.21630081640625 0.518405646484375 0.257271953125 0.52621854296875 0.27046978515625 0.543374166015625 0.40585006640625 0.50917046484375 0.421264181640625 0.537727869140625 0.440110466796875 0.5636460546875 0.46286633203125 0.569083275390625 0.4951721015625 0.63379939453125 0.586149087890625 0.59442208984375 0.598823642578125 0.568293240234375 0.61456128515625 0.537624841796875 0.6082817734375 0.505319552734375 0.63082972265625 0.47924358203125 0.72048309375 0.473649314453125 0.78304778125 0.49106950390625 0.8600803359375 0.50173320703125 0.937428294921875 0.524168408203125 1 0.661106529296875 1 0.541608353515625 0.99999312890625 0.541588568359375 1 0.541589146484375 1 0.451855474609375 0.995861525390625 0.430564869140625 0.856817763671875 0.403762275390625 0.84742148046875 0.385867705078125 0.793629751953125 0.291802359375 0.7754144921875 0.28942675390625 0.764956232421875 0.32695745703125 0.714850466796875 0.322892302734375 0.6985895625 0.31027630078125 0.645544580078125 0.149014294921875 0.65631880078125 0.12325487109375 0.68863226171875 0.11697376953125 0.716089888671875 0.095859671875 0.79407697265625 0.070840005859375 0.815778412109375 0.06070534375 0.818895216796875 0.046294806640625 0.80084141015625 0.014306248046875 0.7937835234375 0 0.664965451171875 0 0.64365980078125 0.0073893984375 0.63783284765625 0 0.468854796875 0
0 0.888734787109375 0.225874189453125 0.876948115234375 0.25406486328125 0.85721272265625 0.276894056640625 0.856749068359375 0.30115712109375 0.880641978515625 0.308599279296875 0.9017606484375 0.33730035546875 0.9303682265625 0.33346624609375 0.947282630859375 0.340538248046875 0.956848375 0.354218603515625 0.963639880859375 0.389157875 0.98834762890625 0.39190921875 0.96963758984375 0.295654416015625 0.922887001953125 0.241681970703125 0.91798917578125 0.225367626953125 0.878062419921875 0.1709696171875 0.862765041015625 0.17221648828125 0.86202473046875 0.186173498046875 0.888734787109375 0.225874189453125
0 0.87783601953125 0 0.877657041015625 0.00011120703125 0.858428208984375 0.0521947890625 0.86295587890625 0.075487638671875 0.8871216015625 0.15539558203125 0.94812028125 0.247136947265625 0.962533615234375 0.2591076328125 0.91216819140625 0 0.87783601953125 0
0 0.89161566796875 0.84663753125 0.88016485546875 0.78772820703125 0.74936439453125 0.470007505859375 0.732203265625 0.483203802734375 0.796761052734375 0.62250684765625 0.848436388671875 0.756425623046875 0.89161566796875 0.84663753125
0 0.88138890234375 0.702690048828125 0.888360943359375 0.677669427734375 0.832037556640625 0.56043094140625 0.8381634296875 0.55135183203125 0.8339317265625 0.5162422578125 0.7885885 0.519574029296875 0.887929994140625 0.756637283203125 0.894902080078125 0.7316168828125 0.88138890234375 0.702690048828125