1 0.7880859375 0.6943359375 0.353515625 0.271484375
1 0.58984375 0.57421875 0.26171875 0.189453125
1 0.806640625 0.3837890625 0.16796875 0.123046875
1 0.873046875 0.5263671875 0.216796875 0.142578125
1 0.9638671875 0.595703125 0.06640625 0.103515625
1 0.96484375 0.41015625 0.0703125 0.09765625
1 0.255859375 0.279296875 0.3203125 0.134765625
1 0.02734375 0.26953125 0.025390625 0.09375
0 0.903898064453125 1 0.905808375 0.973639517578125 0.89654046484375 0.92810403515625 0.90478001171875 0.890726130859375 0.889460802734375 0.867023548828125 0.864083412109375 0.873085658203125 0.855925833984375 0.89059311328125 0.846493984375 0.884798529296875 0.82160990625 0.90415554296875 0.817253537109375 0.897148537109375 0.739415625 0.896964474609375 0.7326653359375 0.888919794921875 0.73242873828125 0.863223833984375 0.64976126171875 0.80464084765625 0.64486053125 0.813322666015625 0.649566396484375 0.835268462890625 0.64568321875 0.879653375 0.61641184375 0.8828901015625 0.591116423828125 0.869081759765625 0.586903875 0.860430869140625 0.581540751953125 0.8649310625 0.57297183203125 0.849273162109375 0.501667732421875 0.793340810546875 0.48666858203125 0.907981341796875 0.487129478515625 0.779645365234375 0.416719234375 0.722962982421875 0.40258151953125 0.69522259765625 0.36021010546875 0.668325021484375 0.343103189453125 0.646122505859375 0.34035977734375 0.6301460390625 0.306187673828125 0.642064583984375 0.294218083984375 0.636876208984375 0.28552694921875 0.71728278515625 0.290664279296875 0.734296923828125 0.306384029296875 0.74395456640625 0.312589958984375 0.76768807421875 0.30550098046875 0.791914892578125 0.30103171484375 0.795665052734375 0.293387572265625 0.788370404296875 0.2819731484375 0.8147035 0.27107216015625 0.816234490234375 0.25264923828125 0.714406357421875 0.259769140625 0.699292818359375 0.273957900390625 0.698049470703125 0.287209583984375 0.508714978515625 0.2852471328125 0.502745646484375 0.273596111328125 0.503382783203125 0.27192130078125 0.4941256796875 0.27517814453125 0.485300041015625 0.286397703125 0.4895945625 0.29533623828125 0.482094240234375 0.31344990625 0.49278955859375 0.300997806640625 0.5215165703125 0.29623158203125 0.613861810546875 0.314571041015625 0.603042791015625 0.32235900390625 0.608693556640625 0.32875980078125 0.601799443359375 0.334286865234375 0.557558353515625 0.33393737109375 0.5426195625 0.319717685546875 0.534749626953125 0.3211558984375 0.51831076953125 0.336608126953125 0.493159169921875 0.340460376953125 0.4396609765625 0.302651005859375 0.4363530859375 0.298150814453125 0.43098996484375 0.28771221484375 0.436702580078125 0.228388509765625 0.43316889453125 0.20586742578125 0.444450302734375 0.16462646484375 0.44249865625 0.135242193359375 0.456492548828125 0.12229678125 0.471924654296875 0.10665900390625 0.442396564453125 0.08690144921875 0.43155742578125 0.0957781328125 0.40583054296875 0.111436033203125 0.39726162109375 0.11111746484375 0.391436109375 0.031779490234375 0.38946433984375 0.020621783203125 0.403396384765625 0.00773540625 0.38975343359375 0 0.478169525390625 0 0.5838909140625 0.002962681640625 0.614707599609375 0.04824144921875 0.617840744140625 0.054991736328125 0.62588542578125 0.050697216796875 0.637104982421875 0.03475167578125 0.64896167578125 0.02579301953125 0.694559009765625 0.059513541015625 0.725669134765625 0.06278119140625 0.7640537890625 0.08625798046875 0.770248912109375 0.124283828125 0.83734977734375 0.147791541015625 0.852658181640625 0.135976580078125 0.893036216796875 0.12271259765625 0.9026428125 0.0823964140625 0.9090544140625 0.057368517578125 0.930055314453125 0 0.936398923828125 0 0.958165587890625 0.47816951953125 1 0.903898064453125 1
0 0.542413888671875 0.649479951171875 0.507686619140625 0.629877025390625 0.504697296875 0.67351190625 0.5078103203125 0.66633015234375 0.528749369140625 0.673131486328125 0.548763640625 0.671569572265625 0.5551644375 0.6646754609375 0.542413888671875 0.649479951171875
0 0.714639970703125 0.50801151953125 0.732948505859375 0.48807921875 0.69346432421875 0.4755142265625 0.68371390625 0.463894130859375 0.684864478515625 0.450743044921875 0.675720271484375 0.4416606875 0.675771318359375 0.412676958984375 0.656044689453125 0.4109511015625 0.642174498046875 0.418019958984375 0.6027212421875 0.41456824609375 0.5906387578125 0.4201370390625 0.51230753125 0.406658072265625 0.501868931640625 0.412370685546875 0.465559626953125 0.41085050390625 0.44303854296875 0.42213191015625 0.36355674609375 0.421804025390625 0.3538681796875 0.42841049609375 0.34926738671875 0.613532435546875 0.3650892265625 0.5652226171875 0.388935626953125 0.54825951953125 0.414025376953125 0.54548518359375 0.42841980859375 0.560824513671875 0.4354066953125 0.59456515625 0.427023326171875 0.6335869453125 0.429941484375 0.65703280859375 0.43833566015625 0.6652213125 0.453274451171875 0.664871818359375 0.473945978515625 0.636863912109375 0.48848423046875 0.650559357421875 0.485545953125 0.665210505859375 0.493190095703125 0.67250515625 0.5007925078125 0.623476228515625 0.481034955078125 0.612637091796875 0.47532233984375 0.6021984921875 0.461565044921875 0.598510181640625 0.4590165 0.55190609765625 0.450447578125 0.53624819921875 0.49367111328125 0.50607216796875 0.54333717578125 0.525325599609375 0.633914828125 0.493494876953125 0.653497634765625 0.496864619140625 0.715308033203125 0.528775822265625 0.714639970703125 0.50801151953125
0 0.958165587890625 1 0.972249455078125 0.83902065234375 0.9481164453125 0.849792931640625 0.934914314453125 0.87762608984375 0.921013197265625 0.875581666015625 0.914479384765625 0.931329955078125 0.909956818359375 1 0.958165587890625 1
0 0.654923552734375 0.3006978671875 0.657543263671875 0.28022120703125 0.593000259765625 0.27954383203125 0.567129552734375 0.272311033203125 0.560635978515625 0.251865298828125 0.54437187109375 0.25789648046875 0.54336512109375 0.269403681640625 0.5654036953125 0.29203766015625 0.58663038671875 0.29555122265625 0.603932171875 0.287126125 0.644628775390625 0.30476659765625 0.654923552734375 0.3006978671875
0 0.868967373046875 0.287123142578125 0.860553080078125 0.31703165234375 0.851758365234375 0.322888087890625 0.85343317578125 0.332145189453125 0.86240263671875 0.33375815234375 0.893893181640625 0.324089703125 0.92991484375 0.328897658203125 0.9301097109375 0.29827004296875 0.868967373046875 0.287123142578125
0 0.736367802734375 0.30699508203125 0.743405734375 0.3117519921875 0.740323634765625 0.32804702734375 0.7545433203125 0.335916962890625 0.773663736328125 0.335105078125 0.78514001171875 0.326998548828125 0.78784169140625 0.286651439453125 0.6762012890625 0.27522769921875 0.665012658203125 0.2800464609375 0.664005908203125 0.29155366015625 0.67104383984375 0.296310572265625 0.694633525390625 0.291748529296875 0.711339904296875 0.327995982421875 0.720740830078125 0.324677287109375 0.725322994140625 0.31016995703125 0.736367802734375 0.30699508203125
0 0.351956771484375 0.393457431640625 0.3521825625 0.37194309765625 0.318698638671875 0.366528931640625 0.3045408046875 0.376885560546875 0.271950734375 0.370721361328125 0.26301219921875 0.378221681640625 0.228202958984375 0.378489205078125 0.220939234375 0.39524662890625 0.242022103515625 0.400404078125 0.343768267578125 0.401851607421875 0.351956771484375 0.393457431640625
0 0.083479169921875 0.34760636328125 0.037450375 0.343579365234375 0.024936423828125 0.354079814453125 0.01072619921875 0.355568517578125 0.007940828125 0.387405447265625 0.12813160546875 0.38629878125 0.15004648046875 0.3724796328125 0.150765587890625 0.364260205078125 0.140727525390625 0.3559278828125 0.0860478359375 0.35611343359375 0.083479169921875 0.34760636328125