1 0.509765625 0.154296875 0.16796875 0.26171875
1 0.0166015625 0.8583984375 0.033203125 0.23046875
1 0.3408203125 0.689453125 0.177734375 0.21484375
1 0.3994140625 0.509765625 0.177734375 0.21484375
1 0.9267578125 0.9208984375 0.146484375 0.158203125
1 0.2900390625 0.10546875 0.1328125 0.162109375
1 0.0517578125 0.220703125 0.103515625 0.1796875
1 0.173828125 0.4072265625 0.138671875 0.15625
1 0.814453125 0.3310546875 0.158203125 0.138671875
1 0.7412109375 0.625 0.14453125 0.17578125
1 0.8212890625 0.08203125 0.07421875 0.08984375
1 0.0830078125 0.640625 0.140625 0.244140625
1 0.6533203125 0.88671875 0.18359375 0.2265625
0 0.169463556640625 1 0.1881188125 0.95214521484375 0.184818482421875 0.935643564453125 0.158415841796875 0.90594059375 0.15676567578125 0.879537953125 0.1881188125 0.82343234375 0.239273927734375 0.66996699609375 0.27557755859375 0.584158416015625 0.29207920703125 0.514851484375 0.321782177734375 0.448844884765625 0.348184818359375 0.367986798828125 0.3514851484375 0.27557755859375 0.34488448828125 0.234323431640625 0.333333333984375 0.214521451171875 0.31848184765625 0.240924091796875 0.293729373046875 0.240924091796875 0.255775578125 0.211221123046875 0.247524751953125 0.193069306640625 0.234323431640625 0.198019802734375 0.212871287109375 0.18151815234375 0.206270626953125 0.16996699609375 0.204620462890625 0.13531353125 0.211221123046875 0.031353134765625 0.19636963671875 0.00825082421875 0.18316831640625 0.009900990234375 0.1749174921875 0.02145214453125 0.136963697265625 0.11551155078125 0.12871287109375 0.120462046875 0 0.03738373828125 0 0.119545287109375 0.03300330078125 0.112211220703125 0.10231023046875 0.158415841796875 0.198019802734375 0.202970296875 0.26237623828125 0.2425742578125 0.30363036328125 0.2986798671875 0.285478548828125 0.407590759765625 0.26237623828125 0.42409241015625 0.240924091796875 0.49174917578125 0.202970296875 0.55280528125 0.004950494140625 0.400990099609375 0 0.398019802734375 0 0.442244224609375 0.0660066015625 0.5 0.062706271484375 0.529702970703125 0.070957095703125 0.542904291015625 0.145214521484375 0.60231023046875 0.16831683203125 0.630363037109375 0.184818482421875 0.630363037109375 0.19471947265625 0.64356435546875 0.179867986328125 0.686468646484375 0.16996699609375 0.693069306640625 0.15676567578125 0.6897689765625 0.136963697265625 0.75082508203125 0.105610560546875 0.813531353515625 0.0957095703125 0.815181517578125 0.070957095703125 0.801980197265625 0.037953794921875 0.76402640234375 0.016501650390625 0.7706270625 0.014851484375 0.795379537109375 0.029702970703125 0.81683168359375 0.029702970703125 0.84323432421875 0 0.93703317578125 0 1 0.169463556640625 1
0 0.30127294140625 0.3639792578125 0.182090388671875 0.30706100390625 0.176434568359375 0.327793375 0.248074314453125 0.38056655859375 0.251844765625 0.405068384765625 0.28012358984375 0.4465330546875 0.30127294140625 0.3639792578125
0 0.1519261953125 0.293867689453125 0.103253138671875 0.2626119765625 0.097253916015625 0.295752490234375 0.099139142578125 0.31836958984375 0.0425814921875 0.38245128515625 0.038810896484375 0.410722642578125 0.12176214453125 0.452187310546875 0.129303193359375 0.467265353515625 0.157582015625 0.503075765625 0.16323783984375 0.47480441015625 0.1519261953125 0.452187310546875 0.095368544921875 0.40318365625 0.12176214453125 0.346640943359375 0.1519261953125 0.293867689453125