1 0.701171875 0.6416015625 0.1484375 0.087890625
1 0.8349609375 0.533203125 0.119140625 0.150390625
1 0.693359375 0.501953125 0.0986328125 0.0654296875
1 0.6943359375 0.5595703125 0.142578125 0.0810546875
1 0.6875 0.732421875 0.0830078125 0.140625
1 0.5283203125 0.8515625 0.064453125 0.111328125
1 0.48046875 0.798828125 0.091796875 0.1640625
1 0.4267578125 0.759765625 0.072265625 0.1015625
1 0.376953125 0.7294921875 0.0517578125 0.0888671875
1 0.5146484375 0.625 0.037109375 0.076171875
1 0.4677734375 0.6220703125 0.060546875 0.0703125
1 0.3974609375 0.6279296875 0.0595703125 0.068359375
1 0.3310546875 0.6005859375 0.0654296875 0.0576171875
1 0.33984375 0.5263671875 0.0703125 0.080078125
1 0.267578125 0.5380859375 0.0595703125 0.080078125
1 0.3310546875 0.3935546875 0.076171875 0.0732421875
1 0.1669921875 0.4228515625 0.166015625 0.138671875
1 0.6708984375 0.408203125 0.052734375 0.072265625
1 0.615234375 0.1728515625 0.0576171875 0.083984375
1 0.572265625 0.080078125 0.052734375 0.109375
1 0.4765625 0.529296875 0.056640625 0.091796875
1 0.412109375 0.5283203125 0.048828125 0.103515625
0 0.5359375 0.30390625 0.546875 0.31640625 0.55 0.30234375 0.54140625 0.2875 0.5359375 0.29140625 0.5359375 0.30390625
0 0.49921875 0.25625 0.5296875 0.26328125 0.534375 0.25546875 0.52890625 0.24375 0.49375 0.24921875 0.49921875 0.25625
0 0.425 0.44765625 0.425 0.47578125 0.43515625 0.484375 0.45 0.48359375 0.459375 0.47890625 0.47578125 0.4359375 0.46484375 0.44375 0.425 0.44765625
0 0.38984375 0.4375 0.38046875 0.446875 0.37109375 0.446875 0.36171875 0.43125 0.34375 0.43828125 0.340625 0.45234375 0.35390625 0.471875 0.3953125 0.47421875 0.41875 0.47109375 0.421875 0.44765625 0.41328125 0.4390625 0.38984375 0.4375
0 0.678125 0.24765625 0.65703125 0.21875 0.64296875 0.2265625 0.58359375 0.2203125 0.5765625 0.22734375 0.578125 0.24609375 0.6046875 0.32734375 0.61328125 0.340625 0.62734375 0.3296875 0.6328125 0.34609375 0.640625 0.34765625 0.6390625 0.30703125 0.65 0.26640625 0.66015625 0.2515625 0.678125 0.24765625
0 0 0.42890625 0.01796875 0.425 0.03125 0.44453125 0.0375 0.44453125 0.06953125 0.4359375 0.08203125 0.4265625 0.09296875 0.3921875 0.1421875 0.37734375 0.13125 0.36953125 0.1296875 0.34765625 0.12109375 0.3375 0.10390625 0.3359375 0.09140625 0.3484375 0.06328125 0.35 0.0484375 0.33515625 0.046875 0.32578125 0.0609375 0.29609375 0.053125 0.26015625 0.065625 0.23046875 0.065625 0.21484375 0.04453125 0.2375 0.02109375 0.2375 0.0203125 0.22734375 0.03125 0.21171875 0.05390625 0.2015625 0.0546875 0.18984375 0.03671875 0.1546875 0.00078125 0.1546875 0 0.31953125 0.0078125 0.33515625 0 0.35390625 0 0.42890625
0 0.86015625 0.2984375 0.90859375 0.315625 0.93046875 0.296875 0.96640625 0.2875 0.9859375 0.29921875 0.9890625 0.32109375 1 0.32734375 0.99921875 0.19375 0.98046875 0.20625 0.91015625 0.1921875 0.86015625 0.1921875 0.82265625 0.2015625 0.81328125 0.2203125 0.78984375 0.221875 0.77734375 0.23125 0.75234375 0.225 0.73359375 0.25 0.6796875 0.24921875 0.6921875 0.26484375 0.6984375 0.32265625 0.6890625 0.34921875 0.690625 0.39140625 0.72734375 0.396875 0.73984375 0.4046875 0.76796875 0.3953125 0.78359375 0.4078125 0.7921875 0.40703125 0.809375 0.39609375 0.809375 0.37890625 0.821875 0.34609375 0.86015625 0.2984375
0 0.90859375 0.95625 0.87890625 0.9578125 0.86484375 0.953125 0.85859375 0.940625 0.83203125 0.9375 0.821875 0.91015625 0.80078125 0.9015625 0.7859375 0.88671875 0.778125 0.86328125 0.76484375 0.8484375 0.753125 0.84765625 0.75 0.82890625 0.75703125 0.8375 0.7609375 0.82734375 0.765625 0.82890625 0.7640625 0.81640625 0.7515625 0.79921875 0.753125 0.75234375 0.7609375 0.72421875 0.75390625 0.70625 0.7484375 0.74765625 0.7296875 0.76640625 0.73125 0.79609375 0.71796875 0.809375 0.68984375 0.80625 0.66484375 0.8109375 0.653125 0.78671875 0.6359375 0.78046875 0.6328125 0.74140625 0.6484375 0.72578125 0.6484375 0.71171875 0.628125 0.66953125 0.625 0.58203125 0.61171875 0.578125 0.60859375 0.565625 0.59765625 0.5671875 0.58828125 0.58125 0.56640625 0.5640625 0.54140625 0.5796875 0.5078125 0.58046875 0.50703125 0.5859375 0.51796875 0.5859375 0.53125 0.59765625 0.534375 0.65703125 0.52890625 0.6640625 0.50078125 0.665625 0.49140625 0.6875 0.46015625 0.696875 0.4390625 0.71796875 0.46484375 0.7328125 0.48046875 0.7140625 0.50546875 0.703125 0.5390625 0.71328125 0.5453125 0.73984375 0.5421875 0.76953125 0.5671875 0.80078125 0.5609375 0.84765625 0.58046875 0.8375 0.6015625 0.84765625 0.628125 0.91484375 0.6265625 0.96640625 0.64765625 1 0.971875 0.99921875 0.9703125 0.98828125 0.95703125 0.984375 0.93828125 0.9640625 0.90859375 0.95625
0 0 0.68671875 0.0171875 0.70390625 0 0.73203125 0.00078125 1 0.6109375 0.99921875 0.5953125 0.98671875 0.5875 0.97109375 0.57734375 0.925 0.565625 0.93359375 0.56796875 0.9390625 0.56328125 0.9328125 0.55703125 0.9359375 0.54609375 0.909375 0.5359375 0.91484375 0.52109375 0.9484375 0.515625 0.92890625 0.503125 0.91328125 0.509375 0.89453125 0.49140625 0.884375 0.47421875 0.8859375 0.44609375 0.8625 0.42421875 0.85625 0.409375 0.82421875 0.4140625 0.80390625 0.354770419921875 0.766755095703125 0.3562993984375 0.764571423828125 0.32890625 0.71875 0.290625 0.71015625 0.2875 0.69453125 0.29375 0.67578125 0.25859375 0.66875 0.234375 0.63984375 0.2390625 0.59140625 0.23203125 0.5765625 0.2234375 0.58515625 0.23125 0.61484375 0.23125 0.63359375 0.2234375 0.64921875 0.19765625 0.66875 0.175 0.66328125 0.165625 0.60859375 0.178125 0.58046875 0.165625 0.57265625 0.1609375 0.56015625 0.1640625 0.52734375 0.17734375 0.51875 0.18515625 0.5234375 0.19296875 0.5125 0.21640625 0.5046875 0.23671875 0.51875 0.24609375 0.50625 0.2609375 0.50078125 0.2578125 0.47890625 0.26328125 0.4609375 0.2703125 0.46953125 0.27109375 0.5 0.28203125 0.4921875 0.30390625 0.4890625 0.3125 0.47890625 0.3125 0.45078125 0.32578125 0.4546875 0.32578125 0.4484375 0.31015625 0.446875 0.3046875 0.46484375 0.28984375 0.46875 0.27578125 0.4671875 0.271875 0.45078125 0.26328125 0.4453125 0.25546875 0.4625 0.2328125 0.46953125 0.2296875 0.49140625 0.22109375 0.5 0.2140625 0.49765625 0.21171875 0.4796875 0.19609375 0.484375 0.18984375 0.5015625 0.17734375 0.49375 0.16953125 0.5125 0.16171875 0.4921875 0.13984375 0.49375 0.10859375 0.50625 0.090625 0.52734375 0.08828125 0.5390625 0.0296875 0.56015625 0.0359375 0.59296875 0.0140625 0.63046875 0 0.67734375 0 0.68671875