1 0.9462890625 0.0830078125 0.068359375 0.080078125
1 0.1943359375 0.3544921875 0.388671875 0.447265625
1 0.8017578125 0.06640625 0.04296875 0.052734375
1 0.7646484375 0.560546875 0.298828125 0.66796875
1 0.8974609375 0.04296875 0.0390625 0.0625
1 0.7392578125 0.1728515625 0.10546875 0.099609375
1 0.970703125 0.1875 0.05859375 0.0625
1 0.869140625 0.1904296875 0.07421875 0.07421875
1 0.798828125 0.1787109375 0.05859375 0.078125
1 0.6728515625 0.1328125 0.09765625 0.060546875
1 0.5703125 0.1318359375 0.099609375 0.05859375
0 0.9013904296875 1 0.91013071875 0.97794117578125 0.8954248359375 0.956699345703125 0.89215686328125 0.910947712890625 0.914215685546875 0.908496732421875 0.9248366015625 0.8995098046875 0.9248366015625 0.868464052734375 0.91258169921875 0.8643790859375 0.8700980390625 0.888888888671875 0.8047385625 0.88725490234375 0.726307189453125 0.900326796875 0.706699345703125 0.916666666015625 0.683823529296875 0.916666666015625 0.671568626953125 0.906045751953125 0.64705882421875 0.840686275390625 0.630718955078125 0.83251633984375 0.624183005859375 0.758986927734375 0.611111111328125 0.741013072265625 0.6143790859375 0.659313724609375 0.609477125 0.636437908203125 0.619281044921875 0.608660130859375 0.62254901953125 0.435457515625 0.61764705859375 0.4305555546875 0.620915033203125 0.419117646484375 0.608660130859375 0.413398693359375 0.586601306640625 0.420751634765625 0.58251633984375 0.44771241796875 0.57271241796875 0.4346405234375 0.54738562109375 0.455065359375 0.549019607421875 0.468137255859375 0.5702614375 0.4795751640625 0.57189542578125 0.491013072265625 0.5547385625 0.51307189453125 0.53513071875 0.5147058828125 0.52777777734375 0.505718955078125 0.53513071875 0.460784314453125 0.425653595703125 0.5245098046875 0.41748366015625 0.526143791015625 0.404411765625 0.509803921875 0.398692810546875 0.5106209140625 0.400326796875 0.564542484375 0.41013071875 0.56290849609375 0.411764705078125 0.551470587890625 0.420751634765625 0.544117646484375 0.4297385625 0.551470587890625 0.431372548828125 0.5694444453125 0.411764705078125 0.603758169921875 0.3995098046875 0.6045751640625 0.3856209140625 0.6200980390625 0.3856209140625 0.65767973828125 0.378267974609375 0.669934640625 0.3194444453125 0.710784314453125 0.288398693359375 0.710784314453125 0.226307189453125 0.73202614453125 0.171568626953125 0.7393790859375 0.174019607421875 0.746732025390625 0.208333333984375 0.753267974609375 0.22222222265625 0.77205882421875 0.211601306640625 0.795751634765625 0.19689542578125 0.803921568359375 0.1650326796875 0.80800653515625 0.166666666015625 0.840686275390625 0.205882353515625 0.873366013671875 0.20751633984375 0.91258169921875 0.201797384765625 0.921568626953125 0.140522875 0.953431373046875 0.1143790859375 0.99264705859375 0.1143790859375 1 0.216176470703125 1 0.214052287109375 0.99754901953125 0.218954248046875 0.9305555546875 0.2450980390625 0.878267974609375 0.268790849609375 0.870915033203125 0.28758169921875 0.881535947265625 0.299019607421875 0.90277777734375 0.30718954296875 0.968137255859375 0.29738562109375 0.984477125 0.298420478515625 1 0.85020062890625 1 0.85294117578125 0.956699345703125 0.858660130859375 0.95261437890625 0.86764705859375 0.97303921484375 0.8685767421875 1 0.9013904296875 1
0 0.411764705078125 0.566176470703125 0.41748366015625 0.544117646484375 0.4346405234375 0.56290849609375 0.4346405234375 0.544934640625 0.416666666015625 0.536764705078125 0.426470587890625 0.528594771484375 0.41748366015625 0.52777777734375 0.411764705078125 0.5106209140625 0.3995098046875 0.5049019609375 0.398692810546875 0.571078431640625 0.411764705078125 0.566176470703125
0 0.443627451171875 0.4346405234375 0.454248365234375 0.41258169921875 0.4697712421875 0.403594771484375 0.488562091796875 0.409313724609375 0.488562091796875 0.438725490234375 0.494281044921875 0.439542484375 0.539215685546875 0.41258169921875 0.539215685546875 0.368464052734375 0.548202615234375 0.3545751640625 0.5653594765625 0.348856208984375 0.545751634765625 0.366830064453125 0.546568626953125 0.406862744140625 0.5498366015625 0.3954248359375 0.583333333984375 0.373366013671875 0.58741830078125 0.3545751640625 0.59232026171875 0.366013072265625 0.611111111328125 0.348856208984375 0.59722222265625 0.3447712421875 0.589052287109375 0.35294117578125 0.571078431640625 0.349673203125 0.576797384765625 0.340686275390625 0.56290849609375 0.328431373046875 0.5498366015625 0.330065359375 0.525326796875 0.30718954296875 0.508986927734375 0.303921568359375 0.506535947265625 0.335784314453125 0.5245098046875 0.3504901953125 0.5245098046875 0.371732025390625 0.474673203125 0.390522875 0.39787581640625 0.398692810546875 0.3995098046875 0.406862744140625 0.41013071875 0.409313724609375 0.411764705078125 0.4403594765625 0.443627451171875 0.4346405234375
0 0.656045751953125 0.338235294921875 0.669934640625 0.324346404296875 0.660947712890625 0.31209150390625 0.613562091796875 0.27777777734375 0.580065359375 0.2802287578125 0.579248365234375 0.284313724609375 0.593954248046875 0.28267973828125 0.58986928125 0.288398693359375 0.643790849609375 0.33741830078125 0.656045751953125 0.338235294921875
0 0.678921568359375 0.281045751953125 0.710784314453125 0.281862744140625 0.714052287109375 0.27205882421875 0.7001633984375 0.256535947265625 0.590686275390625 0.223856208984375 0.501633986328125 0.21486928125 0.505718955078125 0.253267974609375 0.508986927734375 0.2450980390625 0.51960784375 0.24264705859375 0.5147058828125 0.2393790859375 0.516339869140625 0.221405228515625 0.52696078515625 0.22222222265625 0.53267973828125 0.23284313671875 0.52287581640625 0.24264705859375 0.5302287578125 0.2450980390625 0.535947712890625 0.2393790859375 0.531862744140625 0.251633986328125 0.561274509765625 0.251633986328125 0.58741830078125 0.26797385546875 0.613562091796875 0.26307189453125 0.6200980390625 0.279411765625 0.671568626953125 0.30310457421875 0.678921568359375 0.281045751953125