1 0.8759765625 0.95703125 0.099609375 0.052734375
1 0.630859375 0.8349609375 0.083984375 0.107421875
1 0.412109375 0.6123046875 0.0859375 0.09765625
1 0.7001953125 0.9609375 0.115234375 0.0625
1 0.94140625 0.9404296875 0.07421875 0.076171875
1 0.9873046875 0.9248046875 0.025390625 0.099609375
1 0.2109375 0.6884765625 0.1171875 0.1015625
1 0.82421875 0.615234375 0.103515625 0.09765625
1 0.904296875 0.4755859375 0.052734375 0.064453125
1 0.96484375 0.4130859375 0.056640625 0.0390625
1 0.86328125 0.74609375 0.0859375 0.06640625
1 0.978515625 0.8583984375 0.04296875 0.060546875
1 0.8515625 0.919921875 0.076171875 0.0703125
1 0.3408203125 0.0771484375 0.056640625 0.05859375
1 0.3642578125 0.2529296875 0.046875 0.0703125
1 0.255859375 0.537109375 0.05078125 0.05078125
1 0.587890625 0.1240234375 0.04296875 0.037109375
1 0.7724609375 0.255859375 0.05078125 0.05078125
1 0.123046875 0.4404296875 0.05859375 0.046875
0 0.513092974609375 1 0.532503744140625 0.998982724609375 0.53788573828125 0.9890720859375 0.533845046875 0.978779943359375 0.49728099609375 0.949184466796875 0.49278282421875 0.930163046875 0.4668731875 0.920141681640625 0.454564412109375 0.902404921875 0.4620201640625 0.844242701171875 0.4858253828125 0.814109380859375 0.51550493359375 0.81255394140625 0.545821244140625 0.83985087109375 0.549397029296875 0.8746764921875 0.57668653515625 0.8776229375 0.569066349609375 0.849136552734375 0.5707281328125 0.814036443359375 0.609880068359375 0.776096232421875 0.62062969140625 0.780784822265625 0.629084482421875 0.775089771484375 0.639380333984375 0.754417705078125 0.617511388671875 0.75468848046875 0.60832462890625 0.74641668359375 0.60970078515625 0.755973142578125 0.6019816796875 0.75900366015625 0.60400573828125 0.7475183515625 0.58912021484375 0.74742314453125 0.57037328125 0.757158884765625 0.557687384765625 0.782332837890625 0.545832380859375 0.789956734375 0.528282326171875 0.789125845703125 0.51615654296875 0.774880796875 0.509729521484375 0.75245916015625 0.485382748046875 0.738854587890625 0.462049859375 0.711191671875 0.466280966796875 0.691712767578125 0.45911455078125 0.688587041015625 0.467752333984375 0.686383703125 0.4755666484375 0.668467662109375 0.46206841796875 0.62803477734375 0.448193068359375 0.63051260546875 0.4303611015625 0.657706904296875 0.39002342578125 0.656319609375 0.365951138671875 0.64795260546875 0.3687183046875 0.6005400078125 0.380760013671875 0.579776443359375 0.4005171171875 0.57261373828125 0.395191765625 0.554510994140625 0.3857268046875 0.557633005859375 0.37974983984375 0.57720340625 0.36863051953125 0.5821627734375 0.365043599609375 0.5972312890625 0.351534234375 0.606692541015625 0.347669115234375 0.6331548671875 0.325144845703125 0.68773016796875 0.286919009765625 0.69323480078125 0.26625065234375 0.666307568359375 0.256778265625 0.70269233984375 0.239407494140625 0.7219845390625 0.173888439453125 0.74117410546875 0.14393811328125 0.72086059765625 0.133927884765625 0.696876099609375 0.142565666015625 0.694672759765625 0.143762544921875 0.684106130859375 0.160306138671875 0.665732607421875 0.15810280078125 0.65709482421875 0.116754951171875 0.653134494140625 0.0786131875 0.693647740234375 0.05766291796875 0.694745697265625 0.05453719140625 0.70191211328125 0.035515771484375 0.70641028515625 0.029169111328125 0.735628642578125 0.016395427734375 0.742425359375 0.014554365234375 0.757402380859375 0.012872556640625 0.758715974609375 0.013878314453125 0.7779069609375 0.018225357421875 0.7773424765625 0.052319005859375 0.759799845703125 0.0831880078125 0.78094053125 0.11139619140625 0.78471415625 0.09567977734375 0.80216900390625 0.100170525390625 0.854453181640625 0.114320365234375 0.857212921875 0.116154005859375 0.87549866015625 0.153091466796875 0.87881480078125 0.171464990234375 0.895358396484375 0.190943892578125 0.89958950390625 0.21565665234375 0.920177498046875 0.21583593359375 0.94030058984375 0.181284802734375 0.94911394140625 0.151239267578125 0.943685958984375 0.129000623046875 0.953604689453125 0.097026240234375 0.9447764921875 0.084164775390625 0.933195974609375 0.06734669140625 0.946331931640625 0.041250349609375 0.949450232421875 0.0293075625 0.938696896484375 0.02379921484375 0.917102439453125 0.021218556640625 0.917967125 0.025517716796875 1 0.370691556640625 1 0.354208603515625 0.975064408203125 0.34051624609375 0.981033947265625 0.3364755546875 0.9707418046875 0.334634490234375 0.98571882421875 0.323423673828125 0.988932333984375 0.318647298828125 0.981304724609375 0.324990248046875 0.968717748046875 0.330780505859375 0.962287015625 0.35375112109375 0.966335130859375 0.366887076171875 0.9831532109375 0.3823252890625 0.977092177734375 0.40271915625 0.998781841796875 0.4064964921875 0.95394228125 0.417249830078125 0.9419994921875 0.436362748046875 0.93924717578125 0.451797248046875 0.94981751953125 0.461807478515625 0.973802017578125 0.474577447265625 0.983636677734375 0.47242565234375 1 0.513092974609375 1
0 0.627865333984375 0.88544467578125 0.607925236328125 0.88911566796875 0.610860544921875 0.911720296875 0.6196813203125 0.913008669921875 0.628227607421875 0.909059478515625 0.627865333984375 0.88544467578125
0 0.679150474609375 0.828486755859375 0.67198034765625 0.841992408203125 0.670318564453125 0.877092517578125 0.680881482421875 0.8949207734375 0.692183798828125 0.893453119140625 0.70863218359375 0.889965119140625 0.7106562421875 0.878479810546875 0.698534169921875 0.847603384765625 0.679150474609375 0.828486755859375
0 0.90314060546875 0.542771056640625 0.92418608203125 0.526787576171875 0.945136353515625 0.525689619140625 0.97647397265625 0.50566544921875 0.970043240234375 0.49987519140625 0.966917515625 0.507041607421875 0.964805673828125 0.500149681640625 0.94514377734375 0.492426861328125 0.929888556640625 0.501979609375 0.923637103515625 0.51631244140625 0.900296791015625 0.521912283203125 0.89753705078125 0.53606212109375 0.90314060546875 0.542771056640625
0 1 0.53514244140625 0.985382533203125 0.525331056640625 0.96341837890625 0.540487357421875 0.960190021484375 0.595802052734375 0.94281924609375 0.615094251953125 0.90257306640625 0.615452814453125 0.897148794921875 0.628866970703125 0.9043115 0.64862407421875 0.89567371484375 0.6508274140625 0.89098883984375 0.64494566015625 0.8920101484375 0.597624556640625 0.876575646484375 0.58705421484375 0.871692927734375 0.644206263671875 0.8644313046875 0.655966060546875 0.763998845703125 0.66035417578125 0.779338138671875 0.685810041015625 0.7782327578125 0.69812253125 0.75332958203125 0.707305580078125 0.7443221015625 0.719156873046875 0.750935828125 0.72843884375 0.75746176953125 0.719343578125 0.79403324609375 0.715676296875 0.83079513671875 0.682237970703125 0.85560310546875 0.687940443359375 0.8658000390625 0.698785275390625 0.865613333984375 0.711924943359375 0.902367802734375 0.711749373046875 0.91551489453125 0.6786733203125 0.932054775390625 0.676931177734375 0.93792539453125 0.722140435546875 0.94142453125 0.688694685546875 0.95015009765625 0.70486858203125 0.940856990234375 0.761376443359375 0.9470095234375 0.77856051171875 0.964834068359375 0.78462897265625 0.97108551953125 0.770296140625 0.9722898203125 0.72646675 0.98745354296875 0.7151681484375 0.991501658203125 0.692197533203125 0.96347646875 0.69191562109375 0.969727919921875 0.677582787109375 0.99233626171875 0.658016099609375 0.998584001953125 0.660314646484375 0.99830580078125 0.67170845703125 1 0.671043314453125 1 0.644384591796875 0.99546569921875 0.6342183046875 1 0.631987291015625 1 0.53514244140625
0 0.862733703125 0.439849634765625 0.8620932265625 0.42762864453125 0.852079287109375 0.4202755234375 0.85207557421875 0.436906900390625 0.862733703125 0.439849634765625
0 0.576047359375 0.447871625 0.580186970703125 0.4266468671875 0.571644396484375 0.413964681640625 0.56897244140625 0.44649175390625 0.576047359375 0.447871625
0 0.69077553125 0.61604874609375 0.687005619140625 0.62762555078125 0.703633287109375 0.644260640625 0.72127855078125 0.63020601171875 0.735336892578125 0.631219892578125 0.73883231640625 0.6144055234375 0.7490329609375 0.6086189765625 0.69077553125 0.61604874609375
0 0.901585166015625 0.513091505859375 0.895333712890625 0.52742433984375 0.90314060546875 0.542771056640625 0.92069437109375 0.526970568359375 0.945136353515625 0.525689619140625 0.97647397265625 0.50566544921875 0.973443455078125 0.49794634375 0.954974724609375 0.49628826953125 0.951124451171875 0.456225083984375 0.936886826171875 0.435088109375 0.931005072265625 0.439772986328125 0.935777734375 0.464031974609375 0.92778042578125 0.478456302734375 0.92896987890625 0.5011524296875 0.901585166015625 0.513091505859375
0 0.73325474609375 0.491276939453125 0.7395976953125 0.478689962890625 0.765968525390625 0.4808092265625 0.7719380625 0.494501583984375 0.796932736328125 0.487064390625 0.79703165625 0.455547490234375 0.806500330078125 0.435794095703125 0.798693439453125 0.42044737890625 0.815328529296875 0.403819712890625 0.821031001953125 0.37901174609375 0.810006888671875 0.36908558984375 0.80808175390625 0.34905399609375 0.77582916796875 0.351619609375 0.77720161328125 0.3778074453125 0.770950162109375 0.39214027734375 0.781234880859375 0.42136234375 0.776729283203125 0.4356036796875 0.762209748046875 0.442491896484375 0.74392772265625 0.427694158203125 0.7361096953125 0.462241576171875 0.7238849921875 0.479513431640625 0.711850705078125 0.46701423828125 0.705515181640625 0.44633845703125 0.715445048828125 0.41868296484375 0.7239913359375 0.414733771484375 0.742181865234375 0.427785654296875 0.75137233984375 0.419426072265625 0.740084873046875 0.354368212890625 0.70167604296875 0.356381134765625 0.690648216796875 0.36308635546875 0.69495597265625 0.411878822265625 0.686493759765625 0.450836630859375 0.64936959375 0.460660154296875 0.631446130859375 0.486108595703125 0.591108453125 0.484721302734375 0.57429779296875 0.4645945 0.5611544140625 0.481039173828125 0.548841927734375 0.47993379296875 0.532397251953125 0.4667904140625 0.519440580078125 0.470095421875 0.503079978515625 0.49196065625 0.50463912890625 0.505008826171875 0.551037841796875 0.521834333984375 0.55847874609375 0.530197626953125 0.57483934765625 0.508332392578125 0.581822771484375 0.50796640625 0.61544780078125 0.5315886328125 0.62352918359375 0.552172916015625 0.619942263671875 0.56724143359375 0.601012337890625 0.5734854609375 0.579330095703125 0.5606165703125 0.569956630859375 0.565484439453125 0.578403998046875 0.5930521484375 0.602198078125 0.61281296484375 0.64033241796875 0.6055624765625 0.63960787109375 0.558332873046875 0.65017821484375 0.54289837109375 0.66616540625 0.547312470703125 0.68960092578125 0.526827107421875 0.706598291015625 0.5338142421875 0.695200767578125 0.550167419921875 0.69657692578125 0.55972387890625 0.72074441796875 0.553205361328125 0.7289284296875 0.525641365234375 0.727098501953125 0.490724248046875 0.73325474609375 0.491276939453125
0 0.983212603515625 0.3670108671875 0.994158291015625 0.37544057421875 0.991195078125 0.31889911328125 0.985979765625 0.319598271484375 0.983212603515625 0.3670108671875
0 0.453069662109375 0.189092994140625 0.4670365078125 0.1883610234375 0.468321171875 0.196171625 0.4815523359375 0.198104185546875 0.483664177734375 0.20499611328125 0.505533123046875 0.2047253359375 0.5193169765625 0.20050165234375 0.50801466015625 0.201969306640625 0.50764867578125 0.1949858828125 0.517205134765625 0.1936097265625 0.5017706328125 0.1830393828125 0.488630966796875 0.182852677734375 0.501587638671875 0.179547669921875 0.501221654296875 0.172564248046875 0.45151051171875 0.17604482421875 0.45270367578125 0.1821095703125 0.469335056640625 0.182113283203125 0.453069662109375 0.189092994140625
0 0.3495040546875 0.233910283203125 0.36678333203125 0.21287223046875 0.39674108203125 0.199922978515625 0.39904333984375 0.177043859375 0.3903177734375 0.16086996484375 0.38728354296875 0.169782236328125 0.327097265625 0.173811791015625 0.32672385546875 0.200091125 0.3212080859375 0.21175942578125 0.303196837890625 0.2188306328125 0.30475227734375 0.248510181640625 0.2849914609375 0.272304265625 0.281858310546875 0.3127334375 0.253917193359375 0.34746013671875 0.242054765625 0.38834679296875 0.222019458984375 0.40690330859375 0.231938193359375 0.429141953125 0.242413328125 0.428592974609375 0.250868119140625 0.422897923828125 0.2506888359375 0.4027748359375 0.295166123046875 0.382937369140625 0.321635875 0.353539732421875 0.36179055859375 0.351435314453125 0.374750943359375 0.331498927734375 0.41288899609375 0.307617060546875 0.40958398828125 0.294660388671875 0.397454494140625 0.297046716796875 0.38110131640625 0.2856491953125 0.338007611328125 0.28178036328125 0.3495040546875 0.233910283203125
0 0.58151988671875 0.218249546875 0.6090838828125 0.226433560546875 0.62506736328125 0.247479037109375 0.63977360546875 0.22745115625 0.631143244140625 0.196391736328125 0.58814103515625 0.194268759765625 0.58069641796875 0.202536845703125 0.58151988671875 0.218249546875
0 0.71318362109375 0.25861691796875 0.701050416015625 0.27763462890625 0.68965660546875 0.277356427734375 0.685623337890625 0.233801529296875 0.6792841015625 0.229757126953125 0.66283571484375 0.233245126953125 0.660255255859375 0.2675180546875 0.6505158046875 0.265402501953125 0.64546494140625 0.25253732421875 0.62175864453125 0.2511537421875 0.621110744140625 0.272195509765625 0.6437920234375 0.3375315703125 0.663922537109375 0.30408953125 0.7208953046875 0.288849158203125 0.722366669921875 0.28352009375 0.731461935546875 0.290046037109375 0.749656177734375 0.286466541015625 0.7447079453125 0.22545308203125 0.763100029296875 0.158839783203125 0.73259330078125 0.1613138984375 0.72220223828125 0.196871490234375 0.723574685546875 0.223059326171875 0.70822796875 0.23086621875 0.71318362109375 0.25861691796875