1 0.306640625 0.72265625 0.1689453125 0.2373046875
1 0.564453125 0.1494140625 0.150390625 0.298828125
1 0.7939453125 0.68359375 0.166015625 0.2451171875
1 0.400390625 0.134765625 0.109375 0.181640625
1 0.0859375 0.9033203125 0.171875 0.1875
1 0.419921875 0.447265625 0.111328125 0.2158203125
1 0.3203125 0.4189453125 0.0830078125 0.1826171875
1 0.90625 0.513671875 0.0830078125 0.1767578125
1 0.6787109375 0.453125 0.0908203125 0.1591796875
1 0.134765625 0.1181640625 0.1845703125 0.193359375
1 0.103515625 0.349609375 0.2060546875 0.1826171875
1 0.6328125 0.8876953125 0.23828125 0.224609375
1 0.2998046875 0.9140625 0.2265625 0.171875
1 0.798828125 0.22265625 0.248046875 0.201171875