1 0.1240234375 0.8837890625 0.185546875 0.19140625
1 0.3818359375 0.0224609375 0.041015625 0.044921875
1 0.9091796875 0.5166015625 0.150390625 0.171875
1 0.609375 0.3134765625 0.099609375 0.119140625
1 0.830078125 0.8212890625 0.158203125 0.18359375
1 0.4111328125 0.3232421875 0.10546875 0.140625
1 0.4443359375 0.5390625 0.146484375 0.115234375
1 0.546875 0.0341796875 0.041015625 0.06640625
1 0.642578125 0.3876953125 0.08984375 0.083984375
1 0.5244140625 0.1181640625 0.0625 0.09375
1 0.80078125 0.1767578125 0.05078125 0.08203125
1 0.7158203125 0.30859375 0.076171875 0.109375
1 0.9443359375 0.306640625 0.0859375 0.091796875
1 0.1259765625 0.1513671875 0.06640625 0.068359375
1 0.2607421875 0.314453125 0.09375 0.078125
1 0.9462890625 0.787109375 0.078125 0.1171875
1 0.9765625 0.3828125 0.046875 0.13671875
1 0.453125 0.455078125 0.064453125 0.083984375
1 0.0361328125 0.359375 0.05859375 0.08203125
1 0.283203125 0.109375 0.046875 0.080078125
1 0.8544921875 0.228515625 0.06640625 0.060546875
1 0.6796875 0.51953125 0.10546875 0.1015625
1 0.2392578125 0.404296875 0.087890625 0.1171875
1 0.015625 0.435546875 0.03125 0.087890625
1 0.8603515625 0.4228515625 0.07421875 0.06640625
1 0.111328125 0.01171875 0.046875 0.0234375
1 0.5703125 0.193359375 0.0703125 0.056640625
1 0.248046875 0.236328125 0.046875 0.068359375
1 0.396484375 0.138671875 0.041015625 0.0390625
1 0.41015625 0.1708984375 0.03125 0.044921875
1 0.6357421875 0.1298828125 0.064453125 0.06640625
1 0.4189453125 0.033203125 0.02734375 0.046875
1 0.400390625 0.080078125 0.046875 0.04296875
1 0.3076171875 0.037109375 0.033203125 0.0390625
1 0.0810546875 0.0322265625 0.056640625 0.048828125
1 0.3466796875 0.0146484375 0.029296875 0.029296875
1 0.0791015625 0.2001953125 0.068359375 0.04296875
1 0.875 0.939453125 0.1953125 0.12109375
1 0.7421875 0.5224609375 0.048828125 0.060546875
1 0.4580078125 0.625 0.11328125 0.12109375
0 0.45955003125 0.373059609375 0.4469491328125 0.41673144140625 0.500188158203125 0.474554314453125 0.50202633203125 0.493776984375 0.522577697265625 0.47293758984375 0.543273078125 0.47279357421875 0.557081091796875 0.480123833984375 0.56694716796875 0.49831669140625 0.576447779296875 0.4989810390625 0.596777693359375 0.481308513671875 0.594684779296875 0.4429738984375 0.5633149609375 0.4137302890625 0.537060912109375 0.402347361328125 0.529442619140625 0.374764619140625 0.524703166015625 0.30601256640625 0.510086787109375 0.287487537109375 0.510496392578125 0.25887498046875 0.5008184765625 0.215236439453125 0.490620228515625 0.201793888671875 0.48123034375 0.19954610546875 0.466536529296875 0.20488332421875 0.462373138671875 0.218912791015625 0.4876306640625 0.2445466328125 0.487331783203125 0.271575751953125 0.4960573203125 0.28332414453125 0.4962013359375 0.3040195234375 0.49034378515625 0.319521701171875 0.472006912109375 0.308692396484375 0.45889653515625 0.31414033984375 0.454068794921875 0.337670416015625 0.45955003125 0.373059609375
0 0.7493503671875 1 0.766206712890625 0.94823294140625 0.763925638671875 0.935344013671875 0.75284159375 0.93456894140625 0.7212061875 0.954633265625 0.709014896484375 0.96969254296875 0.689460052734375 0.9762810234375 0.67429005078125 0.96567316796875 0.668033744140625 0.94136801953125 0.68395637890625 0.85019313671875 0.709446205078125 0.80424023046875 0.713321564453125 0.7488200078125 0.72595575390625 0.72742698828125 0.74606421875 0.712921333984375 0.7559744375 0.684973125 0.750415767578125 0.673446181640625 0.740915158203125 0.672781833984375 0.6939990234375 0.68382173828125 0.649740275390625 0.656859201171875 0.620031326171875 0.603864064453125 0.624061552734375 0.500719341796875 0.61986487109375 0.4924699921875 0.605613955078125 0.491473470703125 0.591208173828125 0.53820144921875 0.56373615625 0.544236306640625 0.563326548828125 0.572848861328125 0.549585115234375 0.61007623046875 0.505127359375 0.676979255859375 0.5005210703125 0.6973424609375 0.490577560546875 0.703011853515625 0.41685375390625 0.71058600390625 0.407906767578125 0.702004482421875 0.40231480859375 0.66819872265625 0.381143240234375 0.652397666015625 0.347669654296875 0.6532393203125 0.27232912109375 0.6384239296875 0.1777992109375 0.64772553125 0.16405777734375 0.6849528984375 0.13308671484375 0.695516611328125 0.1417348203125 0.73112725390625 0.137826169921875 0.7642686640625 0.122800181640625 0.774356189453125 0.056882826171875 0.784067396484375 0 0.814506751953125 0 0.95987328125 0.000034771484375 0.959895263671875 0.00321115234375 0.966482087890625 0.039695962890625 0.96903335546875 0.05443603515625 0.887322845703125 0.077423337890625 0.831647880859375 0.143229970703125 0.82352010546875 0.2099223984375 0.80272485546875 0.273813421875 0.799236662109375 0.285484380859375 0.814373373046875 0.315569646484375 0.816477138671875 0.324627357421875 0.8234752265625 0.319423302734375 0.897896671875 0.32759521875 0.91756223828125 0.43427227734375 0.939342423828125 0.50596975 0.9379912890625 0.51627872265625 0.94985040625 0.52720790234375 0.998349978515625 0.586570068359375 0.9913627421875 0.598794650390625 0.998582279296875 0.598535978515625 1 0.7493503671875 1
0 0.840527546875 0.659062103515625 0.841812099609375 0.686201947265625 0.82943265234375 0.72670691015625 0.8173520859375 0.74018275390625 0.818271171875 0.749794087890625 0.8793275 0.741334140625 0.890787861328125 0.69121784375 0.8763929296875 0.669525943359375 0.88044559765625 0.657079912109375 0.8615551015625 0.65416778125 0.840527546875 0.659062103515625
0 0.945355580078125 0.730039498046875 0.98565911328125 0.722544607421875 0.991252755859375 0.64255181640625 0.984442826171875 0.62616384375 0.9686084765625 0.62505659765625 0.955165923828125 0.63525484765625 0.945809328125 0.65528587890625 0.938324203125 0.71681839453125 0.945355580078125 0.730039498046875
0 0.78589324609375 0.575682818359375 0.75919630078125 0.5706336328125 0.712612337890625 0.57692323046875 0.7041415390625 0.58428678125 0.69309078515625 0.605790525390625 0.70899171875 0.6514553984375 0.739298431640625 0.650392296875 0.7388222421875 0.63444722265625 0.7587092578125 0.623108435546875 0.76809914453125 0.62535621875 0.773325638671875 0.641633466796875 0.781464263671875 0.639020220703125 0.78589324609375 0.575682818359375
0 0.167998982421875 0.4465518515625 0.196722259765625 0.4453780234375 0.20368705859375 0.414041498046875 0.192868603515625 0.3639584921875 0.149971841796875 0.340273548828125 0.113696853515625 0.358422263671875 0.086667732421875 0.3581233828125 0.072450109375 0.379405673828125 0.07145358984375 0.39365658984375 0.049983138671875 0.404884650390625 0.038821658203125 0.427971828125 0.09413116015625 0.433430623046875 0.14620720703125 0.39411033984375 0.154124380859375 0.394663962890625 0.160524705078125 0.439664490234375 0.167998982421875 0.4465518515625
0 0.5172303984375 0.28935093359375 0.4839063125 0.3889209375 0.54304859375 0.453030220703125 0.566362333984375 0.40559116796875 0.550081140625 0.40445267578125 0.537885322265625 0.370886900390625 0.5450829453125 0.345946873046875 0.54697992578125 0.318818763671875 0.534278244140625 0.29248717578125 0.5493827734375 0.284456466796875 0.543411328125 0.265865064453125 0.5172303984375 0.28935093359375
0 0.553765166015625 0.533744513671875 0.535713591796875 0.557925625 0.52755376171875 0.544633333984375 0.51148703125 0.51443165625 0.523946685546875 0.46623361328125 0.50808336328125 0.485115537109375 0.49895028125 0.51173764453125 0.497053298828125 0.53886575390625 0.5028102890625 0.5865202734375 0.51906652734375 0.6531770703125 0.55845001171875 0.726714771484375 0.601965375 0.624349412109375 0.61194523828125 0.559621482421875 0.62348116796875 0.49863707421875 0.6070735078125 0.4993071640625 0.589604748046875 0.567146201171875 0.576776595703125 0.542623193359375 0.57669965234375 0.491731009765625 0.5704752734375 0.476756701171875 0.5623539140625 0.48891050390625 0.553765166015625 0.533744513671875
0 0.723013173828125 1 0.7509703359375 0.989158703125 0.785517833984375 0.937052984375 0.758091013671875 0.9133265625 0.721657716796875 0.914413611328125 0.674642439453125 0.8663628671875 0.634143076171875 0.9700850703125 0.715204166015625 1 0.723013173828125 1