1 0.6474609375 0.3779296875 0.181640625 0.259765625
1 0.556640625 0.7978515625 0.197265625 0.271484375
1 0.6748046875 0.919921875 0.197265625 0.146484375
1 0.7353515625 0.0888671875 0.15234375 0.169921875
1 0.4404296875 0.5185546875 0.1875 0.205078125
1 0.8994140625 0.84765625 0.201171875 0.2421875
1 0.1396484375 0.4140625 0.205078125 0.345703125
1 0.2255859375 0.7587890625 0.271484375 0.482421875
1 0.400390625 0.2275390625 0.171875 0.169921875
1 0.66796875 0.0302734375 0.1015625 0.060546875
1 0.0966796875 0.2197265625 0.13671875 0.197265625
1 0.4990234375 0.1279296875 0.140625 0.140625
1 0.943359375 0.0439453125 0.03125 0.087890625
1 0.822265625 0.6435546875 0.2265625 0.21875
1 0.9599609375 0.4501953125 0.080078125 0.177734375
1 0.8798828125 0.37109375 0.115234375 0.119140625
1 0.2490234375 0.0654296875 0.12109375 0.095703125
0 0.526203888671875 1 0.59020459765625 0.99327325390625 0.590502771484375 0.9883449609375 0.576316671875 0.962086560546875 0.559493080078125 0.957325517578125 0.511228259765625 0.964030673828125 0.499248119140625 0.9587605625 0.457630423828125 0.8423431796875 0.456442599609375 0.83104179296875 0.4684276171875 0.80529733984375 0.46613925 0.76799452734375 0.490191693359375 0.732820140625 0.4923201171875 0.7064793359375 0.515179859375 0.691018130859375 0.5380444765625 0.644542361328125 0.539663833984375 0.61335810546875 0.53057328125 0.6045196484375 0.512474583984375 0.603157259765625 0.40855128515625 0.623873951171875 0.393085203125 0.63202877734375 0.390956779296875 0.65836958203125 0.3833983046875 0.633046912109375 0.3494166171875 0.5892812890625 0.321475951171875 0.49427885546875 0.301767646484375 0.46207158984375 0.30916618359375 0.423750642578125 0.336273025390625 0.4176369609375 0.35267483203125 0.402854513671875 0.3751079140625 0.3988643828125 0.388620130859375 0.387650279296875 0.443851953125 0.385109818359375 0.457364169921875 0.373895716796875 0.460680419921875 0.358856294921875 0.44853058984375 0.351971701171875 0.429156787109375 0.354007970703125 0.349024080078125 0.383650400390625 0.32115607421875 0.36699162109375 0.251311494140625 0.354744759765625 0.23440549609375 0.333669189453125 0.229828763671875 0.25906356640625 0.24223556640625 0.2528626015625 0.250986740234375 0.258472091796875 0.267805458984375 0.294247703125 0.2783408046875 0.301301986328125 0.29151364453125 0.2868589140625 0.293389974609375 0.2425891015625 0.322707650390625 0.226449140625 0.328404421875 0.20299792578125 0.34769581640625 0.184647130859375 0.351947794921875 0.162980087890625 0.36384552734375 0.151935673828125 0.3530629609375 0.095937814453125 0.327319662109375 0.015395294921875 0.28955225390625 0.019364810546875 0.298597177734375 0.090236169921875 0.313122654296875 0.119723533203125 0.316686125 0.15362769140625 0.222532134765625 0.189640771484375 0.20392924609375 0.1524203671875 0.1681107578125 0.032128826171875 0.100803708984375 0.03920308203125 0.123040251953125 0.128275771484375 0.167547537109375 0.241124806640625 0.185888580078125 0.322445337890625 0.250438673828125 0.501745173828125 0.25926737890625 0.55468375390625 0.3274633515625 0.78420226953125 0.335613302734375 0.83068291796875 0.367209591796875 0.913874900390625 0.379010294921875 0.97955966015625 0.390956841796875 1 0.526203888671875 1
0 0.518828755859375 0 0.52675818359375 0.009124328125 0.523524341796875 0.0404782734375 0.540173369140625 0.07463940234375 0.60499018359375 0.178824546875 0.64822723828125 0.264057673828125 0.670233658203125 0.2715386171875 0.709223611328125 0.34742422265625 0.741421126953125 0.389745048828125 0.7827867265625 0.488233421875 0.81982769140625 0.530045181640625 0.827216478515625 0.553753369140625 0.863753251953125 0.559707111328125 0.9188007578125 0.648595865234375 0.9322983515625 0.7304254609375 0.937820556640625 0.736374330078125 0.95880884375 0.73416837109375 0.967560017578125 0.739777859375 0.998652119140625 0.787111826171875 1 0.7899789453125 1 0.689220353515625 0.960437953125 0.640954982421875 0.92017289453125 0.56846803515625 0.872257205078125 0.5163730234375 0.8576493203125 0.470571134765625 0.878388296875 0.453934509765625 0.8296694453125 0.38075143359375 0.800932736328125 0.391229234375 0.77676726171875 0.356481658203125 0.810549298828125 0.35852412890625 0.7730913125 0.286021833984375 0.72402068359375 0.270782328125 0.674917169921875 0.20738593359375 0.6640473203125 0.1660881171875 0.65172780078125 0.1575890390625 0.60755501953125 0.078983533203125 0.5909883984375 0.061136931640625 0.560570181640625 0.051275466796875 0.552759609375 0.008023787109375 0.549575921875 0 0.518828755859375 0
0 0.6825678046875 0.18699399609375 0.6929285859375 0.22344836328125 0.711875728515625 0.23288316796875 0.7218147265625 0.249794041015625 0.73574873046875 0.2581234296875 0.773051541015625 0.25583506640625 0.7812985234375 0.225586537109375 0.769153568359375 0.187687376953125 0.749697359375 0.17340912109375 0.709165580078125 0.17603686328125 0.6825678046875 0.18699399609375
0 0.83104476953125 0 0.843274498046875 0.023194365234375 0.899092919921875 0.0728264453125 0.908440443359375 0.06857934375 0.9119263828125 0.05515441015625 0.9256906953125 0.061869314453125 0.943697236328125 0.108946310546875 0.945898318359375 0.160949162109375 0.9671513203125 0.16126180078125 0.956391990234375 0.058893603515625 0.9545817109375 0.057200427734375 0.9308832734375 0.00256008203125 0.9277218359375 0 0.83104476953125 0
0 0.06546156640625 0.465688216796875 0.056031634765625 0.453620794921875 0.04116190625 0.45191902734375 0.02543885546875 0.47315941015625 0.020672935546875 0.520997568359375 0.047770029296875 0.576913021484375 0.050814681640625 0.668002859375 0.06466140234375 0.6910322890625 0.079191755859375 0.689505087890625 0.093130634765625 0.66681991015625 0.10451442578125 0.681946611328125 0.116581849609375 0.6725166796875 0.105464779296875 0.5822752890625 0.06546156640625 0.465688216796875