1 0.240234375 0.21875 0.228515625 0.185546875
1 0.1845703125 0.4287109375 0.25390625 0.185546875
1 0.046875 0.24609375 0.080078125 0.13671875
1 0.0595703125 0.619140625 0.119140625 0.125
1 0.087890625 0.1064453125 0.15234375 0.140625
0 0.525436599609375 0.31564883984375 0.501385556640625 0.324308416015625 0.49467375390625 0.335156736328125 0.47944291015625 0.499282130859375 0.4421138359375 0.57080774609375 0.439428107421875 0.60237881640625 0.4468929140625 0.6153054375 0.4505876640625 0.645516078125 0.474232076171875 0.693839046875 0.497178705078125 0.716805763671875 0.5454263671875 0.740656009765625 0.545125138671875 0.93063464453125 0.562298716796875 0.937567330078125 0.56923140234375 0.92039375390625 0.584989328125 0.9225272734375 0.575576748046875 0.874701291015625 0.57662594140625 0.844656314453125 0.589994328125 0.824540990234375 0.60122919140625 0.82018358984375 0.658101296875 0.8237528515625 0.668618291015625 0.83995254296875 0.677754767578125 0.89568509765625 0.68799566015625 0.91979136328125 0.723924130859375 0.93371195703125 0.733632900390625 0.927718021484375 0.7388236484375 0.779074451171875 0.73481766015625 0.712438353515625 0.714923220703125 0.692744708984375 0.7081210625 0.6608423125 0.6972727421875 0.654130509765625 0.649833302734375 0.652473888671875 0.64705721875 0.641294244140625 0.651876470703125 0.59396525 0.664803091796875 0.58650044140625 0.72353261328125 0.582218349609375 0.728663103515625 0.57131480859375 0.72463702734375 0.55059205859375 0.710736521484375 0.54060718359375 0.664823177734375 0.54058709765625 0.643071318359375 0.5287448046875 0.634080416015625 0.5141816484375 0.629467 0.46494001171875 0.585024529296875 0.46813777734375 0.580114923828125 0.47271605859375 0.57775548046875 0.630957958984375 0.543001693359375 0.6740751328125 0.530737720703125 0.6625641640625 0.502218837890625 0.6631515078125 0.497640556640625 0.658241900390625 0.4938905859375 0.629612576171875 0.49832329296875 0.59335278125 0.5032881171875 0.587193185546875 0.52378998828125 0.58949237109375 0.530391349609375 0.5818066796875 0.550551884765625 0.36718966015625 0.554377162109375 0.348324328125 0.565888130859375 0.33606035546875 0.578302716796875 0.252582005859375 0.579075806640625 0.2304436015625 0.5713901171875 0.223842240234375 0.53321768359375 0.22884219921875 0.525436599609375 0.31564883984375
0 0.51665233984375 0.456958638671875 0.53061867578125 0.5749873671875 0.569859166015625 0.590824091796875 0.604166427734375 0.48894780859375 0.58904231640625 0.45586989453125 0.5704312109375 0.419053556640625 0.545002619140625 0.409517259765625 0.51665233984375 0.456958638671875
0 0.357214794921875 0.68975271484375 0.352395544921875 0.7370817109375 0.37273175 0.744124837890625 0.38624571484375 0.7651789140625 0.409046767578125 0.746976228515625 0.43287692578125 0.74464191015625 0.443027462890625 0.7259974609375 0.4453266484375 0.70549558984375 0.44418709765625 0.692789853515625 0.431702244140625 0.68760414453125 0.4220486953125 0.692016763671875 0.357214794921875 0.68975271484375
0 0.982844388671875 1 0.9892018515625 0.81794603125 0.94301402734375 0.8257860078125 0.89551937109375 0.825710703125 0.893551509765625 0.83672468359375 0.914972044921875 0.85805486328125 0.92335551953125 0.89001248046875 0.92100111328125 0.912095662109375 0.90774316796875 0.929048359375 0.90141791015625 0.9288274765625 0.889319599609375 0.912572564453125 0.871925140625 0.91196513671875 0.85725154296875 0.9241186640625 0.84984195703125 0.90961073046875 0.794606388671875 0.904515376953125 0.7923272890625 0.87910390234375 0.827191517578125 0.83282409765625 0.821308025390625 0.81995269921875 0.805770982421875 0.811493919921875 0.796945744140625 0.7921868203125 0.77197603515625 0.781815400390625 0.75610766796875 0.7828445078125 0.751032400390625 0.792166732421875 0.74758862890625 0.93612158203125 0.75205646875 0.94419381640625 0.796167615234375 0.95048394140625 0.813230751953125 0.960579255859375 0.816062056640625 0.9701775859375 0.777337416015625 0.990990693359375 0.767165412109375 1 0.982844388671875 1
0 0.279675158203125 0.688628212890625 0.273987423828125 0.851503615234375 0.283731328125 0.8898417109375 0.309087583984375 0.8891439296875 0.315965048828125 0.873551666015625 0.385487671875 0.87756269140625 0.388926404296875 0.869766560546875 0.387309955078125 0.825379310546875 0.338344423828125 0.822086154296875 0.3119590625 0.806915568359375 0.304439033203125 0.795570263671875 0.318048388671875 0.7232163359375 0.339102466796875 0.709702375 0.340206880859375 0.678076083984375 0.331215978515625 0.663512927734375 0.3074410390625 0.664265931640625 0.279675158203125 0.688628212890625
0 0.5062197890625 0.865946322265625 0.499507986328125 0.876794640625 0.439473251953125 0.873114939453125 0.428901033203125 0.8584965625 0.40845438671875 0.854616064453125 0.395362103515625 0.866824814453125 0.391757708984375 0.879364890625 0.3939815859375 0.9063576796875 0.4094081875 0.91797908984375 0.43798229296875 0.91581043359375 0.450356703125 0.924158771484375 0.47565773828125 0.9250423046875 0.480125578125 0.9331145390625 0.486671720703125 0.927010162109375 0.503845296875 0.933942849609375 0.513719728515625 0.923204970703125 0.532640283203125 0.92544893359375 0.53917137890625 0.829099185546875 0.505908548828125 0.829520865234375 0.5062197890625 0.865946322265625