1 0.3662109375 0.6064453125 0.056640625 0.041015625
1 0.564453125 0.7734375 0.091796875 0.1015625
1 0.978515625 0.6904296875 0.04296875 0.052734375
1 0.5908203125 0.69921875 0.06640625 0.052734375
1 0.6767578125 0.68359375 0.119140625 0.0625
1 0.685546875 0.7314453125 0.0625 0.068359375
1 0.6328125 0.7646484375 0.041015625 0.08984375
1 0.9267578125 0.85546875 0.0390625 0.048828125
1 0.947265625 0.8271484375 0.03515625 0.046875
1 0.93359375 0.7529296875 0.0390625 0.03125
1 0.6728515625 0.9453125 0.076171875 0.0625
1 0.9853515625 0.8759765625 0.029296875 0.056640625
1 0.8203125 0.9501953125 0.068359375 0.060546875
1 0.7587890625 0.84375 0.060546875 0.046875
1 0.845703125 0.822265625 0.037109375 0.052734375
1 0.8896484375 0.779296875 0.05859375 0.046875
1 0.873046875 0.6875 0.033203125 0.03515625
1 0.7265625 0.779296875 0.03515625 0.0546875
1 0.7451171875 0.91796875 0.04296875 0.046875
1 0.9052734375 0.642578125 0.080078125 0.044921875
0 0.779568625 0.468189919921875 0.8035787421875 0.475831208984375 0.81695234765625 0.47027634765625 0.846517328125 0.491291244140625 0.91369187890625 0.4965772265625 0.92752794140625 0.47998255078125 0.9805599140625 0.46880291796875 0.97372523046875 0.467345640625 0.974305990234375 0.459693591796875 0.935050927734375 0.452584666015625 0.89772635546875 0.452192123046875 0.889848458984375 0.469426708984375 0.837101486328125 0.46448487890625 0.824830244140625 0.45304176171875 0.7908934375 0.4525309140625 0.778396349609375 0.458903140625 0.779568625 0.468189919921875
0 0.9665517578125 0.359055447265625 0.92466714453125 0.34949442578125 0.90708840625 0.356044107421875 0.91421884765625 0.365970798828125 0.91042777734375 0.378822798828125 0.87129101953125 0.375101638671875 0.826846763671875 0.389373279296875 0.829594619140625 0.395213140625 0.89419876953125 0.399740908203125 0.904657826171875 0.407855412109375 0.92638254296875 0.398617025390625 0.93287307421875 0.4145018828125 0.944789404296875 0.415781701171875 0.94810726171875 0.389378640625 0.985490984375 0.391465068359375 0.982694736328125 0.40852219921875 0.99709273828125 0.40801941015625 0.996168544921875 0.381553951171875 0.92059107421875 0.378467888671875 0.92029531640625 0.369998474609375 0.928883033203125 0.373090482421875 0.93542195703125 0.36607834375 0.942434095703125 0.372617267578125 0.9665517578125 0.359055447265625
0 0.7125177734375 0.612143076171875 0.70398920703125 0.610744951171875 0.711404650390625 0.6045501796875 0.685996408203125 0.605437455078125 0.678580966796875 0.6116322265625 0.678995029296875 0.623489408203125 0.666379634765625 0.626473869140625 0.63208791796875 0.61579972265625 0.627893544921875 0.64138541796875 0.594833255859375 0.641691935546875 0.5973928984375 0.617859275390625 0.62332274609375 0.60762606640625 0.635287470703125 0.586008896484375 0.6294368515625 0.564165875 0.63603492578125 0.55884762109375 0.599705173828125 0.562660205078125 0.590762546875 0.54940490234375 0.577910546875 0.54561383203125 0.600737630859375 0.519377466796875 0.59803816796875 0.49064061328125 0.60760994921875 0.473346875 0.6386214453125 0.462936212890625 0.64405800390625 0.4729220546875 0.664325443359375 0.4705183515625 0.669917943359375 0.43640408984375 0.661448529296875 0.43669984765625 0.655205361328125 0.452181400390625 0.643170728515625 0.447513814453125 0.63826653515625 0.45277291796875 0.575711177734375 0.458349294921875 0.55321748828125 0.445567205078125 0.553690701171875 0.459118267578125 0.53009464453125 0.46333415625 0.48575793359375 0.456402685546875 0.46566794921875 0.4638880390625 0.421508693359375 0.46203821484375 0.417717625 0.47489021484375 0.426482796875 0.48306387109375 0.4191265078125 0.49095252734375 0.388932375 0.500486669921875 0.36832078125 0.517317953125 0.376386892578125 0.529755890625 0.402031740234375 0.535644146484375 0.40069276953125 0.54586659375 0.321257734375 0.55372837109375 0.295435431640625 0.54275846875 0.200647904296875 0.572355720703125 0.202815001953125 0.585847630859375 0.218651462890625 0.60225409375 0.20697173828125 0.6077498046875 0.20738580078125 0.619606982421875 0.249092958984375 0.62408635546875 0.257325765625 0.61701506640625 0.273162228515625 0.633421529296875 0.28846632421875 0.634583046875 0.3156491171875 0.68451225390625 0.339126869140625 0.6769086015625 0.342740482421875 0.658974951171875 0.337422228515625 0.652376876953125 0.360023462890625 0.64395585546875 0.373052916015625 0.652828572265625 0.38930344140625 0.68109221484375 0.40040240625 0.683248552734375 0.417744537109375 0.66992333984375 0.378193716796875 0.654345 0.390975806640625 0.631851310546875 0.38816880078125 0.62431756640625 0.362938013671875 0.630286490234375 0.34237481640625 0.624220779296875 0.336997408203125 0.615928822265625 0.291617482421875 0.627689212890625 0.278647181640625 0.62051037890625 0.280104455078125 0.6136756953125 0.290789359375 0.60397485546875 0.348026462890625 0.591800400390625 0.354565388671875 0.584788263671875 0.381785814453125 0.5872296015625 0.402526470703125 0.598376958984375 0.412216552734375 0.584470986328125 0.43465108984375 0.5955591953125 0.442647291015625 0.581712375 0.464608615234375 0.57924951953125 0.4770573125 0.59577428515625 0.487220607421875 0.595419375 0.492291498046875 0.570651044921875 0.523480451171875 0.56532203125 0.5238246015625 0.550894453125 0.512489029296875 0.54196258203125 0.429488775390625 0.544861015625 0.424810431640625 0.532304775390625 0.449223849609375 0.5272123671875 0.4673241953125 0.511316755859375 0.4924366796875 0.50196006640625 0.5052886796875 0.505751134765625 0.51020362890625 0.52508290625 0.5184364375 0.518011619140625 0.542328251953125 0.522265142578125 0.557879712890625 0.55479306640625 0.5605200234375 0.5818360390625 0.5557341328125 0.590482908203125 0.55983171875 0.61069119921875 0.54535574609375 0.6332440390625 0.571463048828125 0.62809248046875 0.57801273046875 0.64567121875 0.557341986328125 0.660808619140625 0.54337686328125 0.64942465234375 0.516226345703125 0.67326807421875 0.514080763671875 0.7089579140625 0.52997637890625 0.727058259765625 0.532595171875 0.704919478515625 0.54835096484375 0.67045030859375 0.557460291015625 0.664196384765625 0.57276438671875 0.665357900390625 0.5851539296875 0.68018878515625 0.60863168359375 0.67258512890625 0.628189302734375 0.649854833984375 0.68152779296875 0.671735490234375 0.7095655859375 0.673300310546875 0.7036558125 0.64976340625 0.71456656640625 0.62224722265625 0.7125177734375 0.612143076171875
0 0.30510894921875 1 0.314557544921875 0.993212978515625 0.339965787109375 0.992325703125 0.347322076171875 0.984437046875 0.3515756015625 0.960545234375 0.36774545703125 0.9379332421875 0.372864740234375 0.89026791796875 0.383657189453125 0.859363966796875 0.372617376953125 0.85890151171875 0.35445787890625 0.873103240234375 0.33156088671875 0.87305484765625 0.32906039453125 0.898581392578125 0.29841456640625 0.9437462265625 0.29713474609375 0.955662556640625 0.265257490234375 0.989846728515625 0.2505933046875 0.982727046875 0.188704734375 0.910266513671875 0.187462548828125 0.8746949765625 0.1976150859375 0.849749189453125 0.210526236328125 0.855234140625 0.216376857421875 0.877077162109375 0.227653279296875 0.8843151484375 0.246345140625 0.88535836328125 0.274549630859375 0.86741395703125 0.295171982421875 0.875173548828125 0.319348794921875 0.863305611328125 0.31489630078125 0.832934025390625 0.327264328125 0.798583158203125 0.308975771484375 0.784806248046875 0.288708328125 0.787209951171875 0.269779861328125 0.779391205078125 0.257793619140625 0.751826626953125 0.244005951171875 0.74552430859375 0.24002666796875 0.728703783203125 0.245215861328125 0.70732321875 0.28323949609375 0.70345148046875 0.285739986328125 0.677924935546875 0.249351083984375 0.680043640625 0.221619806640625 0.711539109375 0.204680978515625 0.712130625 0.1984270546875 0.70302130078125 0.204551916015625 0.684151984375 0.191936525390625 0.687136443359375 0.1747126953125 0.703849423828125 0.18202059375 0.71885776171875 0.17519666796875 0.741991361328125 0.12969844140625 0.75036398828125 0.120422419921875 0.776127140625 0.073348611328125 0.78794668359375 0.06685808203125 0.772061828125 0.073042095703125 0.75488639453125 0.066906474609375 0.7491648359375 0.04313296484375 0.748299078125 0.035706765625 0.72990297265625 0.019526150390625 0.72792408984375 0.0123957109375 0.717997400390625 0.015132806640625 0.69924638671875 0.020854365234375 0.693110765625 0.0429339921875 0.69403567578125 0.0558935390625 0.676623634765625 0.067809869140625 0.67790345703125 0.08025856640625 0.69442822265625 0.10519359375 0.679989884765625 0.11915871875 0.691373849609375 0.12574603515625 0.66146471875 0.13788821484375 0.644929197265625 0.1537730703125 0.6384386640625 0.158381505859375 0.6247101484375 0.135425359375 0.622967873046875 0.144534685546875 0.61671394921875 0.142308435546875 0.601528154296875 0.13646857421875 0.604276009765625 0.122503451171875 0.592892044921875 0.11626028515625 0.608373595703125 0.043423326171875 0.6109171171875 0.0344323046875 0.62055880859375 0.05073122265625 0.62592545703125 0.004257890625 0.630657578125 0.01715561328125 1 0.055563912109375 1 0.061577498046875 0.985087751953125 0.114136255859375 0.960357056640625 0.10629599609375 0.930103775390625 0.113818982421875 0.902705890625 0.159661361328125 0.879905685546875 0.1659744375 0.890708892578125 0.15640265625 0.90800262890625 0.162134974609375 0.926457884765625 0.142873111328125 0.957657595703125 0.149067884765625 0.965073037109375 0.165710953125 0.956012107421875 0.174298669921875 0.95910411328125 0.175648400390625 0.973472541015625 0.166539076171875 0.97972646484375 0.154504443359375 0.97505887890625 0.139555255859375 0.984060658203125 0.129865173828125 0.997966630859375 0.120305462890625 1 0.30510894921875 1