1 0.4736328125 0.78125 0.0830078125 0.1015625
1 0.5791015625 0.88671875 0.0732421875 0.099609375
1 0.7880859375 0.884765625 0.0732421875 0.0732421875
1 0.2392578125 0.361328125 0.0673828125 0.0859375
1 0.7568359375 0.7041015625 0.080078125 0.126953125
1 0.8701171875 0.8974609375 0.056640625 0.0908203125
1 0.2392578125 0.056640625 0.0654296875 0.095703125
1 0.5908203125 0.2060546875 0.0703125 0.0595703125
1 0.7216796875 0.0205078125 0.0439453125 0.037109375
1 0.693359375 0.2412109375 0.0576171875 0.060546875
1 0.697265625 0.310546875 0.0361328125 0.0546875
1 0.3408203125 0.4619140625 0.0419921875 0.041015625
1 0.0361328125 0.9287109375 0.0546875 0.0966796875
1 0.3515625 0.4140625 0.0498046875 0.052734375
1 0.62109375 0.3515625 0.0625 0.0576171875
1 0.81640625 0.693359375 0.0439453125 0.078125
1 0.9619140625 0.744140625 0.0546875 0.0751953125
1 0.90234375 0.662109375 0.0546875 0.064453125
1 0.720703125 0.525390625 0.0361328125 0.0419921875
1 0.728515625 0.576171875 0.037109375 0.048828125
1 0.791015625 0.509765625 0.048828125 0.048828125
1 0.52734375 0.5380859375 0.041015625 0.0341796875
1 0.3701171875 0.361328125 0.0390625 0.0546875
1 0.330078125 0.357421875 0.0361328125 0.0498046875
1 0.154296875 0.3125 0.046875 0.044921875
1 0.1162109375 0.2880859375 0.0517578125 0.044921875
1 0.748046875 0.1162109375 0.0654296875 0.125
1 0.154296875 0.8349609375 0.0546875 0.080078125
1 0.14453125 0.623046875 0.0546875 0.0576171875
1 0.0791015625 0.646484375 0.052734375 0.0439453125
1 0.6220703125 0.6640625 0.068359375 0.064453125
1 0.830078125 0.546875 0.046875 0.0546875
1 0.77734375 0.5556640625 0.0390625 0.037109375
1 0.853515625 0.611328125 0.0419921875 0.0439453125
1 0.927734375 0.755859375 0.0419921875 0.0625
1 0.927734375 0.8896484375 0.048828125 0.0703125
0 0.31015625 0.384375 0.29765625 0.3953125 0.26796875 0.3859375 0.2328125 0.39609375 0.23359375 0.4078125 0.253125 0.41328125 0.25625 0.43671875 0.26640625 0.45 0.28828125 0.446875 0.29453125 0.453125 0.3125 0.45390625 0.3234375 0.44609375 0.3328125 0.41796875 0.32109375 0.3859375 0.31015625 0.384375
0 0.28125 0.66015625 0.2671875 0.65390625 0.2640625 0.61640625 0.27265625 0.603125 0.29609375 0.609375 0.303125 0.58203125 0.26796875 0.5640625 0.25234375 0.5734375 0.25 0.53359375 0.22734375 0.5328125 0.22109375 0.5203125 0.2140625 0.54453125 0.2140625 0.57734375 0.2171875 0.59296875 0.2296875 0.60546875 0.2328125 0.62421875 0.2265625 0.65546875 0.2203125 0.66015625 0.2328125 0.69765625 0.25 0.69921875 0.26484375 0.6796875 0.28046875 0.68125 0.2875 0.67578125 0.28125 0.66015625
0 0.396875 0.65546875 0.39453125 0.64375 0.38828125 0.6515625 0.3765625 0.65234375 0.3671875 0.62421875 0.37734375 0.5953125 0.39140625 0.5953125 0.40546875 0.6109375 0.415625 0.59296875 0.39140625 0.5015625 0.3796875 0.50390625 0.3734375 0.54453125 0.36640625 0.5515625 0.359375 0.53515625 0.34140625 0.5171875 0.33125 0.51796875 0.334375 0.53828125 0.321875 0.53828125 0.3265625 0.55390625 0.3140625 0.56640625 0.334375 0.59921875 0.328125 0.62734375 0.334375 0.65546875 0.3265625 0.66796875 0.3328125 0.68203125 0.34140625 0.675 0.36953125 0.671875 0.37734375 0.6578125 0.396875 0.65546875
0 0 0.40390625 0.021875 0.41953125 0.04375 0.38828125 0.046875 0.36171875 0.07734375 0.353125 0.10546875 0.3609375 0.12578125 0.4015625 0.13671875 0.39375 0.15390625 0.4 0.17421875 0.3765625 0.196875 0.37265625 0.1890625 0.35703125 0.1890625 0.33828125 0.1984375 0.32578125 0.18046875 0.3203125 0.171875 0.33046875 0.17109375 0.34375 0.14140625 0.3421875 0.12265625 0.31875 0.10859375 0.3203125 0.09453125 0.3125 0.0875 0.27578125 0.06484375 0.2671875 0.04375 0.32578125 0 0.38046875 0 0.40390625
0 0.13359375 0.6546875 0.1140625 0.63359375 0.12578125 0.6109375 0.14296875 0.596875 0.16328125 0.596875 0.18203125 0.575 0.1859375 0.58515625 0.17734375 0.609375 0.18515625 0.609375 0.1875 0.59765625 0.2046875 0.58671875 0.203125 0.55234375 0.1875 0.54453125 0.1828125 0.52578125 0.1859375 0.49453125 0.17421875 0.4921875 0.16640625 0.4796875 0.1625 0.49296875 0.1703125 0.51640625 0.1703125 0.55546875 0.12578125 0.578125 0.1234375 0.52890625 0.11328125 0.525 0.1046875 0.56171875 0.09375 0.57265625 0.090625 0.59921875 0.05 0.63671875 0.05859375 0.6421875 0.07578125 0.6265625 0.08984375 0.6265625 0.1046875 0.64765625 0.109375 0.67109375 0.12265625 0.675 0.13515625 0.6890625 0.16953125 0.690625 0.17421875 0.7 0.18984375 0.6921875 0.2234375 0.69921875 0.2171875 0.67109375 0.19921875 0.6515625 0.16640625 0.640625 0.13359375 0.6546875
0 0.7671875 0.50546875 0.7765625 0.49140625 0.77265625 0.4875 0.76484375 0.5 0.73828125 0.5015625 0.7375 0.48671875 0.725 0.47109375 0.73671875 0.4546875 0.75078125 0.4546875 0.75390625 0.4640625 0.765625 0.46328125 0.7671875 0.44609375 0.7578125 0.43515625 0.75859375 0.4234375 0.77890625 0.43125 0.79140625 0.4234375 0.81171875 0.4234375 0.8140625 0.43515625 0.82109375 0.4359375 0.83125 0.40859375 0.84765625 0.3921875 0.875 0.38203125 0.8703125 0.34921875 0.86015625 0.3421875 0.84296875 0.3421875 0.82734375 0.3515625 0.80703125 0.353125 0.78515625 0.3453125 0.7828125 0.35703125 0.76640625 0.375 0.72265625 0.375 0.7140625 0.40546875 0.70703125 0.4109375 0.68046875 0.3609375 0.65390625 0.3640625 0.63671875 0.3796875 0.58984375 0.38125 0.55078125 0.39375 0.5484375 0.29921875 0.54609375 0.2921875 0.53828125 0.29375 0.5234375 0.34609375 0.5234375 0.37265625 0.45703125 0.4171875 0.4515625 0.43359375 0.440625 0.43984375 0.4375 0.48359375 0.425 0.49921875 0.4390625 0.52265625 0.45234375 0.53125 0.48203125 0.525 0.49375 0.50390625 0.50234375 0.5015625 0.51171875 0.515625 0.54453125 0.521875 0.55390625 0.5375 0.56171875 0.5375 0.5921875 0.51796875 0.596875 0.49453125 0.62109375 0.4625 0.62890625 0.4609375 0.64765625 0.4796875 0.659375 0.43984375 0.68671875 0.4296875 0.6921875 0.44140625 0.6875 0.45078125 0.6890625 0.50234375 0.7375 0.50546875 0.7421875 0.53984375 0.7328125 0.54609375 0.74375 0.55234375 0.7453125 0.57734375 0.75234375 0.5859375 0.7609375 0.58515625 0.765625 0.58046875 0.759375 0.54921875 0.7703125 0.53828125 0.7671875 0.50546875
0 0.77421875 1 0.77109375 0.9890625 0.79453125 0.9859375 0.80546875 0.996875 0.81015625 0.9859375 0.8234375 0.98515625 0.8234375 0.97421875 0.79453125 0.98125 0.7921875 0.94453125 0.81328125 0.9359375 0.81796875 0.9390625 0.82578125 0.9265625 0.83828125 0.9234375 0.8484375 0.92734375 0.853125 0.94296875 0.85 0.96640625 0.86015625 1 0.9640625 0.99921875 0.96953125 0.9890625 0.98359375 0.9875 1 0.96953125 0.9890625 0.91640625 0.9921875 0.90078125 0.978125 0.89140625 0.96796875 0.871875 0.95625 0.88671875 0.9609375 0.90859375 0.95703125 0.9203125 0.93515625 0.9296875 0.91640625 0.9265625 0.90546875 0.94375 0.90078125 0.940625 0.88828125 0.946875 0.8734375 0.93671875 0.8703125 0.90703125 0.85625 0.88046875 0.85625 0.86015625 0.8703125 0.84765625 0.85859375 0.846875 0.84609375 0.8296875 0.840625 0.82890625 0.8375 0.90078125 0.81953125 0.9078125 0.77890625 0.915625 0.76484375 0.884375 0.73671875 0.90625 0.72109375 0.9046875 0.70859375 0.8828125 0.6875 0.87734375 0.68828125 0.8625 0.7109375 0.86171875 0.7140625 0.83203125 0.72265625 0.821875 0.76015625 0.8140625 0.76640625 0.803125 0.765625 0.80859375 0.778125 0.81640625 0.7796875 0.83203125 0.76484375 0.8359375 0.759375 0.84453125 0.76328125 0.871875 0.7921875 0.85703125 0.7828125 0.83359375 0.79140625 0.8125 0.80703125 0.83125 0.82109375 0.8296875 0.83203125 0.8171875 0.840625 0.82109375 0.8375 0.75078125 0.8234375 0.73515625 0.809375 0.70234375 0.8046875 0.66015625 0.78203125 0.609375 0.775 0.62265625 0.775 0.65078125 0.790625 0.68984375 0.79375 0.71796875 0.80625 0.73828125 0.815625 0.78359375 0.8125 0.79609375 0.80390625 0.8015625 0.78984375 0.803125 0.78359375 0.7921875 0.77265625 0.7921875 0.76328125 0.8 0.753125 0.78828125 0.7546875 0.75078125 0.71328125 0.740625 0.69765625 0.721875 0.684375 0.71796875 0.68125 0.70546875 0.66875 0.69453125 0.6796875 0.67421875 0.68046875 0.659375 0.66875 0.66015625 0.66171875 0.6875 0.60546875 0.703125 0.59453125 0.7453125 0.55859375 0.7453125 0.55625 0.71640625 0.5671875 0.66015625 0.57578125 0.653125 0.58984375 0.653125 0.59375 0.63828125 0.60234375 0.63125 0.63359375 0.634375 0.6484375 0.62578125 0.64140625 0.6125 0.62734375 0.6109375 0.61171875 0.6265625 0.55859375 0.6296875 0.53984375 0.60625 0.5359375 0.64765625 0.52734375 0.6703125 0.50546875 0.6671875 0.5 0.65234375 0.48515625 0.6453125 0.46484375 0.653125 0.4390625 0.67578125 0.4390625 0.69609375 0.42890625 0.71875 0.39140625 0.721875 0.37890625 0.7359375 0.29453125 0.7359375 0.28828125 0.75 0.259375 0.76953125 0.24375 0.81328125 0.2453125 0.83203125 0.2734375 0.86328125 0.2828125 0.90546875 0.2828125 0.92890625 0.2609375 0.95859375 0.26484375 1 0.3640625 0.99921875 0.3609375 0.97578125 0.3390625 0.94921875 0.3390625 0.92421875 0.34757892578125 0.89535913671875 0.38125 0.94765625 0.3734375 0.96171875 0.37265625 1 0.396875 0.99921875 0.3921875 0.95234375 0.40859375 0.9265625 0.43828125 0.925 0.45703125 0.9359375 0.47421875 0.9203125 0.49765625 0.9234375 0.5109375 0.91640625 0.5203125 0.89453125 0.5109375 0.87734375 0.5109375 0.84765625 0.49296875 0.846875 0.48046875 0.859375 0.46484375 0.834375 0.43515625 0.846875 0.4359375 0.76953125 0.42578125 0.7765625 0.409375 0.76171875 0.4140625 0.73984375 0.42265625 0.7328125 0.44609375 0.7375 0.4484375 0.75234375 0.45390625 0.7515625 0.4640625 0.72265625 0.47890625 0.7125 0.50390625 0.7140625 0.5328125 0.73828125 0.521875 0.76796875 0.5234375 0.78828125 0.54921875 0.790625 0.56640625 0.8 0.5875 0.82734375 0.59140625 0.8453125 0.5921875 0.83359375 0.61328125 0.8203125 0.63125 0.83203125 0.6359375 0.86796875 0.6265625 0.89296875 0.6359375 0.91953125 0.64453125 1 0.77421875 1