1 0.978515625 0.65234375 0.04296875 0.0703125
1 0.51953125 0.5986328125 0.0546875 0.05078125
1 0.5048828125 0.486328125 0.087890625 0.072265625
1 0.833984375 0.84375 0.115234375 0.09375
1 0.9853515625 0.7294921875 0.029296875 0.076171875
1 0.705078125 0.751953125 0.078125 0.0703125
1 0.9267578125 0.7470703125 0.078125 0.08203125
1 0.3623046875 0.6923828125 0.072265625 0.07421875
1 0.8193359375 0.763671875 0.07421875 0.076171875
1 0.9091796875 0.615234375 0.083984375 0.076171875
1 0.5087890625 0.658203125 0.041015625 0.052734375
1 0.8330078125 0.5537109375 0.04296875 0.052734375
1 0.7724609375 0.634765625 0.091796875 0.080078125
1 0.93359375 0.5107421875 0.048828125 0.05078125
1 0.2626953125 0.5546875 0.044921875 0.0390625
1 0.7568359375 0.7255859375 0.056640625 0.05859375
1 0.7607421875 0.67578125 0.072265625 0.068359375
1 0.9736328125 0.564453125 0.052734375 0.06640625
1 0.8232421875 0.5068359375 0.060546875 0.05078125
1 0.462890625 0.55078125 0.037109375 0.03515625
1 0.3994140625 0.5673828125 0.029296875 0.029296875
1 0.3359375 0.5927734375 0.03515625 0.037109375
1 0.7978515625 0.60546875 0.08203125 0.06640625
1 0.3017578125 0.72265625 0.041015625 0.046875
1 0.3427734375 0.4775390625 0.025390625 0.025390625
1 0.5673828125 0.41796875 0.02734375 0.02734375
1 0.587890625 0.4091796875 0.025390625 0.025390625
1 0.5107421875 0.4208984375 0.025390625 0.025390625
1 0.7900390625 0.5703125 0.044921875 0.037109375
1 0.4482421875 0.4091796875 0.029296875 0.029296875
1 0.6845703125 0.9404296875 0.068359375 0.0703125
1 0.453125 0.4365234375 0.025390625 0.029296875
1 0.4228515625 0.4423828125 0.025390625 0.025390625
1 0.373046875 0.4658203125 0.02734375 0.03125
1 0.328125 0.458984375 0.025390625 0.0234375
1 0.35546875 0.4521484375 0.021484375 0.025390625
1 0.39453125 0.4521484375 0.0234375 0.025390625
1 0.4384765625 0.4697265625 0.03125 0.029296875
1 0.4150390625 0.478515625 0.021484375 0.025390625
1 0.4677734375 0.4580078125 0.0234375 0.025390625
1 0.556640625 0.400390625 0.03125 0.025390625
1 0.591796875 0.3134765625 0.021484375 0.025390625
1 0.5654296875 0.3095703125 0.025390625 0.021484375
1 0.7158203125 0.3095703125 0.033203125 0.03125
1 0.361328125 0.8701171875 0.056640625 0.046875
1 0.3310546875 0.8125 0.048828125 0.044921875
1 0.3349609375 0.759765625 0.03515625 0.046875
1 0.3310546875 0.6748046875 0.0390625 0.04296875
1 0.40234375 0.712890625 0.0390625 0.04296875
1 0.4169921875 0.630859375 0.05078125 0.041015625
1 0.53515625 0.5615234375 0.03125 0.03515625
1 0.3759765625 0.5283203125 0.04296875 0.0390625
1 0.3447265625 0.501953125 0.02734375 0.03125
1 0.3095703125 0.5419921875 0.041015625 0.0390625
1 0.2646484375 0.587890625 0.046875 0.037109375
1 0.5009765625 0.30859375 0.041015625 0.025390625
1 0.35546875 0.3291015625 0.029296875 0.025390625
1 0.3759765625 0.4423828125 0.021484375 0.025390625
1 0.384765625 0.4892578125 0.02734375 0.029296875
1 0.4404296875 0.533203125 0.0390625 0.037109375
1 0.41796875 0.6044921875 0.033203125 0.03515625
1 0.7900390625 0.314453125 0.048828125 0.0390625
1 0.8388671875 0.4287109375 0.041015625 0.04296875
1 0.771484375 0.34765625 0.03125 0.029296875
1 0.8447265625 0.3251953125 0.029296875 0.02734375
1 0.87109375 0.4267578125 0.03515625 0.037109375
1 0.9296875 0.431640625 0.033203125 0.03125
1 0.89453125 0.46875 0.044921875 0.046875
1 0.9697265625 0.3935546875 0.04296875 0.03515625
1 0.892578125 0.328125 0.029296875 0.029296875
1 0.943359375 0.3359375 0.033203125 0.025390625
1 0.9599609375 0.3486328125 0.0390625 0.03125
1 0.9033203125 0.42578125 0.02734375 0.02734375
1 0.8076171875 0.6630859375 0.060546875 0.0625
0 0.55696780859375 1 0.621694279296875 0.985056716796875 0.623726435546875 0.942102564453125 0.653895 0.863496244140625 0.65389296484375 0.841837697265625 0.64476345703125 0.802293458984375 0.63040444921875 0.790613794921875 0.613000912109375 0.751313685546875 0.592435873046875 0.734402486328125 0.572962306640625 0.678919501953125 0.601432123046875 0.6506877109375 0.598631728515625 0.631341294921875 0.604592611328125 0.61746953125 0.62795397265625 0.61041005859375 0.637080427734375 0.617466478515625 0.649375509765625 0.677938904296875 0.66482904296875 0.68353460546875 0.675656279296875 0.661875041015625 0.6700554921875 0.6231822109375 0.690374365234375 0.61016083984375 0.6810007265625 0.5623425703125 0.683066689453125 0.535208357421875 0.728568755859375 0.479719267578125 0.710436896484375 0.458914166015625 0.715301220703125 0.429467822265625 0.706781025390625 0.39977937890625 0.683659720703125 0.3717957890625 0.6503184609375 0.353669015625 0.62075106640625 0.355496953125 0.61344949609375 0.345520107421875 0.5600324765625 0.3378594609375 0.527545673828125 0.34869178515625 0.5262090546875 0.368160265625 0.57341902734375 0.3597601015625 0.578043287109375 0.3653568203125 0.607124453125 0.368639373046875 0.617103333984375 0.38299634765625 0.633894505859375 0.37995283984375 0.63730217578125 0.3874965078125 0.620390974609375 0.408061546875 0.622216875 0.41597039453125 0.636819 0.425094814453125 0.643632306640625 0.41852360546875 0.660911740234375 0.432028154296875 0.661890302734375 0.486782810546875 0.645102185546875 0.52231413671875 0.632083865234375 0.53448308203125 0.61942869140625 0.526575251953125 0.6099360390625 0.5071077890625 0.595209814453125 0.47218780859375 0.59106974609375 0.439822056640625 0.5646679296875 0.462578177734375 0.5604108828125 0.480221775390625 0.573313240234375 0.528891453125 0.552752271484375 0.555297341796875 0.55360775 0.595085712890625 0.564072859375 0.604332197265625 0.5643169921875 0.612606228515625 0.52818551171875 0.683425765625 0.493390650390625 0.734776822265625 0.483048623046875 0.740496623046875 0.4699102734375 0.770187099609375 0.42976180859375 0.823607171875 0.4152858203125 0.861936859375 0.412733626953125 0.8941815625 0.428313296875 0.9472313671875 0.418820060546875 1 0.55696780859375 1
0 0.334799671875 0.249907990234375 0.3020697578125 0.26329555859375 0.3075464453125 0.276192830078125 0.324702794921875 0.274731091796875 0.341127767578125 0.25927654296875 0.334799671875 0.249907990234375
0 0.32531923046875 0.360391798828125 0.301224453125 0.331799916015625 0.2840681015625 0.333261654296875 0.278105185546875 0.32547487109375 0.275183744140625 0.312820716796875 0.285038525390625 0.301382130859375 0.30049307421875 0.317807103515625 0.312295822265625 0.318414380859375 0.316553884765625 0.311600056640625 0.30681913671875 0.305517109375 0.305721560546875 0.27911325390625 0.28771380078125 0.284103712890625 0.284061998046875 0.268286017578125 0.25765916015625 0.280212865234375 0.259364013671875 0.29481397265625 0.2667866328125 0.29809855859375 0.264840701171875 0.307711244140625 0.202545427734375 0.344585294921875 0.206561392578125 0.35115548828125 0.23503324609375 0.3445822421875 0.2467149453125 0.351881779296875 0.267643130859375 0.348716205078125 0.2829776484375 0.382662708984375 0.29648423046875 0.3870418203125 0.3994213203125 0.367442115234375 0.455391552734375 0.353687330078125 0.455876763671875 0.337747568359375 0.420346455078125 0.33178872265625 0.404407708984375 0.34213278515625 0.4000265625 0.33398082421875 0.3884669296875 0.33081830078125 0.3862778828125 0.34298623046875 0.37167677734375 0.34469108203125 0.364740384765625 0.336296005859375 0.348922689453125 0.33994780859375 0.343814236328125 0.361120125 0.32531923046875 0.360391798828125