1 0.1953125 0.2314453125 0.1015625 0.146484375
1 0.111328125 0.2705078125 0.1484375 0.193359375
1 0.5224609375 0.095703125 0.107421875 0.138671875
1 0.890625 0.3095703125 0.140625 0.111328125
1 0.9833984375 0.1318359375 0.033203125 0.068359375
1 0.421875 0.05859375 0.03515625 0.05859375
1 0.0966796875 0.1435546875 0.115234375 0.12109375
1 0.1591796875 0.12890625 0.111328125 0.111328125
1 0.994140625 0.294921875 0.01171875 0.09375
1 0.8720703125 0.1630859375 0.06640625 0.05078125
1 0.8876953125 0.4541015625 0.05859375 0.1015625
1 0.3193359375 0.09375 0.072265625 0.060546875
1 0.7890625 0.1181640625 0.0859375 0.060546875
0 0.597799060546875 0.516950564453125 0.590407095703125 0.5239261953125 0.590836171875 0.51517054296875 0.581846865234375 0.510701376953125 0.592369796875 0.498555619140625 0.621975884765625 0.48748892578125 0.623445794921875 0.442814283203125 0.60963898046875 0.392786833984375 0.575423552734375 0.35111144921875 0.549717380859375 0.30021310546875 0.529712353515625 0.288585625 0.55261469140625 0.291002888671875 0.55012096875 0.280233564453125 0.5586557109375 0.282234494140625 0.565593115234375 0.272790626953125 0.563061162109375 0.24518546875 0.548838017578125 0.209525615234375 0.5103361015625 0.158431849609375 0.408310037109375 0.108829203125 0.413582107421875 0.156855720703125 0.446225681640625 0.1983101953125 0.449173966796875 0.2115477578125 0.427473845703125 0.3431416796875 0.398968029296875 0.4433240078125 0.385662474609375 0.5151874765625 0.372165775390625 0.502871783203125 0.33397397265625 0.48948976953125 0.32973845703125 0.502519166015625 0.343222416015625 0.509222916015625 0.3362977578125 0.5242787265625 0.324411138671875 0.529019775390625 0.31684923828125 0.560015037109375 0.33009954296875 0.562678697265625 0.343829896484375 0.57903448046875 0.352572806640625 0.573851611328125 0.36784952734375 0.57920441796875 0.36832957421875 0.59289654296875 0.381163546875 0.609927798828125 0.422745455078125 0.6334036640625 0.4398913984375 0.6710771875 0.459195466796875 0.670584396484375 0.46978211328125 0.686498361328125 0.47358855078125 0.682224619140625 0.484617013671875 0.694994875 0.50101102734375 0.698100353515625 0.517808630859375 0.681226291015625 0.52405781640625 0.66527409765625 0.539997267578125 0.66591133984375 0.57168074609375 0.679981568359375 0.584905564453125 0.67142133984375 0.596520298828125 0.645804369140625 0.616941658203125 0.64306425 0.62365815234375 0.635192236328125 0.61486426953125 0.617927328125 0.62240068359375 0.575708177734375 0.61829687890625 0.547882109375 0.597799060546875 0.516950564453125
0 0.70953855859375 1 0.7050291171875 0.980031568359375 0.712280908203125 0.911324552734375 0.687245931640625 0.958297494140625 0.681179423828125 0.955842001953125 0.695912380859375 0.919442962890625 0.7180627890625 0.8872921796875 0.7191418515625 0.86820901953125 0.706919634765625 0.82401442578125 0.699060365234375 0.822909876953125 0.67418258203125 0.840251244140625 0.649695646484375 0.832001126953125 0.611529330078125 0.82984300390625 0.584145080078125 0.830803099609375 0.572492115234375 0.839584240234375 0.5893916640625 0.867605728515625 0.59583199609375 0.93583269921875 0.58267089453125 0.9724526484375 0.571017931640625 0.98123378515625 0.55253378515625 0.94737944140625 0.57256857421875 0.87325590234375 0.561060060546875 0.8467935234375 0.5412886875 0.83920613671875 0.512553494140625 0.838373470703125 0.489468474609375 0.854363892578125 0.48426012109375 0.834397095703125 0.454615802734375 0.82862795703125 0.446548365234375 0.83470720703125 0.43562184765625 0.86683250390625 0.413875029296875 0.87900374609375 0.405433763671875 0.819311521484375 0.348757814453125 0.7720751640625 0.32421990625 0.741377271484375 0.309631400390625 0.742532791015625 0.3031485625 0.75444489453125 0.29931663671875 0.747494748046875 0.28698819921875 0.75537950390625 0.27253140234375 0.715679564453125 0.25746284765625 0.7031429609375 0.23476867578125 0.6935418984375 0.209215419921875 0.709986884765625 0.201874427734375 0.739410291015625 0.204652775390625 0.776667484375 0.191100826171875 0.83887891796875 0.20325932421875 0.85501379296875 0.202180263671875 0.874096951171875 0.140802638671875 0.954431888671875 0.465036599609375 1 0.70953855859375 1