1 0.3837890625 0.61328125 0.17578125 0.15625
1 0.595703125 0.7958984375 0.154296875 0.181640625
1 0.259765625 0.4970703125 0.109375 0.134765625
1 0.7802734375 0.6181640625 0.162109375 0.15234375
1 0.404296875 0.4111328125 0.109375 0.109375
1 0.6103515625 0.5224609375 0.10546875 0.080078125
1 0.958984375 0.7177734375 0.076171875 0.193359375
1 0.955078125 0.43359375 0.08984375 0.078125
1 0.3466796875 0.4697265625 0.0703125 0.068359375
1 0.3154296875 0.2548828125 0.076171875 0.05859375
1 0.9033203125 0.6923828125 0.15234375 0.18359375
1 0.7294921875 0.7578125 0.072265625 0.123046875
1 0.7958984375 0.74609375 0.060546875 0.1015625
1 0.9384765625 0.3427734375 0.123046875 0.091796875
1 0.7822265625 0.2431640625 0.087890625 0.095703125
1 0.86328125 0.2587890625 0.056640625 0.0546875
1 0.5107421875 0.52734375 0.083984375 0.068359375
1 0.4375 0.4794921875 0.091796875 0.091796875
1 0.537109375 0.669921875 0.1015625 0.0859375
1 0.5537109375 0.5947265625 0.0859375 0.072265625
1 0.66796875 0.58984375 0.08203125 0.099609375
1 0.9677734375 0.2255859375 0.064453125 0.052734375
1 0.6015625 0.0859375 0.09765625 0.056640625
1 0.6064453125 0.150390625 0.04296875 0.056640625
1 0.5224609375 0.1630859375 0.064453125 0.041015625
1 0.41015625 0.2119140625 0.0546875 0.03515625
1 0.3779296875 0.240234375 0.03515625 0.037109375
1 0.2490234375 0.19921875 0.05078125 0.046875
1 0.421875 0.171875 0.033203125 0.046875
1 0.46484375 0.1787109375 0.037109375 0.037109375
1 0.296875 0.0751953125 0.056640625 0.046875
1 0.388671875 0.099609375 0.07421875 0.041015625
1 0.3330078125 0.1494140625 0.037109375 0.029296875
1 0.6025390625 0.701171875 0.111328125 0.0625
1 0.6142578125 0.654296875 0.087890625 0.068359375
0 1 0.04889553125 0.996725685546875 0.056383064453125 0.9513767109375 0.06327184375 0.95377224609375 0.07270075390625 0.969098486328125 0.07467501953125 0.98589269140625 0.090328865234375 1 0.090937107421875 1 0.04889553125
0 0.795098107421875 0.460775595703125 0.759326951171875 0.456737720703125 0.75345940234375 0.450661697265625 0.7596247734375 0.43967547265625 0.802429302734375 0.43188890625 0.810032859375 0.436288486328125 0.7911452578125 0.44278578125 0.79680433203125 0.46080537890625 0.81066260546875 0.449100064453125 0.856760453125 0.4481979609375 0.861755681640625 0.40646991015625 0.891238017578125 0.37967661328125 0.86669134375 0.368154310546875 0.846037955078125 0.378034271484375 0.830920189453125 0.36411643359375 0.810445494140625 0.363759046875 0.792932193359375 0.340412298828125 0.792868310546875 0.295182451171875 0.760509607421875 0.291204138671875 0.75168066015625 0.308117474609375 0.72776373046875 0.30940674609375 0.714411755859375 0.2921062421875 0.697438853515625 0.28668974609375 0.689175771484375 0.271184810546875 0.678968205078125 0.269299892578125 0.67295174609375 0.271754994140625 0.684299671875 0.306087962890625 0.667896953125 0.3168954921875 0.6588254296875 0.298816330078125 0.67046686328125 0.2674447578125 0.656906412109375 0.262087826171875 0.603924099609375 0.266283248046875 0.537470681640625 0.26000306640625 0.516698162109375 0.27670792578125 0.470689658203125 0.27249135546875 0.4696429609375 0.28356692578125 0.476438078125 0.285392279296875 0.449649099609375 0.30455223828125 0.36942675390625 0.304858697265625 0.362333814453125 0.320095591796875 0.34605022265625 0.324078220703125 0.34326751953125 0.336830232421875 0.297199453125 0.336026111328125 0.29615275390625 0.347101681640625 0.313066091796875 0.35593062890625 0.29660380859375 0.370150607421875 0.271967787109375 0.3637469765625 0.268163849609375 0.337226037109375 0.220181080078125 0.34833570703125 0.14678363671875 0.348761294921875 0.13980982421875 0.3571732890625 0.13481028125 0.350259044921875 0.133674236328125 0.3664532890625 0.105868341796875 0.394982591796875 0.139184396484375 0.393004009765625 0.135082638671875 0.383545318359375 0.14289466796875 0.376001328125 0.255743759765625 0.364317158203125 0.246255287109375 0.370125142578125 0.251135703125 0.383864287109375 0.2287463046875 0.39542069140625 0.233626720703125 0.4091598359375 0.20698665234375 0.419788671875 0.18229106640625 0.4167974921875 0.17899774609375 0.40991302734375 0.191120013671875 0.399884154296875 0.177589345703125 0.392820998046875 0.18195914453125 0.386923666015625 0.158910220703125 0.38737471875 0.158671962890625 0.401024517578125 0.17567464453125 0.4047347890625 0.176904353515625 0.43206416796875 0.190435021484375 0.43912732421875 0.19447721484375 0.451998466796875 0.2064207890625 0.45220694140625 0.226355087890625 0.434634078125 0.229137791015625 0.421882064453125 0.26344098046875 0.412240361328125 0.343573978515625 0.417052578125 0.348539423828125 0.377030751953125 0.378532376953125 0.369873931640625 0.37451996484375 0.35529656640625 0.389037765625 0.354696603515625 0.4024195234375 0.3702908828125 0.43136577734375 0.374209630859375 0.45660176171875 0.3951310625 0.469566568359375 0.43461248828125 0.4867777265625 0.4263791875 0.513928412109375 0.435386828125 0.513809283203125 0.442211724609375 0.49926169921875 0.4445179140625 0.49905322265625 0.45646148828125 0.516894126953125 0.461039763671875 0.53539455859375 0.476723390625 0.562664373046875 0.478906130859375 0.577752353515625 0.494530193359375 0.61867196484375 0.496951193359375 0.647439529296875 0.511107291015625 0.65091154296875 0.507754404296875 0.661867982421875 0.515626 0.67087994140625 0.53711761328125 0.691205724609375 0.546006123046875 0.723445302734375 0.556809333984375 0.7525106875 0.55390318359375 0.801752947265625 0.568416666015625 0.854288525390625 0.589814615234375 0.86767028515625 0.60540889453125 0.8915574296875 0.605825845703125 0.95522814453125 0.624858041015625 0.983991388671875 0.590371841796875 0.998442517578125 0.593591494140625 0.99949403515625 0.53335012890625 0.928966609375 0.51602136328125 0.908730171875 0.5020141796875 0.879813697265625 0.496389205078125 0.839191908203125 0.476905958984375 0.81021587109375 0.474693435546875 0.795098107421875 0.460775595703125
0 0.991348630859375 1 0.993597408203125 0.871167712890625 0.988595572265625 0.864384712890625 0.9925143203125 0.83543845703125 0.99424351953125 0.8341520078125 0.99476869921875 0.804064482421875 0.9599726015625 0.793055197265625 0.936413060546875 0.7738697734375 0.907526369140625 0.766538576171875 0.902556607421875 0.75791810546875 0.87699301953125 0.7557651484375 0.8424217890625 0.780762873046875 0.73442333203125 0.80789241015625 0.7153570390625 0.8246270546875 0.614123916015625 0.855288169921875 0.619395818359375 0.8954886875 0.60472910546875 0.904619775390625 0.56889838671875 0.90399434765625 0.559707734375 0.892740083984375 0.5685068984375 0.87753297265625 0.518243408203125 0.8237465390625 0.51491598828125 0.769926005859375 0.4893226171875 0.769479271484375 0.47543455859375 0.782890810546875 0.444722513671875 0.78235473046875 0.435502080078125 0.77280669140625 0.440978142578125 0.75242133984375 0.4104150078125 0.74335413671875 0.428821775390625 0.715514140625 0.47779167578125 0.6967413515625 0.478178845703125 0.6745604296875 0.469707287109375 0.6709990703125 0.478297974609375 0.66773553125 0.47266868359375 0.648009708984375 0.46584378515625 0.647890580078125 0.455338396484375 0.663067908203125 0.41944811328125 0.6658549296875 0.407296064453125 0.67759002734375 0.36101951953125 0.68872948046875 0.353088361328125 0.703098369140625 0.362427921875 0.705821509765625 0.36509149609375 0.699894396484375 0.360602568359375 0.712616626953125 0.352071443359375 0.71246771484375 0.338689685546875 0.696873435546875 0.323363447265625 0.694899169921875 0.3076798203125 0.7133996015625 0.278644216796875 0.71459952734375 0.266432603515625 0.72974707421875 0.240809451171875 0.73100656640625 0.235422734375 0.746273240234375 0.2063871328125 0.747473166015625 0.206089310546875 0.764535416015625 0.23683113671875 0.76336526953125 0.24563030078125 0.748158158203125 0.26954723046875 0.74686888671875 0.27664016796875 0.7316319921875 0.303999330078125 0.728696060546875 0.3127984921875 0.713488947265625 0.33055005078125 0.7231858984375 0.308701052734375 0.75267255078125 0.281461021484375 0.7487835859375 0.2624542890625 0.762105779296875 0.240243587890625 0.763424833984375 0.233239994140625 0.7735430546875 0.205791486328125 0.781597662109375 0.200523900390625 0.790039439453125 0.135240626953125 0.814501083984375 0.068072435546875 0.849170296875 0.089027966796875 0.8708703828125 0.083790162109375 0.877605935546875 0.095674171875 0.881226859375 0.093431865234375 0.911909123046875 0.109566544921875 0.9164576171875 0.11354917578125 0.93274120703125 0.092087345703125 0.940046939453125 0.081969126953125 0.93304334765625 0.04613840625 0.932417919921875 0.05512058203125 0.955615755859375 0.021447138671875 0.978069037109375 0 0.970139734375 0 0.991348630859375 0.193916740234375 0.9947334609375 0.2158674140625 0.986582888671875 0.229785251953125 0.971465123046875 0.250349294921875 0.966703837890625 0.260765337890625 0.956645181640625 0.29677906640625 0.995675556640625 0.2964798046875 0.996523705078125 0.495636611328125 1 0.508856041015625 1 0.49317360546875 0.98886316796875 0.48775279296875 0.9571937734375 0.456232306640625 0.954083462890625 0.458325701171875 0.931932326171875 0.472213755859375 0.918520787109375 0.477689818359375 0.898135435546875 0.496726330078125 0.883107017578125 0.474183703125 0.854552248046875 0.4395188125 0.836026353515625 0.4491264140625 0.823393470703125 0.47295399609375 0.82722287109375 0.48983755078125 0.837758041015625 0.49390952734375 0.848922958984375 0.524174837890625 0.87505241015625 0.525404546875 0.902381787109375 0.508252953125 0.907202640625 0.509303966796875 0.9447693671875 0.53720352734375 0.95976368359375 0.54379016796875 0.973532611328125 0.574502212890625 0.97406869140625 0.58665426171875 0.96233359375 0.61066053515625 0.955925646484375 0.71396158984375 0.953461912109375 0.712046888671875 0.965375703125 0.699056619140625 0.976242796875 0.664783212890625 0.9841782734375 0.642210408203125 1 0.679228119140625 1 0.67999032421875 0.992977439453125 0.7136515078125 1 0.71884665234375 1 0.76018288671875 0.994377205078125 0.769007455078125 1 0.991348630859375 1
0 0 0.8266075390625 0.027629341796875 0.81944969921875 0.065583236328125 0.796217763671875 0.087823720703125 0.793192484375 0.101711779296875 0.779780943359375 0.13089629296875 0.77004989453125 0.137270138671875 0.74712009765625 0.120986548828125 0.751102728515625 0.115689181640625 0.761250728515625 0.0934784765625 0.76256978515625 0.079590421875 0.775981326171875 0.045287232421875 0.78562302734375 0.030858779296875 0.78110431640625 0.0303779453125 0.759761615234375 0.052856689453125 0.7430865390625 0.06480026171875 0.743295013671875 0.071803853515625 0.733176794921875 0.11119593359375 0.7253306640625 0.123586240234375 0.69994576953125 0.173453927734375 0.678628533203125 0.203297970703125 0.680002833984375 0.17061166015625 0.694792994140625 0.17213919140625 0.705060125 0.185640076171875 0.7138295078125 0.187946263671875 0.72837708984375 0.236048162109375 0.710442521484375 0.24993621875 0.697030982421875 0.3073776796875 0.681819552734375 0.293936357421875 0.669637720703125 0.289413326171875 0.63542387890625 0.27770801171875 0.62156560546875 0.277078267578125 0.608754029296875 0.271032025390625 0.612915353515625 0.2760315703125 0.619829599609375 0.271066125 0.659851423828125 0.228321158203125 0.66422554296875 0.21999851171875 0.65213305859375 0.180934037109375 0.64121071875 0.17353895703125 0.624867560546875 0.20882927734375 0.60756273828125 0.212390638671875 0.5990911796875 0.174675 0.608673318359375 0.167284240234375 0.640972458984375 0.16132734375 0.640015109375 0.155668271484375 0.62199551171875 0.148515767578125 0.64064485546875 0.1194801640625 0.64184478125 0.097031203125 0.6568136328125 0.06970182421875 0.658043341796875 0.05407776171875 0.67313132421875 0.00720125390625 0.669752974609375 0.00740973046875 0.65780940234375 0.018693775390625 0.646912525390625 0.09762684765625 0.622689138671875 0.113191345703125 0.61101360546875 0.1320193828125 0.60792876171875 0.137708236328125 0.624242134765625 0.1436651328125 0.625199486328125 0.149681591796875 0.622744384765625 0.146447837890625 0.61244747265625 0.15506830859375 0.607477708984375 0.156115005859375 0.596402140625 0.171381681640625 0.60178885546875 0.198889751953125 0.590321798828125 0.21412664453125 0.597414736328125 0.213645810546875 0.57607203515625 0.224180982421875 0.559188482421875 0.187482259765625 0.55940127734375 0.17015197265625 0.5744594765625 0.125671 0.580510037109375 0.116990962890625 0.58889225 0.09481004296875 0.588505080078125 0.07208872265625 0.57018766015625 0.078313658203125 0.555788986328125 0.10579194921875 0.546028154296875 0.1248582421875 0.529293513671875 0.1538640625 0.529799810546875 0.167394732421875 0.536862966796875 0.187958775390625 0.532101681640625 0.19777485546875 0.507525224609375 0.17481527734375 0.502857603515625 0.147243322265625 0.4690948125 0.12930875390625 0.4209929140625 0.13732926171875 0.4015053515625 0.073360724609375 0.399535404296875 0.1052088125 0.383877240234375 0.120113783203125 0.36109635546875 0.103349359375 0.34373628515625 0.10523427734375 0.33352871875 0.119781861328125 0.33122253125 0.122475220703125 0.323589193359375 0.1105614296875 0.3216744921875 0.115799232421875 0.31493894140625 0.1110677265625 0.292668673828125 0.091039763671875 0.2667179140625 0.09118867578125 0.258186791015625 0.084363775390625 0.258067662109375 0.105195859375 0.237950353515625 0.10728925390625 0.215799212890625 0.099055955078125 0.198588052734375 0.107795552734375 0.186793390625 0.111624953125 0.1629658125 0.120215642578125 0.159702271484375 0.089771638671875 0.143810169921875 0.0850401328125 0.121539900390625 0.105753087890625 0.108247490234375 0.093120205078125 0.09863988671875 0.0446268203125 0.09011308203125 0.04573308203125 0.0756250625 0.064352642578125 0.084483791015625 0.06791400390625 0.076012232421875 0.08419759375 0.0720296015625 0.07671316796875 0.060805119140625 0.036750904296875 0.0524272265625 0.0455500703125 0.037220115234375 0.043184318359375 0.02608498046875 0.026122068359375 0.025787158203125 0.021122525390625 0.018872912109375 0.00831094921875 0.01950265625 0.00765393359375 0.057143009765625 0.02382019921875 0.059881869140625 0.034627728515625 0.07628458984375 0.019871669921875 0.0905343515625 0.007095291015625 0.089147650390625 0 0.495636607421875 0 0.79424316015625 0.0093076015625 0.793528724609375 0.02481253515625 0.785265640625 0.03744541796875 0.794873244140625 0.022689359375 0.80912300390625 0 0.81718271484375 0 0.8266075390625