1 0.4697265625 0.18359375 0.125 0.142578125
1 0.38671875 0.1123046875 0.13671875 0.09375
1 0.095703125 0.099609375 0.10546875 0.123046875
1 0.908203125 0.4677734375 0.171875 0.376953125
1 0.708984375 0.359375 0.2578125 0.287109375
1 0.2099609375 0.0947265625 0.12890625 0.09765625
1 0.896484375 0.173828125 0.19140625 0.158203125
1 0.0830078125 0.3056640625 0.16015625 0.30078125
1 0.6748046875 0.095703125 0.107421875 0.095703125
1 0.5986328125 0.0751953125 0.060546875 0.0625
1 0.5771484375 0.2490234375 0.076171875 0.224609375
1 0.212890625 0.251953125 0.125 0.12109375
1 0.365234375 0.279296875 0.142578125 0.1875
0 0.323653361328125 0.6202941171875 0.328597642578125 0.611166607421875 0.303924025390625 0.60685764453125 0.3038821171875 0.619772779296875 0.323653361328125 0.6202941171875
0 0.35311536328125 0.5930733515625 0.385525994140625 0.57294841015625 0.394138041015625 0.560632556640625 0.3608942890625 0.5557243125 0.36013911328125 0.54189223828125 0.320716478515625 0.5391355390625 0.31712665625 0.55352498828125 0.308316806640625 0.556353759765625 0.30444536328125 0.587086400390625 0.33848619921875 0.5929115859375 0.35311536328125 0.5930733515625
0 0.138011173828125 0.66415223828125 0.157944185546875 0.650044412109375 0.176798490234375 0.651362833984375 0.180747880859375 0.63183130078125 0.156313978515625 0.62409428515625 0.128410111328125 0.629032693359375 0.0752752578125 0.625317142578125 0.05135681640625 0.6348402578125 0.05585770703125 0.656685099609375 0.08519398046875 0.668209740234375 0.138011173828125 0.66415223828125
0 0 0.76504207421875 0.01390633984375 0.763985736328125 0.0467963984375 0.73700468359375 0.08362997265625 0.7275234765625 0.121662111328125 0.700901994140625 0.13916195703125 0.6969584765625 0.14091789453125 0.684163197265625 0.04768317578125 0.6750599765625 0.0277501640625 0.6891678046875 0.016231396484375 0.68147269921875 0.0016801796875 0.6925120390625 0 0.69292301171875 0 0.76504207421875
0 0.505393939453125 0.546021013671875 0.525290916015625 0.507796943359375 0.51688254296875 0.4925685 0.499424609375 0.4835968828125 0.52155107421875 0.46275280078125 0.5223900703125 0.450754607421875 0.535586828125 0.434453328125 0.532997767578125 0.422215421875 0.523073171875 0.41635419921875 0.53296173046875 0.398099177734375 0.51897376171875 0.376452138671875 0.517859013671875 0.36776214453125 0.5255122109375 0.36915851171875 0.525871779296875 0.3640164296875 0.44702651171875 0.35850303125 0.435783494140625 0.37149611328125 0.422628646484375 0.374882259765625 0.40444569921875 0.413226185546875 0.423737517578125 0.420603630859375 0.44466541796875 0.416899826171875 0.451959044921875 0.42343827734375 0.4508803359375 0.438864525390625 0.435052609375 0.45584303515625 0.4167556796875 0.458869611328125 0.414040888671875 0.485377111328125 0.362380349609375 0.485209470703125 0.345078306640625 0.498640068359375 0.353408732421875 0.50266740625 0.344479025390625 0.507210205078125 0.34559376953125 0.515900201171875 0.3628119921875 0.528299873046875 0.37162184375 0.525471099609375 0.43727035546875 0.547285779296875 0.461266740234375 0.54896376953125 0.477292271484375 0.54147233984375 0.480798271484375 0.55291316015625 0.505393939453125 0.546021013671875