1 0.5244140625 0.9599609375 0.083984375 0.080078125
1 0.1845703125 0.5654296875 0.15234375 0.1484375
1 0.212890625 0.392578125 0.126953125 0.138671875
1 0.89453125 0.4580078125 0.115234375 0.072265625
1 0.0537109375 0.296875 0.060546875 0.0546875
1 0.978515625 0.296875 0.04296875 0.05859375
1 0.603515625 0.3193359375 0.083984375 0.0703125
1 0.7578125 0.396484375 0.1171875 0.0859375
1 0.541015625 0.3876953125 0.08203125 0.05859375
1 0.6416015625 0.37109375 0.099609375 0.056640625
1 0.8828125 0.283203125 0.052734375 0.06640625
1 0.7646484375 0.2890625 0.060546875 0.048828125
1 0.427734375 0.2626953125 0.048828125 0.052734375
1 0.337890625 0.1728515625 0.0703125 0.048828125
1 0.6728515625 0.255859375 0.056640625 0.046875
1 0.6044921875 0.25390625 0.0703125 0.048828125
1 0.984375 0.45703125 0.03125 0.1015625
0 0.916940658203125 1 0.9162931484375 0.99090040625 0.892605251953125 0.96240434765625 0.880719419921875 0.92896051171875 0.850951009765625 0.910912412109375 0.821045 0.92003419140625 0.797606390625 0.915557072265625 0.705951916015625 0.8675212109375 0.676017984375 0.863845787109375 0.653325224609375 0.84026958203125 0.6752980390625 0.804586177734375 0.674883228515625 0.7949399140625 0.606087029296875 0.7561075859375 0.5961914765625 0.73250345703125 0.600253787109375 0.699418583984375 0.630131873046875 0.6774996015625 0.64204361328125 0.632584744140625 0.63131844140625 0.5896880859375 0.61730473046875 0.573574421875 0.618852279296875 0.560970662109375 0.78123537109375 0.54092825 0.938202048828125 0.564999 0.960617595703125 0.551759064453125 0.970373533203125 0.511377171875 0.9652323125 0.501150578125 0.948289029296875 0.495871759765625 0.84709998046875 0.49943952734375 0.74480409765625 0.446898623046875 0.7290493984375 0.444964189453125 0.71744077734375 0.44833649609375 0.68742509375 0.49742535546875 0.577556998046875 0.49353058203125 0.553316693359375 0.482558138671875 0.53769958984375 0.453453826171875 0.499058689453125 0.42951865625 0.494110912109375 0.417716591796875 0.398394125 0.402765603515625 0.3899922890625 0.432119205078125 0.4050290625 0.465949927734375 0.424600818359375 0.59309234765625 0.415730345703125 0.678361177734375 0.44049715234375 0.750168701171875 0.456531080078125 0.88007517578125 0.465072529296875 0.914707595703125 0.47574185546875 0.93200984375 0.52319940234375 0.93623767578125 0.541221173828125 1 0.916940658203125 1
0 0.14684615234375 0.20114736328125 0.16774994921875 0.19458116796875 0.178802853515625 0.208724310546875 0.17570963671875 0.233916544921875 0.1919736171875 0.265138630859375 0.202552150390625 0.268264126953125 0.223202666015625 0.248880814453125 0.2166334609375 0.22798188671875 0.192318341796875 0.21769012109375 0.211389904296875 0.19628639453125 0.200558087890625 0.180343783203125 0.17848475 0.1666741171875 0.12360341015625 0.1672418515625 0.070489630859375 0.153413982421875 0.038748587890625 0.1538367734375 0.02601926171875 0.257508806640625 0.0594424375 0.2433861484375 0.08937830859375 0.252541509765625 0.112777166015625 0.255414529296875 0.121712076171875 0.227286478515625 0.135858060546875 0.216237369140625 0.14684615234375 0.20114736328125
1 0 0.9423626328125 0.181475970703125 0.964645080078125 0.19201192578125 0.965938732421875 0.19767239453125 0.943445033203125 0.22497987109375 0.916412751953125 0.225697798828125 0.884516462890625 0.21679738671875 0.8658321875 0.234182392578125 0.8479765234375 0.24667547265625 0.843913205078125 0.250875380859375 0.783658455078125 0.243191474609375 0.78111576953125 0.247088263671875 0.7624035703125 0.24086914453125 0.7544434609375 0.22757437109375 0.75201145703125 0.23144323828125 0.720502052734375 0.186832505859375 0.712625712890625 0.171409853515625 0.72752387890625 0.177767580078125 0.753892060546875 0.16557862890625 0.76199077734375 0.160880142578125 0.77420765234375 0.1631197109375 0.808066296875 0.152810357421875 0.820393853515625 0.116215580078125 0.83189280078125 0.09429659765625 0.80201471484375 0.060465875 0.81705148828125 0.051234421875 0.827112560546875 0.047032494140625 0.796211412109375 0.041560234375 0.814730166015625 0.026772751953125 0.8049183828125 0.0221570234375 0.80994891796875 0.023262845703125 0.820479638671875 0.03348944140625 0.81533841796875 0.04089714453125 0.8266429140625 0.0254465703125 0.828743876953125 0.01229040234375 0.844719943359375 0.002644138671875 0.84513475390625 0 0.8420500625 0 0.9423626328125