1 0.9599609375 0.6298828125 0.080078125 0.1611328125
1 0.447265625 0.091796875 0.095703125 0.052734375
1 0.681640625 0.623046875 0.0908203125 0.0966796875
1 0.0634765625 0.1083984375 0.1220703125 0.1064453125
1 0.2744140625 0.1318359375 0.1748046875 0.2607421875
1 0.6396484375 0.23828125 0.216796875 0.1357421875
1 0.8798828125 0.111328125 0.0673828125 0.0673828125
0 1 0.9359375 0.9828125 0.915625 0.975 0.846875 0.9609375 0.796875 0.95625 0.7265625 0.928125 0.684375 0.9359375 0.5703125 0.9453125 0.5640625 0.975 0.5625 0.9859375 0.5515625 1 0.5484375 0.9953125 0.4375 0.9671875 0.378125 0.9484375 0.353125 0.9421875 0.275 0.91875 0.2046875 0.9078125 0.196875 0.8609375 0.190625 0.85 0.2015625 0.8578125 0.2953125 0.85791269921875 0.3648142890625 0.85 0.415625 0.83125 0.4234375 0.821875 0.415625 0.8171875 0.3125 0.8140625 0.2953125 0.8078125 0.2921875 0.79375 0.30625 0.7796875 0.3671875 0.7640625 0.559375 0.7359375 0.659375 0.7234375 0.6671875 0.6546875 0.6609375 0.6125 0.6640625 0.5953125 0.68125 0.5890625 0.7125 0.575 0.7234375 0.5421875 0.7125 0.4953125 0.6796875 0.4328125 0.65625 0.421875 0.634375 0.3796875 0.5984375 0.35625 0.5671875 0.3234375 0.559375 0.2828125 0.5328125 0.2546875 0.5 0.215625 0.4890625 0.1765625 0.4609375 0.15625 0.4546875 0.1328125 0.4171875 0.115625 0.40625 0.1109375 0.390625 0.065625 0.384375 0.0484375 0.35625 0 0.3421875 0 0.6296875 0.0140625 0.6265625 0.01875 0.61875 0.0203125 0.5828125 0.046875 0.5734375 0.0796875 0.5359375 0.0890625 0.5359375 0.1 0.5703125 0.11875 0.5828125 0.128125 0.6015625 0.115625 0.6609375 0.0890625 0.7203125 0.090625 0.75 0.0734375 0.7359375 0.0484375 0.6859375 0.028125 0.66875 0.0140625 0.6796875 0.0140625 0.7109375 0.040625 0.7421875 0.04375 0.7875 0.05 0.8015625 0.0640625 0.8109375 0.078125 0.846875 0.1 0.8640625 0.1265625 0.915625 0.1515625 0.9390625 0.175 1 0.25 1 0.253125 0.9609375 0.2640625 0.9375 0.2421875 0.8859375 0.196875 0.84375 0.1703125 0.796875 0.15 0.778125 0.15 0.7390625 0.159375 0.6953125 0.1859375 0.66875 0.2015625 0.6671875 0.234375 0.7125 0.2640625 0.728125 0.28125 0.7234375 0.29375 0.7109375 0.309375 0.7328125 0.315625 0.7609375 0.328125 0.7796875 0.3421875 0.7765625 0.3546875 0.7609375 0.365625 0.7625 0.3859375 0.7921875 0.409375 0.8609375 0.409375 0.884375 0.3953125 0.9234375 0.3875 0.9765625 0.3625 1 1 1 1 0.9359375
0 0.834706333984375 0.368383560546875 0.86148284765625 0.373737435546875 0.85612748828125 0.2773674921875 0.84006169140625 0.25773652734375 0.84006169140625 0.188135990234375 0.817410673828125 0.19017857421875 0.80078952734375 0.223828611328125 0.78472345703125 0.3166293515625 0.78115330859375 0.384445251953125 0.834706333984375 0.368383560546875
0 0.1974253984375 0.19705913671875 0.14776781640625 0.20803571484375 0.17778931640625 0.22204394140625 0.193855115234375 0.21133619140625 0.1974253984375 0.19705913671875
0 0.286680439453125 0.2773674921875 0.342018537109375 0.25773652734375 0.297391017578125 0.25059805078125 0.29917608984375 0.239890234375 0.24151781640625 0.232589287109375 0.22777205859375 0.248813380859375 0.2545485703125 0.263090470703125 0.272399578125 0.26665967578125 0.286680439453125 0.2773674921875
0 0.3366631796875 0.33447564453125 0.39378648828125 0.313060078125 0.424133146484375 0.318413953125 0.43662893359375 0.30235226171875 0.481256455078125 0.29521378515625 0.49375210546875 0.307706205078125 0.48839675 0.32555249609375 0.500892537109375 0.33090637109375 0.524098765625 0.33269097265625 0.60978366015625 0.355891142578125 0.678956349609375 0.37262208984375 0.6794026171875 0.384445251953125 0.70974927734375 0.391583728515625 0.72760028515625 0.3541065390625 0.70974927734375 0.34696799609375 0.675832333984375 0.34518339453125 0.649055822265625 0.343398791015625 0.593717724609375 0.343398791015625 0.572296568359375 0.33982951953125 0.572296568359375 0.321983224609375 0.53480948046875 0.321983224609375 0.538379626953125 0.29878305859375 0.538379626953125 0.268444345703125 0.44867831640625 0.262867373046875 0.439752814453125 0.28071366796875 0.335324443359375 0.315513935546875 0.3366631796875 0.33447564453125
0 0.526330244140625 0.40742233984375 0.531685533203125 0.43062254296875 0.531685533203125 0.46274585546875 0.542396111328125 0.4672074296875 0.549536541015625 0.495761505859375 0.558462044921875 0.515392435546875 0.55221415234375 0.543946478515625 0.56470987109375 0.547515818359375 0.57452791015625 0.515392435546875 0.585238556640625 0.52610018359375 0.59237891796875 0.500223080078125 0.60755231640625 0.475238275390625 0.613800142578125 0.461853556640625 0.6378989765625 0.47969984765625 0.65307244140625 0.5091462265625 0.66556809375 0.52877715625 0.703947787109375 0.415453185546875 0.67717127734375 0.401176130859375 0.659320267578125 0.435084115234375 0.641469259765625 0.435084115234375 0.636383908203125 0.412053572265625 0.60308956640625 0.43062254296875 0.54864400390625 0.41099161328125 0.53882589453125 0.41366855078125 0.526330244140625 0.40742233984375
0 0.417439052734375 0.49040759765625 0.43171984765625 0.495761505859375 0.44867831640625 0.439545689453125 0.458496357421875 0.4448995625 0.473669755859375 0.415453185546875 0.475454830078125 0.394929955078125 0.43549105078125 0.38191964453125 0.4192241953125 0.380652900390625 0.404050796875 0.37976059765625 0.411191228515625 0.405637705078125 0.417439052734375 0.49040759765625
0 0.859256837890625 0.169416451171875 0.9003142109375 0.17655489453125 0.87767853125 0.15892857421875 0.859256837890625 0.169416451171875