1 0.599609375 0.58203125 0.1484375 0.263671875
1 0.935546875 0.24609375 0.12890625 0.19140625
1 0.7958984375 0.201171875 0.138671875 0.177734375
1 0.1904296875 0.4267578125 0.150390625 0.197265625
1 0.9248046875 0.4921875 0.150390625 0.234375
1 0.3603515625 0.5166015625 0.162109375 0.177734375
1 0.4814453125 0.5068359375 0.091796875 0.146484375
1 0.630859375 0.291015625 0.1640625 0.19140625
1 0.45703125 0.3271484375 0.158203125 0.16796875
1 0.708984375 0.447265625 0.158203125 0.1328125
1 0.5771484375 0.07421875 0.138671875 0.1484375
1 0.423828125 0.6640625 0.09765625 0.125
1 0.8720703125 0.08984375 0.14453125 0.12890625
1 0.38671875 0.958984375 0.064453125 0.0703125
1 0.6875 0.9189453125 0.17578125 0.162109375
1 0.9892578125 0.0703125 0.021484375 0.0625
1 0.8798828125 0.9609375 0.162109375 0.078125
1 0.7705078125 0.0615234375 0.095703125 0.0859375
1 0.4853515625 0.14453125 0.1328125 0.154296875
1 0.9814453125 0.314453125 0.037109375 0.12109375
1 0.3642578125 0.181640625 0.134765625 0.15625
1 0.5302734375 0.9873046875 0.103515625 0.025390625
0 0.40172577734375 0.098292294921875 0.38222941796875 0.094204099609375 0.342576826171875 0.102647365234375 0.369294603515625 0.12404473828125 0.3990759375 0.119502818359375 0.40172577734375 0.098292294921875
0 0.638244421875 0.22699092578125 0.64324900390625 0.224252125 0.647445447265625 0.194441138671875 0.648430072265625 0.146877607421875 0.643120029296875 0.1440305546875 0.630539623046875 0.15166568359375 0.631899376953125 0.172432841796875 0.62576190625 0.17904333203125 0.59224678515625 0.180876107421875 0.5732234453125 0.189535876953125 0.588464052734375 0.2059583203125 0.61553623828125 0.205150185546875 0.638244421875 0.22699092578125
0 0.538390013671875 0.351673888671875 0.539060244140625 0.38032233203125 0.524795330078125 0.398134185546875 0.527120416015625 0.407867537109375 0.494738185546875 0.405828623046875 0.466424859375 0.42082307421875 0.42577728125 0.431561775390625 0.410842134765625 0.42072518359375 0.40528593359375 0.429769013671875 0.357062533203125 0.445404044921875 0.430210953125 0.471657734375 0.451056705078125 0.451244986328125 0.470247603515625 0.449747328125 0.51643208984375 0.466494525390625 0.5172402265625 0.4935667109375 0.557090029296875 0.50102392578125 0.565247126953125 0.498560931640625 0.582023978515625 0.461114814453125 0.626908015625 0.474571595703125 0.629282048828125 0.4565135859375 0.614366193359375 0.409147265625 0.57478183984375 0.353269439453125 0.574722533203125 0.335792701171875 0.562664091796875 0.328384435546875 0.567293544921875 0.257314947265625 0.53319715234375 0.2567143828125 0.519513509765625 0.27695957421875 0.538390013671875 0.351673888671875
0 0.92968877734375 0.626538958984375 0.90042941015625 0.616037484375 0.8824010546875 0.6224018203125 0.877061357421875 0.6108163984375 0.8749631328125 0.625721890625 0.8822631484375 0.623978076171875 0.88243070703125 0.6311401875 0.865229779296875 0.628046978515625 0.863712828125 0.645385810546875 0.85198950390625 0.652301765625 0.81603211328125 0.736513640625 0.77789647265625 0.727618076171875 0.758291859375 0.733844505859375 0.704906677734375 0.790324326171875 0.695035419921875 0.794225669921875 0.68480975390625 0.8203325234375 0.625641509765625 0.86121732421875 0.624676177734375 0.872251126953125 0.629986220703125 0.8750981796875 0.6390003984375 0.87191601171875 0.6508319765625 0.854685431640625 0.6683087109375 0.854626125 0.741624689453125 0.88804192578125 0.77345530078125 0.896385873046875 0.79753216796875 0.8571959375 0.829923330078125 0.77743702734375 0.840484109375 0.76565439453125 0.84426684375 0.7405721796875 0.856847248046875 0.73293705078125 0.86260066015625 0.739793697265625 0.874432236328125 0.722563119140625 0.8960268203125 0.711745818359375 0.909405001953125 0.685914775390625 0.934703720703125 0.669068255859375 0.9513723203125 0.641936765625 0.92968877734375 0.626538958984375
0 0 0.620400205078125 0.0018158359375 0.6208059140625 0.040611345703125 0.61308182421875 0.04549731640625 0.57538955078125 0.06009734765625 0.571901919921875 0.049477259765625 0.56620781640625 0.065929357421875 0.559705576171875 0.06775176953125 0.547952595703125 0.080775544921875 0.5443270625 0.110310720703125 0.551676021484375 0.159145048828125 0.547212697265625 0.15662275 0.521578865234375 0.133825609375 0.473523021484375 0.11930417578125 0.457957658203125 0.119796490234375 0.434175890625 0.107738048828125 0.426767625 0.113432154296875 0.416147537109375 0.105964580078125 0.410729240234375 0.10864407421875 0.3982570859375 0.114811201171875 0.400384962890625 0.126337314453125 0.37756852734375 0.140050611328125 0.366061705078125 0.13014969921875 0.361224681640625 0.146050177734375 0.361027470703125 0.1679205703125 0.347057658203125 0.20602655859375 0.347214853515625 0.219799162109375 0.353184767578125 0.232054814453125 0.376493513671875 0.24480277734375 0.376020494140625 0.259264904296875 0.374109123046875 0.271815658203125 0.35773562109375 0.338510783203125 0.3397458515625 0.38247843359375 0.336445072265625 0.380310541015625 0.288605728515625 0.353070798828125 0.28225175390625 0.34814481640625 0.265937560546875 0.342283154296875 0.2693955390625 0.343840119140625 0.306063173828125 0.336156041015625 0.321274130859375 0.33256016015625 0.316988724609375 0.31583225390625 0.326643478515625 0.297025416015625 0.314674 0.30799991015625 0.29816259375 0.301054302734375 0.277700900390625 0.28042505078125 0.277484396484375 0.237787501953125 0.29281396484375 0.2161039609375 0.277416162109375 0.212557021484375 0.245339392578125 0.21667487109375 0.234581400390625 0.22767901953125 0.226808365234375 0.265922912109375 0.2253893046875 0.27274990625 0.2108975234375 0.24647549609375 0.193509748046875 0.244564123046875 0.179047623046875 0.23897826953125 0.179353083984375 0.236298775390625 0.19182523828125 0.22426998828125 0.19315533984375 0.21885169140625 0.200622912109375 0.192744837890625 0.19039724609375 0.188124318359375 0.179668908203125 0.19306959375 0.159453369140625 0.2125066484375 0.146064826171875 0.22354044921875 0.14703016015625 0.227165984375 0.16005393359375 0.246218978515625 0.160132533203125 0.263330947265625 0.13701063671875 0.2727884921875 0.137838064453125 0.272483029296875 0.132252208984375 0.261449228515625 0.131286876953125 0.262000845703125 0.12498184765625 0.228899439453125 0.122085849609375 0.161347234375 0.140794796875 0.177839345703125 0.1882990234375 0.152678533203125 0.20356928515625 0.141438587890625 0.268501302734375 0.106179654296875 0.2630340625 0.108602630859375 0.21718469140625 0.1055583671875 0.206594255859375 0.097677080078125 0.205904732421875 0.077077482421875 0.214426599609375 0.072545921875 0.22991336328125 0.0432969140625 0.264679986328125 0.01841753515625 0.26765613671875 0 0.4781695234375 0 0.620400205078125
0 1 0.42396461328125 0.9983324296875 0.42288592578125 0.988815578125 0.40458176171875 0.96757540234375 0.393193552734375 0.95524115234375 0.38893780078125 0.938789056640625 0.395440041015625 0.941458189453125 0.337699787109375 0.888998326171875 0.329139337890625 0.91076046875 0.325484150390625 0.905864138671875 0.31790832421875 0.882220275390625 0.31583975390625 0.878870548828125 0.29966346484375 0.868674537109375 0.334508689453125 0.87611245703125 0.331188615234375 0.88059507421875 0.3434932109375 0.85548320703125 0.33097211328125 0.840163998046875 0.333602662109375 0.84197748046875 0.40364751171875 0.84991807421875 0.421813771484375 0.84117970703125 0.421843423828125 0.83871671484375 0.413686326171875 0.82500341796875 0.425193150390625 0.80962490625 0.410346962890625 0.811417666015625 0.3898556171875 0.836164763671875 0.379314126953125 0.840282611328125 0.368556134765625 0.83385896875 0.33305104296875 0.816273982421875 0.343424974609375 0.797023775390625 0.327445896484375 0.785989974609375 0.326480564453125 0.78664984375 0.309860908203125 0.8011905703125 0.28889654296875 0.785398341796875 0.27877912890625 0.757439421875 0.271568072265625 0.74488866796875 0.2879415703125 0.729401904296875 0.283410009765625 0.712387826171875 0.250949181640625 0.700840990234375 0.183229416015625 0.68341319921875 0.155497361328125 0.66648808203125 0.149251638671875 0.658360638671875 0.160452998046875 0.65367187890625 0.21404575 0.6595631953125 0.219326142578125 0.65400699609375 0.228369970703125 0.66318873046875 0.232349916015625 0.665957185546875 0.246092865234375 0.693167275390625 0.24370847265625 0.704092826171875 0.254988431640625 0.708742998046875 0.274455138671875 0.705709095703125 0.30913280078125 0.723353390625 0.31623560546875 0.72899855078125 0.333406880859375 0.7311071328125 0.363769486328125 0.714901193359375 0.358380841796875 0.701877419921875 0.36200637890625 0.6997791953125 0.37691187109375 0.709404298828125 0.38490141015625 0.755529478515625 0.38417187109375 0.7636079765625 0.400761875 0.781971447265625 0.408721759765625 0.789744484375 0.419725908203125 0.78962730078125 0.51183836328125 0.779312673828125 0.511730111328125 0.771096271484375 0.4967163671875 0.75055598046875 0.52271496875 0.75086144140625 0.528300822265625 0.7806724296875 0.532497267578125 0.7904947421875 0.55638728515625 0.789529408203125 0.567421087890625 0.77592436328125 0.568613283203125 0.767934826171875 0.57823838671875 0.77552101171875 0.61861015625 0.771265259765625 0.630944404296875 0.761531904296875 0.6332694921875 0.765630458984375 0.65904123046875 0.6968178203125 0.72846622265625 0.679065275390625 0.731678044921875 0.666868927734375 0.72584603515625 0.666484869140625 0.73931317578125 0.654593984375 0.739067021484375 0.6532638828125 0.727038232421875 0.635481685546875 0.721511685546875 0.633432408203125 0.70862581640625 0.62253651171875 0.7060842265625 0.60094192578125 0.716901525390625 0.5740862421875 0.69708041015625 0.5279017578125 0.6803332109375 0.505834154296875 0.678402544921875 0.482406796875 0.655704724609375 0.47297890234375 0.6636156640625 0.457197037109375 0.69876634765625 0.43220378125 0.721198720703125 0.420145341796875 0.713790455078125 0.3975261171875 0.718164818359375 0.339342498046875 0.71148608984375 0.334968134765625 0.6888668671875 0.324101890625 0.69506364453125 0.337047064453125 0.7104911015625 0.322003666015625 0.709969138671875 0.321806455078125 0.694068658203125 0.29816259375 0.69200008984375 0.29008409765625 0.6754100859375 0.279050294921875 0.67444475390625 0.270971796875 0.657854751953125 0.258361736328125 0.656751513671875 0.24870698046875 0.640023607421875 0.238422009765625 0.648653724609375 0.214226529296875 0.65289018359375 0.16680090234375 0.650329302734375 0.16226933984375 0.665816068359375 0.1417779921875 0.664023306640625 0.132655564453125 0.677520099609375 0.125907166015625 0.672958884765625 0.132152890625 0.656033767578125 0.1101935390625 0.6437884765625 0.10341548828125 0.63048889453125 0.075042853515625 0.628006611328125 0.067191220703125 0.636055455078125 0.06957561328125 0.663265546875 0.095465962890625 0.694120462890625 0.096136193359375 0.72276890625 0.1121256328125 0.74878680078125 0.14041966796875 0.770322078125 0.163511912109375 0.778695677734375 0.176259875 0.77822265625 0.192101046875 0.760548708984375 0.2153311953125 0.76734605078125 0.215341556640625 0.812614150390625 0.208760716796875 0.815215046875 0.215016802734375 0.84355802734375 0.220740560546875 0.841676306640625 0.221784490234375 0.81158951171875 0.236216962890625 0.800939771484375 0.2519795390625 0.802318818359375 0.249526908203125 0.839429818359375 0.259900837890625 0.85701480859375 0.2886871875 0.854768318359375 0.312498607421875 0.863998998046875 0.30315967578125 0.89812504296875 0.3159669453125 0.915128759765625 0.311297478515625 0.93219178125 0.296451291015625 0.947570296875 0.25936994140625 0.953856033203125 0.251656212890625 0.96032862109375 0.248334845703125 0.9798920703125 0.352438396484375 0.988999951171875 0.3639248984375 0.94791434375 0.37390441015625 0.933698373046875 0.397380712890625 0.92860483203125 0.415428359375 0.885710765625 0.430875109375 0.836235859375 0.42039292578125 0.828965498046875 0.416905296875 0.814365466796875 0.423899849609375 0.807035798828125 0.4265200390625 0.777086908203125 0.432657509765625 0.7704764140625 0.4526758359375 0.759521212890625 0.479561173828125 0.7880806953125 0.481334640625 0.804119080078125 0.46549346875 0.82179302734375 0.468124017578125 0.837112234375 0.48244823828125 0.836777119140625 0.48814234375 0.82615703125 0.518889009765625 0.8105813046875 0.480487919921875 0.850106353515625 0.483532185546875 0.8606967890625 0.495728529296875 0.866528798828125 0.514554658203125 0.84196855078125 0.546572119140625 0.820944876953125 0.568521111328125 0.787922068359375 0.568048091796875 0.77517410546875 0.55698463671875 0.76547040234375 0.524021134765625 0.7609981484375 0.515972291015625 0.753146513671875 0.517351337890625 0.737383939453125 0.52619795703125 0.727039662109375 0.54569431640625 0.73112785546875 0.56967329296875 0.7475206484375 0.585711677734375 0.745747177734375 0.615995685546875 0.76269158984375 0.626093806640625 0.783429091796875 0.612301912109375 0.81398891015625 0.5680095078125 0.848233564453125 0.5423563828125 0.88728559375 0.513185974609375 0.90299922265625 0.505501896484375 0.918210177734375 0.438757826171875 0.963991310546875 0.432882359375 0.99603788671875 0.4781695234375 1 0.48829402734375 1 0.509719064453125 0.978935388671875 0.53764833203125 0.977408076171875 0.540682234375 0.9427304140625 0.5935647421875 0.86476426171875 0.61388853125 0.859394912109375 0.629867609375 0.84014470703125 0.64618180078125 0.83521872265625 0.660033001953125 0.82213564453125 0.6767905625 0.821219255859375 0.67371664453125 0.801890453125 0.6818144375 0.7819507265625 0.696828181640625 0.773734322265625 0.6992318671875 0.76441468359375 0.7479179296875 0.716259517578125 0.7521736796875 0.703925267578125 0.766606154296875 0.693275525390625 0.794151359375 0.70521535546875 0.81392353125 0.70615103515625 0.848226064453125 0.640854248046875 0.8489155859375 0.632972962890625 0.8326799921875 0.618845951171875 0.84050197265625 0.602058736328125 0.85297269921875 0.4776723046875 0.858390994140625 0.470204732421875 0.849149953125 0.448748052734375 0.85514951953125 0.443713818359375 0.859602482421875 0.447280046875 0.857720763671875 0.4415562890625 0.867592021484375 0.437654943359375 0.865415201171875 0.471613431640625 0.884517138671875 0.44390066796875 0.88459573828125 0.424847673828125 0.90383558203125 0.395558654296875 1 0.427465068359375 1 0.42396461328125