1 0.833984375 0.4580078125 0.189453125 0.150390625
1 0.921875 0.73828125 0.142578125 0.341796875
1 0.939453125 0.3544921875 0.12109375 0.091796875
1 0.474609375 0.4560546875 0.392578125 0.23046875
1 0.828125 0.560546875 0.107421875 0.10546875
1 0.90234375 0.5478515625 0.1484375 0.12109375
1 0.8642578125 0.7099609375 0.107421875 0.140625
1 0.123046875 0.1357421875 0.07421875 0.0703125
1 0.3486328125 0.232421875 0.15625 0.236328125
1 0.541015625 0.1650390625 0.197265625 0.126953125
1 0.7021484375 0.3173828125 0.189453125 0.25390625
1 0.2216796875 0.173828125 0.103515625 0.083984375
1 0.7421875 0.5908203125 0.123046875 0.150390625
1 0.1826171875 0.0341796875 0.103515625 0.052734375
1 0.2236328125 0.1123046875 0.068359375 0.0625
1 0.30078125 0.060546875 0.064453125 0.05859375
1 0.1728515625 0.005859375 0.033203125 0.01171875
1 0.19921875 0.0078125 0.03125 0.015625
0 0.904892017578125 1 0.914429666015625 0.955128888671875 0.901517388671875 0.947281171875 0.896090423828125 0.960707994140625 0.9023400390625 1 0.904892017578125 1
0 0.731887876953125 0.76885237109375 0.735919458984375 0.761990294921875 0.72822871484375 0.7174721640625 0.69723608203125 0.613110291015625 0.687440478515625 0.606739830078125 0.682362359375 0.618525466796875 0.694794166015625 0.624598603515625 0.69040194921875 0.66140241015625 0.711571037109375 0.7070701171875 0.707178818359375 0.743873927734375 0.720554123046875 0.753578283203125 0.719404548828125 0.767056626953125 0.731887876953125 0.76885237109375
0 1 0.51223024609375 0.95770066796875 0.51752412890625 0.996443154296875 0.569285765625 1 0.55255212109375 1 0.51223024609375
0 0.7785635625 1 0.786456146484375 0.992295279296875 0.77810744140625 0.9750826796875 0.773001380859375 0.934544611328125 0.83482336328125 0.938250927734375 0.8480558984375 0.932486908203125 0.868019533203125 0.886985546875 0.88253262109375 0.911512109375 0.882223505859375 0.937176453125 0.892962607421875 0.9471781328125 0.89500416015625 0.941608400390625 0.88878825390625 0.938571833984375 0.898207072265625 0.89425977734375 0.869918314453125 0.865947439453125 0.869426701171875 0.852120251953125 0.85734373828125 0.8444059296875 0.857847140625 0.8299325703125 0.84342530078125 0.82515177734375 0.841538306640625 0.817889337890625 0.82094029296875 0.8340951328125 0.809451982421875 0.831653216796875 0.80164641015625 0.8239904140625 0.798621630859375 0.80190576953125 0.755847724609375 0.801390578125 0.743170109375 0.788403849609375 0.7287762109375 0.835946759765625 0.72830075 0.90274382421875 0.718636125 0.94014228515625 0.723353609375 0.9582983828125 0.7084283671875 0.96799094921875 0.631149798828125 0.936126853515625 0.51210412890625 0.874800845703125 0.442539880859375 0.8308537890625 0.38296552734375 0.80446817578125 0.369047087890625 0.785214021484375 0.377585716796875 0.70469280859375 0.402369875 0.668792765625 0.40397133203125 0.645118455078125 0.416506177734375 0.642636810546875 0.427605912109375 0.62269675390625 0.444870033203125 0.61007066015625 0.47516061328125 0.608790107421875 0.479592560546875 0.596009455078125 0.49376859375 0.59387665234375 0.502632490234375 0.56831534765625 0.51357766796875 0.561207466796875 0.533517720703125 0.572307201171875 0.552720357421875 0.562666154296875 0.578178623046875 0.58008483203125 0.603946005859375 0.571839166015625 0.6470687578125 0.570713169921875 0.66994233984375 0.584151783203125 0.681573419921875 0.60206207421875 0.68769807421875 0.585352876953125 0.684724814453125 0.558990841796875 0.702983951171875 0.545718576171875 0.719110287109375 0.518270275390625 0.6643049375 0.50576337109375 0.640075703125 0.522912662109375 0.572723716796875 0.541187951171875 0.510604408203125 0.534845431640625 0.474292212890625 0.54428040234375 0.422226103515625 0.522921388671875 0.41084083203125 0.51192469140625 0.39373126953125 0.511718615234375 0.35081459375 0.495735046875 0.3400754921875 0.4857333671875 0.34510209375 0.47822512109375 0.34057889453125 0.4712600078125 0.282566267578125 0.397176927734375 0.258285513671875 0.418603609375 0.250959767578125 0.453068541015625 0.27776189453125 0.46819986328125 0.3389656484375 0.523234865234375 0.323148427734375 0.52501882421875 0.273334310546875 0.5899053125 0.258991931640625 0.633170833984375 0.246948697265625 0.649479669921875 0.24454651171875 0.68499113671875 0.224800748046875 0.685082384765625 0.206010265625 0.660504306640625 0.19288076953125 0.657713544921875 0.181626474609375 0.6904857734375 0.15098705078125 0.69340751171875 0.11110694140625 0.671208041015625 0.088130322265625 0.6663242109375 0.0663032734375 0.647962033203125 0 0.6158688671875 0 0.75158496484375 0.01105040234375 0.754575896484375 0.014824390625 0.769100775390625 0.0426730546875 0.779308533203125 0.038732720703125 0.805916375 0.04524594921875 0.811589146484375 0.053154560546875 0.81069716796875 0.060623076171875 0.791700611328125 0.074850626953125 0.785290419921875 0.08319933203125 0.802503021484375 0.104134404296875 0.8129565859375 0.101046314453125 0.823449880859375 0.071156099609375 0.81881185546875 0.071401908203125 0.82572544921875 0.0998967421875 0.83692822265625 0.12988999609375 0.833011466796875 0.168065607421875 0.88744003125 0.212623470703125 0.903772443359375 0.222962208984375 0.919692701171875 0.31656380078125 0.97217973046875 0.412432580078125 0.992557267578125 0.41536969140625 0.98288955078125 0.44058215234375 0.993394634765625 0.444459177734375 0.99936473046875 0.44744788671875 1 0.7785635625 1
0 0.583252380859375 0.459374396484375 0.642398427734375 0.4393548828125 0.65682026953125 0.44413567578125 0.6621441953125 0.4392636328125 0.631238447265625 0.245722728515625 0.565499708984375 0.21202315625 0.558328517578125 0.23365591796875 0.542511298828125 0.235439873046875 0.589951171875 0.258388552734375 0.5957667109375 0.26734369921875 0.58667316015625 0.366615662109375 0.5661266640625 0.37854406640625 0.50554550390625 0.381105173828125 0.445027654296875 0.351088341796875 0.43921211328125 0.3421331953125 0.44733858984375 0.295831107421875 0.474073048828125 0.23461556640625 0.505009798828125 0.234330029296875 0.50835548046875 0.20244978125 0.48015797265625 0.1938832109375 0.423104994140625 0.204055599609375 0.351365154296875 0.368059498046875 0.371951376953125 0.38015425 0.39402423046875 0.40543001953125 0.495571763671875 0.444167978515625 0.504320833984375 0.455462001953125 0.583252380859375 0.459374396484375
0 0.74205766796875 0.11575545703125 0.745145755859375 0.105262162109375 0.732662427734375 0.10346641796875 0.7233584375 0.110923146484375 0.74205766796875 0.11575545703125
0 0.879874603515625 0.3671854375 0.888441173828125 0.338987927734375 0.87854253125 0.341172248046875 0.8754544453125 0.351665541015625 0.86257075390625 0.355788375 0.8593398984375 0.350813294921875 0.86475507421875 0.365687017578125 0.879874603515625 0.3671854375
0 0.776173755859375 0.124722392578125 0.782544216796875 0.1149267890625 0.775087490234375 0.105622796875 0.761609146484375 0.10447322265625 0.75499287890625 0.107355232421875 0.754192150390625 0.119192388671875 0.776173755859375 0.124722392578125
0 1 0.402549908203125 0.935520412109375 0.39187834375 0.911651814453125 0.379085900390625 0.908266400390625 0.3869429921875 0.926656515625 0.4174396484375 0.94470957421875 0.421276943359375 0.958988646484375 0.41058936328125 0.9764470546875 0.409154251953125 0.991463546875 0.419207453125 0.99941188671875 0.4423386328125 1 0.442237033203125 1 0.402549908203125
0 0.829421740234375 0.293851564453125 0.85175219140625 0.297740380859375 0.858871861328125 0.28038501171875 0.848081240234375 0.274660720703125 0.852461669921875 0.266157458984375 0.8539998203125 0.2750610859375 0.859969916015625 0.27118405859375 0.86678047265625 0.279493033203125 0.886823564453125 0.28203798828125 0.893748947265625 0.2534916328125 0.873408529296875 0.248310474609375 0.861365296875 0.264619310546875 0.86087368359375 0.25079212109375 0.845159501953125 0.244021296875 0.841619529296875 0.26471055859375 0.8125697734375 0.27225853515625 0.802762380859375 0.29418862109375 0.8095729375 0.302497595703125 0.829421740234375 0.293851564453125
0 0.7854467421875 0.311092107421875 0.79431063671875 0.28553080078125 0.798599818359375 0.2572817734375 0.7874603515625 0.253198669921875 0.799995197265625 0.250717025390625 0.7816448125 0.2442435234375 0.783143232421875 0.229123994140625 0.765090171875 0.225286697265625 0.7587197109375 0.235082302734375 0.76622795703125 0.24010890234375 0.744194830078125 0.238856291015625 0.733689748046875 0.26406875 0.756706099609375 0.292975740234375 0.7594850703125 0.3081467890625 0.772214205078125 0.316856126953125 0.7854467421875 0.311092107421875
0 0.728309939453125 0.164293384765625 0.739564232421875 0.13152116015625 0.70982857421875 0.1140509609375 0.6896824453125 0.1200607890625 0.629902013671875 0.11078473828125 0.576880619140625 0.1140950546875 0.5904502109375 0.13499039453125 0.61387871484375 0.129678255859375 0.67624383203125 0.14293437109375 0.687331779296875 0.1512948671875 0.686531048828125 0.163132021484375 0.728309939453125 0.164293384765625
0 1 0.131981021484375 0.967415513671875 0.12077333203125 0.980001876953125 0.114014294921875 0.9461831171875 0.107683564453125 0.936090185546875 0.0986768984375 0.9261400234375 0.105138609375 0.879683380859375 0.1098443046875 0.906588544921875 0.11642084375 0.91091745703125 0.112194970703125 0.913153294921875 0.117816224609375 0.941053478515625 0.123746591796875 0.938365755859375 0.12832130859375 0.891611783203125 0.13039080078125 0.808157041015625 0.11951329296875 0.77736305859375 0.13526720703125 0.750755216796875 0.13132687109375 0.740444421875 0.16773031640625 0.80519993359375 0.173775509765625 0.831768044921875 0.153692689453125 0.83833279296875 0.155088068359375 0.842455626953125 0.167971759765625 0.87796709375 0.170373947265625 0.8915484765625 0.16296873828125 0.90984734375 0.17371962890625 0.9525182109375 0.1827896015625 0.953913591796875 0.1762248515625 0.93765627734375 0.159904228515625 0.953525015625 0.1538428828125 0.966654513671875 0.15663364453125 0.989837212890625 0.144407912109375 1 0.146568080078125 1 0.131981021484375
0 0.936193224609375 0.0901221171875 0.83872022265625 0.060826908203125 0.8313568203125 0.05926176953125 0.86949919921875 0.081091875 0.882474140625 0.096714806640625 0.929771244140625 0.10419511328125 0.962599615234375 0.087158287109375 0.955644998046875 0.085680037109375 0.936193224609375 0.0901221171875