1 0.9306640625 0.7783203125 0.138671875 0.158203125
1 0.779296875 0.4970703125 0.095703125 0.078125
1 0.849609375 0.5810546875 0.08984375 0.095703125
1 0.953125 0.4951171875 0.09375 0.087890625
1 0.0869140625 0.82421875 0.09765625 0.15234375
1 0.748046875 0.611328125 0.107421875 0.1171875
1 0.9306640625 0.369140625 0.123046875 0.11328125
0 0 0.35723776953125 0.009124099609375 0.339044427734375 0.03365510546875 0.325199326171875 0.0572791875 0.324206970703125 0.075655142578125 0.311447169921875 0.09022503125 0.3310905625 0.101449828125 0.322764912109375 0.14181815625 0.326753115234375 0.24292299609375 0.31527201953125 0.27071366015625 0.292919130859375 0.284289314453125 0.302424908203125 0.29406078125 0.330847412109375 0.306913529296875 0.331754333984375 0.314611095703125 0.303424775390625 0.33570218359375 0.29256612890625 0.34077380859375 0.271839314453125 0.30149078125 0.27400616015625 0.305386037109375 0.25110686328125 0.27162997265625 0.2126340546875 0.28701947265625 0.1964343359375 0.313540822265625 0.189378 0.303131880859375 0.188833470703125 0.302951623046875 0.183312140625 0.31435667578125 0.1805078203125 0.32540121484375 0.16666083984375 0.3243159140625 0.160505791015625 0.3094728203125 0.152810103515625 0.289651048828125 0.1483721953125 0.278697578125 0.158236607421875 0.240228525390625 0.165019740234375 0.22647261328125 0.149992634765625 0.20031365625 0.1546051640625 0.197053998046875 0.16311294921875 0.187821423828125 0.16474090234375 0.174608162109375 0.1527913203125 0.0307785 0.182912181640625 0.019011052734375 0.18816030859375 0.0191002421875 0.19766420703125 0 0.19106709765625 0 0.2507229140625 0.0009899765625 0.25242216796875 0.0131179375 0.258216701171875 0.01320525 0.281207064453125 0 0.284454025390625 0 0.35723776953125
0 0.431737771484375 1 0.40876096875 0.837375228515625 0.382070630859375 0.757991439453125 0.38424874609375 0.716355673828125 0.39248896484375 0.691103638671875 0.379209052734375 0.507812568359375 0.346261330078125 0.514415443359375 0.339022857421875 0.49585923046875 0.319745615234375 0.481012380859375 0.309516931640625 0.485989181640625 0.307433640625 0.49666944921875 0.293673970703125 0.5086152734375 0.297013427734375 0.57704371484375 0.2680482734375 0.583737658203125 0.274294390625 0.5786697890625 0.27239511328125 0.567898453125 0.251759365234375 0.558844259765625 0.243524783203125 0.543636896484375 0.19328452734375 0.5826410859375 0.167939546875 0.59186990234375 0.151373677734375 0.605897140625 0.13906358203125 0.608067744140625 0.132910412109375 0.595666578125 0.181160322265625 0.54987362109375 0.229315408203125 0.5350361640625 0.24335016015625 0.49765616796875 0.25982308203125 0.50109796484375 0.26742958203125 0.476750974609375 0.261371236328125 0.433394310546875 0.2682510703125 0.427421396484375 0.276582357421875 0.398186794921875 0.318400259765625 0.392399775390625 0.330979802734375 0.405254400390625 0.333782244140625 0.430145919921875 0.354237734375 0.433678783203125 0.3641021484375 0.44463225390625 0.376412244140625 0.44246165234375 0.36980937109375 0.4095139296875 0.373072787109375 0.3740332109375 0.367099875 0.367153375 0.376423515625 0.36154285546875 0.377239369140625 0.352672677734375 0.364477689453125 0.3477831875 0.365923505859375 0.36498089453125 0.32401265625 0.38823694921875 0.295320705078125 0.3829831875 0.2930609140625 0.361169193359375 0.2859116328125 0.35211687890625 0.2282526484375 0.367043525390625 0.224357390625 0.3899428203125 0.2154872109375 0.389126966796875 0.205442541015625 0.372652166015625 0.066682625 0.3955326796875 0 0.41209078125 0 0.54330828515625 0.00230528125 0.556818228515625 0.01208050390625 0.55826780078125 0.017328630859375 0.57003524609375 0.0319801953125 0.653128400390625 0.0550559921875 0.689517919921875 0.064290443359375 0.674403501953125 0.0524413203125 0.6162018671875 0.064842484375 0.610048697265625 0.077960923828125 0.65295377734375 0.097784572265625 0.64390521875 0.102309791015625 0.6470738125 0.104840908203125 0.670426568359375 0.093346666015625 0.6637269921875 0.079497806640625 0.66616891796875 0.078771142578125 0.68454299609375 0.09270543359375 0.7185778984375 0.125469142578125 0.733426625 0.130806458984375 0.754697970703125 0.114779484375 0.7987756640625 0.131698353515625 0.84973694921875 0.12391159765625 0.868562609375 0.135125123046875 0.94115575390625 0.10697206640625 0.96595244921875 0.07556310546875 0.972283998046875 0.08045018359375 1 0.431737771484375 1
0 0.675881248046875 0.723637345703125 0.7020439609375 0.692051884765625 0.69255508984375 0.584249345703125 0.687215896484375 0.57646446875 0.64494641015625 0.575191396484375 0.634450158203125 0.55165650390625 0.609833720703125 0.529024775390625 0.58919797265625 0.51997058203125 0.585488609375 0.507931810546875 0.564492345703125 0.48783495703125 0.563860505859375 0.47525353515625 0.587941806640625 0.440861875 0.580523078125 0.41678433203125 0.51861019921875 0.4300811484375 0.4997845390625 0.422294390625 0.4982438984375 0.43605218359375 0.5282830859375 0.516432083984375 0.548283236328125 0.539877787109375 0.5416747265625 0.547389462890625 0.54493062890625 0.565854607421875 0.68589398828125 0.96938206640625 0.68915176953125 0.97436074609375 0.726715779296875 0.96694389453125 0.723277740234375 0.956443884765625 0.705990841796875 0.948385802734375 0.70165339453125 0.896792677734375 0.68762615625 0.880226810546875 0.686994314453125 0.86764538671875 0.67278494140625 0.859044654296875 0.671428314453125 0.85135084375 0.6869088828125 0.83116855859375 0.682928193359375 0.8175910234375 0.662203255859375 0.799032931640625 0.656234099609375 0.765180166015625 0.675881248046875 0.723637345703125
0 1 0.837324068359375 0.983791388671875 0.8367312109375 0.9721131328125 0.851483234375 0.93201425 0.862520259765625 0.927576341796875 0.88234203125 0.983055333984375 0.9225376171875 1 0.919333646484375 1 0.837324068359375
0 1 0.6009849375 0.98672434375 0.57442437890625 0.97522822265625 0.581211267578125 0.96355372265625 0.568990359375 0.946356013671875 0.57043617578125 0.93730369921875 0.57758545703125 0.937208875 0.60854095703125 0.91059645703125 0.619579859375 0.879007240234375 0.620390080078125 0.834109935546875 0.640206216796875 0.832113955078125 0.67387684765625 0.839716697265625 0.6765027890625 0.864247701171875 0.662657685546875 0.87248228515625 0.67786505078125 0.820796212890625 0.69967153125 0.824866091796875 0.722752962890625 0.83473050390625 0.73370643359375 0.833732515625 0.75054175 0.78584875390625 0.76691796875 0.777067763671875 0.77560601171875 0.8070252734375 0.79253615234375 0.813990541015625 0.823040068359375 0.850917076171875 0.8435011953125 0.8662155078125 0.83128404296875 0.86522315234375 0.8076599609375 0.857622287109375 0.7915475546875 0.858079505859375 0.758148248046875 0.885236451171875 0.73670040234375 0.92397870703125 0.717969568359375 0.892480556640625 0.71479721875 0.859713091796875 0.726921423828125 0.849757611328125 0.719950521484375 0.869309935546875 0.70936319921875 0.8938390625 0.709004564453125 0.893664439453125 0.6630238359375 0.91014299609375 0.626006234375 0.92372053125 0.622025544921875 0.942274865234375 0.6282735390625 0.958926166015625 0.650723130859375 0.986445505859375 0.62683148046875 1 0.6017818359375 1 0.6009849375
0 0.6962682109375 0.569315185546875 0.741708166015625 0.55257657421875 0.7548341171875 0.541535791015625 0.719444466796875 0.534289806640625 0.686677001953125 0.54641401171875 0.6836867890625 0.56994702734375 0.6962682109375 0.569315185546875
0 0.791489326171875 0.560458154296875 0.840006806640625 0.543176892578125 0.844805228515625 0.534397779296875 0.870874994140625 0.5202813515625 0.884995177734375 0.5193781875 0.884365216796875 0.493310298828125 0.868072552734375 0.495389833984375 0.834037650390625 0.509324125 0.8218167421875 0.520998625 0.782622904296875 0.532669369140625 0.76542331640625 0.547601650390625 0.78470055859375 0.5624485 0.791489326171875 0.560458154296875
0 0.867935017578125 0 0.59062033984375 0.055638087890625 0.57242651953125 0.060432751953125 0.55151569140625 0.076812728515625 0.501461326171875 0.0808788515625 0.481546609375 0.093909978515625 0.38560070703125 0.10765462109375 0.381164677734375 0.11398992578125 0.390395373046875 0.12584844140625 0.420083435546875 0.127753353515625 0.4242443828125 0.146852216796875 0.44415722265625 0.147307556640625 0.456366859375 0.2165518515625 0.477363123046875 0.236648705078125 0.43997937109375 0.249586884765625 0.452103576171875 0.282354349609375 0.459977642578125 0.2865190546875 0.486590060546875 0.275480150390625 0.508493244140625 0.282724255859375 0.53663503125 0.338846357421875 0.5471331640625 0.34889478515625 0.5645130078125 0.33948383203125 0.586598328125 0.338762802734375 0.5965519296875 0.359220171875 0.602075138671875 0.345553447265625 0.615290279296875 0.344016564453125 0.618813751953125 0.390993404296875 0.62523824609375 0.404933330078125 0.63193782421875 0.393439087890625 0.63728641015625 0.33379163671875 0.63131349609375 0.326911802734375 0.631677767578125 0.310981529296875 0.646074912109375 0.271157728515625 0.65766022265625 0.27387473828125 0.684720466796875 0.296868859375 0.694127662109375 0.341221634765625 0.71295519921875 0.33552192578125 0.73087581640625 0.34267496484375 0.7316879140625 0.360777716796875 0.6895986875 0.365025974609375 0.68425761328125 0.3707275625 0.672767126953125 0.337055052734375 0.647150822265625 0.344745107421875 0.652577328125 0.375520349609375 0.64850369140625 0.379411849609375 0.663972990234375 0.440148357421875 0.680445912109375 0.443590154296875 0.69357186328125 0.432549373046875 0.718009921875 0.436173302734375 0.740823783203125 0.40359173046875 0.7605563671875 0.398525740234375 0.7715098359375 0.388661326171875 0.7944091328125 0.392556583984375 0.837405283203125 0.375455578125 0.831161044921875 0.36703698046875 0.7864496328125 0.35191505078125 0.78246894140625 0.338337515625 0.7950522421875 0.3242192109375 0.83451740625 0.314087228515625 0.873707490234375 0.32938941796875 0.890633873046875 0.32640483984375 0.89163186328125 0.3095695234375 0.900412853515625 0.30088148046875 0.94259502734375 0.2791641875 0.968934240234375 0.28007298828125 0.9187834609375 0 0.867935017578125 0