1 0.2578125 0.1650390625 0.265625 0.330078125
1 0.79296875 0.1552734375 0.21875 0.16796875
1 0.7197265625 0.060546875 0.169921875 0.109375
1 0.587890625 0.2099609375 0.095703125 0.10546875
0 0.7966038828125 0.410905796875 0.8080340703125 0.3407185625 0.808993271484375 0.32356984765625 0.782818609375 0.31367829296875 0.76445652734375 0.324481955078125 0.738593044921875 0.362818373046875 0.734564990234375 0.431346994140625 0.729380888671875 0.439340875 0.732133642578125 0.454151849609375 0.77373604296875 0.48012937890625 0.78364804296875 0.47720555078125 0.79278243359375 0.4497298203125 0.833835322265625 0.444623486328125 0.850507388671875 0.435395791015625 0.7966038828125 0.410905796875
0 0.259867271484375 0.6812723984375 0.22394145703125 0.680017841796875 0.217238416015625 0.68468871484375 0.2150921953125 0.69932861328125 0.246741111328125 0.82305753515625 0.26052562890625 0.84969862890625 0.29143841796875 0.85404809375 0.301635544921875 0.8429593046875 0.309536119140625 0.803995607421875 0.3210655703125 0.707934234375 0.3148757578125 0.69790818359375 0.300349908203125 0.69249598046875 0.259867271484375 0.6812723984375
0 0.72511244921875 1 0.724746228515625 0.993438236328125 0.703973541015625 0.9796329765625 0.66180088671875 0.969985359375 0.60301319140625 0.967932447265625 0.523794958984375 0.942276326171875 0.504598240234375 0.93016108203125 0.454639060546875 0.956211177734375 0.4039022734375 0.957709376953125 0.390474650390625 0.9964800625 0.49127246875 1 0.72511244921875 1
0 0.15739838671875 0.385032166015625 0.167481462890625 0.377209357421875 0.306171693359375 0.385322494140625 0.31765966015625 0.3840886796875 0.331179794921875 0.37148094921875 0.335757361328125 0.3340361953125 0.329396470703125 0.328909119140625 0.182370205078125 0.32540983203125 0.16091321484375 0.33120046875 0.14302807421875 0.28152641796875 0.135148244140625 0.273076333984375 0.1204513203125 0.272563107421875 0.070720244140625 0.292081236328125 0.06390315234375 0.300018091796875 0.0656864765625 0.342589923828125 0.058413181640625 0.363590712890625 0.063861666015625 0.39484565234375 0.04549958203125 0.405649314453125 0.045935041015625 0.4399991640625 0.074587560546875 0.462254509765625 0.097734568359375 0.45488790625 0.144940990234375 0.414026833984375 0.15739838671875 0.385032166015625
0 0 0.611726615234375 0.018319314453125 0.62215288671875 0.094727767578125 0.63463102734375 0.13260798046875 0.673558439453125 0.148709794921875 0.68066066015625 0.2098718125 0.66154170703125 0.320801185546875 0.668685412109375 0.361968126953125 0.660313095703125 0.377997376953125 0.575853736328125 0.433482806640625 0.53201180859375 0.46701876171875 0.461243662109375 0.4806529453125 0.44536994921875 0.5311616328125 0.450403716796875 0.59906297265625 0.4723946796875 0.627508134765625 0.4537682109375 0.67403511328125 0.443973931640625 0.70974244921875 0.437751166015625 0.7107845625 0.407908919921875 0.7094631015625 0.33876834375 0.716493255859375 0.297930662109375 0.733306943359375 0.24436269921875 0.690267302734375 0.246594568359375 0.675016220703125 0.255399072265625 0.648636916015625 0.26194758203125 0.564853123046875 0.28154202734375 0.470917224609375 0.30278645703125 0.3855454609375 0.31288507421875 0.36391739453125 0.323574685546875 0.408728751953125 0.351299259765625 0.441046431640625 0.36223771484375 0.448812212890625 0.37395378125 0.4410256875 0.409651494140625 0.4209165625 0.42366411328125 0.42057441015625 0.433462064453125 0.436220021484375 0.453628216796875 0.4261369453125 0.461451021484375 0.415255515625 0.492135708984375 0.389506083984375 0.527206142578125 0.36320714453125 0.531192712890625 0.3456434140625 0.519134494140625 0.356752947265625 0.48191783984375 0.33761325 0.468169603515625 0.309795369140625 0.4688331640625 0.26338730078125 0.486832353515625 0.191535673828125 0.484323240234375 0.138823740234375 0.49556236328125 0.0340841796875 0.49844470703125 0 0.514847927734375 0 0.611726615234375
0 0.771527595703125 0.637010619140625 0.747758513671875 0.52173178125 0.736783775390625 0.508268671875 0.707218849609375 0.51214119140625 0.696073037109375 0.5035770546875 0.6467981640625 0.51003125390625 0.6166059609375 0.5318666796875 0.6026866484375 0.555905349609375 0.58791195703125 0.60443889453125 0.54425664453125 0.637249056640625 0.535557716796875 0.699074634765625 0.52106815234375 0.73944322265625 0.497236837890625 0.76640572265625 0.475836873046875 0.770563369140625 0.467215712890625 0.783342173828125 0.471238564453125 0.855421904296875 0.48075138671875 0.863929015625 0.582167939453125 0.862565609375 0.632619599609375 0.869232369140625 0.66983625390625 0.880341900390625 0.764586048828125 0.929430158203125 0.8585582265625 0.953966515625 0.936884796875 0.95833672265625 0.94645464453125 0.96521083984375 0.955454240234375 0.988414875 0.972012255859375 0.982453162109375 0.9841417578125 0.962848193359375 0.99038127734375 0.784171701171875 0.91794212109375 0.751667384765625 0.842995587890625 0.744145244140625 0.81193246484375 0.697280974609375 0.8031039453125 0.669177966796875 0.783907224609375 0.65706272265625 0.771527595703125 0.637010619140625
0 0.438262595703125 0.1610376015625 0.430439791015625 0.150954525390625 0.40300034375 0.18760092578125 0.39403703125 0.210177681640625 0.388775162109375 0.267218333984375 0.39202040234375 0.314746166015625 0.406717326171875 0.31525939453125 0.430149462890625 0.299727833984375 0.427360423828125 0.239136068359375 0.4199938203125 0.215989060546875 0.421968962890625 0.20624813671875 0.43543207421875 0.1952733984375 0.438262595703125 0.1610376015625