1 0.560546875 0.359375 0.166015625 0.09375
1 0.283203125 0.291015625 0.103515625 0.080078125
1 0.3369140625 0.3251953125 0.064453125 0.052734375
0 0.942362630859375 1 0.97540582421875 0.730884791015625 0.8019834765625 0.807965984375 0.59617694921875 0.87140767578125 0.586731328125 0.8773765078125 0.58834725390625 0.902921078125 0.5680050390625 0.9202250546875 0.520228732421875 0.92227953515625 0.5128909140625 0.911081689453125 0.512151099609375 0.884852625 0.488167138671875 0.88666016796875 0.487592283203125 0.891341990234375 0.472369447265625 0.886304591796875 0.433956783203125 0.889508783203125 0.3768444921875 0.90309003125 0.3609381640625 0.942324486328125 0.320198416015625 0.9515794921875 0.3162830703125 0.94476220703125 0.300896275390625 0.953961890625 0.25079288671875 0.962067181640625 0.210326740234375 0.962643037109375 0.2101526328125 0.968166130859375 0.469418689453125 1 0.942362630859375 1
0 0.683364349609375 0.206479388671875 0.69779305078125 0.2050827421875 0.66526623828125 0.17970312890625 0.666580908203125 0.201250373046875 0.683364349609375 0.206479388671875
0 0.141451427734375 0.188256966796875 0.139233986328125 0.199865708984375 0.14840601171875 0.20257602734375 0.17332040625 0.18028897265625 0.165900607421875 0.176209666015625 0.182081533203125 0.17344402734375 0.182929986328125 0.16008305859375 0.16401108203125 0.159344244140625 0.1550583359375 0.16774979296875 0.1476385390625 0.163670486328125 0.14306635546875 0.16865356640625 0.160342673828125 0.1763193046875 0.122806123046875 0.178839001953125 0.12740596484375 0.186532400390625 0.141451427734375 0.188256966796875
0 0.0725101171875 0.143356931640625 0.042303205078125 0.124886732421875 0.031799029296875 0.21043637890625 0.034920244140625 0.2108196171875 0.041929146484375 0.205343662109375 0.048691111328125 0.17607536328125 0.063804306640625 0.175554828125 0.0808336875 0.159428220703125 0.0725101171875 0.143356931640625
0 1 0.206679787109375 0.94447762109375 0.195768423828125 0.9466417421875 0.249102666015625 0.994445708984375 0.25972466015625 1 0.263318787109375 1 0.206679787109375
0 0.48508526171875 0.18926238671875 0.49729651953125 0.199474482421875 0.50778221484375 0.17858407421875 0.510656490234375 0.155174966796875 0.49904774609375 0.152957525390625 0.4946395234375 0.14370351953125 0.518020970703125 0.133901322265625 0.5300672734375 0.11320253125 0.499895201171875 0.0944485859375 0.480976296875 0.093709771484375 0.46687651171875 0.11178022265625 0.441359603515625 0.126072625 0.43405044140625 0.17269922265625 0.48508526171875 0.18926238671875
0 0.359062314453125 0.306063982421875 0.3769411484375 0.321724373046875 0.39186272265625 0.3227644453125 0.40149996484375 0.315235005859375 0.42414259765625 0.324351712890625 0.439721009765625 0.313591421875 0.487935873046875 0.333768677734375 0.506032986328125 0.31539696875 0.53382265625 0.3148487734375 0.51115236328125 0.29305559375 0.511124705078125 0.2803791171875 0.50124052734375 0.264116208984375 0.443881296875 0.25390511328125 0.37866471484375 0.26253094140625 0.359062314453125 0.306063982421875
0 0.350511373046875 0 0.379234576171875 0.032109275390625 0.40633975390625 0.03068496875 0.4169360859375 0.060500462890625 0.42473912109375 0.061458556640625 0.430953888671875 0.049548552734375 0.443821984375 0.0479602890625 0.476403115234375 0.0535448828125 0.47881217578125 0.04037553125 0.49343249609375 0.037418275390625 0.49652605078125 0.025125037109375 0.511447626953125 0.026165107421875 0.523686546875 0.049053681640625 0.5188960859375 0.088068859375 0.53343442578125 0.092230146484375 0.548930859375 0.088588396484375 0.553557361328125 0.06381030078125 0.57759564453125 0.04220773828125 0.600621513671875 0.048203228515625 0.608205271484375 0.038045453125 0.63473559375 0.041302966796875 0.647987923828125 0.081741453125 0.667399703125 0.08491698828125 0.680487076171875 0.09444458984375 0.6872500390625 0.110324259765625 0.68552547265625 0.124369724609375 0.704581677734375 0.14334294921875 0.710139611328125 0.143233310546875 0.708934580078125 0.127244001953125 0.73376699609375 0.11207548828125 0.766731365234375 0.1145388671875 0.782939951171875 0.12444970703125 0.785431990234375 0.149309783203125 0.779299201171875 0.1541012421875 0.75257726171875 0.1524043359375 0.749565685546875 0.157579033203125 0.77327605078125 0.16445063671875 0.782284115234375 0.181398037109375 0.7937012421875 0.185176087890625 0.80027158984375 0.157468396484375 0.812920404296875 0.14476426171875 0.821215318359375 0.103011103515625 0.847799958984375 0.086473599609375 0.86477501953125 0.09014201171875 0.884269779296875 0.13134697265625 0.893743060546875 0.1380546171875 0.91381167578125 0.1294297890625 0.925913296875 0.134083951171875 0.96054691015625 0.097148916015625 1 0.1035407578125 1 0.0576373671875 0.530581306640625 0 0.350511373046875 0
0 0 0.503749662109375 0.015871033203125 0.507882171875 0.017077060546875 0.56901944921875 0.03599596484375 0.569758263671875 0.056256197265625 0.559572828125 0.066222357421875 0.568717193359375 0.134286556640625 0.569153751953125 0.133576400390625 0.645897099609375 0.14918247265625 0.64781328515625 0.183761767578125 0.630673267578125 0.2282252421875 0.629796154296875 0.236657453125 0.60627741015625 0.24454246875 0.600116958984375 0.262750216796875 0.632451154296875 0.3156192421875 0.6405267890625 0.3302395625 0.63756953515625 0.33626271484375 0.627220140625 0.347981095703125 0.634995515625 0.35830283203125 0.628342189453125 0.3834641640625 0.629847478515625 0.39403183984375 0.601838529296875 0.411663734375 0.593706576171875 0.482657529296875 0.59608698046875 0.49664767578125 0.57245859375 0.523451595703125 0.567036958984375 0.539084328125 0.536481650390625 0.592144970703125 0.5429966796875 0.60550494140625 0.4986971640625 0.639071826171875 0.50915519921875 0.643781306640625 0.522406529296875 0.654705556640625 0.523747857421875 0.664342798828125 0.516218419921875 0.68044074609375 0.47542335546875 0.69026960546875 0.4663333125 0.755979064453125 0.460144205078125 0.792474546875 0.427398115234375 0.795458462890625 0.40954694140625 0.774595712890625 0.411737724609375 0.746477125 0.395612115234375 0.74455994140625 0.366070216796875 0.818729271484375 0.34903883984375 0.90300105859375 0.314238267578125 0.864533078125 0.292089509765625 0.864641716796875 0.252499474609375 0.844982998046875 0.22553159765625 0.83143041015625 0.226243751953125 0.8314580703125 0.238920224609375 0.825325279296875 0.243711685546875 0.80035556640625 0.240645791015625 0.79058102734375 0.2299408203125 0.775769087890625 0.234458681640625 0.78428427734375 0.24896936328125 0.782751330078125 0.26145421875 0.770184494140625 0.267039814453125 0.75290817578125 0.259374076171875 0.742996337890625 0.2304346953125 0.72582966015625 0.228326892578125 0.73883505078125 0.244973033203125 0.7369188671875 0.26057910546875 0.723749515625 0.258170044921875 0.71392065625 0.26726008984375 0.708226421875 0.2942832890625 0.67487881640625 0.29494112109375 0.646815546875 0.30416846484375 0.604679154296875 0.298994767578125 0.555479537109375 0.319092041015625 0.628746095703125 0.3352166484375 0.635892296875 0.347975103515625 0.637316603515625 0.37508028125 0.627515404296875 0.396846802734375 0.5528255390625 0.398764984375 0.49182555859375 0.418205421875 0.449497546875 0.41459233203125 0.361747970703125 0.41965938671875 0.348524298828125 0.43704534375 0.3235822421875 0.446655923828125 0.287879896484375 0.44068809375 0.285880732421875 0.418264736328125 0.243880638671875 0.38617748046875 0.216775462890625 0.387601787109375 0.202757658203125 0.398553697265625 0.1768298515625 0.403290837890625 0.1678494453125 0.399019912109375 0.157336091796875 0.407233845703125 0.131983140625 0.4072891640625 0.110792474609375 0.437954111328125 0.0755010234375 0.4415415390625 0.055925283203125 0.45260308984375 0.056555458984375 0.473274216796875 0.044207900390625 0.489975681640625 0 0.493601974609375 0 0.503749662109375
0 0.103345015625 0.421198328125 0.108683671875 0.4099728203125 0.112652341796875 0.351847119140625 0.098962453125 0.33432486328125 0.10613531640625 0.31461182421875 0.099783248046875 0.30828741796875 0.0740203984375 0.34393544140625 0.071912595703125 0.36110212109375 0.07142071875 0.403813369140625 0.081496515625 0.418515669921875 0.09154465234375 0.4205414921875 0.103345015625 0.421198328125
0 1 0.393013421875 0.97019114453125 0.4056552578125 0.9584461015625 0.430351375 0.930273193359375 0.43402078515625 0.924551298828125 0.448367505859375 0.949822271484375 0.455430728515625 0.97531251953125 0.4736098203125 0.9798303828125 0.4884217578125 0.975067580078125 0.540113412109375 0.993822525390625 0.555089310546875 0.99723116796875 0.55313163671875 1 0.53058130859375 1 0.393013421875
0 0.43912548828125 0.621632548828125 0.442356341796875 0.62757371875 0.411938330078125 0.630175396484375 0.40514870703125 0.646767220703125 0.385846564453125 0.649149619140625 0.37456673828125 0.66360598046875 0.3484473125 0.669903728515625 0.338618453125 0.6789937734375 0.339029349609375 0.68854903515625 0.366983978515625 0.7189117265625 0.35808655078125 0.752670228515625 0.372023375 0.793984828125 0.385822900390625 0.817065017578125 0.4003612421875 0.8212263046875 0.48937016796875 0.8123535390625 0.4958861953125 0.804440865234375 0.505878015625 0.73596576953125 0.51425590625 0.7322420390625 0.516090111328125 0.723754509765625 0.52301703515625 0.725397095703125 0.5312842890625 0.67096746484375 0.46311044921875 0.66497297265625 0.452268177734375 0.6565131015625 0.455964248046875 0.652214517578125 0.448571109375 0.615663716796875 0.43912548828125 0.621632548828125
0 0.84244662890625 0.671946224609375 0.7952728359375 0.681995361328125 0.783691751953125 0.69245439453125 0.79833973046875 0.702173615234375 0.811098185546875 0.6950274140625 0.84463741015625 0.69280897265625 0.85359015625 0.684403423828125 0.95434412890625 0.650834541015625 0.98477596875 0.6545711015625 0.9874777890625 0.6325665390625 0.9832558515625 0.628246228515625 0.9882825859375 0.626011990234375 0.990059669921875 0.611538802734375 0.972194302734375 0.60867048828125 0.95508294140625 0.63191563671875 0.896765623046875 0.629507576171875 0.866183654296875 0.6463463359375 0.86434944921875 0.6548338671875 0.84244662890625 0.671946224609375
0 0.91253365625 0.52689073828125 0.9088375859375 0.53118932421875 0.898843767578125 0.509368484375 0.871300037109375 0.4885610546875 0.852955986328125 0.48314041796875 0.716417689453125 0.5178600078125 0.715788513671875 0.542336845703125 0.741169123046875 0.55495800390625 0.751929416015625 0.570536416015625 0.762169169921875 0.571001630859375 0.79387319140625 0.532122751953125 0.794420388671875 0.514764455078125 0.804057626953125 0.50723501953125 0.826097748046875 0.5083570703125 0.839185119140625 0.517884671875 0.86560680078125 0.56073221875 0.8962164296875 0.55656993359375 0.908454349609375 0.5343105390625 0.90965937890625 0.55029984765625 0.919023021484375 0.551449556640625 0.924361677734375 0.54022405078125 0.91253365625 0.52689073828125