1 0.0498046875 0.7099609375 0.068359375 0.177734375
1 0.4296875 0.0224609375 0.109375 0.044921875
1 0.3154296875 0.63671875 0.123046875 0.12890625
1 0.6337890625 0.08203125 0.232421875 0.1640625
1 0.2578125 0.2119140625 0.26953125 0.203125
0 1 0.59337310546875 0.999697841796875 0.594728767578125 0.984998955078125 0.61444123046875 0.978725216796875 0.582127146484375 0.934282208984375 0.52545142578125 0.904947611328125 0.4650087578125 0.909997283203125 0.44235291015625 0.926793431640625 0.42390061328125 0.929336318359375 0.38403908984375 0.939408591796875 0.3815277890625 0.98470675 0.4130273359375 0.993838931640625 0.413897021484375 0.93419277734375 0.174669365234375 0.92484958984375 0.180104873046875 0.913917654296875 0.214925744140625 0.8669091953125 0.23377854296875 0.866058560546875 0.25182131640625 0.85052257421875 0.268176353515625 0.83538708984375 0.31474369921875 0.815238029296875 0.326899697265625 0.780804119140625 0.36758026953125 0.74176616015625 0.389795005859375 0.720338890625 0.432581865234375 0.68380771875 0.4720022734375 0.650647509765625 0.489185384765625 0.633837826171875 0.529037880859375 0.5981392421875 0.578949115234375 0.59224795703125 0.6053809375 0.531377712890625 0.647303623046875 0.489805892578125 0.69511308203125 0.457482783203125 0.7156536171875 0.4394445234375 0.707669580078125 0.424358673828125 0.67576953515625 0.401288787109375 0.661907748046875 0.355126453125 0.669851173828125 0.2829373125 0.69498222265625 0.267414865234375 0.689937060546875 0.210410841796875 0.59003337109375 0.142142068359375 0.387737255859375 0.110710208984375 0.326034423828125 0.091834849609375 0.314692962890625 0.08595709765625 0.319724587890625 0.087203724609375 0.3390275234375 0.10979188671875 0.4510781875 0.10181236328125 0.461983048828125 0.079575064453125 0.458612087890625 0.057463083984375 0.406141875 0.038953154296875 0.331443986328125 0.022233716796875 0.228628498046875 0.007552880859375 0.219807361328125 0 0.22279694140625 0 0.561392279296875 0.020851353515625 0.645022490234375 0.028682337890625 0.647824857421875 0.067630046875 0.768278107421875 0.058172060546875 0.794707673828125 0.109357185546875 1 0.56139227734375 1 0.753243478515625 0.952166123046875 0.726733361328125 0.937379015625 0.704109099609375 0.882395546875 0.678536939453125 0.8441946875 0.672258689453125 0.819014001953125 0.67902317578125 0.738872412109375 0.692893986328125 0.7015357265625 0.704226421875 0.6969271640625 0.721841619140625 0.71036588671875 0.737787130859375 0.709956361328125 0.74619423046875 0.686463416015625 0.7453751796875 0.654572392578125 0.756302603515625 0.626884919921875 0.773080701171875 0.63696621875 0.7928021875 0.637398306640625 0.820512220703125 0.612658732421875 0.84362723046875 0.555186525390625 0.860832904296875 0.55267973828125 0.89648636328125 0.57410249609375 0.918278037109375 0.61859514453125 0.92874178515625 0.660562951171875 0.911941126953125 0.6861486484375 0.895959517578125 0.743625369140625 0.858577708984375 0.801088552734375 0.84888788671875 0.8623457578125 0.866917123046875 0.88459659375 0.879079755859375 0.920791615234375 0.961997814453125 0.900117822265625 0.97017372265625 0.83388887109375 0.99075487109375 0.802011384765625 1 0.7627650859375 1 0.59337310546875
0 0.029314609375 0.211541185546875 0.04795864453125 0.286318326171875 0.0359565234375 0.3117129375 0.0560176640625 0.416685033203125 0.083351552734375 0.403760279296875 0.145190107421875 0.406671216796875 0.123188447265625 0.334767791015625 0.081068728515625 0.2393685625 0.054197466796875 0.20766811328125 0.029314609375 0.211541185546875
0 0.72979805859375 0.06336627734375 0.7499270703125 0.07056684765625 0.778429037109375 0.047474830078125 0.722137810546875 0.048983732421875 0.72979805859375 0.06336627734375
0 0.6242925703125 0.12225659375 0.629078736328125 0.133282642578125 0.583044201171875 0.15290651171875 0.647756705078125 0.15917401953125 0.66023139453125 0.14384435546875 0.678453998046875 0.135227904296875 0.703397603515625 0.112716265625 0.68428351171875 0.09896759375 0.6242925703125 0.12225659375
0 0.383073796875 0.249605548828125 0.393124150390625 0.273574908203125 0.35284892578125 0.283616650390625 0.35762944921875 0.30279027734375 0.33557118359375 0.31236314453125 0.276117267578125 0.327186669921875 0.247827271484375 0.33627668359375 0.211865771484375 0.347279416015625 0.19459929296875 0.3597306796875 0.223817076171875 0.395213484375 0.254508599609375 0.379415056640625 0.251820962890625 0.366592994140625 0.321656681640625 0.330088240234375 0.407499791015625 0.282209955078125 0.43195395703125 0.27407632421875 0.4439449765625 0.264976978515625 0.433410791015625 0.24723790234375 0.443489447265625 0.230469109375 0.493348376953125 0.226184056640625 0.51107602734375 0.240093078125 0.54224559375 0.226211984375 0.60935412890625 0.2339186171875 0.605713123046875 0.213188005859375 0.484195783203125 0.20377287109375 0.469825916015625 0.18699013671875 0.374946904296875 0.217010369140625 0.383073796875 0.249605548828125
0 0.308828017578125 0.423658947265625 0.28964932421875 0.428440732421875 0.261387630859375 0.396792595703125 0.236444017578125 0.419304197265625 0.308034552734375 0.530775892578125 0.31620100390625 0.50633766015625 0.3246151484375 0.470636634765625 0.34572583203125 0.44500760546875 0.356023736328125 0.45771420703125 0.379018400390625 0.480492751953125 0.393621583984375 0.50638178515625 0.4022605390625 0.492008556640625 0.421413759765625 0.52389116796875 0.433882732421875 0.516709099609375 0.41952131640625 0.4877049609375 0.423852087890625 0.4642230703125 0.42387475390625 0.4316325390625 0.4341868125 0.42397006640625 0.425581876953125 0.3894575546875 0.42512078515625 0.36309728515625 0.41336894140625 0.373155294921875 0.40210352734375 0.372909255859375 0.34886710546875 0.4085846953125 0.308122357421875 0.39755326171875 0.308828017578125 0.423658947265625
0 0.4764337421875 0.33604766796875 0.483849181640625 0.357619162109375 0.508038974609375 0.385191109375 0.517153087890625 0.37680905859375 0.55043150390625 0.43266327734375 0.56434028125 0.42308574609375 0.5483453125 0.330337396484375 0.549085068359375 0.300622935546875 0.533022158203125 0.305646130859375 0.515884763671875 0.311364525390625 0.4764337421875 0.33604766796875