1 0.484375 0.681640625 0.1123046875 0.1455078125
1 0.5009765625 0.255859375 0.095703125 0.123046875
1 0.2373046875 0.6298828125 0.080078125 0.103515625
1 0.6103515625 0.1708984375 0.0908203125 0.0751953125
1 0.3837890625 0.6171875 0.072265625 0.072265625
1 0.3486328125 0.44921875 0.1015625 0.09375
1 0.357421875 0.3408203125 0.1015625 0.0908203125
0 0.41875 1 0.425 0.9859375 0.4375 0.978125 0.44375 0.9453125 0.4609375 0.9234375 0.4671875 0.890625 0.46875 0.79375 0.4234375 0.753125 0.4328125 0.665625 0.44375 0.6328125 0.4546875 0.625 0.4796875 0.625 0.50625 0.5859375 0.5 0.56875 0.45625 0.546875 0.453125 0.4828125 0.459375 0.4671875 0.5078125 0.4078125 0.525 0.40625 0.5328125 0.4375 0.55 0.4421875 0.5765625 0.428125 0.6203125 0.3859375 0.634375 0.3796875 0.659375 0.3234375 0.6859375 0.3 0.70625 0.265625 0.703125 0.2515625 0.684375 0.24375 0.6578125 0.24375 0.63125 0.2484375 0.625 0.2578125 0.6203125 0.3328125 0.6109375 0.3734375 0.603125 0.3828125 0.5828125 0.384375 0.509375 0.3515625 0.4921875 0.353125 0.4796875 0.3640625 0.43125 0.453125 0.409375 0.4734375 0.39375 0.509375 0.384375 0.571875 0.36522490234375 0.591462228515625 0.41520764453125 0.596816103515625 0.4134225703125 0.6360779609375 0.404050796875 0.64477802734375 0.360315814453125 0.635854916015625 0.3421875 0.7390625 0.2375 0.9140625 0.21875 0.9609375 0.2171875 1 0.41875 1
0 0.9859375 0 0.984375 0.0140625 0.971875 0.0296875 0.90625 0.0609375 0.8578125 0.1140625 0.83125 0.19375 0.825 0.271875 0.7546875 0.3265625 0.6859375 0.4234375 0.6734375 0.45625 0.6484375 0.5734375 0.64375 0.64375 0.6328125 0.678125 0.6203125 0.6921875 0.6109375 0.69375 0.5609375 0.6859375 0.540625 0.690625 0.5265625 0.7484375 0.503125 0.796875 0.5015625 0.828125 0.509375 0.85 0.509375 0.875 0.4828125 1 1 1 1 0 0.9859375 0
0 0 0.47142857421875 0.027840822265625 0.439768734375 0.072468341796875 0.430845587890625 0.118880935546875 0.45404575390625 0.156368025390625 0.45583042578125 0.186714822265625 0.430845587890625 0.20278062109375 0.41121469140625 0.186714822265625 0.37552210546875 0.19028496875 0.33447564453125 0.211706123046875 0.314844681640625 0.24562306640625 0.329121701171875 0.25990392578125 0.321983224609375 0.318812171875 0.27915209375 0.372365197265625 0.268444345703125 0.38664605859375 0.241674904296875 0.41520764453125 0.21847473828125 0.43662893359375 0.164935890625 0.399141708984375 0.170289697265625 0.372365197265625 0.213120794921875 0.25990392578125 0.2327517578125 0.12245108203125 0.263090470703125 0 0.241674904296875 0 0.47142857421875
0 0 0 0.02248546484375 0.0168116015625 0.03676632421875 0.02216554296875 0.06532791015625 0.00431925 0.0956745703125 0.006103818359375 0.143872375 0.03465789453125 0.156368025390625 0.045365677734375 0.10638528515625 0.03644253125 0.090319349609375 0.06321197265625 0.05818748046875 0.06678127734375 0.034981251953125 0.068565845703125 0 0.0721351171875 0 0.19910714453125 0.090319349609375 0.22025933984375 0.18135946484375 0.19170533203125 0.26347407421875 0.156012744140625 0.34023346484375 0.13638174609375 0.39735663671875 0.1435202578125 0.38129069921875 0.11675081640625 0.4027119921875 0.10247386328125 0.34023346484375 0.0846275703125 0.304531447265625 0.0846275703125 0.352729115234375 0.0525041875 0.3562993984375 0.02038083984375 0.38129069921875 0.0168116015625 0.41163749609375 0 0 0
0 0.51160311328125 0.50044616015625 0.572296568359375 0.41478396484375 0.540624958984375 0.4223214296875 0.499107462890625 0.49152301171875 0.4491245859375 0.54327722265625 0.491967033203125 0.562908185546875 0.51160311328125 0.50044616015625
0 0.549090205078125 0.1292433046875 0.5272321015625 0.100892859375 0.51517326171875 0.113181580078125 0.491967033203125 0.13995101953125 0.52945412109375 0.156012744140625 0.549090205078125 0.1292433046875
0 0.4390625 1 0.46875 0.925 0.4734375 0.8484375 0.4609375 0.7875 0.4203125 0.7546875 0.4203125 0.6984375 0.40625 0.6515625 0.35625 0.6421875 0.3375 0.6625 0.3234375 0.6671875 0.315625 0.65 0.2953125 0.65 0.24375 0.696875 0.2171875 0.69375 0.1765625 0.6671875 0.1734375 0.5625 0.171875 0.5515625 0.165625 0.5515625 0.1234375 0.596875 0.103125 0.60625 0.1 0.6390625 0.14375 0.653125 0.1609375 0.6734375 0.175 0.709375 0.16875 0.734375 0.1890625 0.7421875 0.196875 0.753125 0.1984375 0.7703125 0.1875 0.7921875 0.196875 0.81875 0.2140625 0.8359375 0.21875 0.8546875 0.253125 0.8625 0.275 0.8359375 0.278125 0.846875 0.2671875 0.8703125 0.2421875 0.896875 0.234375 0.8890625 0.21875 0.8921875 0.1875 0.9328125 0.1375 0.928125 0.1078125 0.9 0.096875 0.853125 0.10625 0.83125 0.1375 0.8265625 0.171875 0.7984375 0.1734375 0.7875 0.1546875 0.759375 0.1359375 0.8046875 0.121875 0.8078125 0.1140625 0.7984375 0.11875 0.75625 0.103125 0.75 0.0734375 0.7515625 0.071875 0.7921875 0.0234375 0.834375 0.0125 0.8515625 0.0109375 0.884375 0 0.90625 0 1 0.1890625 1 0.2 0.9828125 0.2 0.9703125 0.2046875 0.9703125 0.2046875 0.9828125 0.2109375 0.9890625 0.2078125 1 0.4390625 1
0 0.23625136328125 0.548715904296875 0.25677998046875 0.55228517578125 0.267490626953125 0.58530079296875 0.27730866796875 0.59690091015625 0.286234169921875 0.65222439453125 0.291589458984375 0.66650144921875 0.32550640234375 0.6477628203125 0.319258509765625 0.60850099609375 0.31122554296875 0.601362484375 0.30765539453125 0.594223939453125 0.321043650390625 0.5817315546875 0.28891178125 0.5674545 0.28980438671875 0.554069779296875 0.302300037109375 0.522838765625 0.31033300390625 0.532654248046875 0.31122554296875 0.54336203125 0.32550640234375 0.52730033984375 0.335324443359375 0.509454044921875 0.32372126171875 0.48982316796875 0.26927569921875 0.471976873046875 0.253209765625 0.490715451171875 0.2212053359375 0.489062501953125 0.229110931640625 0.50320787109375 0.229110931640625 0.51926952734375 0.221970501953125 0.531761912109375 0.23625136328125 0.548715904296875