1 0.935546875 0.755859375 0.046875 0.0595703125
1 0.5078125 0.6044921875 0.044921875 0.041015625
1 0.5185546875 0.4951171875 0.0732421875 0.0546875
1 0.75 0.90234375 0.0966796875 0.0703125
1 0.939453125 0.833984375 0.0576171875 0.060546875
1 0.6484375 0.7890625 0.064453125 0.0546875
1 0.857421875 0.83203125 0.0625 0.0654296875
1 0.33984375 0.658203125 0.0576171875 0.0595703125
1 0.75390625 0.82421875 0.0595703125 0.0625
1 0.8701171875 0.705078125 0.068359375 0.0595703125
1 0.484375 0.658203125 0.03125 0.044921875
1 0.9853515625 0.8935546875 0.029296875 0.0625
1 0.8115234375 0.6298828125 0.033203125 0.044921875
1 0.7373046875 0.693359375 0.076171875 0.060546875
1 0.9150390625 0.611328125 0.037109375 0.0419921875
1 0.27734375 0.5078125 0.037109375 0.029296875
1 0.7021484375 0.775390625 0.044921875 0.046875
1 0.7177734375 0.7294921875 0.0576171875 0.0546875
1 0.947265625 0.673828125 0.0546875 0.052734375
1 0.8125 0.583984375 0.0498046875 0.0390625
1 0.46484375 0.5478515625 0.03125 0.0283203125
1 0.40234375 0.548828125 0.0234375 0.0234375
1 0.3369140625 0.5595703125 0.0283203125 0.029296875
1 0.767578125 0.6708984375 0.0703125 0.048828125
1 0.2763671875 0.673828125 0.03125 0.0390625
1 0.3681640625 0.4521484375 0.0205078125 0.0205078125
1 0.591796875 0.4453125 0.021484375 0.021484375
1 0.61328125 0.4423828125 0.0205078125 0.0205078125
1 0.5380859375 0.435546875 0.0205078125 0.0205078125
1 0.767578125 0.63671875 0.037109375 0.0283203125
1 0.482421875 0.4111328125 0.0234375 0.0234375
1 0.5888671875 0.9658203125 0.052734375 0.068359375
1 0.48046875 0.4384765625 0.0185546875 0.025390625
1 0.451171875 0.4375 0.0205078125 0.0205078125
1 0.3994140625 0.4482421875 0.021484375 0.025390625
1 0.3583984375 0.431640625 0.0205078125 0.0185546875
1 0.3857421875 0.431640625 0.017578125 0.0205078125
1 0.4228515625 0.439453125 0.0185546875 0.021484375
1 0.4599609375 0.466796875 0.025390625 0.0234375
1 0.435546875 0.4697265625 0.017578125 0.021484375
1 0.4892578125 0.4619140625 0.0185546875 0.0205078125
1 0.5849609375 0.4267578125 0.0263671875 0.0185546875
1 0.6376953125 0.3525390625 0.017578125 0.0205078125
1 0.61328125 0.34375 0.021484375 0.017578125
1 0.7548828125 0.376953125 0.0283203125 0.0234375
1 0.30078125 0.8251953125 0.046875 0.0341796875
1 0.2841796875 0.763671875 0.0390625 0.0361328125
1 0.2998046875 0.7158203125 0.0263671875 0.041015625
1 0.314453125 0.634765625 0.029296875 0.0341796875
1 0.373046875 0.6865234375 0.029296875 0.0361328125
1 0.404296875 0.6123046875 0.0439453125 0.029296875
1 0.5302734375 0.572265625 0.0234375 0.029296875
1 0.388671875 0.5078125 0.0361328125 0.03125
1 0.365234375 0.4755859375 0.0205078125 0.025390625
1 0.322265625 0.505859375 0.033203125 0.03125
1 0.271484375 0.5400390625 0.0390625 0.0283203125
1 0.552734375 0.328125 0.0361328125 0.017578125
1 0.412109375 0.31640625 0.025390625 0.0185546875
1 0.408203125 0.4267578125 0.017578125 0.0205078125
1 0.404296875 0.47265625 0.021484375 0.0234375
1 0.447265625 0.525390625 0.03125 0.029296875
1 0.412109375 0.587890625 0.025390625 0.0283203125
1 0.822265625 0.396484375 0.041015625 0.029296875
1 0.84375 0.513671875 0.033203125 0.0341796875
1 0.798828125 0.423828125 0.0263671875 0.0234375
1 0.8720703125 0.4189453125 0.0234375 0.021484375
1 0.875 0.51953125 0.0283203125 0.03125
1 0.927734375 0.537109375 0.0263671875 0.025390625
1 0.888671875 0.564453125 0.0361328125 0.037109375
1 0.9892578125 0.8427734375 0.021484375 0.048828125
1 0.9775390625 0.5107421875 0.037109375 0.0263671875
1 0.916015625 0.431640625 0.0234375 0.0234375
1 0.962890625 0.4501953125 0.0283203125 0.0185546875
1 0.974609375 0.4658203125 0.033203125 0.0234375
1 0.904296875 0.525390625 0.021484375 0.021484375
1 0.763671875 0.728515625 0.046875 0.0517578125
0 0.58125 0.82265625 0.5703125 0.80859375 0.5625 0.76796875 0.546875 0.74765625 0.540625 0.69140625 0.5734375 0.67109375 0.575 0.65234375 0.58359375 0.640625 0.60703125 0.6390625 0.6140625 0.64765625 0.6125 0.70703125 0.62578125 0.715625 0.640625 0.69765625 0.64375 0.66015625 0.665625 0.65234375 0.6671875 0.60546875 0.675 0.58046875 0.7296875 0.53828125 0.7171875 0.51484375 0.728125 0.48828125 0.7265625 0.45859375 0.7109375 0.42734375 0.68359375 0.403125 0.65546875 0.3984375 0.65078125 0.3875 0.60234375 0.36875 0.56953125 0.371875 0.5640625 0.38984375 0.61015625 0.3921875 0.61328125 0.3984375 0.63984375 0.4078125 0.64609375 0.4234375 0.6625 0.42421875 0.6640625 0.43203125 0.64375 0.44765625 0.64375 0.45546875 0.65546875 0.4671875 0.66328125 0.4625 0.6765625 0.47890625 0.665625 0.53046875 0.6421875 0.56015625 0.62734375 0.56875 0.6171875 0.55859375 0.6125 0.53828125 0.60625 0.50234375 0.609375 0.47109375 0.5796875 0.48671875 0.571875 0.50234375 0.5734375 0.55078125 0.5484375 0.57109375 0.540625 0.60859375 0.5484375 0.61953125 0.546875 0.62734375 0.49765625 0.6859375 0.45390625 0.7265625 0.44296875 0.7296875 0.42421875 0.7546875 0.375 0.79609375 0.353125 0.82890625 0.34375 0.85859375 0.346875 0.91171875 0.309375 0.99921875 0.5171875 0.99921875 0.53125 0.94921875 0.5765625 0.88203125 0.58125 0.86171875 0.58125 0.82265625
0 0.37890625 0.25625 0.3953125 0.25859375 0.4140625 0.24765625 0.41015625 0.2375 0.3765625 0.24296875 0.37890625 0.25625
0 0.45546875 0.3390625 0.453125 0.33046875 0.44296875 0.325 0.43828125 0.3359375 0.42421875 0.334375 0.41953125 0.325 0.40390625 0.325 0.39453125 0.34375 0.37734375 0.3390625 0.3609375 0.30703125 0.34453125 0.3046875 0.340625 0.29609375 0.340625 0.28359375 0.35234375 0.275 0.36328125 0.29375 0.37421875 0.296875 0.3796875 0.29140625 0.371875 0.28359375 0.3765625 0.25859375 0.35859375 0.259375 0.35859375 0.24375 0.33125 0.24921875 0.3296875 0.26328125 0.3359375 0.26796875 0.33203125 0.2765625 0.265625 0.29765625 0.26796875 0.3046875 0.29609375 0.3046875 0.30546875 0.3140625 0.32578125 0.315625 0.3328125 0.35078125 0.34453125 0.3578125 0.4453125 0.36171875 0.50078125 0.3609375 0.5046875 0.34609375 0.47265625 0.3328125 0.45546875 0.3390625