1 0.5458984375 0.5244140625 0.11328125 0.2109375
1 0.8505859375 0.484375 0.1171875 0.15234375
1 0.2197265625 0.607421875 0.123046875 0.173828125
1 0.619140625 0.330078125 0.103515625 0.115234375
1 0.296875 0.208984375 0.087890625 0.06640625
1 0.62890625 0.0439453125 0.048828125 0.0703125
1 0.7607421875 0.322265625 0.091796875 0.125
1 0.3681640625 0.345703125 0.12890625 0.1484375
1 0.65234375 0.4833984375 0.0703125 0.12890625
1 0.7275390625 0.251953125 0.068359375 0.060546875
1 0.89453125 0.583984375 0.09765625 0.076171875
1 0.5400390625 0.033203125 0.048828125 0.048828125
1 0.6748046875 0.173828125 0.0546875 0.0625
1 0.427734375 0.5087890625 0.1171875 0.123046875
1 0.935546875 0.6806640625 0.119140625 0.126953125
1 0.552734375 0.259765625 0.078125 0.05859375
1 0.4189453125 0.1943359375 0.056640625 0.08203125
1 0.3349609375 0.1298828125 0.05859375 0.052734375
1 0.54296875 0.0888671875 0.052734375 0.060546875
1 0.4462890625 0.0595703125 0.03515625 0.041015625
1 0.4228515625 0.12890625 0.05859375 0.05078125
1 0.546875 0.150390625 0.07421875 0.052734375
1 0.5439453125 0.1962890625 0.05078125 0.05078125
1 0.6728515625 0.1123046875 0.04296875 0.044921875
1 0.75 0.4794921875 0.095703125 0.1328125
1 0.943359375 0.470703125 0.091796875 0.103515625
1 0.5185546875 0.7802734375 0.060546875 0.189453125
1 0.658203125 0.794921875 0.046875 0.08203125
1 0.744140625 0.609375 0.052734375 0.060546875
0 0.673175259765625 0.598454185546875 0.664263498046875 0.62076324609375 0.669195220703125 0.65074757421875 0.687706990234375 0.68338051171875 0.688051111328125 0.722006041015625 0.6820513984375 0.735761712890625 0.68786836328125 0.750578251953125 0.701799658203125 0.75992907421875 0.747127400390625 0.759233701171875 0.75356617578125 0.753855794921875 0.751195251953125 0.7086158671875 0.734771220703125 0.686171841796875 0.732755267578125 0.67101263671875 0.737790251953125 0.662200482421875 0.752985404296875 0.6607935078125 0.76170678515625 0.6523987421875 0.763252322265625 0.6236198125 0.744782841796875 0.6441267734375 0.728563662109375 0.637649650390625 0.718847123046875 0.636384341796875 0.7118007890625 0.5981100625 0.71123601171875 0.5750559921875 0.680396142578125 0.580946359375 0.673175259765625 0.598454185546875
0 1 0.789468966796875 0.98062276171875 0.7856580234375 0.971034267578125 0.80081478125 0.953477525390625 0.78524884375 0.939210568359375 0.79271309375 0.9420909375 0.812711744140625 0.91791910546875 0.817642091796875 0.906766890625 0.80296169921875 0.895617416015625 0.77667988671875 0.844601404296875 0.63147399609375 0.849723 0.600962796875 0.82865043359375 0.58358545703125 0.813048529296875 0.571551955078125 0.8014732109375 0.583759890625 0.768506150390625 0.590097794921875 0.7609115703125 0.6375401484375 0.745648845703125 0.66690266796875 0.746878212890625 0.69036041015625 0.75600438671875 0.73005375 0.7722137578125 0.71978630859375 0.778348220703125 0.74583640234375 0.77876590625 0.849984119140625 0.759010521484375 0.857740076171875 0.64163400390625 0.862211365234375 0.63687078125 0.867501458984375 0.6318517109375 0.9016314140625 0.636295779296875 0.951467244140625 0.64352526171875 0.99316433203125 1 0.974482283203125 1 0.855377697265625 0.990737271484375 0.850461509765625 0.988083072265625 0.8231238671875 1 0.82341460546875 1 0.789468966796875
0 0.513092970703125 1 0.634236853515625 0.9936511171875 0.619073205078125 0.85972940234375 0.622272884765625 0.749858291015625 0.614046732421875 0.742453439453125 0.61440287890625 0.72788228515625 0.613232763671875 0.705555154296875 0.616582666015625 0.70537959375 0.617119353515625 0.672888189453125 0.6057773203125 0.67012433984375 0.602747470703125 0.649189490234375 0.59514740625 0.63821815625 0.539256322265625 0.64002785546875 0.529626119140625 0.605830462890625 0.510701498046875 0.60794166796875 0.5035235078125 0.641900533203125 0.50498104296875 0.691078744140625 0.537246943359375 0.687148947265625 0.543843021484375 0.87710512890625 0.495943982421875 0.88185422265625 0.495148578125 1 0.513092970703125 1
0 0.485187091796875 1 0.486718205078125 0.876740611328125 0.501234712890625 0.87597983203125 0.497515552734375 0.6981865546875 0.50222122265625 0.681148599609375 0.495584861328125 0.661346796875 0.476591685546875 0.704880240234375 0.444788806640625 0.7390101953125 0.406759107421875 0.761152888671875 0.375024869140625 0.75386059375 0.336659208984375 0.705497228515625 0.33715888671875 0.657507880859375 0.29459759375 0.731330892578125 0.29069597265625 0.725816849609375 0.24484463671875 0.769638466796875 0.22109230859375 0.80782421875 0.2045765546875 0.813167435546875 0.214440787109375 0.851830271484375 0.235408083984375 0.910060861328125 0.256667912109375 0.97387319140625 0.281063623046875 1 0.282463734375 1 0.30109483984375 0.988336216796875 0.324783552734375 0.97030340234375 0.336827654296875 0.986463541015625 0.336284125 1 0.38365909375 1 0.38707705859375 0.983830080078125 0.390562703125 1 0.485187091796875 1
0 0.066103630859375 1 0.065485865234375 0.9932153046875 0.093289142578125 0.882548126953125 0.08872291796875 0.795419375 0.122533037109375 0.63907320703125 0.135439087890625 0.500624125 0.194140435546875 0.2421641640625 0.227753556640625 0.178236841796875 0.28041244140625 0.125072458984375 0.32557168359375 0.0891026640625 0.343739330078125 0.08311007421875 0.330159283203125 0.080461462890625 0.283858484375 0.0946490703125 0.15578546875 0.215611630859375 0.094376197265625 0.3582828125 0.05704647265625 0.47953018359375 0.022460296875 0.556949740234375 0.0064065234375 0.635336693359375 0.025517716796875 1 0.066103630859375 1
0 0.646877505859375 0.749302017578125 0.669795591796875 0.759295158203125 0.677972423828125 0.784211962890625 0.680333927734375 0.829272158203125 0.695165900390625 0.83744459765625 0.720690197265625 0.84181147265625 0.7431234453125 0.83381184375 0.746506041015625 0.798327486328125 0.74331403515625 0.773353009765625 0.71772509765625 0.773580287109375 0.68441981640625 0.76738806640625 0.67314558203125 0.75911959375 0.677085654296875 0.74883832421875 0.664802419921875 0.749482060546875 0.6519342109375 0.7389622265625 0.6509981171875 0.721100494140625 0.6251494765625 0.702620486328125 0.646877505859375 0.749302017578125
0 0.665907408203125 0.83369180078125 0.645294375 0.83660388671875 0.63856804296875 0.81314319140625 0.63758424609375 0.77106376171875 0.656213287109375 0.75360140625 0.635779630859375 0.7084650234375 0.622379763671875 0.70916728125 0.632058423828125 0.78701963671875 0.637977640625 0.857233046875 0.684416794921875 0.871730298828125 0.68764190234375 0.84343602734375 0.665907408203125 0.83369180078125