1 0.4501953125 0.5400390625 0.0703125 0.08203125
1 0.1953125 0.7412109375 0.06640625 0.064453125
1 0.16015625 0.982421875 0.1484375 0.03515625
1 0.2841796875 0.826171875 0.080078125 0.08984375
1 0.6240234375 0.9248046875 0.537109375 0.150390625
1 0.2578125 0.572265625 0.068359375 0.0703125
1 0.1259765625 0.8232421875 0.06640625 0.05859375
1 0.224609375 0.931640625 0.07421875 0.07421875
0 0.252788556640625 0.437632697265625 0.254360025390625 0.46404183203125 0.2913513125 0.471099240234375 0.311944888671875 0.46709625390625 0.342646333984375 0.43263292578125 0.342075611328125 0.41137218359375 0.33320959375 0.402409724609375 0.29717083203125 0.40941494921875 0.2707134765625 0.419900658203125 0.252788556640625 0.437632697265625
0 0.558621943359375 0.691635998046875 0.540938125 0.66479683984375 0.5294959296875 0.68839265625 0.51471791015625 0.694827158203125 0.391779353515625 0.667075767578125 0.364084109375 0.652868474609375 0.351500466796875 0.633942806640625 0.309597927734375 0.64743075390625 0.286287470703125 0.6466189296875 0.2854234609375 0.7429594296875 0.293574095703125 0.7574038671875 0.326755279296875 0.708210740234375 0.353212634765625 0.69772503125 0.369992146484375 0.701587318359375 0.3924425546875 0.734623837890625 0.432006056640625 0.77323877734375 0.46046490625 0.77304985546875 0.47700727734375 0.757367533203125 0.495551140625 0.751981998046875 0.5133313984375 0.760992677734375 0.516237197265625 0.79426633984375 0.502411703125 0.814763474609375 0.48868265234375 0.8174321328125 0.4624181796875 0.792260884765625 0.456220818359375 0.7970274765625 0.426134353515625 0.90795311328125 0.427942962890625 0.953906859375 0.45230238671875 0.950952841796875 0.4585961875 0.928357771484375 0.467892232421875 0.921207884765625 0.49530211328125 0.92478480859375 0.525191732421875 0.913631935546875 0.522097015625 0.851899423828125 0.532920267578125 0.81595710546875 0.543026150390625 0.800599833984375 0.52325489453125 0.711097580078125 0.536238349609375 0.7046185390625 0.55554355078125 0.795793515625 0.574500171875 0.783407013671875 0.607811107421875 0.78893298828125 0.632042919921875 0.7904163046875 0.633061638671875 0.771232767578125 0.642612458984375 0.779660083984375 0.64909180859375 0.79263975 0.754775505859375 0.8120142265625 0.79009887890625 0.8104909765625 0.793961166015625 0.79371146484375 0.7886238515625 0.76625336328125 0.751584345703125 0.768110193359375 0.738952482421875 0.758098767578125 0.736950990234375 0.747801978515625 0.746391693359375 0.713909375 0.7817632890625 0.703471884765625 0.771470462890625 0.641357572265625 0.774332001953125 0.619429666015625 0.782960880859375 0.608847513671875 0.805270587890625 0.604510947265625 0.8095146796875 0.580533328125 0.82786962109375 0.54668894140625 0.8578074609375 0.526621830078125 0.852040123046875 0.51527607421875 0.822865888671875 0.520946970703125 0.7775310859375 0.535102083984375 0.724901736328125 0.56670387109375 0.739438650390625 0.60484056640625 0.73991293359375 0.643929787109375 0.72594277734375 0.691169640625 0.690237599609375 0.699890998046875 0.694095921875 0.74722729296875 0.66115584375 0.75184922265625 0.623830974609375 0.74307568359375 0.59189560546875 0.688730201171875 0.558621943359375 0.691635998046875
0 1 0.717763486328125 0.974410453125 0.719911484375 0.946412390625 0.714278865234375 0.938278375 0.725352716796875 0.947045134765625 0.73788775390625 0.95909316015625 0.763233052734375 0.943399392578125 0.763910427734375 0.938784611328125 0.74423980078125 0.940544119140625 0.72886761328125 0.9299128984375 0.723023484375 0.914515466796875 0.72522536328125 0.89111378515625 0.714744015625 0.870910080078125 0.704432107421875 0.8601707578125 0.718385546875 0.83901315234375 0.71537859375 0.8435046953125 0.701848548828125 0.848144287109375 0.68908076171875 0.860618408203125 0.692193453125 0.86373309765625 0.679722078125 0.86928336328125 0.667568326171875 0.869644591796875 0.65721433203125 0.85714879296875 0.65806112109375 0.833003125 0.672247337890625 0.7781922421875 0.66708023828125 0.77122201953125 0.688211681640625 0.784665296875 0.73701763671875 0.78624866796875 0.781800412109375 0.79694195703125 0.8131185390625 0.80778275390625 0.827451587890625 0.797043435546875 0.841405041015625 0.7909004921875 0.850509734375 0.8080263203125 0.922331771484375 0.833632126953125 0.919727689453125 0.812524146484375 0.8518439375 0.838552798828125 0.8554861875 0.8385127265625 0.834926328125 0.87938946875 0.825398591796875 0.88881366796875 0.82910412890625 0.909563693359375 0.8788630234375 0.90494565234375 0.887671306640625 0.917398109375 0.8947435234375 0.924936306640625 0.909099501953125 0.939571228515625 0.907045841796875 0.981358525390625 0.8981321328125 0.9432449296875 0.820105896484375 0.93875665234375 0.805157072265625 0.9379757421875 0.78078593359375 0.950616439453125 0.809180259765625 0.9891841015625 0.804056677734375 1 0.818764564453125 1 0.717763486328125
0 0.917987427734375 0.530558455078125 0.914288654296875 0.490594197265625 0.903342515625 0.48661928515625 0.87883882421875 0.454767435546875 0.875679642578125 0.459449779296875 0.85377857421875 0.483643912109375 0.88313290625 0.529196658203125 0.906930162109375 0.546946759765625 0.917987427734375 0.530558455078125
0 0.911117845703125 0.27404698046875 0.934118830078125 0.2686855546875 0.932832720703125 0.2529067890625 0.941128017578125 0.240608509765625 0.935336568359375 0.233719873046875 0.81463664453125 0.2358098828125 0.774140765625 0.242790998046875 0.790466142578125 0.26722275 0.824788771484375 0.26055110546875 0.832750484375 0.246536693359375 0.852246875 0.255213791015625 0.887618470703125 0.2447763046875 0.898224732421875 0.2489480625 0.911117845703125 0.27404698046875