1 0.876953125 0.892578125 0.232421875 0.21484375
1 0.37109375 0.638671875 0.142578125 0.1484375
1 0.681640625 0.365234375 0.498046875 0.234375
1 0.0390625 0.1943359375 0.078125 0.072265625
1 0.9560546875 0.6669921875 0.087890625 0.19140625
1 0.28515625 0.3388671875 0.216796875 0.1015625
1 0.7685546875 0.154296875 0.044921875 0.0625
1 0.2919921875 0.1728515625 0.125 0.0390625
0 0.394329896484375 0.34879725 0.375429552734375 0.347079037109375 0.2147766328125 0.380584193359375 0.24398625390625 0.384020619140625 0.255154638671875 0.43298969140625 0.261168384765625 0.432130583984375 0.261168384765625 0.42010309375 0.26890034375 0.41408934765625 0.28178694140625 0.41838487890625 0.282646048828125 0.434707904296875 0.32903780078125 0.4364261171875 0.33848797265625 0.457903779296875 0.335051546875 0.463058419921875 0.34879725 0.476804123046875 0.35051546484375 0.504295533203125 0.368556701171875 0.5257731953125 0.381443298828125 0.530068728515625 0.38573883203125 0.546391751953125 0.390893470703125 0.536082474609375 0.409793814453125 0.532646048828125 0.426116837890625 0.54381443359375 0.433848796875 0.565292095703125 0.454467353515625 0.56013745703125 0.4596219921875 0.5257731953125 0.46563573828125 0.571305841796875 0.48109965625 0.571305841796875 0.48109965625 0.396048109375 0.473367697265625 0.372852234375 0.452749140625 0.369415806640625 0.454467353515625 0.3865979375 0.44931271484375 0.37628866015625 0.435567009765625 0.38316151171875 0.429553263671875 0.377147765625 0.43298969140625 0.3634020625 0.425257732421875 0.35738831640625 0.4080756015625 0.35051546484375 0.39948453515625 0.362542955078125 0.394329896484375 0.34879725
0 1 0.452667322265625 0.988831615234375 0.4553264609375 0.976804123046875 0.4690721640625 0.9690721640625 0.452749140625 0.9690721640625 0.39948453515625 0.97079037890625 0.387457044921875 0.98453608203125 0.380584193359375 0.940721650390625 0.372852234375 0.804982818359375 0.4690721640625 0.777491408203125 0.48109965625 0.69673539453125 0.463917525390625 0.691580755859375 0.457044673828125 0.492268041015625 0.384879724609375 0.486254294921875 0.397766322265625 0.4879725078125 0.495704466796875 0.501718212890625 0.504295533203125 0.505154638671875 0.514604810546875 0.494845361328125 0.643470791015625 0.481958763671875 0.65463917578125 0.463058419921875 0.644329896484375 0.45876288671875 0.676116837890625 0.4458762890625 0.690721650390625 0.371134021484375 0.729381443359375 0.368556701171875 0.776632302734375 0.3608247421875 0.770618556640625 0.362542955078125 0.739690720703125 0.349656357421875 0.738831615234375 0.328178693359375 0.75 0.330756013671875 0.757731958984375 0.35738831640625 0.7620274921875 0.359106529296875 0.777491408203125 0.3513745703125 0.7852233671875 0.323883162109375 0.797250859375 0.282646048828125 0.8041237109375 0.213917525390625 0.797250859375 0.210481099609375 0.7903780078125 0.19329896875 0.798969072265625 0.16408934765625 0.797250859375 0.16151202734375 0.834192439453125 0.179553263671875 0.83848797265625 0.178694158203125 0.820446736328125 0.191580755859375 0.81958762890625 0.183848796875 0.825601375 0.1864261171875 0.83161512109375 0.203608248046875 0.82646048046875 0.213058419921875 0.8324742265625 0.216494845703125 0.865120275390625 0.2285223359375 0.868556701171875 0.229381443359375 0.88316151171875 0.241408935546875 0.874570447265625 0.24656357421875 0.88316151171875 0.261168384765625 0.884020619140625 0.264604810546875 0.9269759453125 0.28178694140625 0.93728522265625 0.280068728515625 0.951030927734375 0.298643205078125 1 0.455429552734375 1 0.460481099609375 0.957903779296875 0.471649484375 0.93986254296875 0.475945017578125 0.976804123046875 0.486254294921875 0.985395189453125 0.486254294921875 0.789518900390625 0.492268041015625 0.7714776640625 0.49656357421875 0.969931271484375 0.5025773203125 0.97766323046875 0.533505154296875 0.95189003515625 0.545532646484375 0.953608248046875 0.549828177734375 0.96821305859375 0.51226179296875 1 0.812322904296875 1 0.81271477734375 0.988831615234375 0.776632302734375 0.951030927734375 0.7714776640625 0.8634020625 0.7852233671875 0.631443298828125 0.778350515625 0.597079037109375 0.789518900390625 0.59793814453125 0.802405498046875 0.612542955078125 0.792096220703125 0.638316150390625 0.783505154296875 0.839347078125 0.796391751953125 0.83848797265625 0.842783505859375 0.802405498046875 0.8634020625 0.810996564453125 0.92783505078125 0.86683848828125 0.92783505078125 0.914948453125 0.941580755859375 0.981958763671875 0.953608248046875 0.9836769765625 0.953608248046875 0.925257732421875 0.9596219921875 0.9175257734375 0.9690721640625 0.976804123046875 0.96134020703125 0.979381443359375 0.9596219921875 0.9742268046875 0.95876288671875 0.985395189453125 0.97508591015625 0.991408935546875 0.9836769765625 0.9879725078125 0.982817869140625 0.954467353515625 0.998281787109375 0.947594501953125 1 0.94129438671875 1 0.926216736328125 0.966494845703125 0.90206185546875 0.9596219921875 0.903780068359375 0.953608248046875 0.884020619140625 0.967353951171875 0.796391751953125 0.969931271484375 0.852233677734375 0.986254294921875 0.849656357421875 0.989690720703125 0.823883162109375 1 0.808419244140625 1 0.8005391640625 0.9785223359375 0.783505154296875 0.96821305859375 0.78865979296875 0.96563573828125 0.7757731953125 0.93728522265625 0.749140892578125 0.909793814453125 0.7525773203125 0.8986254296875 0.736254294921875 0.8986254296875 0.7242268046875 0.90893470703125 0.703608248046875 0.912371134765625 0.674398625 0.97079037890625 0.631443298828125 0.981958763671875 0.5309278359375 0.98024055078125 0.62371133984375 1 0.60999595703125 1 0.452667322265625
0 0.606529208984375 0.213917525390625 0.640893470703125 0.174398625 0.55756013671875 0.16151202734375 0.554982818359375 0.181271478515625 0.565292095703125 0.203608248046875 0.57646048046875 0.213058419921875 0.606529208984375 0.213917525390625
0 0.434707904296875 0.222508591796875 0.39948453515625 0.201030927734375 0.393470791015625 0.213917525390625 0.39518900390625 0.2431271484375 0.37628866015625 0.251718212890625 0.37628866015625 0.277491408203125 0.438144330078125 0.286082474609375 0.513745705078125 0.260309279296875 0.43728522265625 0.261168384765625 0.434707904296875 0.222508591796875
0 0 0.3242268046875 0.018041236328125 0.335051546875 0.023195876953125 0.35051546484375 0.08962140625 0.376714392578125 0.139300390625 0.370374052734375 0.11897220703125 0.35614808203125 0.131443298828125 0.3608247421875 0.1365979375 0.35051546484375 0.14518900390625 0.34879725 0.14948453515625 0.361683849609375 0.166666666015625 0.37371133984375 0.171821306640625 0.349656357421875 0.15893470703125 0.33161512109375 0.14261168359375 0.32903780078125 0.140034365234375 0.314432990234375 0.127147765625 0.311855669921875 0.12371133984375 0.27233676953125 0.13230240625 0.26546391796875 0.134879724609375 0.2474226796875 0.23024055078125 0.23453608203125 0.21821305859375 0.1675257734375 0.207044673828125 0.1580756015625 0.195017181640625 0.16151202734375 0.15206185546875 0.140893470703125 0.140034365234375 0.128865978515625 0.093642611328125 0.140893470703125 0.074742267578125 0.130584193359375 0.05756013671875 0.140893470703125 0.054982818359375 0.150343642578125 0.075601375 0.179553263671875 0.075601375 0.200171822265625 0.09793814453125 0.203608248046875 0.09793814453125 0.22079037890625 0.060996564453125 0.23024055078125 0.045532646484375 0.245704466796875 0.039518900390625 0.2431271484375 0.0378006875 0.23453608203125 0.0446735390625 0.23109965625 0.0403780078125 0.226804123046875 0 0.22761168359375 0 0.3242268046875