1 0.7998046875 0.6416015625 0.3154296875 0.2314453125
1 0.603515625 0.5439453125 0.234375 0.1591796875
1 0.791015625 0.345703125 0.150390625 0.103515625
1 0.8662109375 0.4755859375 0.1953125 0.119140625
1 0.9658203125 0.533203125 0.068359375 0.09375
1 0.95703125 0.359375 0.0859375 0.0859375
1 0.263671875 0.2939453125 0.294921875 0.1015625
1 0.0283203125 0.3037109375 0.056640625 0.0859375
0 0 0.50859375 0.00703125 0.5015625 0.015625 0.50703125 0.01171875 0.51875 0 0.51484375 0.0015625 0.53046875 0.021875 0.55078125 0.0453125 0.58828125 0.053125 0.63046875 0.09609375 0.6296875 0.103125 0.63671875 0.1 0.64765625 0.0859375 0.66015625 0.08125 0.70390625 0.115625 0.73046875 0.121875 0.76640625 0.14453125 0.7703125 0.1859375 0.83046875 0.209375 0.84296875 0.2015625 0.88203125 0.18984375 0.8921875 0.15234375 0.9015625 0.13046875 0.9234375 0.06796875 0.9359375 0.00078125 0.9078125 0.00078125 1 0.9359375 0.99921875 0.934375 0.89453125 0.921875 0.85234375 0.9265625 0.81640625 0.91015625 0.7953125 0.88671875 0.803125 0.88046875 0.8203125 0.87109375 0.815625 0.84921875 0.8359375 0.84453125 0.8296875 0.77109375 0.8359375 0.7640625 0.82890625 0.76171875 0.8046875 0.67890625 0.75625 0.675 0.76484375 0.68125 0.78515625 0.68125 0.82734375 0.65390625 0.8328125 0.62890625 0.821875 0.62421875 0.8140625 0.61953125 0.81875 0.61015625 0.8046875 0.53828125 0.7578125 0.53359375 0.8671875 0.5234375 0.74609375 0.45234375 0.6984375 0.43671875 0.6734375 0.39453125 0.6515625 0.3765625 0.63203125 0.37265625 0.6171875 0.34140625 0.63125 0.3296875 0.62734375 0.328125 0.70390625 0.334375 0.71953125 0.35 0.72734375 0.3578125 0.74921875 0.353125 0.77265625 0.34921875 0.7765625 0.34140625 0.7703125 0.3328125 0.79609375 0.32265625 0.7984375 0.296875 0.70390625 0.30234375 0.6890625 0.315625 0.68671875 0.3125 0.50703125 0.31015625 0.5015625 0.29921875 0.503125 0.296875 0.49453125 0.29921875 0.4859375 0.31015625 0.4890625 0.31796875 0.48125 0.3359375 0.48984375 0.3265625 0.51796875 0.3296875 0.60546875 0.34609375 0.59375 0.35390625 0.5984375 0.359375 0.59140625 0.3609375 0.54921875 0.359375 0.53515625 0.3453125 0.52890625 0.3453125 0.51328125 0.3578125 0.48828125 0.35703125 0.4375 0.32109375 0.4375 0.31640625 0.4328125 0.30703125 0.4390625 0.25078125 0.440625 0.23046875 0.453125 0.19140625 0.4546875 0.16484375 0.4703125 0.15390625 0.4859375 0.13671875 0.459375 0.1171875 0.45078125 0.1234375 0.42578125 0.1375 0.41640625 0.13671875 0.4109375 0.06171875 0.415625 0.05234375 0.4296875 0.03828125 0.4171875 0 0.42109375 0 0.50859375
0 0.578125 0.63203125 0.56484375 0.61875 0.53046875 0.603125 0.53125 0.64453125 0.53359375 0.6375 0.55390625 0.6421875 0.57265625 0.6390625 0.578125 0.63203125
0 0.484375 0.57734375 0.478125 0.53359375 0.46875 0.51953125 0.50703125 0.4875 0.55546875 0.5015625 0.63828125 0.4640625 0.65703125 0.465625 0.71796875 0.490625 0.715625 0.47109375 0.73125 0.45078125 0.69296875 0.4421875 0.6828125 0.43203125 0.6828125 0.41953125 0.6734375 0.41171875 0.67109375 0.384375 0.65234375 0.384375 0.63984375 0.3921875 0.60234375 0.3921875 0.59140625 0.3984375 0.51640625 0.3921875 0.50703125 0.3984375 0.47265625 0.4 0.45234375 0.4125 0.37734375 0.41875 0.36875 0.42578125 0.3796875 0.60078125 0.390625 0.55390625 0.41171875 0.5359375 0.43515625 0.53125 0.45 0.54453125 0.459375 0.57578125 0.4546875 0.61328125 0.459375 0.63515625 0.46796875 0.6421875 0.48203125 0.640625 0.49921875 0.6125 0.5140625 0.62421875 0.5125 0.63828125 0.5203125 0.64453125 0.5234375 0.59765625 0.50390625 0.5890625 0.49765625 0.5796875 0.484375 0.57734375
0 0.940625 0.80078125 0.9390625 0.85390625 0.9421875 0.99921875 1 0.99921875 0.99921875 0.7546875 0.9640625 0.77421875 0.95390625 0.8015625 0.940625 0.80078125
0 1 0.25703125 0.99140625 0.25 0.971875 0.25234375 0.97265625 0.265625 1 0.26484375 1 0.25703125
0 0.55703125 0.2609375 0.54921875 0.2421875 0.534375 0.24921875 0.534375 0.26015625 0.55703125 0.2796875 0.57734375 0.28125 0.59296875 0.271875 0.6328125 0.28515625 0.6421875 0.28046875 0.64296875 0.2609375 0.58203125 0.265625 0.55703125 0.2609375
0 0.84296875 0.25 0.8375 0.27890625 0.8296875 0.28515625 0.83203125 0.29375 0.840625 0.29453125 0.86953125 0.2828125 0.90390625 0.284375 0.9015625 0.25546875 0.84296875 0.25
0 0.66015625 0.2546875 0.65 0.26015625 0.65 0.27109375 0.65703125 0.275 0.67890625 0.26875 0.69765625 0.3015625 0.70625 0.29765625 0.709375 0.28359375 0.71953125 0.2796875 0.7265625 0.28359375 0.725 0.29921875 0.7390625 0.30546875 0.75703125 0.303125 0.7671875 0.29453125 0.76640625 0.25625 0.66015625 0.2546875
0 0.33046875 0.3703125 0.31796875 0.38125 0.28671875 0.378125 0.27890625 0.3859375 0.24609375 0.3890625 0.240625 0.40546875 0.2609375 0.40859375 0.35703125 0.4015625 0.3640625 0.39296875 0.3625 0.37265625 0.33046875 0.3703125
0 0 0.40703125 0.01171875 0.4171875 0.03125 0.41640625 0.15234375 0.4046875 0.171875 0.38984375 0.171875 0.38203125 0.16171875 0.375 0.11015625 0.3796875 0.10703125 0.371875 0.06328125 0.371875 0.05234375 0.3828125 0 0.39296875 0 0.40703125