1 0.4091796875 0.2587890625 0.115234375 0.158203125
1 0.599609375 0.0546875 0.078125 0.099609375
1 0.30859375 0.4853515625 0.185546875 0.271484375
1 0.845703125 0.1357421875 0.119140625 0.14453125
1 0.75 0.2451171875 0.15625 0.197265625
1 0.5908203125 0.5263671875 0.126953125 0.173828125
0 0.53362913671875 0.0498489609375 0.53897730078125 0.05642281640625 0.5182284296875 0.073084576171875 0.505891951171875 0.066515140625 0.502183935546875 0.053363009765625 0.480407763671875 0.070642037109375 0.45204447265625 0.072304287109375 0.43827949609375 0.0819733125 0.44201845703125 0.144043638671875 0.454341673828125 0.129648134765625 0.472220283203125 0.12449835546875 0.520732859375 0.13310029296875 0.52792398046875 0.128779431640625 0.539828318359375 0.10205187109375 0.5328311640625 0.0880796640625 0.53569700390625 0.069579369140625 0.548029060546875 0.06916048828125 0.560951859375 0.02783903515625 0.54902983984375 0.02661334375 0.537319470703125 0.035047837890625 0.53362913671875 0.0498489609375
0 0.25729787109375 0.23685844140625 0.309086322265625 0.225315515625 0.317723626953125 0.2327094453125 0.3526607734375 0.225699029296875 0.363978787109375 0.24686235546875 0.39148221875 0.18559442578125 0.401905009765625 0.091245564453125 0.363079142578125 0.124361857421875 0.33636484375 0.13342245703125 0.324456083984375 0.15316170703125 0.30513571484375 0.153585005859375 0.287067556640625 0.1840161640625 0.2708379375 0.196564291015625 0.248634044921875 0.187534634765625 0.24697621484375 0.16615965625 0.213679216796875 0.166591796875 0.119595052734375 0.24968894921875 0.091222921875 0.23737457421875 0.0819771953125 0.24292996875 0.0708973515625 0.273356705078125 0.04418747265625 0.289405619140625 0.032688751953125 0.307500298828125 0.033522087890625 0.3251761015625 0.05698261328125 0.371201931640625 0.056585837890625 0.39381144140625 0.063582994140625 0.407783646484375 0.055796708984375 0.446018771484375 0.022521814453125 0.4813924765625 0.025004140625 0.50646662890625 0.038575150390625 0.51509066796875 0.051722861328125 0.50439433984375 0.070606671875 0.46368573046875 0.087868013671875 0.457508650390625 0.09608201953125 0.445582208984375 0.12686574609375 0.371157724609375 0.165894421875 0.3337249921875 0.183949318359375 0.28232889453125 0.177776658203125 0.27205586328125 0.17899792578125 0.25314553125 0.188437623046875 0.2292970703125 0.228506861328125 0.212212009765625 0.25729787109375 0.23685844140625
0 0.59905490625 0.1517547734375 0.595364572265625 0.166555892578125 0.579544990234375 0.177459451171875 0.574809669921875 0.1649245859375 0.57850000390625 0.15012346484375 0.585898353515625 0.1484744765625 0.5969826171875 0.125036052734375 0.591837259765625 0.11414575390625 0.568637009765625 0.1546515546875 0.54645080078125 0.173575150390625 0.537429984375 0.209755669921875 0.562517396484375 0.22823828515625 0.554321076171875 0.2681179765625 0.531319212890625 0.2973190234375 0.518603642578125 0.3413123515625 0.47793923828125 0.392311671875 0.46316021875 0.42356290625 0.44672337109375 0.43343916015625 0.43234996875 0.45605751171875 0.43276884765625 0.468389568359375 0.41101477734375 0.52061016015625 0.391297630859375 0.54364296875 0.361735173828125 0.599157119140625 0.32148080859375 0.64851187109375 0.3124555703125 0.677704076171875 0.301362466796875 0.687165875 0.308161232421875 0.712442833984375 0.337975125 0.7294836875 0.351916384765625 0.673568341796875 0.359314736328125 0.6719193515625 0.36259503515625 0.658762798828125 0.377590123046875 0.64416006640625 0.400406859375 0.647228712890625 0.421759732421875 0.610629314453125 0.44395036328125 0.598694033203125 0.437354404296875 0.5691006328125 0.44104473828125 0.55429951171875 0.472648541015625 0.476585888671875 0.508383658203125 0.431344767578125 0.525856650390625 0.434827873046875 0.536359013671875 0.46626865234375 0.53227190625 0.50367928125 0.49861349609375 0.5826274375 0.512184505859375 0.591251478515625 0.50767409765625 0.60934173828125 0.5148740625 0.618997501953125 0.534397240234375 0.61425776171875 0.537677537109375 0.601101208984375 0.531086 0.578496123046875 0.543395953125 0.543135677734375 0.567217890625 0.5106454921875 0.570908224609375 0.49584437109375 0.56309099609375 0.485161302734375 0.568831515625 0.462137337890625 0.587728587890625 0.44239366796875 0.589355474609375 0.414850451171875 0.57106240625 0.414656484375 0.565507013671875 0.4054107578125 0.574122212890625 0.37786312109375 0.586247041015625 0.37477237109375 0.595916068359375 0.38853734765625 0.606991490234375 0.351122296875 0.6306194609375 0.3369251796875 0.6421314453125 0.33979544140625 0.6598205078125 0.35992704296875 0.687756078125 0.331956109375 0.69721345703125 0.336060900390625 0.716555927734375 0.37057916796875 0.73730921875 0.360905720703125 0.73543973828125 0.32987055859375 0.7239233359375 0.320011986328125 0.71159127734375 0.32043086328125 0.690604236328125 0.28550255859375 0.67538865625 0.276468482421875 0.6751770078125 0.266808294921875 0.691181716796875 0.22363504296875 0.714183578125 0.194433998046875 0.749905435546875 0.128227935546875 0.778255462890625 0.10560074609375 0.800018373046875 0.067356779296875 0.8017460703125 0.0599269296875 0.6990779765625 0.034328900390625 0.69188685546875 0.03864976171875 0.6758733046875 0.067846388671875 0.661081025390625 0.078132681640625 0.6475365390625 0.111438517578125 0.6191953515625 0.1480423359375 0.59905490625 0.1517547734375
0 1 0.28699822265625 0.9882270234375 0.28983614453125 0.971371294921875 0.287380341796875 0.959237626953125 0.276494466796875 0.960048859375 0.259228701171875 0.945856162109375 0.24258904296875 0.92200328125 0.226161037109375 0.90556201171875 0.229048978515625 0.897555236328125 0.243647291015625 0.88152842578125 0.2518789765625 0.910121046875 0.2878301640625 0.92329528125 0.31906371484375 0.9426244921875 0.332617041015625 0.97837287109375 0.308340859375 0.98824028515625 0.31080108203125 1 0.332157546875 1 0.28699822265625
0 0.890642814453125 1 0.958865923828125 0.726372052734375 0.938758412109375 0.71944333203125 0.937722267578125 0.70608397265625 0.931143990234375 0.70444382421875 0.93193754296875 0.659224806640625 0.956561873046875 0.595492232421875 0.934335876953125 0.551521005859375 0.9302045625 0.51904850390625 0.912312689453125 0.503233341796875 0.87033860546875 0.433376732421875 0.855943099609375 0.421053515625 0.829189013671875 0.36721930078125 0.789291638671875 0.3310697265625 0.779221416015625 0.332925943359375 0.77635115625 0.344437927734375 0.762378951171875 0.35143508203125 0.7586886171875 0.366236203125 0.7344345390625 0.365429390625 0.72581933984375 0.39297702734375 0.731992 0.403250056640625 0.727481591796875 0.42134031640625 0.718443091796875 0.42956758203125 0.72461133203125 0.43285230078125 0.721741072265625 0.444364283203125 0.70755721484375 0.441701251953125 0.7059082265625 0.43430290234375 0.672205611328125 0.443367923828125 0.67322407421875 0.42877403125 0.65903137890625 0.412134373046875 0.641977263671875 0.420983326171875 0.6452752421875 0.43578002734375 0.629654046875 0.43537883203125 0.629041201171875 0.441339841796875 0.642404982421875 0.447292009765625 0.632131951171875 0.453464669921875 0.63090626171875 0.46538669140625 0.649838697265625 0.501549525390625 0.645751587890625 0.53896015625 0.65563668359375 0.5693736328125 0.61969433984375 0.611942880859375 0.586392919921875 0.60538670703125 0.572632365234375 0.622044046875 0.55578105859375 0.626576556640625 0.562791474609375 0.661513703125 0.5541762734375 0.68906133984375 0.578448033203125 0.717821404296875 0.593482908203125 0.766113490234375 0.614245037109375 0.770416669921875 0.647511091796875 0.7210663359375 0.65881142578125 0.714276412109375 0.683889998046875 0.7187823984375 0.69068434375 0.737071044921875 0.68578158203125 0.784759126953125 0.6558090859375 0.84191784765625 0.65008625 0.89289506640625 0.643715203125 0.893926791015625 0.63342891015625 0.87913451171875 0.61205393359375 0.88079233984375 0.6017720625 0.872988373046875 0.58242074609375 0.82449348046875 0.575639662109375 0.8271697734375 0.5670288828125 0.861705724609375 0.55983776171875 0.8660265859375 0.532907392578125 0.8584386875 0.53085720703125 0.866661533203125 0.541557955078125 0.886797556640625 0.531924294921875 0.9289390859375 0.62628199609375 0.95333850390625 0.822596255859375 1 0.890642814453125 1
0 0.443337517578125 0.60465504296875 0.441688529296875 0.597256693359375 0.41929508984375 0.61350841796875 0.3930129296875 0.655866015625 0.399604466796875 0.678471103515625 0.391408146484375 0.718350798828125 0.3733355703125 0.741793642578125 0.346621267578125 0.750854244140625 0.301067365234375 0.870506587890625 0.445379400390625 0.908234421875 0.45112876171875 0.89918708203125 0.44865085546875 0.881101244140625 0.44309546484375 0.871855515625 0.422536140625 0.863235896484375 0.4001117578125 0.83056942578125 0.399260740234375 0.78494037109375 0.4173156328125 0.7335442734375 0.452252779296875 0.726533857421875 0.473200037109375 0.69856734375 0.4962107421875 0.683342921875 0.46594702734375 0.6050518203125 0.443337517578125 0.60465504296875