1 0.490234375 0.482421875 0.091796875 0.1171875
1 0.7861328125 0.708984375 0.1611328125 0.138671875
1 0.482421875 0.3349609375 0.060546875 0.0859375
1 0.8720703125 0.8603515625 0.0859375 0.150390625
1 0.9560546875 0.4404296875 0.087890625 0.056640625
1 0.0859375 0.134765625 0.060546875 0.0419921875
1 0.2919921875 0.21484375 0.0654296875 0.0361328125
0 0.928125 0.40859375 0.93359375 0.4140625 0.9625 0.41328125 0.9734375 0.39609375 0.95546875 0.3859375 0.94609375 0.3859375 0.928125 0.40859375
0 0.2859375 0.41171875 0.29375 0.45859375 0.290625 0.47578125 0.2859375 0.47421875 0.28125 0.48671875 0.31875 0.49296875 0.3078125 0.46640625 0.3109375 0.41640625 0.29453125 0.4078125 0.2859375 0.41171875
0 1 0.48984375 0.97734375 0.48125 0.92109375 0.4375 0.88203125 0.43125 0.8734375 0.42421875 0.86875 0.40078125 0.84140625 0.384375 0.81484375 0.3875 0.78359375 0.3796875 0.76640625 0.390625 0.72109375 0.390625 0.68828125 0.378125 0.65390625 0.3765625 0.62578125 0.38125 0.61171875 0.39375 0.57734375 0.3890625 0.5796875 0.35390625 0.5625 0.33828125 0.55 0.30703125 0.5265625 0.29765625 0.540625 0.28515625 0.5390625 0.27265625 0.51796875 0.2734375 0.52109375 0.2859375 0.51171875 0.275 0.47578125 0.2734375 0.46953125 0.2859375 0.50390625 0.2890625 0.5109375 0.29453125 0.521875 0.34765625 0.51328125 0.36875 0.4875 0.37265625 0.490625 0.40234375 0.48046875 0.421875 0.4671875 0.42265625 0.4671875 0.43203125 0.51953125 0.4265625 0.53125 0.43359375 0.53359375 0.4609375 0.57421875 0.4609375 0.584375 0.46640625 0.5921875 0.48359375 0.58984375 0.4921875 0.54765625 0.4859375 0.540625 0.49921875 0.540625 0.52265625 0.56171875 0.5296875 0.56171875 0.540625 0.44765625 0.5359375 0.4421875 0.51484375 0.44375 0.47890625 0.4375 0.47421875 0.4484375 0.45859375 0.446875 0.42421875 0.41796875 0.4234375 0.41640625 0.4375 0.40390625 0.4375 0.39296875 0.425 0.38359375 0.425 0.378125 0.49140625 0.3234375 0.50234375 0.3296875 0.55703125 0.35078125 0.5671875 0.359375 0.58046875 0.35546875 0.6109375 0.33046875 0.615625 0.315625 0.60703125 0.31953125 0.565625 0.28359375 0.5734375 0.25546875 0.56875 0.234375 0.58046875 0.23125 0.59921875 0.21953125 0.609375 0.20703125 0.615625 0.18203125 0.615625 0.14296875 0.65 0.1265625 0.63828125 0.115625 0.61015625 0.1171875 0.59453125 0.13671875 0.565625 0.17734375 0.55 0.184375 0.53203125 0.13828125 0.53125 0.12578125 0.5203125 0.1125 0.53359375 0.1171875 0.55078125 0.0296875 0.66015625 0.03359375 0.6703125 0.071875 0.69765625 0.0875 0.72265625 0.084375 0.76328125 0.0765625 0.78046875 0.0296875 0.81796875 0.0265625 0.84140625 0.03984375 0.853125 0.06171875 0.846875 0.08828125 0.8625 0.14296875 0.865625 0.15234375 0.8671875 0.15859375 0.8765625 0.18984375 0.878125 0.21328125 0.8421875 0.22109375 0.8390625 0.231055564453125 0.84760119921875 0.249639619140625 0.88690314453125 0.324613796875 0.894041689453125 0.345142484375 0.90385713671875 0.3737040703125 0.865487646484375 0.39196463671875 0.890381822265625 0.390625 0.89140625 0.390625 0.90234375 0.4078125 0.92578125 0.38359375 0.9359375 0.36171875 0.9359375 0.33046875 0.915625 0.29921875 0.9171875 0.26328125 0.9078125 0.21953125 0.9109375 0.20078125 0.896875 0.19296875 0.9 0.18671875 0.89375 0.07578125 0.878125 0.065625 0.88671875 0.0734375 0.90703125 0.0703125 0.93828125 0.05078125 0.9546875 0.015625 0.96171875 0.01796875 0.971875 0.06953125 1 0.27890625 1 0.28125 0.97421875 0.29140625 0.9625 0.29921875 0.959375 0.31171875 0.9671875 0.32578125 0.9484375 0.34609375 0.9515625 0.36796875 0.9390625 0.38515625 0.9390625 0.4 0.95703125 0.40703125 1 0.46640625 1 0.45546875 0.996875 0.4546875 0.98984375 0.48046875 0.9578125 0.49140625 0.959375 0.4984375 0.96796875 0.49921875 1 0.92421875 1 1 1 1 0.961273142578125 0.96903523046875 0.9416421796875 0.93333321484375 0.939857576171875 0.945828865234375 0.968411619140625 0.86796875 0.9703125 0.80078125 0.9546875 0.76171875 0.9390625 0.721875 0.89921875 0.70625 0.86015625 0.6859375 0.70234375 0.69453125 0.6328125 0.70546875 0.6546875 0.76953125 0.65625 0.80859375 0.6421875 0.82890625 0.65625 0.88515625 0.775 0.94921875 0.7828125 1 0.77890625 1 0.73515625 0.9890625 0.72578125 0.9890625 0.70234375 0.98203125 0.70625 0.9765625 0.70078125 0.971875 0.67890625 0.95625 0.65859375 0.95625 0.63046875 0.96953125 0.6203125 1 0.63828125 1 0.48984375
0 1 0.87421875 0.98828125 0.865625 0.9828125 0.87109375 0.9859375 0.88203125 0.97734375 0.9078125 0.93359375 0.9046875 0.874424833984375 0.783702509765625 0.8921875 0.85546875 0.91875 0.91484375 0.94921875 0.9203125 0.96953125 0.9171875 1 0.92578125 1 0.87421875
0 0.17421875 0.2265625 0.1546875 0.23203125 0.16875 0.23671875 0.17421875 0.2265625
0 0.18671875 0.2078125 0.1640625 0.21640625 0.1859375 0.21796875 0.18671875 0.2078125
0 0.671875 0.21796875 0.6796875 0.20546875 0.66640625 0.203125 0.6640625 0.21640625 0.671875 0.21796875
0 0.1921875 0.35859375 0.2015625 0.36796875 0.203125 0.34453125 0.20078125 0.3375 0.19453125 0.3375 0.1921875 0.35859375
0 0.2375 0.43203125 0.2484375 0.43984375 0.253125 0.42265625 0.24609375 0.4140625 0.2375 0.42265625 0.2375 0.43203125
0 0.1078125 0.33515625 0.1203125 0.34453125 0.121875 0.32421875 0.11484375 0.3140625 0.1078125 0.32109375 0.1078125 0.33515625
0 0.09375 0.26171875 0.1 0.26484375 0.11875 0.25234375 0.10234375 0.25 0.09453125 0.228125 0.09375 0.26171875
0 0.56484375 0.3421875 0.56875 0.37265625 0.578125 0.37421875 0.5796875 0.36015625 0.590625 0.35390625 0.57578125 0.3515625 0.56484375 0.3421875
0 0.5171875 0.21171875 0.5296875 0.18828125 0.50703125 0.1859375 0.50625 0.20234375 0.5171875 0.21171875
0 0.48671875 0.3765625 0.5 0.37734375 0.503125 0.39140625 0.515625 0.38046875 0.51484375 0.359375 0.4828125 0.36953125 0.48671875 0.3765625
0 0.2265625 0.21796875 0.234375 0.22109375 0.23125 0.22890625 0.2484375 0.23828125 0.2625 0.22890625 0.2578125 0.21171875 0.23046875 0.209375 0.2265625 0.21796875
0 0.55234375 0.1890625 0.5515625 0.20859375 0.55703125 0.2171875 0.5671875 0.21796875 0.60078125 0.20625 0.61484375 0.2125 0.6234375 0.20390625 0.55234375 0.1890625
0 0.153125 0.27890625 0.1546875 0.28984375 0.14375 0.29921875 0.1453125 0.30703125 0.1265625 0.31484375 0.12890625 0.328125 0.13515625 0.325 0.1515625 0.33359375 0.1578125 0.31484375 0.171875 0.29921875 0.16640625 0.275 0.153125 0.27890625
0 0.16171875 0.4140625 0.11015625 0.403125 0.0921875 0.40859375 0.09609375 0.415625 0.12578125 0.4171875 0.14921875 0.434375 0.159375 0.43515625 0.18984375 0.43125 0.1953125 0.41796875 0.17421875 0.4078125 0.16171875 0.4140625
0 0.240625 0.31328125 0.2484375 0.31328125 0.29609375 0.303125 0.296875 0.27265625 0.24609375 0.2734375 0.240625 0.31328125
0 0 0.43828125 0.0046875 0.43828125 0.0453125 0.41171875 0.05 0.39296875 0.0640625 0.38203125 0.06015625 0.3734375 0.03984375 0.378125 0.03671875 0.390625 0.028125 0.38984375 0.02421875 0.375 0 0.38671875 0 0.43828125
0 0.3140625 0.19921875 0.328125 0.20546875 0.33046875 0.2171875 0.34765625 0.2046875 0.35234375 0.21875 0.38828125 0.225 0.4 0.22109375 0.37734375 0.2171875 0.375 0.20703125 0.39140625 0.196875 0.4046875 0.20703125 0.40390625 0.2171875 0.421875 0.22109375 0.4265625 0.23828125 0.4453125 0.23046875 0.44453125 0.190625 0.33984375 0.190625 0.3140625 0.19921875
0 0.40546875 0.340625 0.4140625 0.33046875 0.4140625 0.31953125 0.4078125 0.29140625 0.39765625 0.2875 0.38984375 0.2734375 0.33515625 0.2671875 0.33125 0.29296875 0.3375 0.32109375 0.34921875 0.3265625 0.38984375 0.3203125 0.3953125 0.32734375 0.39140625 0.3390625 0.3484375 0.35078125 0.3421875 0.39609375 0.35 0.39765625 0.3671875 0.36953125 0.359375 0.36484375 0.37265625 0.3640625 0.40546875 0.340625
0 0.55078125 0.334375 0.5625 0.32578125 0.54921875 0.3015625 0.5296875 0.29609375 0.5484375 0.28671875 0.54453125 0.265625 0.45546875 0.265625 0.4234375 0.27109375 0.4296875 0.30546875 0.44375 0.31171875 0.43828125 0.3171875 0.4234375 0.31484375 0.42578125 0.3359375 0.43984375 0.340625 0.4515625 0.33671875 0.4453125 0.31015625 0.45078125 0.2984375 0.46796875 0.2890625 0.50390625 0.29375 0.5046875 0.31484375 0.5171875 0.32734375 0.515625 0.35859375 0.525 0.35859375 0.53125 0.35703125 0.53359375 0.328125 0.54609375 0.328125 0.55078125 0.334375