1 0.5830078125 0.828125 0.16015625 0.22265625
1 0.0517578125 0.8603515625 0.103515625 0.146484375
1 0.2333984375 0.166015625 0.1328125 0.171875
1 0.505859375 0.0673828125 0.16796875 0.134765625
1 0.779296875 0.1484375 0.111328125 0.14453125
1 0.5390625 0.6748046875 0.18359375 0.216796875
1 0.849609375 0.138671875 0.095703125 0.13671875
1 0.5322265625 0.3359375 0.181640625 0.251953125
1 0.5615234375 0.484375 0.171875 0.1875
1 0.80078125 0.7109375 0.25390625 0.302734375
1 0.9404296875 0.5107421875 0.119140625 0.185546875
1 0.939453125 0.1611328125 0.12109375 0.193359375
0 0.080450185546875 0 0 0.456255671875 0 0.651523708984375 0.033934265625 0.48030026953125 0.069791498046875 0.39008830859375 0.13101801171875 0.364185103515625 0.21646558984375 0.345743974609375 0.280015537109375 0.266650345703125 0.455970146484375 0.24960415625 0.486925779296875 0.241499755859375 0.577974453125 0.23202428515625 0.60485445703125 0.23345679296875 0.604043380859375 0.27878871875 0.5906183125 0.305142564453125 0.597006033203125 0.3820604921875 0.616171267578125 0.377461779296875 0.6291676640625 0.59142880078125 0.626261625 0.653183115234375 0.632376974609375 0.745266630859375 0.626733060546875 0.768220197265625 0.6369476640625 0.8642196875 0.6471547109375 0.905934033203125 0.64032891796875 0.944645029296875 0.63040246484375 0.955667390625 0.608907587890625 0.959860177734375 0.532796669921875 1 0.787685626953125 1 0.803098384765625 0.98132859375 0.827779892578125 0.96811819921875 0.8482923359375 0.96186518359375 0.891168615234375 0.9345910234375 0.909700115234375 0.93040930078125 0.934378630859375 0.915901609375 0.95662723828125 0.789723482421875 0.935032259765625 0.799519357421875 0.932891126953125 0.77625763671875 0.946090484375 0.76023546875 0.961864708984375 0.7600203125 0.99325330859375 0.582006720703125 0.97892423046875 0.590833595703125 0.96426270703125 0.61060053125 0.926004244140625 0.583098955078125 0.909966220703125 0.529180373046875 0.89438829296875 0.50887115234375 0.880078208984375 0.436098259765625 0.859219146484375 0.42763049609375 0.8443705625 0.412239626953125 0.839717681640625 0.35713538671875 0.837574857421875 0.330203080078125 0.821733599609375 0.338579138671875 0.79817905859375 0.321072517578125 0.782694658203125 0.318342201171875 0.768941982421875 0.323900146484375 0.74966408203125 0.321882306640625 0.72767841015625 0.337950798828125 0.728819521484375 0.354108134765625 0.74918260546875 0.36352376953125 0.739903306640625 0.443313296875 0.75101919921875 0.470818650390625 0.7516663515625 0.5395858203125 0.73299532421875 0.545873109375 0.71268232421875 0.534308466796875 0.69921121875 0.526550873046875 0.692012421875 0.49496486328125 0.675484009765625 0.48008336328125 0.688835033203125 0.65144383203125 0.702228708984375 0.684140572265625 0.6952271953125 0.769121482421875 0.689306466796875 0.766480916015625 0.6840139921875 0.69689465234375 0.668256564453125 0.6957127734375 0.6624255859375 0.683508537109375 0.6497536953125 0.60144500390625 0.6498396640625 0.56473876171875 0.673337455078125 0.55109201953125 0.64333888671875 0.109140046875 0.64861752734375 0.088254810546875 0.713309625 0.09248151953125 0.768572873046875 0.068718048828125 0.844373203125 0.073307818359375 0.854302185546875 0.054759728515625 0.57888153515625 0.00619563671875 0.582099630859375 0.05817635546875 0.57467504296875 0.114962779296875 0.444851861328125 0.10789663671875 0.440513158203125 0.032935623046875 0.417296951171875 0.0424046640625 0.386472818359375 0.022609029296875 0.38459523046875 0 0.080450185546875 0
0 0.4533559609375 0.429508671875 0.4442637265625 0.54445600390625 0.449458888671875 0.56932079296875 0.4653958203125 0.551375328125 0.492721673828125 0.559386779296875 0.49863862109375 0.534884771484375 0.5161239921875 0.51721233984375 0.511198080078125 0.463656537109375 0.49662252734375 0.44671723046875 0.4927925234375 0.4141102421875 0.466469044921875 0.409468703125 0.4533559609375 0.429508671875
0 0.52068059765625 1 0.595974005859375 0.960772802734375 0.605627427734375 0.9512988828125 0.608630775390625 0.934266044921875 0.603529142578125 0.926980158203125 0.581031890625 0.92780303515625 0.575017630859375 0.907583564453125 0.538950982421875 0.9219796171875 0.53303025390625 0.91933905078125 0.527734 0.82261021484375 0.511610005859375 0.805397875 0.5022296171875 0.81332335546875 0.499226267578125 0.830356193359375 0.507611841796875 0.873345947265625 0.503243333984375 0.898120984375 0.465811525390625 0.920259236328125 0.453977630859375 0.96926325 0.455476474609375 0.999862607421875 0.456255666015625 1 0.52068059765625 1
0 0.4708904765625 0.764689685546875 0.466151626953125 0.746291689453125 0.4686013515625 0.678070583984375 0.462314060546875 0.6593995546875 0.445737537109375 0.662862998046875 0.43709026953125 0.70284940234375 0.417330896484375 0.742473025390625 0.378799400390625 0.716519890625 0.335080302734375 0.71998711328125 0.326062693359375 0.716800482421875 0.311030828125 0.6933943828125 0.30092109375 0.696401513671875 0.277373958984375 0.72829062109375 0.252751525390625 0.76383933984375 0.24028395703125 0.79834005078125 0.25855828125 0.803090841796875 0.253028109375 0.81408672265625 0.242918376953125 0.8170938515625 0.235370798828125 0.905171642578125 0.2391072734375 0.9201997265625 0.254318638671875 0.924478486328125 0.246110310546875 0.962945703125 0.444609240234375 0.997946419921875 0.439577798828125 0.90605402734375 0.445576935546875 0.817703205078125 0.506052060546875 0.791645197265625 0.534009947265625 0.759853525390625 0.512877853515625 0.752934201171875 0.4708904765625 0.764689685546875
0 1 0.282132427734375 0.998099740234375 0.282881123046875 0.986538876953125 0.330336697265625 0.97315276171875 0.351925103515625 0.96513753125 0.352108384765625 0.950835009765625 0.33362063671875 0.92797875390625 0.3726981953125 0.947569970703125 0.4336296328125 0.996936763671875 0.43435141796875 1 0.440526501953125 1 0.282132427734375