1 0.58203125 0.8076171875 0.103515625 0.12890625
1 0.5849609375 0.5439453125 0.0625 0.0859375
1 0.76171875 0.6669921875 0.078125 0.119140625
1 0.765625 0.369140625 0.0546875 0.0625
1 0.7177734375 0.529296875 0.06640625 0.083984375
1 0.826171875 0.6875 0.048828125 0.06640625
1 0.4208984375 0.4150390625 0.171875 0.125
1 0.853515625 0.7666015625 0.09375 0.09765625
1 0.6943359375 0.736328125 0.0703125 0.130859375
1 0.6591796875 0.40234375 0.0625 0.06640625
1 0.4912109375 0.6728515625 0.05078125 0.14453125
1 0.3212890625 0.32421875 0.056640625 0.05859375
1 0.6044921875 0.4736328125 0.05078125 0.0703125
1 0.447265625 0.326171875 0.037109375 0.056640625
1 0.4951171875 0.5810546875 0.05078125 0.078125
1 0.685546875 0.4716796875 0.05078125 0.05078125
1 0.841796875 0.3857421875 0.078125 0.07421875
1 0.85546875 0.53515625 0.05859375 0.06640625
1 0.26171875 0.3076171875 0.048828125 0.0625
1 0.904296875 0.546875 0.05078125 0.0390625
1 0.8994140625 0.4404296875 0.0859375 0.056640625
1 0.630859375 0.28515625 0.03125 0.04296875
1 0.6181640625 0.2470703125 0.03125 0.03125
1 0.4189453125 0.23046875 0.03515625 0.04296875
1 0.498046875 0.328125 0.0390625 0.05078125
1 0.5791015625 0.2685546875 0.03125 0.072265625
1 0.53515625 0.3935546875 0.09375 0.06640625
1 0.349609375 0.2861328125 0.0390625 0.048828125
1 0.537109375 0.25 0.03515625 0.05078125
1 0.501953125 0.24609375 0.03125 0.05078125
1 0.4873046875 0.271484375 0.02734375 0.04296875
1 0.4423828125 0.27734375 0.03125 0.04296875
1 0.26171875 0.2724609375 0.046875 0.03515625
1 0.1572265625 0.1552734375 0.04296875 0.03125
1 0.189453125 0.14453125 0.0234375 0.025390625
1 0.45703125 0.0908203125 0.037109375 0.025390625
1 0.3486328125 0.4130859375 0.0390625 0.06640625
1 0.2158203125 0.30859375 0.0390625 0.05078125
1 0.544921875 0.333984375 0.04296875 0.05078125
1 0.6591796875 0.3212890625 0.02734375 0.037109375
1 0.2734375 0.111328125 0.0546875 0.03125
0 0.576713708984375 1 0.49354838671875 0.891129033203125 0.49758064453125 0.882258064453125 0.5120967734375 0.895161291015625 0.513709677734375 0.882258064453125 0.530645162109375 0.878225806640625 0.5209677421875 0.858870966796875 0.530645162109375 0.83951612890625 0.50645161328125 0.791129033203125 0.492741935546875 0.790322580078125 0.474193548828125 0.771774193359375 0.461290322265625 0.73951612890625 0.459677419921875 0.716935484375 0.44354838671875 0.7040322578125 0.453225806640625 0.679838708984375 0.446774193359375 0.63951612890625 0.442741935546875 0.633870966796875 0.436290322265625 0.638709677734375 0.421774193359375 0.63548387109375 0.392741935546875 0.608064515625 0.357258064453125 0.595161291015625 0.34838709765625 0.5879032265625 0.34838709765625 0.579838708984375 0.358870966796875 0.561290322265625 0.370161291015625 0.56451612890625 0.408870966796875 0.604838708984375 0.43951612890625 0.6129032265625 0.4459677421875 0.624193548828125 0.45645161328125 0.61854838671875 0.461290322265625 0.6040322578125 0.442741935546875 0.608064515625 0.430645162109375 0.592741935546875 0.430645162109375 0.579838708984375 0.416129033203125 0.57661290234375 0.428225806640625 0.574193548828125 0.428225806640625 0.569354837890625 0.386290322265625 0.569354837890625 0.365322580078125 0.541935484375 0.345161291015625 0.534677419921875 0.34354838671875 0.499193548828125 0.3209677421875 0.478225806640625 0.3290322578125 0.457258064453125 0.3209677421875 0.429838708984375 0.296774193359375 0.41048387109375 0.296774193359375 0.370161291015625 0.279838708984375 0.361290322265625 0.196774193359375 0.394354837890625 0.215322580078125 0.396774193359375 0.204838708984375 0.405645162109375 0.234677419921875 0.41451612890625 0.240322580078125 0.421774193359375 0.240322580078125 0.441129033203125 0.24838709765625 0.4540322578125 0.242741935546875 0.459677419921875 0.225 0.459677419921875 0.20645161328125 0.449193548828125 0.204838708984375 0.43145161328125 0.182258064453125 0.39758064453125 0.186290322265625 0.39354838671875 0.13145161328125 0.3870967734375 0.10645161328125 0.35241935546875 0.11048387109375 0.345161291015625 0.150806451171875 0.353225806640625 0.17258064453125 0.34758064453125 0.163709677734375 0.32741935546875 0.125806451171875 0.30241935546875 0.125806451171875 0.283064515625 0.158870966796875 0.25161290234375 0.179838708984375 0.24838709765625 0.194354837890625 0.2209677421875 0.2379032265625 0.20161290234375 0.270161291015625 0.2 0.26451612890625 0.1959677421875 0.2709677421875 0.192741935546875 0.26854838671875 0.1629032265625 0.158870966796875 0.20161290234375 0.130645162109375 0.22338709765625 0.133870966796875 0.233064515625 0.115322580078125 0.24838709765625 0.105645162109375 0.24838709765625 0.100806451171875 0.23548387109375 0.08145161328125 0.24354838671875 0.065322580078125 0.26451612890625 0.045161291015625 0.27661290234375 0.034677419921875 0.296774193359375 0.0209677421875 0.3040322578125 0.0129032265625 0.315322580078125 0.009677419921875 0.3379032265625 0 0.34758064453125 0 0.7539621328125 0.016935484375 0.753225806640625 0.024193548828125 0.7620967734375 0.025 0.824193548828125 0.079838708984375 0.81451612890625 0.091935484375 0.821774193359375 0.109677419921875 0.8620967734375 0.117741935546875 0.907258064453125 0.132258064453125 0.920161291015625 0.130645162109375 0.96048387109375 0.142908787109375 1 0.576713708984375 1
0 0.608870966796875 0.419354837890625 0.611290322265625 0.408870966796875 0.6290322578125 0.394354837890625 0.6370967734375 0.3620967734375 0.628225806640625 0.3290322578125 0.6209677421875 0.35241935546875 0.625806451171875 0.366935484375 0.608870966796875 0.3709677421875 0.596774193359375 0.38951612890625 0.59838709765625 0.41854838671875 0.608870966796875 0.419354837890625
0 0.74354838671875 0.47338709765625 0.733870966796875 0.429838708984375 0.721774193359375 0.41451612890625 0.708064515625 0.408870966796875 0.705645162109375 0.369354837890625 0.695161291015625 0.379838708984375 0.696774193359375 0.41854838671875 0.70645161328125 0.43145161328125 0.709677419921875 0.457258064453125 0.725 0.47741935546875 0.7370967734375 0.479838708984375 0.74354838671875 0.47338709765625
0 0.554838708984375 0.600806451171875 0.553225806640625 0.529838708984375 0.530645162109375 0.5120967734375 0.553225806640625 0.5040322578125 0.55 0.492741935546875 0.561290322265625 0.483064515625 0.56048387109375 0.469354837890625 0.544354837890625 0.490322580078125 0.53145161328125 0.49354838671875 0.509677419921875 0.513709677734375 0.516129033203125 0.52338709765625 0.50645161328125 0.54758064453125 0.545161291015625 0.578225806640625 0.55 0.607258064453125 0.554838708984375 0.600806451171875
0 0.6870967734375 0.563709677734375 0.67741935546875 0.5120967734375 0.66048387109375 0.511290322265625 0.6540322578125 0.5 0.6459677421875 0.49838709765625 0.61048387109375 0.509677419921875 0.6209677421875 0.549193548828125 0.641129033203125 0.54838709765625 0.655645162109375 0.55645161328125 0.66451612890625 0.575 0.6870967734375 0.563709677734375
0 0.7209677421875 0.3620967734375 0.716129033203125 0.349193548828125 0.72338709765625 0.32741935546875 0.730645162109375 0.334677419921875 0.734677419921875 0.361290322265625 0.741129033203125 0.346774193359375 0.759677419921875 0.342741935546875 0.76451612890625 0.328225806640625 0.733870966796875 0.283064515625 0.730645162109375 0.250806451171875 0.7370967734375 0.24758064453125 0.71854838671875 0.224193548828125 0.708064515625 0.228225806640625 0.70645161328125 0.244354837890625 0.674193548828125 0.270161291015625 0.678225806640625 0.316129033203125 0.690322580078125 0.3120967734375 0.69354838671875 0.283064515625 0.71048387109375 0.274193548828125 0.72258064453125 0.283064515625 0.730645162109375 0.305645162109375 0.721774193359375 0.32258064453125 0.691935484375 0.316935484375 0.691935484375 0.341129033203125 0.7 0.349193548828125 0.7 0.363709677734375 0.7209677421875 0.3620967734375
0 0.671774193359375 0.2 0.705645162109375 0.203225806640625 0.708064515625 0.194354837890625 0.67338709765625 0.158064515625 0.574193548828125 0.136290322265625 0.558064515625 0.08951612890625 0.565322580078125 0.0709677421875 0.592741935546875 0.0709677421875 0.5879032265625 0.06451612890625 0.53145161328125 0.054838708984375 0.52741935546875 0.07661290234375 0.51451612890625 0.083064515625 0.5129032265625 0.115322580078125 0.5040322578125 0.1290322578125 0.484677419921875 0.125806451171875 0.471774193359375 0.111290322265625 0.455645162109375 0.111290322265625 0.358064515625 0.142741935546875 0.370161291015625 0.153225806640625 0.386290322265625 0.153225806640625 0.41048387109375 0.1370967734375 0.43145161328125 0.138709677734375 0.44758064453125 0.14838709765625 0.458870966796875 0.138709677734375 0.507258064453125 0.1370967734375 0.52338709765625 0.15 0.555645162109375 0.132258064453125 0.5629032265625 0.141129033203125 0.56451612890625 0.158870966796875 0.54838709765625 0.183064515625 0.5540322578125 0.19354838671875 0.5620967734375 0.2 0.6040322578125 0.191935484375 0.625 0.195161291015625 0.645161291015625 0.213709677734375 0.671774193359375 0.2
0 0.344354837890625 0.382258064453125 0.34838709765625 0.36854838671875 0.367741935546875 0.3540322578125 0.3709677421875 0.325 0.383870966796875 0.313709677734375 0.38145161328125 0.308064515625 0.370161291015625 0.309677419921875 0.35 0.328225806640625 0.3459677421875 0.345161291015625 0.31451612890625 0.36048387109375 0.32741935546875 0.36854838671875 0.325806451171875 0.384677419921875 0.344354837890625 0.382258064453125
0 0.430645162109375 0.255645162109375 0.405645162109375 0.254838708984375 0.40645161328125 0.263709677734375 0.391935484375 0.271774193359375 0.391935484375 0.294354837890625 0.413709677734375 0.288709677734375 0.4209677421875 0.29758064453125 0.430645162109375 0.255645162109375
0 0.411290322265625 0.25241935546875 0.403225806640625 0.242741935546875 0.403225806640625 0.225 0.41854838671875 0.209677419921875 0.433870966796875 0.215322580078125 0.441129033203125 0.241935484375 0.469354837890625 0.220161291015625 0.466129033203125 0.21048387109375 0.433064515625 0.209677419921875 0.429838708984375 0.203225806640625 0.415322580078125 0.2 0.379838708984375 0.2 0.37338709765625 0.18548387109375 0.36048387109375 0.183870966796875 0.35241935546875 0.19838709765625 0.341935484375 0.199193548828125 0.35161290234375 0.20241935546875 0.3459677421875 0.208064515625 0.309677419921875 0.229838708984375 0.31854838671875 0.24354838671875 0.33145161328125 0.2370967734375 0.344354837890625 0.24838709765625 0.37661290234375 0.241935484375 0.391935484375 0.25241935546875 0.411290322265625 0.25241935546875
0 0.66854838671875 0.988709677734375 0.67258064453125 0.96854838671875 0.6459677421875 0.96451612890625 0.6290322578125 0.93951612890625 0.633870966796875 0.928225806640625 0.594354837890625 0.91451612890625 0.563709677734375 0.869354837890625 0.515322580078125 0.861290322265625 0.50241935546875 0.869354837890625 0.49354838671875 0.883064515625 0.519354837890625 0.920161291015625 0.528225806640625 0.92741935546875 0.55241935546875 0.90645161328125 0.567741935546875 0.92338709765625 0.567741935546875 0.94758064453125 0.58951612890625 0.94838709765625 0.596774193359375 0.978225806640625 0.608870966796875 0.9790322578125 0.609677419921875 0.991129033203125 0.616129033203125 0.994354837890625 0.66854838671875 0.988709677734375