1 0.4619140625 0.5302734375 0.109375 0.1640625
1 0.5244140625 0.806640625 0.138671875 0.2158203125
1 0.6630859375 0.318359375 0.103515625 0.142578125
1 0.2138671875 0.5869140625 0.1171875 0.1796875
1 0.1171875 0.4140625 0.0908203125 0.1484375
1 0.5712890625 0.4970703125 0.1064453125 0.173828125
1 0.6708984375 0.7978515625 0.1484375 0.255859375
1 0.341796875 0.8857421875 0.1689453125 0.2080078125
1 0.052734375 0.6650390625 0.103515625 0.1669921875
1 0.904296875 0.3037109375 0.099609375 0.099609375
1 0.650390625 0.12890625 0.09375 0.0908203125
1 0.599609375 0.19140625 0.080078125 0.09375
1 0.1845703125 0.9072265625 0.130859375 0.185546875
1 0.3076171875 0.384765625 0.09375 0.1767578125
1 0.52734375 0.333984375 0.1484375 0.1513671875
1 0.9345703125 0.5419921875 0.130859375 0.228515625
1 0.3134765625 0.1650390625 0.1376953125 0.154296875
1 0.814453125 0.1015625 0.1171875 0.115234375
1 0.9130859375 0.693359375 0.146484375 0.2080078125
1 0.7392578125 0.4853515625 0.1220703125 0.134765625
1 0.041015625 0.3583984375 0.068359375 0.0986328125
1 0.3310546875 0.041015625 0.078125 0.0810546875
1 0.1953125 0.2734375 0.064453125 0.072265625
1 0.255859375 0.2626953125 0.046875 0.0673828125
1 0.7333984375 0.2421875 0.154296875 0.162109375
1 0.8427734375 0.3466796875 0.0751953125 0.091796875
0 0.7546875 0.703125 0.771875 0.7234375 0.7671875 0.7953125 0.809375 0.815625 0.8171875 0.8578125 0.8234375 0.8734375 0.8328125 0.878125 0.846875 0.8625 0.85625 0.7609375 0.86875 0.746875 0.8703125 0.7296875 0.8265625 0.6765625 0.809375 0.665625 0.784375 0.6734375 0.778125 0.64375 0.740625 0.621875 0.7359375 0.625 0.7390625 0.653125 0.7546875 0.703125