1 0.595703125 0.2646484375 0.095703125 0.171875
1 0.509765625 0.2763671875 0.080078125 0.11328125
1 0.7451171875 0.3544921875 0.140625 0.20703125
1 0.5537109375 0.93359375 0.193359375 0.1328125
1 0.7490234375 0.1318359375 0.1015625 0.125
1 0.4580078125 0.755859375 0.169921875 0.25390625
1 0.7509765625 0.7177734375 0.169921875 0.26171875
1 0.6923828125 0.9404296875 0.169921875 0.119140625
1 0.6904296875 0.1767578125 0.0859375 0.111328125
1 0.3740234375 0.2587890625 0.060546875 0.10546875
1 0.40625 0.9375 0.1171875 0.119140625
0 0.361735263671875 0 0.346956015625 0.017803556640625 0.3477081640625 0.044799505859375 0.367699919921875 0.02536719140625 0.385549796875 0.04339348828125 0.36051509765625 0.07665142578125 0.33510066796875 0.07936355859375 0.33968077734375 0.087022814453125 0.35369673046875 0.0902903828125 0.3582828125 0.132044990234375 0.351380662109375 0.1977145625 0.31251018359375 0.191834611328125 0.301858279296875 0.19071505078125 0.2610256875 0.18642337109375 0.216642642578125 0.181758525390625 0.17842832421875 0.1867143359375 0.150865771484375 0.192789693359375 0.131337125 0.190737150390625 0.103028392578125 0.2039119453125 0.0526696796875 0.2219469921875 0.031925501953125 0.214383328125 0.018674595703125 0.30630251171875 0.031564900390625 0.28612380859375 0.038016431640625 0.310129853515625 0.059879873046875 0.307044427734375 0.0633404453125 0.325352744140625 0.067643728515625 0.352721931640625 0.075304537109375 0.34814375 0.097727619140625 0.339733712890625 0.08371804296875 0.37056157421875 0.1072666328125 0.38559779296875 0.145583716796875 0.43089770703125 0.15764434375 0.469848951171875 0.128775982421875 0.48834829296875 0.12183749609375 0.513427599609375 0.108597685546875 0.509555431640625 0.042447453125 0.5241362890625 0.0279745078125 0.576448908203125 0.00470248046875 0.541702662109375 0 0.543271583984375 0 0.950202021484375 0.077581125 0.958356126953125 0.12166691796875 0.96298973046875 0.347430125 0.986718400390625 0.348016962890625 0.97919851953125 0.345211884765625 0.9193322421875 0.3539409921875 0.875230064453125 0.314353712890625 0.84074242578125 0.3155976484375 0.781301751953125 0.33933084375 0.722224853515625 0.332227828125 0.696648296875 0.347448669921875 0.662066283203125 0.383700029296875 0.674318884765625 0.405169587890625 0.638831673828125 0.465320064453125 0.628908052734375 0.5244149609375 0.651955001953125 0.568756396484375 0.68343505859375 0.60054055859375 0.727247923828125 0.612889640625 0.795847939453125 0.594159759765625 0.87641498828125 0.63050876953125 0.889207720703125 0.71805920703125 0.89302620703125 0.74656085546875 0.912172015625 0.6359311796875 0.905927802734375 0.620615662109375 0.949179564453125 0.6472454921875 0.95197847265625 0.65481629296875 0.965335359375 0.72620225 0.9692494609375 0.74582716796875 0.987462150390625 0.748809111328125 1 0.7919705234375 1 0.89521829296875 0.91523537890625 0.823356609375 0.86461535546875 0.788200484375 0.8593510625 0.811874625 0.9226256328125 0.75389755859375 0.85421452734375 0.662548392578125 0.8405358671875 0.660857009765625 0.78831873828125 0.656606873046875 0.7512003515625 0.6408526328125 0.739560271484375 0.548980193359375 0.6060863515625 0.5321408359375 0.493059955078125 0.531639861328125 0.30997248046875 0.4746429375 0.305776294921875 0.361491931640625 0.306444873046875 0.34635033984375 0.279730966796875 0.35605662890625 0.22153398828125 0.380815041015625 0.207986037109375 0.401372666015625 0.21732459765625 0.443735919921875 0 0.441834673828125 0 0.43011314453125 0.012188091796875 0.405072072265625 0.0113505703125 0.39503095703125 0 0.361735263671875 0
0 1 0.0497979765625 0.8870274453125 0.037924083984375 0.894339939453125 0.206331458984375 0.9477672734375 0.107868259765625 0.89621162109375 0.22267837890625 0.906876150390625 0.291988681640625 0.90463761328125 0.313286931640625 0.905775748046875 0.40492396484375 0.910651150390625 0.495159369140625 0.923290123046875 0.6310723828125 0.93583895703125 0.7849203828125 0.954633923828125 0.8622629921875 0.957480314453125 0.930751677734375 1 0.526203892578125 1 0.0497979765625
0 0.433421853515625 0 0.394818359375 0.1430629296875 0.399224283203125 0.220687724609375 0.384944125 0.3053208671875 0.467824701171875 0.319415330078125 0.472385541015625 0.2247883515625 0.484999283203125 0.224319677734375 0.53984782421875 0.231878923828125 0.56834309765625 0.216929298828125 0.595995666015625 0.192918810546875 0.6157108515625 0.193196560546875 0.616932763671875 0.232803009765625 0.649572873046875 0.240412517578125 0.64739625 0.250360583984375 0.646373376953125 0.27716996875 0.62460633203125 0.29641562109375 0.612185375 0.329204884765625 0.637792330078125 0.3588131796875 0.668622529296875 0.338725599609375 0.67515797265625 0.310701109375 0.688144802734375 0.30668271484375 0.703839787109375 0.29397666015625 0.709815453125 0.271276767578125 0.76877421875 0.27388465234375 0.7936286171875 0.276496955078125 0.81100874609375 0.281912611328125 0.8089631328125 0.335531396484375 0.793177998046875 0.3661725703125 0.803649736328125 0.403162384765625 0.7891767890625 0.455475005859375 0.796290724609375 0.52441216015625 0.81870755859375 0.481906775390625 0.857198705078125 0.457241033203125 0.88626609765625 0.50515762890625 0.869175283203125 0.54822280078125 0.8384414765625 0.584470669921875 0.810325541015625 0.629965921875 0.825184193359375 0.64229442578125 0.828747390625 0.710858521484375 0.83193128515625 0.7488766484375 0.8155866484375 0.784842451171875 0.784659919921875 0.788769716796875 0.768424302734375 0.9090865234375 0.75886891015625 1 0.94322032421875 1 0.93792882421875 0.969969224609375 0.922973775390625 0.941480490234375 0.914516298828125 0.680394935546875 0.88036769921875 0.0372241171875 0.526203892578125 0 0.433421853515625 0
0 0.67883387890625 0.551545072265625 0.66071651171875 0.53349069921875 0.522819833984375 0.615898154296875 0.6357195234375 0.77132115625 0.648964197265625 0.645306486328125 0.6838144765625 0.6382026015625 0.714831353515625 0.616340212890625 0.72463430859375 0.57430348828125 0.754904876953125 0.55954045703125 0.77723793359375 0.569065623046875 0.83600987890625 0.58738702734375 0.792932923828125 0.556359501953125 0.801610365234375 0.490876587890625 0.7980533984375 0.456407974609375 0.677518 0.44194476171875 0.67619332421875 0.3520825546875 0.636486515625 0.371237162109375 0.625184828125 0.393377267578125 0.629861064453125 0.41719671875 0.608094015625 0.436442439453125 0.652212986328125 0.529008076171875 0.673606943359375 0.513312076171875 0.713127212890625 0.495932294921875 0.73134991015625 0.51040880859375 0.733691220703125 0.539366216796875 0.719398439453125 0.555808580078125 0.699869927734375 0.55375605078125 0.67883387890625 0.551545072265625
0 0.641111400390625 0.34525073046875 0.516414359375 0.335289109375 0.53882140625 0.60007 0.57224262890625 0.5330974375 0.58785666015625 0.58794356640625 0.66557290625 0.521439962890625 0.60992161328125 0.442925681640625 0.587708970703125 0.4292224453125 0.58535697265625 0.386684076171875 0.61144602734375 0.363505728515625 0.635128955078125 0.38918683984375 0.641111400390625 0.34525073046875
0 0.049797978515625 0 0.038180734375 0.1105306875 0.0535568125 0.11371788671875 0.07988979296875 0.1023456328125 0.112522541015625 0.10577547265625 0.13542098828125 0.097184451171875 0.1482537890625 0.049828923828125 0.14121864453125 0 0.049797978515625 0