1 0.6064453125 0.421875 0.494140625 0.560546875
1 0.185546875 0.0390625 0.2109375 0.078125
1 0.0361328125 0.7314453125 0.072265625 0.244140625
1 0.3427734375 0.4765625 0.126953125 0.16796875
1 0.0888671875 0.1162109375 0.080078125 0.18359375
1 0.861328125 0.2548828125 0.27734375 0.392578125
1 0.43359375 0.17578125 0.203125 0.294921875
1 0.2978515625 0.21875 0.259765625 0.427734375
1 0.869140625 0.6591796875 0.115234375 0.181640625
1 0.9091796875 0.658203125 0.16015625 0.208984375
1 0.6630859375 0.955078125 0.208984375 0.08984375
1 0.2509765625 0.8740234375 0.26953125 0.212890625
1 0.8154296875 0.970703125 0.201171875 0.05859375
1 0.41015625 0.03515625 0.18359375 0.0703125
1 0.646484375 0.853515625 0.3203125 0.29296875
1 0.0849609375 0.857421875 0.138671875 0.16015625
1 0.095703125 0.3525390625 0.19140625 0.443359375
1 0.7958984375 0.7939453125 0.248046875 0.294921875
1 0.1875 0.26171875 0.193359375 0.365234375
1 0.7216796875 0.1298828125 0.1796875 0.21484375
1 0.5947265625 0.080078125 0.193359375 0.16015625
0 0.994863431640625 0.086833359375 0.941647646484375 0.0764892578125 0.8829681328125 0.102052673828125 0.891236724609375 0.110232291015625 0.953399560546875 0.082059783203125 0.99056373828125 0.110643955078125 0.99709335546875 0.089731451171875 0.994863431640625 0.086833359375
0 0.59662973046875 0.2649252890625 0.646456408203125 0.23681951171875 0.587982994140625 0.18684078125 0.57731908203125 0.203663478515625 0.59302197265625 0.241220732421875 0.58932889453125 0.260219966796875 0.59662973046875 0.2649252890625
0 0.54046631640625 0.232648037109375 0.5690949765625 0.203707966796875 0.572172541015625 0.18787526953125 0.561330677734375 0.171801548828125 0.545805740234375 0.167140712890625 0.54224246875 0.15166026171875 0.510840345703125 0.1356977578125 0.516405859375 0.170462958984375 0.50163355078125 0.24645990234375 0.52061054296875 0.246040927734375 0.531496892578125 0.27033875390625 0.54046631640625 0.232648037109375
0 1 0.490421009765625 0.824909728515625 0.362698896484375 0.783347984375 0.339832291015625 0.781920421875 0.368308900390625 0.79883575 0.454573025390625 0.81809825390625 0.448458728515625 0.839077490234375 0.4673245 0.86559634375 0.457691421875 0.87804371875 0.478184951171875 0.898032955078125 0.489464376953125 0.8937688515625 0.519854255859375 0.879037376953125 0.544923302734375 0.857728138671875 0.52352874609375 0.84952627734375 0.52768528515625 0.845833201171875 0.546684521484375 0.848803203125 0.569443564453125 0.8766420546875 0.569925615234375 0.886912892578125 0.597389982421875 0.894521484375 0.60051203515625 1 0.539003046875 1 0.490421009765625
0 0 0.6333636640625 0.062374025390625 0.67618566796875 0.086034095703125 0.6643538046875 0.224089966796875 0.74869734765625 0.2414651015625 0.80301056640625 0.26209209375 0.81523550390625 0.284565626953125 0.817960826171875 0.306512619140625 0.84030089453125 0.33914576953125 0.8499303203125 0.374726677734375 0.878206736328125 0.402917775390625 0.88532962109375 0.41606963671875 0.91910482421875 0.4271525234375 0.921259119140625 0.444041953125 0.9442591875 0.461172408203125 0.95333983203125 0.482018181640625 0.9475332890625 0.53918652734375 0.873204935546875 0.604712439453125 0.82350440625 0.63571417578125 0.76544996875 0.6461148203125 0.758434646484375 0.660408734375 0.76942855859375 0.6733826484375 0.77030733984375 0.746450421875 0.711392708984375 0.7782642109375 0.628028197265625 0.77004010546875 0.628072685546875 0.75966170703125 0.639200060546875 0.736264904296875 0.641224548828125 0.712033810546875 0.664447056640625 0.6763008515625 0.666538275390625 0.669748990234375 0.683338728515625 0.673950017578125 0.6997646953125 0.64100911328125 0.6917185390625 0.59909878125 0.721363099609375 0.5838148671875 0.702782837890625 0.57446730078125 0.6705686640625 0.5599101171875 0.669382125 0.542253125 0.67991623046875 0.54124453515625 0.72736983203125 0.528096328125 0.752746634765625 0.51483690234375 0.75756317578125 0.492978884765625 0.75167131640625 0.484335802734375 0.732738810546875 0.4897864453125 0.687791748046875 0.50205587109375 0.675388859375 0.5048256796875 0.66113943359375 0.476215607421875 0.6350395546875 0.465484962890625 0.63952609375 0.446133482421875 0.629192181640625 0.43241059375 0.606807625 0.3984574453125 0.5870630703125 0.40058949609375 0.571868130859375 0.38724109375 0.560236462890625 0.34638383984375 0.5506515234375 0.329145822265625 0.58016262109375 0.29152183984375 0.583529353515625 0.279011388671875 0.609851669921875 0.246730482421875 0.606863080078125 0.239978427734375 0.5866550625 0.252663173828125 0.5340771640625 0.241580287109375 0.531922869140625 0.230300861328125 0.55191210546875 0.211060599609375 0.562138455078125 0.1818572578125 0.54331716796875 0.179855013671875 0.524032419921875 0.198720787109375 0.503053181640625 0.204920404296875 0.47961189453125 0.21439777734375 0.477346380859375 0.23062720703125 0.495288884765625 0.26708323828125 0.451439384765625 0.28234491015625 0.46590759375 0.290569015625 0.465863107421875 0.34877184765625 0.407345205078125 0.3455163359375 0.390281482421875 0.354222490234375 0.362398142578125 0.34839370703125 0.337440314453125 0.196714888671875 0.424616431640625 0.15449680078125 0.45584426171875 0.130176728515625 0.46261855859375 0 0.5369520390625 0 0.6333636640625