1 0.615234375 0.4345703125 0.2001953125 0.1591796875
1 0.45703125 0.330078125 0.2607421875 0.1845703125
1 0.6513671875 0.654296875 0.306640625 0.2919921875
1 0.044921875 0.5751953125 0.0888671875 0.1875
1 0.92578125 0.43359375 0.126953125 0.109375
1 0.80078125 0.3935546875 0.1171875 0.099609375
1 0.06640625 0.234375 0.1171875 0.099609375
1 0.62109375 0.2470703125 0.1015625 0.099609375
1 0.2236328125 0.38671875 0.1015625 0.091796875
1 0.1904296875 0.541015625 0.125 0.111328125
0 0.93828125 0.9625 0.89453125 0.9546875 0.85859375 0.9296875 0.8484375 0.93203125 0.840625 0.97109375 0.83125 0.97265625 0.8328125 0.98515625 0.828125 0.98359375 0.8265625 0.99609375 0.978125 0.99921875 0.98828125 0.965625 0.95703125 0.9546875 0.95390625 0.9484375 0.93828125 0.9625
0 1 0.64765625 0.8984375 0.60859375 0.9015625 0.58359375 0.925 0.53359375 0.95859375 0.5359375 0.96953125 0.53125 0.9859375 0.51484375 0.97578125 0.5015625 0.89453125 0.475 0.8890625 0.47890625 0.8953125 0.49609375 0.890625 0.53828125 0.88515625 0.546875 0.86796875 0.5484375 0.8609375 0.53828125 0.8609375 0.50546875 0.8859375 0.47421875 0.79296875 0.4390625 0.753125 0.43046875 0.7515625 0.54140625 0.73671875 0.546875 0.734375 0.55390625 0.79765625 0.5796875 0.8046875 0.59609375 0.7953125 0.72890625 0.78125 0.77421875 0.75703125 0.7921875 0.70078125 0.7921875 0.67265625 0.7828125 0.64453125 0.765625 0.62421875 0.7359375 0.60859375 0.728125 0.58984375 0.728125 0.52109375 0.6921875 0.4859375 0.65703125 0.4875 0.62890625 0.5140625 0.59921875 0.528125 0.56328125 0.50234375 0.5640625 0.48828125 0.575 0.47734375 0.575 0.41640625 0.5484375 0.4078125 0.52421875 0.421875 0.48828125 0.43359375 0.4828125 0.43984375 0.4703125 0.45078125 0.46875 0.48515625 0.4703125 0.50234375 0.484375 0.52890625 0.4875 0.546875 0.50078125 0.5484375 0.54765625 0.56015625 0.55 0.571875 0.54609375 0.57734375 0.5234375 0.609375 0.51484375 0.60703125 0.503125 0.515625 0.46796875 0.5109375 0.45546875 0.5015625 0.45078125 0.49765625 0.396875 0.48359375 0.40625 0.46484375 0.4078125 0.45234375 0.4203125 0.41171875 0.4234375 0.40390625 0.440625 0.39140625 0.4375 0.390625 0.45234375 0.384375 0.45859375 0.390625 0.46796875 0.35 0.50390625 0.34296875 0.51875 0.33046875 0.5171875 0.26484375 0.5421875 0.24765625 0.5703125 0.19296875 0.609375 0.17265625 0.6078125 0.14765625 0.584375 0.1265625 0.57734375 0.125 0.53203125 0.1375 0.51484375 0.13671875 0.50625 0.11015625 0.5078125 0.0609375 0.53515625 0.1046875 0.62890625 0.1046875 0.63984375 0.09140625 0.65625 0.06640625 0.659375 0.04765625 0.671875 0.03203125 0.671875 0 0.65703125 0.00078125 1 0.384860984375 1 0.4027119921875 0.92518799609375 0.463405447265625 0.9091263046875 0.49732225390625 0.91091090625 0.52231369140625 0.930541802734375 0.5615859921875 0.930541802734375 0.56872628515625 0.95017269921875 0.55087527734375 1 0.8 0.99921875 0.7984375 0.98046875 0.81328125 0.9890625 0.825 0.96640625 0.8296875 0.95078125 0.82265625 0.9421875 0.77734375 0.921875 0.64453125 0.84375 0.63515625 0.83125 0.61328125 0.828125 0.60859375 0.815625 0.59765625 0.8140625 0.578125 0.85078125 0.55703125 0.8671875 0.48828125 0.84375 0.42421875 0.803125 0.38984375 0.8171875 0.35703125 0.8484375 0.34453125 0.8484375 0.33046875 0.8328125 0.31015625 0.8453125 0.29765625 0.8453125 0.2578125 0.81015625 0.24921875 0.784375 0.22421875 0.76875 0.20546875 0.7703125 0.19375 0.76484375 0.1890625 0.74921875 0.1921875 0.72265625 0.1875 0.71953125 0.190625 0.69609375 0.2015625 0.68671875 0.20546875 0.6734375 0.21640625 0.671875 0.2328125 0.65546875 0.24453125 0.6265625 0.27890625 0.6109375 0.2875 0.63203125 0.30546875 0.6484375 0.40859375 0.7109375 0.42421875 0.7125 0.43125 0.70703125 0.4296875 0.69765625 0.43515625 0.696875 0.4375 0.72421875 0.45390625 0.7359375 0.51484375 0.734375 0.51953125 0.7421875 0.54609375 0.7421875 0.54921875 0.75 0.56015625 0.75 0.56015625 0.7453125 0.56484375 0.7515625 0.59296875 0.7515625 0.61015625 0.7671875 0.62421875 0.76875 0.62890625 0.7828125 0.66328125 0.78125 0.67578125 0.809375 0.70234375 0.815625 0.70703125 0.821875 0.73203125 0.8203125 0.74296875 0.834375 0.76484375 0.8359375 0.78515625 0.859375 0.81015625 0.865625 0.83359375 0.884375 0.84765625 0.8890625 0.86796875 0.884375 0.86953125 0.890625 0.89765625 0.903125 0.92265625 0.9 0.9375 0.91015625 0.95234375 0.940625 0.97734375 0.940625 0.99921875 0.9546875 1 0.93359375 0.990625 0.92578125 0.9859375 0.91015625 1 0.90859375 1 0.64765625
0 0.24921875 0.3171875 0.24921875 0.3234375 0.25625 0.31484375 0.25234375 0.2890625 0.24765625 0.296875 0.20703125 0.3 0.1859375 0.30859375 0.18359375 0.33125 0.19296875 0.3328125 0.20078125 0.325 0.20390625 0.3359375 0.21640625 0.3296875 0.22109375 0.3390625 0.228125 0.33828125 0.240625 0.33046875 0.2375 0.32578125 0.24296875 0.31875 0.24921875 0.3171875
0 0.01640625 0.359375 0.00078125 0.3484375 0 0.39921875 0.00625 0.39921875 0.01640625 0.390625 0.08203125 0.38125 0.115625 0.36171875 0.01640625 0.359375
0 0.7984375 0.18828125 0.81328125 0.1859375 0.81640625 0.171875 0.85859375 0.171875 0.86328125 0.1828125 0.86875 0.14140625 0.8875 0.12578125 0.87421875 0.121875 0.82890625 0.1515625 0.7515625 0.18515625 0.75546875 0.2015625 0.7828125 0.20234375 0.79140625 0.2015625 0.79140625 0.196875 0.79609375 0.2015625 0.7984375 0.18828125
0 0.1578125 0.30078125 0.14921875 0.30625 0.10546875 0.2953125 0.103125 0.28359375 0.1125 0.27578125 0.09921875 0.26875 0.06015625 0.2796875 0.03671875 0.2796875 0 0.26640625 0.00078125 0.325 0.02109375 0.31875 0.02109375 0.309375 0.03046875 0.3234375 0.04609375 0.3265625 0.04765625 0.3359375 0.05859375 0.3296875 0.06328125 0.3359375 0.10234375 0.3375 0.1203125 0.35703125 0.16875 0.33828125 0.1671875 0.28984375 0.15859375 0.28125 0.1578125 0.30078125
0 0.51171875 0.084375 0.45546875 0.0859375 0.45234375 0.0921875 0.44765625 0.0875 0.4390625 0.09296875 0.453125 0.09921875 0.44375 0.11796875 0.4078125 0.13046875 0.4078125 0.15234375 0.43515625 0.1578125 0.4390625 0.16484375 0.4375 0.18046875 0.4234375 0.19296875 0.4234375 0.21484375 0.4140625 0.23203125 0.421875 0.23359375 0.45859375 0.2328125 0.5109375 0.21640625 0.515625 0.16171875 0.51171875 0.084375
0 0.91171875 0 0.89765625 0.009375 0.82265625 0 0.82265625 0.00625 0.84453125 0.0078125 0.853125 0.01640625 0.853125 0.02578125 0.8625 0.03203125 0.85859375 0.04375 0.78359375 0.0484375 0.75859375 0.0578125 0.71328125 0.0625 0.63203125 0.0921875 0.56328125 0.0921875 0.53359375 0.0859375 0.528125 0.09453125 0.5265625 0.20078125 0.53125 0.21640625 0.5640625 0.20078125 0.5640625 0.18984375 0.55 0.16953125 0.5484375 0.13515625 0.55 0.12734375 0.56640625 0.115625 0.58984375 0.128125 0.59765625 0.1109375 0.61484375 0.1109375 0.634375 0.12578125 0.6375 0.13671875 0.628125 0.18515625 0.67578125 0.1859375 0.73046875 0.1625 0.74140625 0.1640625 0.7484375 0.14765625 0.678125 0.11015625 0.69140625 0.0984375 0.75546875 0.078125 0.79453125 0.078125 0.83359375 0.0671875 0.84453125 0.06875 0.85546875 0.0828125 0.87734375 0.078125 0.89765625 0.028125 0.9078125 0.03203125 0.909375 0.04765625 0.91796875 0.0515625 0.94921875 0.04375 0.9640625 0.02421875 0.959375 0.00546875 0.95234375 0 0.91171875 0