1 0.91796875 0.091796875 0.087890625 0.0986328125
1 0.373046875 0.650390625 0.103515625 0.1142578125
1 0.62109375 0.7255859375 0.080078125 0.1064453125
1 0.7421875 0.6259765625 0.1591796875 0.1923828125
1 0.46875 0.689453125 0.109375 0.126953125
1 0.947265625 0.4619140625 0.1015625 0.09375
1 0.517578125 0.716796875 0.076171875 0.09375
1 0.38671875 0.1875 0.2763671875 0.375
1 0.22265625 0.61328125 0.0859375 0.109375
1 0.1728515625 0.576171875 0.078125 0.0703125
1 0.294921875 0.634765625 0.076171875 0.126953125
0 1 0.27578125 0.971875 0.26015625 0.9671875 0.24140625 0.9734375 0.22109375 0.9875 0.21328125 0.9890625 0.17421875 0.9984375 0.16640625 0.9984375 0.15078125 0.9875 0.14140625 0.98984375 0.1375 0.97578125 0.1375 0.96953125 0.13125 0.95234375 0.1546875 0.90078125 0.1578125 0.89375 0.15234375 0.86875 0.09453125 0.8609375 0.08828125 0.8734375 0.04296875 0.8640625 0.03203125 0.85859375 0.0015625 0.77734375 0 0.7625 0.03515625 0.76953125 0.046875 0.778125 0.04921875 0.76484375 0.05 0.753125 0.05859375 0.7671875 0.12109375 0.78203125 0.1265625 0.7921875 0.14140625 0.7921875 0.16796875 0.7875 0.16953125 0.78515625 0.15625 0.78125 0.18515625 0.7703125 0.19765625 0.8125 0.21640625 0.8078125 0.24609375 0.815625 0.28046875 0.821875 0.28515625 0.8234375 0.32734375 0.78515625 0.346875 0.75859375 0.340625 0.6703125 0.34453125 0.6796875 0.39765625 0.67109375 0.40625 0.65546875 0.4078125 0.6546875 0.41640625 0.7203125 0.49609375 0.71796875 0.50625 0.63359375 0.409375 0.50234375 0.421875 0.40390625 0.4203125 0.38828125 0.4453125 0.36015625 0.45 0.3453125 0.44140625 0.34921875 0.4140625 0.26015625 0.4171875 0.24765625 0.4046875 0.2421875 0.41953125 0.2453125 0.44765625 0.234375 0.45234375 0.23203125 0.421875 0.23125 0.43359375 0.221875 0.43984375 0.22109375 0.4546875 0.21484375 0.40625 0.2140625 0.43515625 0.20625 0.43984375 0.2125 0.44140625 0.2140625 0.45078125 0.20546875 0.453125 0.20078125 0.446875 0.18984375 0.4546875 0.18359375 0.4375 0.175 0.43984375 0.18125 0.44765625 0.17421875 0.45625 0.171875 0.43828125 0.15625 0.43515625 0.1546875 0.38984375 0.140625 0.37265625 0.1390625 0.31328125 0.1265625 0.31015625 0.12265625 0.2890625 0.11953125 0.2953125 0.1109375 0.29453125 0.1171875 0.28984375 0.109375 0.28828125 0.1078125 0.25859375 0.1015625 0.26328125 0.0921875 0.23359375 0.0625 0.21796875 0.046875 0.18671875 0.03125 0.17578125 0.0203125 0.13984375 0.00546875 0.125 0.0015625 0.12734375 0.0046875 0.38203125 0 0.42578125 0.003125 0.49453125 0.0125 0.50390625 0.0078125 0.53046875 0.0140625 0.54609375 0.05546875 0.5328125 0.06484375 0.540625 0.07265625 0.5390625 0.090625 0.55078125 0.09375 0.56953125 0.11171875 0.5921875 0.11953125 0.59375 0.125 0.56484375 0.13671875 0.5625 0.1421875 0.55390625 0.140625 0.48671875 0.16953125 0.484375 0.17265625 0.546875 0.20078125 0.5453125 0.20703125 0.5328125 0.22421875 0.5515625 0.234375 0.52578125 0.24296875 0.5234375 0.2484375 0.53828125 0.24375 0.54609375 0.25234375 0.55625 0.25859375 0.55 0.26796875 0.55625 0.29140625 0.5859375 0.31796875 0.5796875 0.35390625 0.60625 0.39296875 0.596875 0.421875 0.61953125 0.42734375 0.6546875 0.44921875 0.6328125 0.51484375 0.64375 0.515625 0.67265625 0.54609375 0.68125 0.55625 0.68984375 0.553125 0.74921875 0.53046875 0.759375 0.50546875 0.759375 0.41171875 0.74375 0.40546875 0.7140625 0.35546875 0.7125 0.31328125 0.696875 0.25234375 0.6859375 0.23984375 0.6734375 0.21328125 0.671875 0.18515625 0.6578125 0.16796875 0.65625 0.178125 0.68984375 0.16484375 0.703125 0.13046875 0.71875 0.03515625 0.7265625 0.034375 0.73359375 0.04765625 0.75 0.10078125 0.7609375 0.1234375 0.79296875 0.11875 0.81484375 0.12578125 0.821875 0.13046875 0.8203125 0.13515625 0.8296875 0.18515625 0.8390625 0.19609375 0.846875 0.21640625 0.846875 0.24453125 0.815625 0.26796875 0.8078125 0.2796875 0.82578125 0.2796875 0.87421875 0.29140625 0.9 0.303125 0.89453125 0.303125 0.87421875 0.3125 0.85078125 0.3125 0.79296875 0.27734375 0.790625 0.24765625 0.775 0.240625 0.75859375 0.26328125 0.7390625 0.29296875 0.728125 0.3140625 0.73671875 0.33046875 0.7734375 0.34140625 0.765625 0.36796875 0.7671875 0.4 0.79296875 0.40625 0.81328125 0.41953125 0.8265625 0.44296875 0.8375 0.47890625 0.7859375 0.50234375 0.7953125 0.53203125 0.790625 0.55859375 0.825 0.58203125 0.821875 0.603125 0.84296875 0.61953125 0.8828125 0.63984375 0.8671875 0.65546875 0.896875 0.66796875 0.884375 0.6953125 0.89609375 0.68984375 0.925 0.67109375 0.93125 0.65546875 0.9234375 0.6484375 0.93828125 0.64453125 0.934375 0.63984375 0.940625 0.60546875 0.925 0.5953125 0.94765625 0.5953125 0.96953125 0.55859375 0.9734375 0.53359375 0.96875 0.49921875 0.93125 0.45390625 0.921875 0.4453125 0.86328125 0.43515625 0.859375 0.4171875 0.87890625 0.4109375 0.91015625 0.4125 0.98203125 0.41953125 0.9890625 0.49453125 0.996875 0.69921875 0.9953125 0.709375 0.99140625 0.71171875 0.9765625 0.71328125 0.9859375 0.71640625 0.9796875 0.72265625 0.9875 0.72578125 0.98125 0.73046875 0.9921875 0.74296875 0.9953125 0.896875 0.99765625 0.9046875 0.95234375 0.91484375 0.9375 0.95390625 0.9125 0.98984375 0.91875 1 0.91171875 1 0.71796875 0.97578125 0.7125 0.96328125 0.6828125 0.89140625 0.6671875 0.87890625 0.6375 0.84609375 0.640625 0.8375 0.64453125 0.8375 0.66328125 0.82890625 0.6796875 0.81640625 0.678125 0.78046875 0.703125 0.69296875 0.7265625 0.66484375 0.721875 0.665625 0.75078125 0.65859375 0.759375 0.59296875 0.7640625 0.58515625 0.7765625 0.5765625 0.77109375 0.575 0.73828125 0.5765625 0.56796875 0.58203125 0.525 0.5890625 0.53359375 0.5875 0.67578125 0.59609375 0.6796875 0.6265625 0.67109375 0.6296875 0.65859375 0.65 0.63515625 0.65 0.61796875 0.6609375 0.59921875 0.67109375 0.5875 0.6890625 0.58203125 0.71484375 0.5390625 0.72578125 0.5390625 0.73828125 0.55 0.75546875 0.5328125 0.78359375 0.51875 0.80859375 0.4703125 0.82109375 0.4703125 0.83125 0.48984375 0.83984375 0.49375 0.86640625 0.478125 0.88984375 0.4734375 0.89375 0.44140625 0.91171875 0.4234375 0.94453125 0.4234375 0.95 0.40859375 0.96328125 0.4 1 0.40234375 1 0.27578125
0 0.6453125 0.03359375 0.64921875 0.0453125 0.68046875 0.0375 0.68828125 0.0453125 0.7 0.04453125 0.7046875 0.01796875 0.68671875 0 0.653125 0.00078125 0.6453125 0.03359375
0 1 0.00234375 0.90546875 0 0.90625 0.03046875 0.93671875 0.046875 0.9609375 0.08359375 0.96875 0.08671875 0.99609375 0.0828125 1 0.07734375 1 0.00234375
0 0.1546875 0.64921875 0.14296875 0.6453125 0.1109375 0.65390625 0.115625 0.65859375 0.1125 0.69609375 0.10390625 0.703125 0.08671875 0.703125 0.0625 0.68828125 0.0515625 0.65390625 0.02734375 0.63125 0.01796875 0.6296875 0.009375 0.66171875 0.0140625 0.69140625 0.0265625 0.70546875 0.025 0.71796875 0.04921875 0.725 0.0765625 0.72421875 0.14765625 0.709375 0.16953125 0.696875 0.1765625 0.68359375 0.1546875 0.64921875
0 0.00078125 0.540625 0 0.59453125 0.0125 0.60859375 0.0140625 0.63203125 0.0390625 0.63984375 0.028125 0.59921875 0.028125 0.55859375 0 0.3541065390625 0.00078125 0.540625