1 0.396484375 0.048828125 0.09765625 0.08984375
1 0.7509765625 0.19140625 0.0859375 0.11328125
1 0.5576171875 0.09765625 0.06640625 0.107421875
1 0.9873046875 0.5322265625 0.025390625 0.173828125
1 0.4560546875 0.046875 0.0703125 0.09375
1 0.1572265625 0.9736328125 0.166015625 0.052734375
1 0.24609375 0.3896484375 0.103515625 0.138671875
1 0.3505859375 0.390625 0.095703125 0.1171875
1 0.41796875 0.4287109375 0.125 0.15625
1 0.5009765625 0.453125 0.119140625 0.142578125
1 0.6748046875 0.4599609375 0.12890625 0.166015625
1 0.8466796875 0.5126953125 0.123046875 0.158203125
1 0.6513671875 0.0986328125 0.12109375 0.12890625
1 0.041015625 0.2626953125 0.08203125 0.126953125
1 0.2275390625 0.7001953125 0.177734375 0.234375
1 0.3701171875 0.7080078125 0.16796875 0.2421875
1 0.4814453125 0.677734375 0.12890625 0.171875
1 0.908203125 0.8134765625 0.18359375 0.283203125
1 0.388671875 0.9423828125 0.14453125 0.115234375
1 0.771484375 0.083984375 0.08984375 0.109375
1 0.2978515625 0.28515625 0.103515625 0.099609375
1 0.08203125 0.1181640625 0.095703125 0.099609375