1 0.65234375 0.6181640625 0.197265625 0.18359375
1 0.4931640625 0.833984375 0.181640625 0.201171875
1 0.7421875 0.482421875 0.130859375 0.1484375
1 0.283203125 0.7080078125 0.181640625 0.17578125
1 0.5888671875 0.43359375 0.125 0.125
1 0.421875 0.58203125 0.115234375 0.09765625
1 0.123046875 0.84375 0.142578125 0.201171875
1 0.078125 0.576171875 0.1015625 0.091796875
1 0.65625 0.4765625 0.078125 0.078125
1 0.638671875 0.2685546875 0.083984375 0.0703125
1 0.1845703125 0.802734375 0.1796875 0.203125
1 0.3603515625 0.828125 0.09375 0.12890625
1 0.296875 0.8310546875 0.080078125 0.107421875
1 0.07421875 0.4853515625 0.13671875 0.111328125
1 0.201171875 0.3583984375 0.1015625 0.107421875
1 0.12890625 0.3916015625 0.064453125 0.0625
1 0.515625 0.5654296875 0.091796875 0.080078125
1 0.572265625 0.5048828125 0.10546875 0.10546875
1 0.521484375 0.703125 0.11328125 0.103515625
1 0.490234375 0.6376953125 0.09375 0.0859375
1 0.3818359375 0.6572265625 0.09765625 0.109375
1 0.029296875 0.3837890625 0.05859375 0.064453125
1 0.3349609375 0.1728515625 0.103515625 0.07421875
1 0.34375 0.234375 0.05078125 0.0625
1 0.4248046875 0.2275390625 0.0703125 0.05078125
1 0.541015625 0.25 0.05859375 0.044921875
1 0.578125 0.2685546875 0.0390625 0.04296875
1 0.6884765625 0.203125 0.056640625 0.0546875
1 0.5224609375 0.2138671875 0.041015625 0.05078125
1 0.4833984375 0.23046875 0.041015625 0.041015625
1 0.6181640625 0.09765625 0.0625 0.0546875
1 0.5361328125 0.1396484375 0.078125 0.052734375
1 0.599609375 0.173828125 0.0390625 0.03515625
1 0.4658203125 0.7470703125 0.115234375 0.08203125
1 0.4462890625 0.70703125 0.095703125 0.08203125
0 0.252603662109375 0.666091404296875 0.295419349609375 0.641944181640625 0.3231626015625 0.638395029296875 0.35091437890625 0.6213716796875 0.367963298828125 0.608700861328125 0.3717420625 0.58670859375 0.38026865234375 0.57700463671875 0.3842301484375 0.57938494140625 0.4080204296875 0.55998128515625 0.4456759453125 0.548908701171875 0.456387326171875 0.53108197265625 0.481359236328125 0.523171765625 0.495241517578125 0.50455444140625 0.51090050390625 0.496440193359375 0.508133423828125 0.485342041015625 0.4940641484375 0.486323890625 0.4924829609375 0.47998208984375 0.51587368359375 0.465730080078125 0.533704673828125 0.469704361328125 0.53729644140625 0.43007662109375 0.5563346328125 0.405121755859375 0.582496697265625 0.3952308046875 0.59162262890625 0.37779937109375 0.605296607421875 0.3752320703125 0.6046930078125 0.389696642578125 0.6342172265625 0.38991346875 0.64747033984375 0.4261833125 0.721195919921875 0.404433443359375 0.755276712890625 0.406040201171875 0.7606196171875 0.417338134765625 0.783002919921875 0.429439447265625 0.794101072265625 0.4266723671875 0.795099970703125 0.413793244140625 0.80620238671875 0.404289064453125 0.80146308203125 0.37852655859375 0.8165269921875 0.371402685546875 0.813364615234375 0.35871908203125 0.791763384765625 0.3632628671875 0.79711055078125 0.367823703125 0.786008134765625 0.3773278828125 0.799478072265625 0.384073505859375 0.797888359375 0.391205900390625 0.775492271484375 0.39931588671875 0.748348357421875 0.39513756640625 0.74994233203125 0.381268068359375 0.72656439453125 0.375308779296875 0.728158369140625 0.36143928515625 0.718054849609375 0.358064341796875 0.825856962890625 0.344658328125 0.834770328125 0.35001401953125 0.832980837890625 0.359722240234375 0.864490068359375 0.35439212109375 0.832402806640625 0.333764216796875 0.8278547578125 0.3189000859375 0.824679595703125 0.326427779296875 0.816361306640625 0.320081716796875 0.74779163671875 0.335494044921875 0.70063194140625 0.335464212890625 0.702795419921875 0.361026939453125 0.681189927734375 0.372307826171875 0.662768123046875 0.3625868203125 0.676646140625 0.350706595703125 0.673283984375 0.34059881640625 0.6304768203125 0.35127183984375 0.625133916015625 0.33997390625 0.609083892578125 0.33976560546875 0.5991844140625 0.32707773828125 0.524272943359375 0.3440712578125 0.49515254296875 0.33196568359375 0.501099046875 0.32879904296875 0.497736888671875 0.318691263671875 0.455720318359375 0.332535189453125 0.432741939453125 0.32142425 0.37209526171875 0.341597193359375 0.321760404296875 0.3490950546875 0.310262689453125 0.35701378515625 0.3278811171875 0.3837751875 0.32331176171875 0.402596552734375 0.305680548828125 0.39604644921875 0.3088727578125 0.361570357421875 0.302730736328125 0.36057572265625 0.293613330078125 0.364532955078125 0.289243751953125 0.380778498046875 0.27457513671875 0.3894878203125 0.265844505859375 0.408504703125 0.24325290234375 0.412453412109375 0.23137267578125 0.39857539453125 0.2020397109375 0.409256943359375 0.21172236328125 0.45146903125 0.20041164453125 0.477023232421875 0.181386236328125 0.481766798828125 0.17027955859375 0.498008080078125 0.14888237109375 0.493238943359375 0.12846276953125 0.5092761796875 0.16174018359375 0.5279233359375 0.175388591796875 0.565778630859375 0.2185910546875 0.55669105859375 0.23404173828125 0.564626833984375 0.2354401953125 0.5465960625 0.216419048828125 0.544602529296875 0.222565333984375 0.538860064453125 0.264178083984375 0.536904888671875 0.272296591796875 0.54582677734375 0.268131056640625 0.552759392578125 0.235627189453125 0.564231537109375 0.22452051171875 0.580472814453125 0.1979631484375 0.588778318359375 0.164260607421875 0.615705408203125 0.13849383984375 0.6271818125 0.122630810546875 0.644608982421875 0.056823958984375 0.677856564453125 0.030761375 0.684769416015625 0.045932380859375 0.74561699609375 0.08730872265625 0.725828162109375 0.12157225 0.751807494140625 0.176876025390625 0.7203366171875 0.19907233203125 0.71480245703125 0.208198259765625 0.697371025390625 0.252603662109375 0.666091404296875
0 1 0.854188923828125 0.99475115234375 0.859955322265625 0.973154185546875 0.857762009765625 0.973362486328125 0.84171198828125 0.987436025390625 0.8339930390625 0.97873522265625 0.805850224609375 0.989042783203125 0.7999122421875 0.982705244140625 0.79475633203125 0.99758216015625 0.769996986328125 0.92744834765625 0.752119115234375 0.861271767578125 0.74335865234375 0.8545389296875 0.736617291015625 0.827195236328125 0.735014794921875 0.818481650390625 0.72708328125 0.79747549609375 0.730636693359375 0.7768731640625 0.722301357421875 0.752296548828125 0.731797015625 0.725560716796875 0.708992845703125 0.7400338125 0.696122248046875 0.751518740234375 0.708414814453125 0.77767654296875 0.7052609609375 0.78757601953125 0.717948828125 0.810167623046875 0.7140001171875 0.821652552734375 0.726292685546875 0.850585958984375 0.72076278515625 0.846632986328125 0.70490828125 0.819285029296875 0.7100428828125 0.81097100390625 0.696959720703125 0.78679394921875 0.701303728515625 0.77213812109375 0.68980175390625 0.7447901640625 0.69493635546875 0.72617283984375 0.68105407421875 0.71229908203125 0.686197201171875 0.70317315234375 0.7036286328125 0.695245900390625 0.7056051171875 0.68831754296875 0.694702484375 0.692079259765625 0.69965861328125 0.70020629296875 0.695106302734375 0.689711740234375 0.683408810546875 0.644137494140625 0.682983681640625 0.630272259765625 0.674652609375 0.596187205078125 0.67978294921875 0.583116826171875 0.667885677734375 0.5767750234375 0.669466865234375 0.575771865234375 0.689083087890625 0.584489712890625 0.69027750390625 0.5773530546875 0.695424890625 0.58249191796875 0.716035748046875 0.63222317578125 0.723002458984375 0.655392810546875 0.74501176953125 0.6288311875 0.760054373046875 0.63833110546875 0.77789388671875 0.63178526171875 0.788788001953125 0.60324715234375 0.7959033515625 0.587401169921875 0.786382123046875 0.563619412109375 0.79231158203125 0.5721076484375 0.843241515625 0.536798345703125 0.904249400390625 0.5482832734375 0.91654196875 0.542132728515625 0.92902153125 0.508838265625 0.9373227734375 0.493187802734375 0.931962822265625 0.48944739453125 0.893321193359375 0.388395166015625 0.88652016796875 0.36700223828125 0.87501393359375 0.260398802734375 0.872964998046875 0.222760333984375 0.857089185546875 0.19937387109375 0.86460409375 0.196594005859375 0.87371723828125 0.171222537109375 0.88677909375 0.153374498046875 0.9097532109375 0.09906109765625 0.941819162109375 0.132142994140625 0.956305044921875 0.14203394921875 0.982467107421875 0.135088544921875 0.998512869140625 0.131431697265625 1 0.448626677734375 1 0.514355380859375 0.986467478515625 0.538132876953125 0.98727512109375 0.551998111328125 0.995606193359375 0.580536220703125 0.98849084375 0.58371564453125 0.974226048828125 0.606515552734375 0.95422731640625 0.59940446484375 0.91895210546875 0.582364068359375 0.918148728515625 0.57762476171875 0.89238622265625 0.6002334140625 0.86148911328125 0.601627609375 0.850195443359375 0.615110330078125 0.836729767578125 0.63651604296875 0.828024705078125 0.648200751953125 0.83774144921875 0.61984963671875 0.8624922734375 0.60496845703125 0.89398871875 0.62596608984375 0.90390950390625 0.6354660078125 0.92174901953125 0.65131198828125 0.93127024609375 0.658036302734375 0.9514858046875 0.6292984140625 0.96117698046875 0.63053792578125 0.9827600546875 0.8286373515625 0.9333683203125 0.8409539296875 0.9117733515625 0.852838416015625 0.91891426953125 0.873049712890625 0.918927056640625 0.87665888671875 0.92139520703125 1 0.8906428125 1 0.854188923828125
0 0.843571859375 0 0.84370551953125 0.0076163671875 0.85519044921875 0.019908935546875 0.819711197265625 0.03633294921875 0.8151461015625 0.048417212890625 0.831196125 0.048625517578125 0.83634351171875 0.05576217578125 0.851806982421875 0.043486654296875 0.855959734375 0.056765333984375 0.812553232421875 0.07516583203125 0.802836486328125 0.0868505390625 0.825024271484375 0.094790576171875 0.825406783203125 0.11658732421875 0.80042634765625 0.13797173046875 0.8091441953125 0.139166146484375 0.8178492578125 0.160571857421875 0.828543591796875 0.169693525390625 0.82456930859375 0.187524517578125 0.831293625 0.207740076171875 0.85506259765625 0.22202191796875 0.848720794921875 0.22360310546875 0.85069728125 0.231530357421875 0.83760133203125 0.26005568359375 0.837983845703125 0.281852431640625 0.844321384765625 0.287008341796875 0.833618529296875 0.291360873046875 0.83777554296875 0.297902453125 0.85184481640625 0.296920603515625 0.855802052734375 0.306038009765625 0.84390051953125 0.325845486328125 0.862713361328125 0.34388904296875 0.89579951953125 0.35163782421875 0.8365427734375 0.3672541953125 0.84822321875 0.3837080390625 0.841851583984375 0.432448923828125 0.823399947265625 0.46988761328125 0.80298460546875 0.479187751953125 0.81743639453125 0.5000026484375 0.83764769140625 0.50001543359375 0.848750109375 0.49051125390625 0.875702767578125 0.483791203125 0.8970956953125 0.4952974375 0.9248346875 0.49848538671875 0.933743791015625 0.51057817578125 0.916490828125 0.53256191796875 0.89587997265625 0.537700783203125 0.885976232421875 0.531750015625 0.843173330078125 0.53568594140625 0.8237611484375 0.525369857421875 0.789476314453125 0.5330760234375 0.802941990234375 0.54655874609375 0.807090478515625 0.566574525390625 0.819778345703125 0.556675048828125 0.847912634765625 0.561448447265625 0.860995798828125 0.553134419921875 0.86435795703125 0.563242201171875 0.873471099609375 0.56602206640625 0.872671982421875 0.57632536328125 0.87881400390625 0.577319998046875 0.88416543359375 0.575143734375 0.885959185546875 0.558698412109375 0.90418973828125 0.557521044921875 0.92122587109375 0.5650615234375 1 0.5706535 1 0.438607720703125 0.985588771484375 0.38080744140625 0.982174609375 0.380622373046875 0.973864845703125 0.360802109375 0.978625458984375 0.3528791171875 0.900971517578125 0.041426169921875 0.896191072265625 0.045892529296875 0.8791464140625 0.051826248046875 0.86231005859375 0.0417099453125 0.8688601640625 0.024078734375 0.89403185546875 0.013592705078125 0.890642814453125 0 0.843571859375 0