1 0.369140625 0.5703125 0.0517578125 0.0361328125
1 0.5458984375 0.73046875 0.0810546875 0.0908203125
1 0.935546875 0.669921875 0.046875 0.046875
1 0.572265625 0.6630859375 0.0595703125 0.046875
1 0.65234375 0.650390625 0.107421875 0.052734375
1 0.6591796875 0.6962890625 0.056640625 0.060546875
1 0.6083984375 0.724609375 0.0341796875 0.0810546875
1 0.876953125 0.818359375 0.0341796875 0.0439453125
1 0.896484375 0.79296875 0.03125 0.0419921875
1 0.88671875 0.7236328125 0.0341796875 0.0263671875
1 0.6396484375 0.892578125 0.0673828125 0.056640625
1 0.900390625 0.9580078125 0.048828125 0.0654296875
1 0.9404296875 0.837890625 0.0419921875 0.0517578125
1 0.7763671875 0.9013671875 0.060546875 0.052734375
1 0.72265625 0.8017578125 0.0546875 0.041015625
1 0.802734375 0.7841796875 0.033203125 0.046875
1 0.845703125 0.7470703125 0.052734375 0.041015625
1 0.8330078125 0.6611328125 0.029296875 0.03125
1 0.6953125 0.7412109375 0.03125 0.048828125
1 0.7080078125 0.869140625 0.0390625 0.0419921875
1 0.8642578125 0.6201171875 0.072265625 0.0390625
1 0.658203125 0.96484375 0.1044921875 0.0703125
0 0.009375 0.97578125 0.0140625 0.98671875 0.00078125 0.9921875 0 0.99921875 0.0328125 0.99921875 0.0359375 0.98046875 0.02734375 0.9640625 0.01796875 0.9640625 0.009375 0.97578125
0 0.93359375 0.4546875 0.89765625 0.446875 0.86328125 0.4453125 0.85546875 0.4609375 0.80703125 0.4546875 0.79609375 0.44375 0.76484375 0.4421875 0.753125 0.44765625 0.75390625 0.45625 0.77578125 0.4640625 0.78828125 0.459375 0.81484375 0.4796875 0.8765625 0.48671875 0.88984375 0.471875 0.9390625 0.46328125 0.9328125 0.46171875 0.93359375 0.4546875
0 1 0.38671875 0.88671875 0.378125 0.88671875 0.3703125 0.89453125 0.3734375 0.90078125 0.3671875 0.90703125 0.3734375 0.9296875 0.36171875 0.89140625 0.3515625 0.875 0.35703125 0.88125 0.36640625 0.87734375 0.378125 0.84140625 0.3734375 0.8 0.38515625 0.80234375 0.390625 0.86171875 0.396875 0.87109375 0.4046875 0.89140625 0.396875 0.896875 0.41171875 0.9078125 0.41328125 0.91171875 0.3890625 0.94609375 0.3921875 0.94296875 0.4078125 0.98203125 0.4078125 1 0.39921875 1 0.38671875
0 0.55703125 0.63125 0.56796875 0.6453125 0.58984375 0.6390625 0.60859375 0.61875 0.65703125 0.640625 0.6828125 0.64296875 0.678125 0.62109375 0.6890625 0.59609375 0.6875 0.58671875 0.6796875 0.58515625 0.68671875 0.5796875 0.66328125 0.5796875 0.65625 0.58515625 0.65625 0.59609375 0.64453125 0.5984375 0.61328125 0.5875 0.60859375 0.6109375 0.578125 0.61015625 0.58125 0.58828125 0.60546875 0.5796875 0.6171875 0.56015625 0.6125 0.53984375 0.61875 0.53515625 0.58515625 0.5375 0.57734375 0.525 0.565625 0.52109375 0.5875 0.49765625 0.5859375 0.47109375 0.5953125 0.45546875 0.62421875 0.446875 0.62890625 0.45625 0.64765625 0.4546875 0.65390625 0.4234375 0.64609375 0.4234375 0.63984375 0.4375 0.62890625 0.4328125 0.62421875 0.4375 0.56640625 0.440625 0.54609375 0.428125 0.54609375 0.440625 0.52421875 0.44375 0.48359375 0.4359375 0.46484375 0.4421875 0.42421875 0.4390625 0.4203125 0.45078125 0.428125 0.45859375 0.42109375 0.465625 0.39296875 0.4734375 0.3734375 0.48828125 0.38046875 0.5 0.40390625 0.50625 0.40234375 0.515625 0.32890625 0.5203125 0.30546875 0.509375 0.2171875 0.53359375 0.21875 0.54609375 0.2328125 0.56171875 0.221875 0.56640625 0.221875 0.57734375 0.26015625 0.5828125 0.26796875 0.5765625 0.28203125 0.5921875 0.29609375 0.59375 0.31953125 0.640625 0.34140625 0.634375 0.3453125 0.61796875 0.340625 0.61171875 0.36171875 0.6046875 0.3734375 0.61328125 0.3875 0.63984375 0.39765625 0.6421875 0.4140625 0.63046875 0.378125 0.61484375 0.390625 0.59453125 0.38828125 0.5875 0.36484375 0.5921875 0.34609375 0.5859375 0.34140625 0.578125 0.29921875 0.5875 0.2875 0.58046875 0.2890625 0.57421875 0.29921875 0.565625 0.35234375 0.55625 0.35859375 0.55 0.38359375 0.553125 0.40234375 0.5640625 0.41171875 0.5515625 0.43203125 0.5625 0.43984375 0.55 0.46015625 0.5484375 0.47109375 0.5640625 0.48046875 0.5640625 0.4859375 0.54140625 0.51484375 0.5375 0.515625 0.52421875 0.50546875 0.515625 0.42890625 0.515625 0.425 0.50390625 0.44765625 0.5 0.46484375 0.4859375 0.48828125 0.478125 0.5 0.48203125 0.50390625 0.5 0.51171875 0.49375 0.53359375 0.4984375 0.546875 0.52890625 0.5484375 0.55390625 0.54375 0.56171875 0.546875 0.58046875 0.5328125 0.60078125 0.55703125 0.596875 0.5625 0.61328125 0.54296875 0.6265625 0.53046875 0.615625 0.5046875 0.63671875 0.5015625 0.66953125 0.515625 0.68671875 0.51875 0.66640625 0.534375 0.63515625 0.54296875 0.6296875 0.55703125 0.63125
0 0.22265625 1 0.22890625 0.9953125 0.2515625 0.99921875 0.28515625 0.940625 0.30859375 0.925 0.33203125 0.925 0.3390625 0.91796875 0.34375 0.89609375 0.359375 0.87578125 0.365625 0.83203125 0.3765625 0.80390625 0.36640625 0.803125 0.34921875 0.815625 0.328125 0.81484375 0.325 0.83828125 0.2953125 0.87890625 0.29375 0.88984375 0.26328125 0.9203125 0.25 0.91328125 0.1953125 0.84453125 0.1953125 0.81171875 0.20546875 0.7890625 0.2171875 0.79453125 0.221875 0.81484375 0.23203125 0.821875 0.24921875 0.8234375 0.27578125 0.8078125 0.29453125 0.815625 0.3171875 0.80546875 0.3140625 0.77734375 0.3265625 0.74609375 0.31015625 0.7328125 0.29140625 0.734375 0.27421875 0.7265625 0.2640625 0.70078125 0.2515625 0.69453125 0.2484375 0.67890625 0.25390625 0.659375 0.2890625 0.65703125 0.2921875 0.63359375 0.25859375 0.634375 0.23203125 0.6625 0.21640625 0.6625 0.2109375 0.65390625 0.2171875 0.63671875 0.20546875 0.6390625 0.1890625 0.65390625 0.1953125 0.66796875 0.18828125 0.6890625 0.14609375 0.6953125 0.13671875 0.71875 0.09296875 0.728125 0.0875 0.71328125 0.09375 0.69765625 0.08828125 0.6921875 0.06640625 0.690625 0.06015625 0.6734375 0.0453125 0.67109375 0.0390625 0.66171875 0.0421875 0.64453125 0.04765625 0.6390625 0.06796875 0.640625 0.08046875 0.625 0.09140625 0.6265625 0.10234375 0.6421875 0.12578125 0.6296875 0.13828125 0.640625 0.1453125 0.61328125 0.15703125 0.5984375 0.171875 0.59296875 0.1765625 0.58046875 0.15546875 0.578125 0.1640625 0.57265625 0.1625 0.55859375 0.15703125 0.5609375 0.14453125 0.55 0.13828125 0.5640625 0.07109375 0.5640625 0.0625 0.57265625 0.07734375 0.578125 0.00703125 0.5828125 0 0.59140625 0 0.91015625 0.02578125 0.9203125 0.03203125 0.93125 0.06953125 0.9234375 0.07578125 0.909375 0.125 0.88828125 0.11875 0.86015625 0.1265625 0.83515625 0.16953125 0.815625 0.175 0.82578125 0.165625 0.84140625 0.1703125 0.85859375 0.1515625 0.88671875 0.15703125 0.89375 0.17265625 0.8859375 0.18046875 0.8890625 0.18125 0.90234375 0.17265625 0.9078125 0.16171875 0.903125 0.14765625 0.9109375 0.13828125 0.9234375 0.125 0.92578125 0.12109375 0.940625 0.09296875 0.940625 0.090625 0.96640625 0.0703125 0.98359375 0.06875 0.99921875 0.13671875 1 0.11875 0.97109375 0.12265625 0.9640625 0.13828125 0.9671875 0.14453125 0.9609375 0.1703125 0.97265625 0.1703125 0.98515625 0.15859375 1 0.22265625 1