1 0.517578125 0.185546875 0.1044921875 0.123046875
1 0.5966796875 0.1259765625 0.1201171875 0.076171875
1 0.8623046875 0.1328125 0.0888671875 0.1064453125
1 0.1015625 0.416015625 0.134765625 0.333984375
1 0.2900390625 0.3291015625 0.216796875 0.2470703125
1 0.759765625 0.12109375 0.111328125 0.0810546875
1 0.130859375 0.1494140625 0.1640625 0.1328125
1 0.8984375 0.3203125 0.203125 0.265625
1 0.337890625 0.0927734375 0.091796875 0.0810546875
1 0.408203125 0.0791015625 0.0517578125 0.052734375
1 0.416015625 0.2373046875 0.056640625 0.201171875
1 0.9599609375 0.111328125 0.080078125 0.0576171875
1 0.74609375 0.263671875 0.1064453125 0.103515625
1 0.6064453125 0.2783203125 0.119140625 0.162109375
0 0.640625 0.59140625 0.64140625 0.5796875 0.61875 0.58203125 0.62265625 0.590625 0.640625 0.59140625
0 0.99921875 0.703125 1 0.68984375 0.98515625 0.6984375 0.96796875 0.690625 0.9609375 0.69765625 0.9609375 0.71015625 0.96875 0.74921875 0.97265625 0.7546875 0.996875 0.75703125 1 0.71328125 0.98203125 0.7078125 0.98125 0.70234375 0.99921875 0.703125
0 0.63046875 0.5171875 0.59453125 0.5171875 0.59296875 0.5296875 0.5625 0.53203125 0.56953125 0.54375 0.59765625 0.5640625 0.6109375 0.56484375 0.6421875 0.56171875 0.640625 0.53359375 0.6328125 0.53046875 0.63046875 0.5171875
0 0.79921875 0.6109375 0.77421875 0.6046875 0.7515625 0.61015625 0.75390625 0.628125 0.77109375 0.628125 0.78828125 0.6421875 0.8359375 0.64921875 0.86328125 0.640625 0.86875 0.62109375 0.84765625 0.6109375 0.79921875 0.6109375
0 0.89765625 0.665625 0.88671875 0.671875 0.86953125 0.6578125 0.784375 0.66015625 0.78515625 0.671875 0.80078125 0.6765625 0.83359375 0.703125 0.86640625 0.7140625 0.89453125 0.740625 0.953125 0.74921875 0.95625 0.72265625 0.94921875 0.6890625 0.91015625 0.6765625 0.89765625 0.665625
0 0.58515625 0.5015625 0.59296875 0.5046875 0.609375 0.49453125 0.6109375 0.48671875 0.603125 0.48203125 0.6109375 0.47890625 0.59609375 0.465625 0.54921875 0.4625 0.5484375 0.43828125 0.53203125 0.434375 0.51875 0.41796875 0.51875 0.40390625 0.52578125 0.3984375 0.54453125 0.403125 0.5625 0.39765625 0.5484375 0.36171875 0.53671875 0.3578125 0.52734375 0.3453125 0.45546875 0.3453125 0.45546875 0.35 0.4625 0.34921875 0.4609375 0.35703125 0.446875 0.37578125 0.4546875 0.39296875 0.4453125 0.39765625 0.4421875 0.40859375 0.453125 0.42421875 0.453125 0.43515625 0.471875 0.45546875 0.45546875 0.4625 0.446875 0.47578125 0.4625 0.51171875 0.484375 0.51953125 0.48828125 0.509375 0.50234375 0.5171875 0.52421875 0.5171875 0.58515625 0.5015625