1 0.732421875 0.662109375 0.40234375 0.419921875
1 0.06640625 0.458984375 0.1328125 0.40625
1 0.1884765625 0.3359375 0.1953125 0.18359375
1 0.34765625 0.2548828125 0.23046875 0.220703125
1 0.9560546875 0.328125 0.087890625 0.21875
1 0.125 0.0986328125 0.09375 0.087890625
1 0.1630859375 0.0341796875 0.126953125 0.068359375
1 0.4609375 0.1123046875 0.09375 0.1015625
1 0.5595703125 0.1796875 0.10546875 0.130859375
1 0.8505859375 0.185546875 0.068359375 0.078125
1 0.6708984375 0.16015625 0.091796875 0.1171875