1 0.1396484375 0.1630859375 0.279296875 0.294921875
1 0.458984375 0.0625 0.123046875 0.10546875
1 0.76953125 0.408203125 0.30078125 0.271484375
1 0.3515625 0.2275390625 0.3046875 0.111328125
1 0.359375 0.283203125 0.12890625 0.08984375
1 0.8896484375 0.1591796875 0.189453125 0.228515625
1 0.7119140625 0.1123046875 0.2734375 0.115234375
1 0.576171875 0.044921875 0.103515625 0.083984375
1 0.345703125 0.099609375 0.138671875 0.11328125
1 0.9140625 0.0224609375 0.109375 0.044921875
0 1 0.8805339375 0.93662030078125 0.85701050390625 0.865386318359375 0.848212400390625 0.864271572265625 0.85690239453125 0.8856788984375 0.867462310546875 0.93762693359375 0.920669240234375 0.941893986328125 0.93242771875 0.93049507421875 0.941836853515625 0.907853146484375 0.93825290234375 0.8686702265625 0.94443765625 0.8630126796875 0.962057359375 0.8498997421875 0.971586349609375 0.82665853125 0.959432263671875 0.751840599609375 0.9732760859375 0.714887169921875 0.9620808515625 0.70631703125 0.962680134765625 0.698705744140625 0.97699163671875 0.649238658203125 0.98389553125 0.637000751953125 0.98130646875 0.620292119140625 0.9394146328125 0.624307173828125 0.916924591796875 0.58098021875 0.906183427734375 0.551421369140625 0.91325800390625 0.54718682421875 0.88851611328125 0.525218392578125 0.878785177734375 0.4817513203125 0.901855119140625 0.47566836328125 0.922310908203125 0.475954234375 0.944340494140625 0.471615109375 0.9808145 0.47831691015625 1 0.517460376953125 1 1 0.96625754296875 1 0.8805339375
0 0.25069828125 0.70345301953125 0.298019697265625 0.739759384765625 0.3066376171875 0.7891066171875 0.313973154296875 0.79548330078125 0.33222817578125 0.7855947421875 0.337609970703125 0.788663228515625 0.350734654296875 0.8531969921875 0.402155482421875 0.849601298828125 0.41395 0.821218005859375 0.418924443359375 0.76919789453125 0.4304432109375 0.761502791015625 0.449069544921875 0.830819068359375 0.489774564453125 0.8710329140625 0.540236541015625 0.853725 0.5415071796875 0.822632791015625 0.54788386328125 0.81529725390625 0.565623421875 0.822668826171875 0.5753560859375 0.8633260625 0.644276759765625 0.86367388671875 0.653805748046875 0.87678682421875 0.69753147265625 0.86167236328125 0.6636825625 0.820979091796875 0.662483998046875 0.80383881640625 0.70051613671875 0.830460296875 0.7104046953125 0.848715318359375 0.733801798828125 0.83846719140625 0.741532943359375 0.82586971484375 0.734497447265625 0.700625845703125 0.7439426171875 0.68790851171875 0.743223478515625 0.67762434765625 0.637708943359375 0.671223373046875 0.63316614453125 0.680153078125 0.64147227734375 0.774304740234375 0.629593939453125 0.77685776171875 0.62361286328125 0.765219140625 0.619094353515625 0.67596984765625 0.604543138671875 0.6649305078125 0.556550365234375 0.668286490234375 0.536893103515625 0.633490474609375 0.5156056328125 0.6246445859375 0.5096245546875 0.61300596484375 0.505705328125 0.5323268125 0.499844107421875 0.52240221484375 0.489440083984375 0.521407326171875 0.402863673828125 0.539518201171875 0.399519439453125 0.56558818359375 0.3864065 0.575117171875 0.3889595234375 0.586995509765625 0.330047265625 0.606616734375 0.3310061171875 0.620328955078125 0.318732173828125 0.64185613671875 0.302071326171875 0.649910814453125 0.289557669921875 0.66800994140625 0.25109388671875 0.684478859375 0.25069828125 0.70345301953125
0 0.78276596875 0.67658167578125 0.7981561796875 0.6996192109375 0.804580646484375 0.742230185546875 0.822595955078125 0.728913572265625 0.8264196171875 0.70969969921875 0.839292841796875 0.696742654296875 0.869150451171875 0.704989259765625 0.887884896484375 0.701956810546875 0.885607625 0.669390287109375 0.84717987890625 0.661742962890625 0.78276596875 0.67658167578125
0 1 0.68888475390625 0.983391013671875 0.688388736328125 0.96916333203125 0.706607720703125 0.97231563671875 0.7270561953125 0.995676705078125 0.740924310546875 1 0.739821927734375 1 0.68888475390625
0 0.2232855859375 0.77943348046875 0.2881428828125 0.79556712109375 0.2868244609375 0.77671281640625 0.25652346484375 0.737493859375 0.215147091796875 0.736942359375 0.2232855859375 0.77943348046875
0 0.26068240625 0.82160106640625 0.23915522265625 0.809327125 0.233461640625 0.851063068359375 0.224136328125 0.865494427734375 0.2307166875 0.885703189453125 0.2787094609375 0.88234720703125 0.303424984375 0.8909533828125 0.3230705 0.851686640625 0.3221116484375 0.837974419921875 0.30939431640625 0.828529251953125 0.29213418359375 0.8280137890625 0.275988798828125 0.818808330078125 0.26068240625 0.82160106640625
0 0.11469566796875 1 0.112820099609375 0.973178125 0.100102767578125 0.963732955078125 0.081128607421875 0.963337349609375 0.0761063828125 0.9654109453125 0.07718508984375 0.9808371953125 0.081599529296875 1 0.11469566796875 1