1 0.8349609375 0.1845703125 0.330078125 0.322265625
1 0.5224609375 0.078125 0.1171875 0.1015625
1 0.2177734375 0.3740234375 0.2890625 0.265625
1 0.6103515625 0.2353515625 0.283203125 0.12109375
1 0.599609375 0.2861328125 0.123046875 0.08984375
1 0.1259765625 0.1396484375 0.18359375 0.21875
1 0.2890625 0.107421875 0.255859375 0.12109375
1 0.41796875 0.0546875 0.099609375 0.08203125
1 0.6240234375 0.1201171875 0.130859375 0.111328125
1 0.11328125 0.017578125 0.10546875 0.03515625
0 0.6176658671875 1 0.61712607421875 0.998237341796875 0.59577723828125 0.994082927734375 0.58978054296875 0.987469912109375 0.59646060546875 0.93993880078125 0.5870678984375 0.932848505859375 0.57822694921875 0.954686927734375 0.567935927734375 0.9786296171875 0.5419560390625 0.9992133515625 0.5305614921875 0.965298689453125 0.516630537109375 0.951678783203125 0.51032669921875 0.917449474609375 0.51472845703125 0.897426970703125 0.499570609375 0.881006662109375 0.49134783203125 0.883026583984375 0.482493822265625 0.900835583984375 0.485001888671875 0.92818031640625 0.430749767578125 0.936268421875 0.424835091796875 0.994350046875 0.465036595703125 1 0.6176658671875 1
0 0 0.934643369140625 0.430257748046875 0.99511215234375 0.4314570859375 0.965112904296875 0.45269155859375 0.9157005 0.451058794921875 0.882127666015625 0.45272598828125 0.86203587109375 0.448478837890625 0.8429741953125 0.41027190234375 0.819139783203125 0.3895965234375 0.82662048828125 0.3841515859375 0.84893619140625 0.3576199375 0.840591203125 0.317382619140625 0.84763071875 0.319612197265625 0.868417390625 0.301685353515625 0.905592416015625 0.290348525390625 0.9071746875 0.2456324453125 0.897714693359375 0.239597923828125 0.88416436328125 0.231812796875 0.883070234375 0.19736466015625 0.890931099609375 0.129949677734375 0.873517646484375 0.107957744140625 0.88312911328125 0.096595669921875 0.8735933828125 0.092555826171875 0.857147828125 0.05718189453125 0.849000787109375 0.03628408984375 0.85082712890625 0.026479041015625 0.841510224609375 0.03112487109375 0.83104869921875 0.081942826171875 0.785793982421875 0.102158908203125 0.777520712890625 0.10169601171875 0.76951676171875 0.036107369140625 0.773001111328125 0 0.783602380859375 0 0.934643369140625
0 0.4502004375 0.50411558203125 0.441472658203125 0.577514595703125 0.435269802734375 0.587757294921875 0.415272546875 0.5944735390625 0.395106955078125 0.6249828125 0.351510248046875 0.6188556953125 0.337522265625 0.628004267578125 0.327700359375 0.709188408203125 0.321497501953125 0.719431107421875 0.31081715234375 0.716342302734375 0.324409587890625 0.63092473828125 0.320832638671875 0.62248313671875 0.2241034921875 0.621590974609375 0.2227905390625 0.630933126953125 0.230600912109375 0.643145255859375 0.2161836640625 0.757026927734375 0.222437013671875 0.769020232421875 0.24314123828125 0.779868916015625 0.253333447265625 0.763835767578125 0.28975101171875 0.741961673828125 0.287562755859375 0.757531927734375 0.25406566015625 0.79251869921875 0.2930165390625 0.809107341796875 0.30255226953125 0.797745267578125 0.3654897578125 0.801827216796875 0.376969673828125 0.765333912109375 0.393634052734375 0.75973704296875 0.398986853515625 0.766840447265625 0.398162041015625 0.795304552734375 0.443122193359375 0.8143255234375 0.482847390625 0.7802140546875 0.5042754453125 0.718126625 0.514299318359375 0.725886505859375 0.51551967578125 0.773691390625 0.52447466796875 0.80035440234375 0.57118542578125 0.806919171875 0.58728592578125 0.74884633984375 0.592394654296875 0.746388765625 0.6084278046875 0.75658097265625 0.61553120703125 0.751228173828125 0.6265482265625 0.70673091796875 0.67206387109375 0.6766088046875 0.6729139296875 0.659262701171875 0.638852953125 0.6417735078125 0.6285850078125 0.624452650390625 0.61389005859375 0.61603629296875 0.60405976171875 0.595601384765625 0.6058103671875 0.58314518359375 0.5532839140625 0.56147305859375 0.55637271875 0.55079270703125 0.54501064453125 0.5412569765625 0.543621953125 0.517245119140625 0.465745443359375 0.4951858359375 0.456184466796875 0.49542990625 0.4502004375 0.50411558203125
0 0.0904938828125 0.634568951171875 0.1074023359375 0.63853305859375 0.13518471875 0.632910943359375 0.146109140625 0.645560724609375 0.14837313671875 0.66334448046875 0.1639686328125 0.67665073828125 0.17255332421875 0.6381627578125 0.1880730859375 0.618115009765625 0.130219080078125 0.600457484375 0.0946515703125 0.60498547265625 0.0904938828125 0.634568951171875
0 0 0.658034263671875 0.011817810546875 0.65209177734375 0.0160007421875 0.633626298828125 0.004175771484375 0.616086615234375 0 0.615919671875 0 0.658034263671875
0 0.63440908984375 0.7411790546875 0.6320020078125 0.758306330078125 0.6922378515625 0.747718576171875 0.70237956640625 0.709449421875 0.66457330859375 0.707311658203125 0.63440908984375 0.7411790546875
0 0.6416134765625 0.780298265625 0.626287294921875 0.787670986328125 0.610498216796875 0.78703975390625 0.5982860859375 0.794850126953125 0.59653548046875 0.807306330078125 0.611962646484375 0.8444056171875 0.635073953125 0.838127025390625 0.678670662109375 0.84425414453125 0.68596764453125 0.82622631640625 0.678376099609375 0.812457162109375 0.675842787109375 0.77399442578125 0.65540787890625 0.78382472265625 0.6416134765625 0.780298265625
0 0.780710501953125 0.93163275 0.773489255859375 0.983014583984375 0.80392279296875 0.96982616796875 0.8127515546875 0.940899166015625 0.814720984375 0.9268859375 0.810268736328125 0.924672435546875 0.792922630859375 0.92382237890625 0.780710501953125 0.93163275