1 0.6865234375 0.552734375 0.072265625 0.1015625
1 0.6201171875 0.544921875 0.06640625 0.095703125
1 0.9169921875 0.595703125 0.07421875 0.115234375
1 0.7314453125 0.7109375 0.080078125 0.0859375
1 0.54296875 0.3515625 0.0625 0.083984375
1 0.8779296875 0.421875 0.1171875 0.09765625
1 0.0830078125 0.4296875 0.060546875 0.076171875
1 0.744140625 0.4248046875 0.072265625 0.091796875
1 0.5537109375 0.572265625 0.068359375 0.076171875
1 0.64453125 0.42578125 0.07421875 0.072265625
1 0.51953125 0.494140625 0.05078125 0.072265625
1 0.1171875 0.4970703125 0.08203125 0.095703125
1 0.77734375 0.619140625 0.11328125 0.091796875
1 0.1875 0.4150390625 0.076171875 0.091796875
1 0.58984375 0.3818359375 0.048828125 0.09765625
1 0.0234375 0.6025390625 0.046875 0.103515625
1 0.685546875 0.310546875 0.037109375 0.04296875
1 0.8291015625 0.33984375 0.0546875 0.05078125
1 0.8056640625 0.3701171875 0.05078125 0.04296875
1 0.7470703125 0.33984375 0.037109375 0.03515625
1 0.974609375 0.2724609375 0.05078125 0.041015625
1 0.603515625 0.15234375 0.0234375 0.033203125
1 0.578125 0.123046875 0.017578125 0.02734375
1 0.294921875 0.2919921875 0.0625 0.05859375
1 0.2587890625 0.265625 0.0390625 0.05078125
1 0.6298828125 0.3623046875 0.03515625 0.03125
1 0.4892578125 0.1494140625 0.0234375 0.021484375
1 0.125 0.314453125 0.0390625 0.037109375
1 0.1591796875 0.3408203125 0.037109375 0.03515625
1 0.0341796875 0.5087890625 0.068359375 0.087890625
1 0.0634765625 0.3818359375 0.044921875 0.04296875
1 0.1240234375 0.31640625 0.041015625 0.03515625
1 0.3623046875 0.2109375 0.013671875 0.0390625
1 0.4150390625 0.17578125 0.029296875 0.0234375
1 0.0673828125 0.326171875 0.0625 0.048828125
1 0.455078125 0.212890625 0.044921875 0.041015625
1 0.54296875 0.1630859375 0.03515625 0.029296875
1 0.2353515625 0.357421875 0.03515625 0.04296875
1 0.33203125 0.2197265625 0.037109375 0.029296875
1 0.259765625 0.33984375 0.03125 0.04296875
1 0.521484375 0.1962890625 0.03515625 0.041015625
1 0.57421875 0.1572265625 0.02734375 0.041015625
1 0.6513671875 0.0673828125 0.05078125 0.01953125
1 0.646484375 0.0908203125 0.02734375 0.0234375
1 0.6826171875 0.0361328125 0.0234375 0.025390625
1 0.1669921875 0.2880859375 0.041015625 0.0390625
1 0.2158203125 0.3095703125 0.046875 0.033203125
1 0.017578125 0.380859375 0.03125 0.041015625
1 0.099609375 0.365234375 0.033203125 0.046875
1 0.1416015625 0.369140625 0.033203125 0.03125
1 0.6748046875 0.3701171875 0.046875 0.044921875
0 0.6770320078125 0.146369109375 0.699892171875 0.125931626953125 0.684192142578125 0.118156439453125 0.6780833671875 0.133885556640625 0.65697687890625 0.149352884765625 0.65039848828125 0.144237296875 0.62537320703125 0.145467400390625 0.627509236328125 0.16634119140625 0.6770320078125 0.146369109375
0 0 0.956495400390625 0.0195687265625 0.90250995703125 0.039972904296875 0.879529224609375 0.03856827734375 0.864502421875 0.03111305078125 0.86187191015625 0.0227518984375 0.863392884765625 0.012491634765625 0.878216076171875 0 0.8804884296875 0 0.956495400390625
0 0 0.7677954453125 0.024642576171875 0.755076052734375 0.032945552734375 0.756887900390625 0.041044919921875 0.770364640625 0.07401991015625 0.743436033203125 0.104684349609375 0.705632109375 0.1618575234375 0.581611029296875 0.22362271484375 0.4810069921875 0.222159912109375 0.469313013671875 0.243179140625 0.458844923828125 0.346721 0.35230241796875 0.39384595703125 0.3264542578125 0.409134546875 0.310051916015625 0.498327044921875 0.26160116015625 0.555857703125 0.212597744140625 0.57255091796875 0.211222205078125 0.595352908203125 0.19411755078125 0.591288681640625 0.18821238671875 0.602134908203125 0.18756825 0.603215357421875 0.173418283203125 0.578073728515625 0.181314037109375 0.574566376953125 0.19125433984375 0.55445307421875 0.19757094140625 0.532411572265625 0.218856173828125 0.50229979296875 0.224998251953125 0.4824191875 0.2179835546875 0.46341963671875 0.255991087890625 0.451754748046875 0.255787474609375 0.44695912109375 0.24403532421875 0.42020925390625 0.248569166015625 0.4341846953125 0.259648091796875 0.4340392578125 0.267980154296875 0.4129036796875 0.285113896484375 0.39448587890625 0.28979317578125 0.384603751953125 0.282953 0.379313638671875 0.299529865234375 0.35589659765625 0.304121880859375 0.352035982421875 0.286551828125 0.365454546875 0.2817852890625 0.363202169921875 0.267577150390625 0.34955090625 0.2856749921875 0.326075689453125 0.29359983203125 0.3065483515625 0.31409548828125 0.3147349765625 0.322572990234375 0.31277769140625 0.33920803125 0.301141890625 0.3373380078125 0.29394844921875 0.319709779296875 0.2828695234375 0.333685220703125 0.280883150390625 0.351986673828125 0.2353082578125 0.384529572265625 0.239783923828125 0.414612263671875 0.222916181640625 0.42598628125 0.222392609375 0.455981712890625 0.213067359375 0.464987001953125 0.198098732421875 0.4630588046875 0.189999365234375 0.449582064453125 0.15520830859375 0.43730633984375 0.151347693359375 0.419736287109375 0.1325475390625 0.398571623046875 0.111615572265625 0.4040404765625 0.110917474609375 0.444034384765625 0.06721260546875 0.464941478515625 0.070050947265625 0.493328671875 0.124892916015625 0.45511330859375 0.15965488671875 0.4690554453125 0.173044365234375 0.465955318359375 0.177021328125 0.476859720703125 0.162813189453125 0.47911209765625 0.15337158984375 0.4947830390625 0.12633084765625 0.5159810078125 0.142849541015625 0.524603947265625 0.142616841796875 0.537935248046875 0.131654263671875 0.545245037109375 0.110809560546875 0.54571465234375 0.117155251953125 0.564161544921875 0.1078590859375 0.571500421875 0.093825470703125 0.5637543203125 0.08519831640625 0.532765703125 0.044036697265625 0.551216810546875 0.042166673828125 0.56285261328125 0.051932453125 0.576358439453125 0.043542212890625 0.579545828125 0.043280427734375 0.59454354296875 0.0547126171875 0.608078458984375 0.049364330078125 0.627988150390625 0.02670777734375 0.636760740234375 0.018845328125 0.657460009765625 0 0.6707804609375 0 0.7677954453125
0 1 0.099035091796875 0.9213463359375 0.092291412109375 0.844545908203125 0.099285458984375 0.797944525390625 0.0951381875 0.785111923828125 0.11408377734375 0.755527931640625 0.137737736328125 0.68647782421875 0.1782054765625 0.669697345703125 0.18458025390625 0.66648087109375 0.177856427734375 0.66548768359375 0.187007154296875 0.6546123671875 0.189317705078125 0.63251269140625 0.21393576171875 0.423405078125 0.3519740234375 0.34465158203125 0.423110419921875 0.312320728515625 0.46088525390625 0.262511302734375 0.545028775390625 0.23275700390625 0.62618851953125 0.223203271484375 0.696032421875 0.21466759765625 0.707551875 0.207187498046875 0.754095083984375 0.20301957421875 0.8973775 0.207816974609375 0.99497608984375 0.4956365859375 1 0.767005453125 1 0.766362806640625 0.99722440234375 0.774079818359375 0.98485719921875 0.785628359375 0.9917264609375 0.790831208984375 0.980148833984375 0.8025251875 0.978686033203125 0.808604873046875 0.964623328125 0.82462486328125 0.9540679765625 0.85453303125 0.959590787109375 0.858098556640625 0.946317658203125 0.870640283203125 0.944036193359375 0.87277209375 0.91740267578125 0.85794890234375 0.9071424140625 0.841953783203125 0.868524044921875 0.84127633984375 0.811836921875 0.83311880078125 0.8016930078125 0.836011099609375 0.77924006640625 0.826831283203125 0.779913291015625 0.824113509765625 0.792367755859375 0.789879328125 0.795937498046875 0.789684150390625 0.902617005859375 0.787053638671875 0.910072232421875 0.777055162109375 0.909897708984375 0.768984884765625 0.894754556640625 0.757349080078125 0.892884533203125 0.741823578125 0.875110869140625 0.73886888671875 0.853389326171875 0.725857544921875 0.834826087890625 0.721527314453125 0.796411330078125 0.69579972265625 0.790128029296875 0.69185184375 0.77755721484375 0.677057740234375 0.765630541015625 0.674684798828125 0.7105807421875 0.6614407578125 0.7053488046875 0.65752196875 0.691111578125 0.64088692578125 0.689154291015625 0.6223236875 0.7021656328125 0.611710158203125 0.68947846875 0.61445701953125 0.675357591796875 0.641090537109375 0.67748940234375 0.667956755859375 0.66628991015625 0.70295142578125 0.666900744140625 0.71584219921875 0.644622326171875 0.709143244140625 0.598665080078125 0.669032986328125 0.604632634765625 0.645994080078125 0.587561283203125 0.614157712890625 0.5970071015625 0.59293065625 0.5716327734375 0.595270294921875 0.580841673828125 0.58501003125 0.595664865234375 0.58477733203125 0.608996169921875 0.592116208984375 0.61829233203125 0.6007391484375 0.601773640625 0.6115562890625 0.602795916015625 0.62614678125 0.62638748046875 0.6231381328125 0.65550607421875 0.59814194140625 0.655069765625 0.5916508125 0.644954939453125 0.55490246875 0.649314255859375 0.531103076171875 0.628062328125 0.495605486328125 0.56076589453125 0.490539638671875 0.468996837890625 0.508284216796875 0.45513774609375 0.52486108203125 0.460427859375 0.5451240390625 0.4932865 0.5480205546875 0.5183408671875 0.549832404296875 0.510037890625 0.559070392578125 0.50603183984375 0.564510158203125 0.52863021875 0.57994840234375 0.55140312109375 0.579886009765625 0.507228638671875 0.56330914453125 0.501938525390625 0.56380362890625 0.4736095078125 0.573070705078125 0.46793704296875 0.591168546875 0.481588306640625 0.599616958984375 0.475068091796875 0.606079001953125 0.486849330078125 0.6087386015625 0.47772769140625 0.603066134765625 0.468460615234375 0.5896475703125 0.473227154296875 0.57991087890625 0.4580549140625 0.564152677734375 0.453612552734375 0.56222026171875 0.421073873046875 0.50825091015625 0.409296849609375 0.5138900703125 0.372723029296875 0.51134260546875 0.327671708984375 0.51745137890625 0.311942591796875 0.552591484375 0.30422136328125 0.58030966796875 0.339710517578125 0.643662443359375 0.339149423828125 0.636556265625 0.31652195703125 0.64088227734375 0.30742940625 0.66424114453125 0.306170216796875 0.667835755859375 0.29123067578125 0.697889361328125 0.288421421875 0.7565919453125 0.267776111328125 0.77784808984375 0.291484025390625 0.80258249609375 0.30691805078125 0.834302515625 0.30413788671875 0.847517466796875 0.311036236328125 0.8653244375 0.341351626953125 0.883596802734375 0.3450044140625 0.898332732421875 0.360263916015625 0.9149677734375 0.362221201171875 0.950901671875 0.404521443359375 0.9642911484375 0.401421318359375 0.979903916015625 0.414195744140625 0.98385179296875 0.42676655859375 1 0.429071982421875 1 0.304862498046875 0.98597516796875 0.305118419921875 0.982555080078125 0.310059484375 0.95428423828125 0.30623217578125 0.94241151953125 0.27018614453125 0.933377140625 0.262527306640625 0.876602755859375 0.268203986328125 0.85096242578125 0.256921451171875 0.85721663671875 0.23286026953125 0.8838792421875 0.233325666015625 0.910832720703125 0.2171269375 0.96728714453125 0.229780794921875 0.986669046875 0.217617203125 0.987662234375 0.208466478515625 1 0.20793465234375 1 0.099035091796875