1 0.810546875 0.505859375 0.0625 0.0703125
1 0.6396484375 0.5302734375 0.056640625 0.0703125
1 0.740234375 0.546875 0.05078125 0.08203125
1 0.76171875 0.302734375 0.03515625 0.05078125
1 0.47265625 0.2919921875 0.056640625 0.0546875
1 0.7138671875 0.3125 0.046875 0.052734375
1 0.7099609375 0.400390625 0.046875 0.044921875
1 0.291015625 0.341796875 0.076171875 0.0546875
1 0.740234375 0.4228515625 0.046875 0.05078125
1 0.6513671875 0.412109375 0.03515625 0.04296875
1 0.705078125 0.357421875 0.033203125 0.02734375
1 0.76953125 0.4052734375 0.0390625 0.044921875
1 0.47265625 0.3447265625 0.05078125 0.04296875
1 0.6611328125 0.33203125 0.03515625 0.046875
1 0.380859375 0.3427734375 0.033203125 0.04296875
1 0.40234375 0.2861328125 0.021484375 0.03125
1 0.365234375 0.283203125 0.03515625 0.0234375
1 0.30078125 0.4189453125 0.03125 0.033203125
1 0.345703125 0.431640625 0.04296875 0.05078125
1 0.5791015625 0.4638671875 0.05078125 0.04296875
1 0.6884765625 0.5126953125 0.04296875 0.064453125
1 0.6650390625 0.3837890625 0.046875 0.0390625
1 0.7529296875 0.35546875 0.03125 0.03515625
1 0.6142578125 0.2802734375 0.03125 0.046875
0 0 0.911362708984375 0.071428572265625 0.79983388671875 0.12624584765625 0.73172757421875 0.141196013671875 0.698504982421875 0.25415282421875 0.567275748046875 0.250830564453125 0.550664451171875 0.23421926953125 0.537375416015625 0.232558138671875 0.507475083984375 0.24003322265625 0.48837209375 0.260797341796875 0.480897009765625 0.254983388671875 0.473421927734375 0.23172757421875 0.473421927734375 0.210132890625 0.463455150390625 0.2076411953125 0.449335548828125 0.189368771484375 0.42441860546875 0.1677740859375 0.412790697265625 0.16611295703125 0.391196013671875 0.17441860546875 0.362956810546875 0.158637873046875 0.358803986328125 0.108803986328125 0.365448505859375 0.0996677734375 0.35963455078125 0.098837208984375 0.348837208984375 0.057308970703125 0.35215946875 0.0481727578125 0.344684384765625 0.04983388671875 0.31644518359375 0.030730896484375 0.3039867109375 0.0083056484375 0.314784052734375 0.004983388671875 0.3380398671875 0 0.34017560546875 0 0.911362708984375
0 1 0.07031781640625 0.969269103515625 0.071428572265625 0.941029900390625 0.084717607421875 0.891196013671875 0.091362126953125 0.784883720703125 0.096345515625 0.656976744140625 0.121262458984375 0.570598005859375 0.124584716796875 0.567275748046875 0.12956810546875 0.55564783984375 0.124584716796875 0.504983388671875 0.142026578125 0.5141196015625 0.14784053125 0.529069767578125 0.142857142578125 0.557308970703125 0.14784053125 0.57225913671875 0.14617940234375 0.580564783203125 0.136212625 0.601328904296875 0.1503322265625 0.605481728515625 0.176079734375 0.621262458984375 0.166943521484375 0.6220930234375 0.15780730859375 0.637043189453125 0.15780730859375 0.65199335546875 0.171096345703125 0.692691029296875 0.175249169921875 0.686877076171875 0.187707640625 0.653654484375 0.199335548828125 0.605481728515625 0.192691029296875 0.597176080078125 0.19767441796875 0.58970099609375 0.186877076171875 0.591362126953125 0.175249169921875 0.573920265625 0.17441860546875 0.509136212890625 0.179401994140625 0.47591362109375 0.2043189375 0.36794019921875 0.212624583984375 0.3604651171875 0.203488373046875 0.3720930234375 0.1901993359375 0.37624584765625 0.172757474609375 0.426079734375 0.169435216796875 0.4343853828125 0.18604651171875 0.45598006640625 0.1843853828125 0.483388705078125 0.158637873046875 0.459302326171875 0.15448505078125 0.462624583984375 0.141196013671875 0.40780730859375 0.141196013671875 0.341362126953125 0.15780730859375 0.29152823828125 0.1561461796875 0.2923588046875 0.18355481640625 0.3039867109375 0.1901993359375 0.30564783984375 0.203488373046875 0.28820598046875 0.220930232421875 0.266611294921875 0.2242524921875 0.267441861328125 0.23172757421875 0.273255814453125 0.24584717578125 0.296511626953125 0.240863787109375 0.32225913671875 0.2583056484375 0.323920265625 0.278239203125 0.3181063125 0.287375416015625 0.308970099609375 0.28820598046875 0.30564783984375 0.30813953515625 0.32225913671875 0.3181063125 0.32973421875 0.33388704296875 0.338870431640625 0.333056478515625 0.372923587890625 0.320598005859375 0.3837209296875 0.30813953515625 0.346345515625 0.30564783984375 0.334717607421875 0.299003322265625 0.3322259140625 0.2815614609375 0.346345515625 0.270764119140625 0.4061461796875 0.269102990234375 0.421096345703125 0.277408638671875 0.422757474609375 0.2641196015625 0.4460132890625 0.260797341796875 0.4576411953125 0.270764119140625 0.48754152734375 0.27408637890625 0.510797341796875 0.2956810625 0.52242525 0.29401993359375 0.53571428515625 0.307308970703125 0.55647840625 0.294850498046875 0.5656146171875 0.27408637890625 0.588870431640625 0.270764119140625 0.60049833984375 0.257475083984375 0.62043189453125 0.259136212890625 0.647009966796875 0.290697673828125 0.82973421875 0.2242524921875 0.884551494140625 0.21760797265625 0.89784053125 0.20598006640625 0.909468439453125 0.212624583984375 0.9543189375 0.20598006640625 0.9742524921875 0.15448505078125 1 0.14813176953125 1 0.07031781640625
0 0 0.916329626953125 0.014950166015625 0.89617940234375 0.05813953515625 0.81976744140625 0.122923587890625 0.73837209375 0.141196013671875 0.7018272421875 0.267441861328125 0.550664451171875 0.246677740234375 0.5481727578125 0.23421926953125 0.537375416015625 0.239202658203125 0.494186046875 0.254983388671875 0.48837209375 0.259136212890625 0.4742524921875 0.226744185546875 0.471760796875 0.221760796875 0.46179401953125 0.209302326171875 0.459302326171875 0.206810630859375 0.446843853515625 0.191029900390625 0.437707640625 0.189368771484375 0.41611295703125 0.1677740859375 0.411129568359375 0.17441860546875 0.357973421875 0.113787375 0.365448505859375 0.101328904296875 0.361295681640625 0.104651162109375 0.3496677734375 0.098837208984375 0.347176080078125 0.050664451171875 0.348837208984375 0.0481727578125 0.324750830078125 0.054817275390625 0.31644518359375 0.037375416015625 0.308970099609375 0.03405315625 0.299003322265625 0.00415282421875 0.307308970703125 0.004983388671875 0.3264119609375 0 0.3321620234375 0 0.916329626953125
0 1 0.274147150390625 0.9343853828125 0.2757475078125 0.9235880390625 0.2699335546875 0.919435216796875 0.257475083984375 0.886212625 0.25415282421875 0.87956810546875 0.239202658203125 0.844684384765625 0.240863787109375 0.789036544921875 0.26827242578125 0.793189369140625 0.2757475078125 0.80232558203125 0.274916943359375 0.80232558203125 0.283222591796875 0.78405315625 0.286544849609375 0.78405315625 0.30813953515625 0.80232558203125 0.31644518359375 0.807308970703125 0.33637873828125 0.820598005859375 0.34800664453125 0.814784052734375 0.36212624609375 0.789867109375 0.357142857421875 0.77408637890625 0.362956810546875 0.77408637890625 0.372923587890625 0.78820598046875 0.375415283203125 0.7956810625 0.391196013671875 0.789867109375 0.438538205078125 0.763289037109375 0.438538205078125 0.75 0.456810630859375 0.723421927734375 0.455149501953125 0.710132890625 0.436877076171875 0.681063123046875 0.42441860546875 0.679401994140625 0.411129568359375 0.689368771484375 0.40780730859375 0.676910298828125 0.406976744140625 0.671096345703125 0.429401994140625 0.66029900390625 0.438538205078125 0.607973421875 0.44435216015625 0.607973421875 0.480897009765625 0.591362126953125 0.51578073046875 0.605481728515625 0.526578072265625 0.625415283203125 0.4916943515625 0.638704318359375 0.496677740234375 0.647009966796875 0.49003322265625 0.651162791015625 0.480897009765625 0.6395348828125 0.470930232421875 0.641196013671875 0.462624583984375 0.668604650390625 0.44352159375 0.678571427734375 0.44352159375 0.691029900390625 0.4543189375 0.692691029296875 0.482558138671875 0.706810630859375 0.48837209375 0.7184385390625 0.506644517578125 0.73837209375 0.49003322265625 0.75166112890625 0.496677740234375 0.77990033203125 0.4916943515625 0.804817275390625 0.460132890625 0.813122923828125 0.473421927734375 0.847176080078125 0.490863787109375 0.844684384765625 0.5199335546875 0.85963455078125 0.514950166015625 0.86794019921875 0.52159468359375 0.884551494140625 0.52159468359375 0.888704318359375 0.540697673828125 0.906976744140625 0.558970099609375 0.903654484375 0.580564783203125 0.882890365234375 0.584717607421875 0.862956810546875 0.5681063125 0.835548171875 0.562292359375 0.837209302734375 0.55232558203125 0.852990033203125 0.543189369140625 0.86794019921875 0.55813953515625 0.87375415234375 0.5456810625 0.846345515625 0.524916943359375 0.820598005859375 0.54401993359375 0.808970099609375 0.577242525390625 0.82558139453125 0.607142857421875 0.82558139453125 0.62043189453125 0.847176080078125 0.625415283203125 0.848837208984375 0.645348837890625 0.857142857421875 0.6503322265625 0.857142857421875 0.656976744140625 0.847176080078125 0.6619601328125 0.848837208984375 0.67026578125 0.882890365234375 0.691029900390625 0.911129568359375 0.72591362109375 0.926079734375 0.71428571484375 0.939368771484375 0.719269103515625 0.938538205078125 0.736710962890625 0.89617940234375 0.74584717578125 0.867109634765625 0.723421927734375 0.86212624609375 0.70847176171875 0.8380398671875 0.6843853828125 0.736710962890625 0.6677740859375 0.721760796875 0.6561461796875 0.71594684375 0.688538205078125 0.705149501953125 0.69767441796875 0.668604650390625 0.692691029296875 0.664451828125 0.675249169921875 0.64784053125 0.666943521484375 0.647009966796875 0.64784053125 0.64368770703125 0.66611295703125 0.58388704296875 0.662790697265625 0.5764119609375 0.655315615234375 0.581395349609375 0.62375415234375 0.59219269140625 0.612956810546875 0.612956810546875 0.62043189453125 0.60963455078125 0.608803986328125 0.594684384765625 0.597176080078125 0.59219269140625 0.571428572265625 0.577242525390625 0.571428572265625 0.557308970703125 0.5880398671875 0.53239202734375 0.5880398671875 0.5315614609375 0.573920265625 0.519102990234375 0.563122923828125 0.51827242578125 0.5822259140625 0.509136212890625 0.594684384765625 0.480897009765625 0.59800664453125 0.459302326171875 0.5880398671875 0.44186046484375 0.570598005859375 0.4318936875 0.55232558203125 0.438538205078125 0.530730896484375 0.425249169921875 0.52242525 0.419435216796875 0.5083056484375 0.409468439453125 0.5083056484375 0.406976744140625 0.52242525 0.308970099609375 0.617109634765625 0.300664451171875 0.638704318359375 0.232558138671875 0.74003322265625 0.202657806640625 0.793189369140625 0.189368771484375 0.84800664453125 0.13787375390625 0.96760797265625 0.1395348828125 0.98754152734375 0.125519103515625 1 1 1 1 0.901162791015625 0.994186046875 0.89368770703125 0.980897009765625 0.9003322265625 0.962624583984375 0.898671095703125 0.939368771484375 0.88205980078125 0.882890365234375 0.87043189453125 0.87043189453125 0.854651162109375 0.87375415234375 0.821428572265625 0.9061461796875 0.7757475078125 0.92441860546875 0.779069767578125 0.937707640625 0.8039867109375 0.9684385390625 0.8181063125 0.98837209375 0.841362126953125 0.992524916015625 0.8720930234375 1 0.859978234375 1 0.77387873828125 0.994186046875 0.77242525 0.983388705078125 0.76162790625 0.985049833984375 0.72840531640625 0.9800664453125 0.72009966796875 0.98837209375 0.703488373046875 0.98421926953125 0.692691029296875 1 0.6933771484375 1 0.534468439453125 0.9916943515625 0.53239202734375 0.99003322265625 0.509136212890625 1 0.490863787109375 0.989202658203125 0.483388705078125 0.941029900390625 0.471760796875 0.939368771484375 0.456810630859375 0.92774086328125 0.456810630859375 0.921096345703125 0.475083056640625 0.891196013671875 0.471760796875 0.880398671875 0.45598006640625 0.88205980078125 0.442691029296875 0.90780730859375 0.415282392578125 0.92774086328125 0.416943521484375 0.93604651171875 0.41029900390625 0.950996677734375 0.416943521484375 0.959302326171875 0.408637873046875 0.970930232421875 0.408637873046875 1 0.4320354921875 1 0.298837208984375 0.995016611328125 0.294850498046875 1 0.281007751953125 1 0.274147150390625
0 0.698504982421875 0.046511626953125 0.608803986328125 0.05647840625 0.6162790703125 0.0656146171875 0.60963455078125 0.08388704296875 0.619601328125 0.085548171875 0.642026578125 0.07807308984375 0.726744185546875 0.0764119609375 0.749169435546875 0.05232558203125 0.698504982421875 0.046511626953125
0 1 0.040417482421875 0.76245847265625 0.049003322265625 0.77159468359375 0.071428572265625 0.937707640625 0.06976744140625 0.95598006640625 0.064784052734375 0.9684385390625 0.070598005859375 0.965116279296875 0.085548171875 0.973421927734375 0.087209302734375 0.97009966796875 0.078903654296875 0.980897009765625 0.073089701171875 0.99584717578125 0.084717607421875 1 0.083333333984375 1 0.040417482421875
0 0 0.148973119140625 0.005813953125 0.14950166015625 0.020764119140625 0.12624584765625 0.0456810625 0.122923587890625 0.05647840625 0.125415283203125 0.060631228515625 0.142857142578125 0.087209302734375 0.151162791015625 0.108803986328125 0.1395348828125 0.168604650390625 0.13787375390625 0.196843853515625 0.122923587890625 0.283222591796875 0.112956810546875 0.29983388671875 0.121262458984375 0.31976744140625 0.121262458984375 0.42774086328125 0.104651162109375 0.520764119140625 0.101328904296875 0.529069767578125 0.091362126953125 0.4061461796875 0.08970099609375 0.397009966796875 0.08388704296875 0.412790697265625 0.0764119609375 0.509136212890625 0.071428572265625 0.554817275390625 0.057308970703125 0 0.067657068359375 0 0.148973119140625
0 0.549003322265625 0.418604650390625 0.5481727578125 0.40780730859375 0.539036544921875 0.403654484375 0.53405315625 0.42026578125 0.528239203125 0.41611295703125 0.530730896484375 0.406976744140625 0.517441861328125 0.42026578125 0.507475083984375 0.418604650390625 0.495016611328125 0.39950166015625 0.49003322265625 0.41611295703125 0.500830564453125 0.416943521484375 0.506644517578125 0.429401994140625 0.48837209375 0.441029900390625 0.524916943359375 0.450996677734375 0.539036544921875 0.44186046484375 0.567275748046875 0.44352159375 0.5880398671875 0.432724251953125 0.594684384765625 0.38787375390625 0.590531560546875 0.367109634765625 0.5656146171875 0.368770763671875 0.539867109375 0.39950166015625 0.549003322265625 0.4003322265625 0.557308970703125 0.392026578125 0.56644518359375 0.39950166015625 0.558970099609375 0.42026578125 0.549003322265625 0.418604650390625
0 0.625415283203125 0.3322259140625 0.60215946875 0.35382059765625 0.583056478515625 0.344684384765625 0.5880398671875 0.362956810546875 0.594684384765625 0.364617939453125 0.607142857421875 0.35215946875 0.6279069765625 0.35631229296875 0.631229236328125 0.33970099609375 0.625415283203125 0.3322259140625