1 0.38671875 0.880859375 0.125 0.158203125
1 0.822265625 0.685546875 0.0986328125 0.130859375
1 0.494140625 0.740234375 0.109375 0.1044921875
1 0.6357421875 0.4619140625 0.1484375 0.0986328125
1 0.8564453125 0.9599609375 0.095703125 0.0703125
1 0.5166015625 0.861328125 0.1220703125 0.142578125
1 0.923828125 0.634765625 0.099609375 0.125
1 0.7431640625 0.64453125 0.064453125 0.1279296875
1 0.6123046875 0.583984375 0.1591796875 0.1201171875
1 0.5654296875 0.330078125 0.078125 0.087890625
1 0.69921875 0.9580078125 0.0703125 0.083984375
1 0.6015625 0.69140625 0.087890625 0.0986328125
1 0.95703125 0.8173828125 0.0859375 0.1591796875
1 0.6201171875 0.8564453125 0.078125 0.1044921875
1 0.8427734375 0.3388671875 0.0908203125 0.056640625
1 0.892578125 0.880859375 0.0673828125 0.1171875
1 0.654296875 0.205078125 0.056640625 0.0390625
1 0.654296875 0.28125 0.072265625 0.0517578125
1 0.5478515625 0.189453125 0.048828125 0.052734375
1 0.76171875 0.783203125 0.060546875 0.0830078125
1 0.5380859375 0.25 0.154296875 0.0703125
1 0.78515625 0.91015625 0.1171875 0.107421875
1 0.9658203125 0.1689453125 0.0439453125 0.0341796875
1 0.8056640625 0.548828125 0.0576171875 0.072265625
1 0.9658203125 0.4755859375 0.068359375 0.072265625
1 0.771484375 0.4521484375 0.0888671875 0.0966796875
1 0.884765625 0.1123046875 0.072265625 0.041015625
1 0.7763671875 0.1201171875 0.0595703125 0.0361328125
1 0.921875 0.232421875 0.0703125 0.0595703125
1 0.90625 0.265625 0.0625 0.0361328125
1 0.720703125 0.1767578125 0.0390625 0.033203125
1 0.5927734375 0.1416015625 0.029296875 0.037109375
1 0.474609375 0.150390625 0.041015625 0.0361328125
1 0.806640625 0.0654296875 0.0576171875 0.021484375
1 0.873046875 0.0634765625 0.0361328125 0.0341796875
1 0.693359375 0.029296875 0.0439453125 0.033203125
1 0.8583984375 0.0322265625 0.0341796875 0.025390625
1 0.7158203125 0.2451171875 0.0439453125 0.0546875
1 0.7568359375 0.3603515625 0.041015625 0.037109375
1 0.845703125 0.435546875 0.052734375 0.1015625
1 0.568359375 0.037109375 0.029296875 0.0234375
1 0.9716796875 0.025390625 0.056640625 0.025390625
1 0.841796875 0.1474609375 0.0390625 0.0263671875
1 0.9296875 0.1796875 0.033203125 0.0234375
1 0.65625 0.1513671875 0.029296875 0.033203125
1 0.69921875 0.0771484375 0.0419921875 0.0283203125
1 0.775390625 0.0791015625 0.041015625 0.021484375
1 0.560546875 0.0830078125 0.048828125 0.0234375
1 0.0634765625 0.0107421875 0.0517578125 0.021484375
1 0.849609375 0.2587890625 0.046875 0.056640625
1 0.87109375 0.529296875 0.056640625 0.0546875
1 0.931640625 0.439453125 0.0546875 0.037109375
1 0.962890625 0.375 0.046875 0.0654296875
1 0.982421875 0.2861328125 0.0341796875 0.037109375
1 0.736328125 0.115234375 0.03125 0.0361328125
0 0.51640625 0.0203125 0.48828125 0.025 0.47421875 0.0234375 0.46328125 0.0140625 0.39296875 0.021875 0.384375 0.02578125 0.3796875 0.04140625 0.490625 0.05390625 0.53203125 0.0296875 0.5421875 0.01171875 0.52890625 0.00625 0.51640625 0.0203125
0 0.35390625 0.0734375 0.36171875 0.090625 0.38203125 0.084375 0.39296875 0.1 0.40859375 0.10625 0.42421875 0.1046875 0.459375 0.08203125 0.44609375 0.0765625 0.20859375 0.0609375 0.17421875 0.06875 0.159375 0.11328125 0.13828125 0.1203125 0.1171875 0.14296875 0.12265625 0.1796875 0.3375 0.17890625 0.3421875 0.10703125 0.3375 0.08359375 0.34296875 0.0734375 0.35390625 0.0734375
0 0 0.99921875 0.13515625 1 0.14140625 0.9921875 0.14921875 1 0.2328125 0.99921875 0.25859375 0.978125 0.27890625 0.9875 0.2984375 0.98515625 0.3015625 0.81640625 0.3203125 0.81640625 0.315625 0.85078125 0.34140625 0.8609375 0.36015625 0.83125 0.39140625 0.80625 0.41171875 0.8 0.434375 0.77734375 0.4390625 0.71484375 0.44609375 0.70625 0.46875 0.69921875 0.4765625 0.64609375 0.5125 0.61171875 0.525 0.58515625 0.525 0.55703125 0.5484375 0.53359375 0.55 0.50390625 0.5578125 0.49453125 0.5546875 0.46484375 0.54453125 0.4625 0.534375 0.44921875 0.5421875 0.41015625 0.5390625 0.39765625 0.51875 0.38671875 0.515625 0.36953125 0.5046875 0.35546875 0.503125 0.34609375 0.5203125 0.33359375 0.521875 0.31953125 0.51484375 0.3125 0.50234375 0.3171875 0.49609375 0.3015625 0.45546875 0.2875 0.43515625 0.2640625 0.4078125 0.24765625 0.40625 0.22578125 0.37421875 0.203125 0.34296875 0.2078125 0.31484375 0.2328125 0.30390625 0.2296875 0.29140625 0.209375 0.26953125 0.2015625 0.22734375 0.2046875 0.21328125 0.2125 0.2078125 0.22734375 0.19921875 0.2328125 0.17578125 0.2296875 0.1703125 0.21328125 0.15078125 0.203125 0.12109375 0.2 0.09765625 0.2046875 0.09375 0.21640625 0.109375 0.22734375 0.1140625 0.24921875 0.10625 0.26328125 0.0890625 0.27421875 0.0921875 0.33359375 0.0640625 0.44296875 0.0578125 0.45703125 0.03125 0.47578125 0.025 0.49140625 0 0.50703125 0 0.99921875