1 0.84375 0.630859375 0.20703125 0.173828125
1 0.96875 0.6220703125 0.0625 0.146484375
1 0.671875 0.658203125 0.15625 0.140625
1 0.5078125 0.29296875 0.107421875 0.080078125
1 0.9892578125 0.462890625 0.021484375 0.1171875
1 0.232421875 0.7470703125 0.169921875 0.171875
1 0.22265625 0.6083984375 0.208984375 0.13671875
1 0.0986328125 0.794921875 0.115234375 0.134765625
1 0.6240234375 0.4013671875 0.09375 0.08984375
1 0.5693359375 0.52734375 0.2109375 0.1171875
1 0.4833984375 0.427734375 0.171875 0.09375
1 0.0458984375 0.423828125 0.091796875 0.08203125
1 0.0576171875 0.64453125 0.095703125 0.12109375
1 0.17578125 0.400390625 0.109375 0.08203125
1 0.4560546875 0.3857421875 0.154296875 0.078125
1 0.837890625 0.3427734375 0.1015625 0.091796875
0 1 0.67828343359375 0.947498130859375 0.677900029296875 0.928709849609375 0.704585228515625 0.9230143671875 0.68385843359375 0.835313283203125 0.69604769921875 0.7542296484375 0.702959083984375 0.748555546875 0.7248121953125 0.745640498046875 0.72930300390625 0.754420908203125 0.637106208984375 0.732731466796875 0.644297421875 0.733724580078125 0.685380166015625 0.622206330078125 0.71295549609375 0.622624859375 0.727061201171875 0.662904205078125 0.72237090625 0.66718121875 0.748561017578125 0.6788238515625 0.773484216796875 0.691285251953125 0.790359330078125 0.69561674609375 0.810737404296875 0.68059973046875 0.83611558203125 0.65328123828125 0.85789637890625 0.58304084765625 0.878151123046875 0.55771598046875 0.86756001953125 0.54022556640625 0.88547689453125 0.499871484375 0.87098076171875 0.48046966796875 0.871554951171875 0.47656463671875 0.886584166015625 0.457630392578125 0.8977083515625 0.455062580078125 0.910678435546875 0.446932671875 0.9141813984375 0.434274734375 0.889031419921875 0.424885337890625 0.864733349609375 0.43393819140625 0.853047171875 0.44593201953125 0.8593722890625 0.464250962890625 0.853703580078125 0.472848443359375 0.860750615234375 0.4786937890625 0.8089235859375 0.489284892578125 0.783598720703125 0.485474283203125 0.77819655078125 0.3445259296875 0.808156048828125 0.243559361328125 0.821142732421875 0.06732084375 0.8692717890625 0.095107982421875 1 0.552552119140625 1 1 0.904892017578125 1 0.67828343359375
0 0.889153326171875 0.143061341796875 0.889981857421875 0.155309509765625 0.8971355078125 0.1555638515625 0.936000412109375 0.14635349609375 0.9163546875 0.053927626953125 0.9067137578125 0.046146669921875 0.884329861328125 0.053566859375 0.88757848046875 0.068850416015625 0.91579101171875 0.093026904296875 0.915027986328125 0.114487853515625 0.889153326171875 0.143061341796875
0 1 0.507315119140625 0.9535881328125 0.517180265625 0.943239171875 0.50606827734375 0.9724035625 0.467921052734375 0.970853115234375 0.452276537109375 0.981444220703125 0.426951669921875 0.994067048828125 0.419535546875 0.990120578125 0.400968857421875 0.9824615859375 0.398337072265625 0.98641992578125 0.38773376953125 0.98726901171875 0.387553291015625 0.946443728515625 0.195485435546875 0.852593142578125 0.217391080078125 0.815487677734375 0.218178501953125 0.807251154296875 0.212829642578125 0.79850594921875 0.221788080078125 0.793665771484375 0.2157173046875 0.7835833515625 0.226734873046875 0.760785189453125 0.22803098046875 0.7187984375 0.247604919921875 0.6690838515625 0.247522701171875 0.656421416015625 0.2422271484375 0.646527830078125 0.212381951171875 0.652438681640625 0.194264041015625 0.674769271484375 0.18241794140625 0.716353953125 0.18600312109375 0.735649154296875 0.176577109375 0.761695939453125 0.19056455859375 0.81155825390625 0.174641306640625 0.82807240625 0.160481734375 0.855710748046875 0.165256404296875 0.8791242109375 0.158504822265625 0.870982107421875 0.132724580078125 0.840095146484375 0.1126663515625 0.842449728515625 0.081992623046875 0.820320171875 0.0822591640625 0.806841404296875 0.093998646484375 0.769161751953125 0.075384251953125 0.750440740234375 0.10421208203125 0.66614739453125 0.11680449609375 0.6348994765625 0.095048095703125 0.627491484375 0.10194740234375 0.61719583203125 0.095261328125 0.6101076875 0.128716103515625 0.56425701953125 0.138461962890625 0.556730212890625 0.1072262421875 0.56645167578125 0.094510501953125 0.554150201171875 0.09091312109375 0.518488568359375 0.098493236328125 0.5141692734375 0.107398365234375 0.533890939453125 0.133379642578125 0.534210787109375 0.159935109375 0.570901984375 0.15302360546875 0.577747986328125 0.15600568359375 0.5754878203125 0.166248029296875 0.557529833984375 0.173614912109375 0.5519677421875 0.1641477890625 0.550737142578125 0.1750587421875 0.528406552734375 0.186904841796875 0.449929640625 0.201810728515625 0.4412377421875 0.215195078125 0.480455642578125 0.220170783203125 0.55213986328125 0.206708728515625 0.5930559375 0.211323474609375 0.59980751953125 0.2347369375 0.59183753515625 0.2515176328125 0.5511346953125 0.26460653125 0.557164361328125 0.2846236484375 0.5714183515625 0.280706421875 0.572501224609375 0.285800939453125 0.50155112109375 0.331942544921875 0.5077818203125 0.3403801015625 0.530633291015625 0.343509908203125 0.531461822265625 0.355758076171875 0.559112361328125 0.389815951171875 0.58628312890625 0.384040626953125 0.59636555078125 0.37302305859375 0.659665521484375 0.370217615234375 0.679682638671875 0.36418794921875 0.689404103515625 0.35147220703125 0.719355916015625 0.35043044140625 0.739775099609375 0.321241654296875 0.804560013671875 0.300371607421875 0.859984419921875 0.293915478515625 0.92051554296875 0.3156596796875 0.923870779296875 0.33979505859375 0.912303416015625 0.36887723046875 0.8717605 0.395243861328125 0.877991201171875 0.40368141796875 0.901564587890625 0.4102075703125 0.9047598984375 0.421065216796875 0.92163501171875 0.408603814453125 0.940474837890625 0.417911013671875 0.950516150390625 0.43175073828125 0.945581556640625 0.44611134375 0.905440705078125 0.44931885546875 0.88697403515625 0.470993037109375 0.856152580078125 0.48464392578125 0.72405605078125 0.514496806640625 0.71516312109375 0.539460716796875 0.682951140625 0.550744826171875 0.696347689453125 0.5887199296875 0.759085671875 0.595795875 0.808226068359375 0.576476275390625 0.833444322265625 0.57821555859375 0.863543859375 0.561168322265625 0.91748332421875 0.572776794921875 0.926856029296875 0.587646083984375 0.936068810546875 0.589237642578125 0.958346091796875 0.57296562890625 1 0.565552802734375 1 0.507315119140625
0 0.648320212890625 0 0.6403716640625 0.01223969140625 0.62544906640625 0.017186484375 0.479660537109375 0.041075205078125 0.45568508203125 0.057708173828125 0.46057856640625 0.068204861328125 0.530617921875 0.05952967578125 0.52702054296875 0.071831150390625 0.511736986328125 0.075079771484375 0.388640005859375 0.088820564453125 0.184444990234375 0.126011416015625 0.1846460234375 0.11443185546875 0.345919142578125 0.075714953125 0.275879787109375 0.084390140625 0 0.140772439453125 0 0.188016046875 0.007740587890625 0.18398241015625 0.03187596875 0.180627173828125 0.051905283203125 0.203880712890625 0.0296935078125 0.253861841796875 0.0013987578125 0.27939994140625 0 0.279634275390625 0 0.36480647265625 0.000044830078125 0.36488277734375 0.00976629296875 0.352167037109375 0.023712634765625 0.350977546875 0.022281001953125 0.373468060546875 0.030825173828125 0.37608918359375 0.0695221953125 0.36608898046875 0.090663294921875 0.340296537109375 0.099154158203125 0.338491748046875 0.11063930078125 0.359124166015625 0.15345458203125 0.35179839453125 0.181921455078125 0.368821232421875 0.19890318359375 0.365211654296875 0.202447255859375 0.348484267578125 0.21093812109375 0.3466794765625 0.218251693359375 0.3602115546875 0.252535 0.379547865234375 0.256251193359375 0.40538141796875 0.242772427734375 0.417120900390625 0.2643399921875 0.426735748046875 0.267186544921875 0.465178427734375 0.2821335390625 0.51879804296875 0.30081344140625 0.5148275078125 0.29521023828125 0.5302176796875 0.308992142578125 0.628457369140625 0.283318513671875 0.645451296875 0.282809830078125 0.659758595703125 0.26958540625 0.664344431640625 0.2448758359375 0.648297849609375 0.242923322265625 0.65581245703125 0.214776298828125 0.665345083984375 0.19270005078125 0.67003753515625 0.189558046875 0.663605802734375 0.178351640625 0.694386146484375 0.154363990234375 0.68173591015625 0.098685240234375 0.69534569140625 0.093283072265625 0.699156302734375 0.101010912109375 0.718812462890625 0.097105880859375 0.73384167578125 0.120933609375 0.733214177734375 0.133034052734375 0.748391119140625 0.153412126953125 0.744059625 0.160139314453125 0.70890667578125 0.2084100703125 0.702196205078125 0.225646140625 0.691432978515625 0.232586560546875 0.67398367578125 0.24447376953125 0.671456970703125 0.263982203125 0.679734603515625 0.274064625 0.668717033203125 0.278703767578125 0.68636737109375 0.288999421875 0.6930534453125 0.331248197265625 0.808315970703125 0.488148712890625 0.7740782890625 0.508059212890625 0.75919680078125 0.546034318359375 0.745800251953125 0.568619248046875 0.726800501953125 0.597849146484375 0.722362392578125 0.6025293984375 0.715155435546875 0.595901146484375 0.61717008984375 0.640000333984375 0.603359275390625 0.63612421484375 0.564247990234375 0.59217275390625 0.56205333203125 0.596344322265625 0.569153673828125 0.589965896484375 0.57672158984375 0.57483006640625 0.563964736328125 0.48034768359375 0.578722896484375 0.473756025390625 0.56858716796875 0.473944859375 0.52772440234375 0.510168482421875 0.510262900390625 0.631715017578125 0.480877591796875 0.64324126953125 0.476652716796875 0.64786821484375 0.465019845703125 0.65780291015625 0.47000775 0.662122205078125 0.461102619140625 0.65923454296875 0.447517236328125 0.64960749609375 0.439801595703125 0.6156440390625 0.447020751953125 0.600093943359375 0.42813981640625 0.580277857421875 0.422589921875 0.45240620703125 0.4639690546875 0.397650408203125 0.46939562109375 0.388946310546875 0.453496763671875 0.400365947265625 0.440420064453125 0.398561158203125 0.43192919921875 0.384401583984375 0.41541504296875 0.371431501953125 0.41284723046875 0.36678016015625 0.3659136875 0.3714604140625 0.35870673046875 0.40809830078125 0.347369314453125 0.401760984375 0.33007993359375 0.40644123828125 0.3228729765625 0.421778103515625 0.324050267578125 0.428476376953125 0.3430378203125 0.456984357421875 0.335203365234375 0.460688353515625 0.3317537109375 0.4462744375 0.322393203125 0.449510859375 0.308393556640625 0.482284830078125 0.28722805859375 0.505792708984375 0.260045091796875 0.437812484375 0.270057494140625 0.341779654296875 0.269171140625 0.342276138671875 0.22558063671875 0.3175665703125 0.209534052734375 0.319720119140625 0.19043988671875 0.34168975 0.176895611328125 0.34919216015625 0.149564919921875 0.36128040234375 0.13545865625 0.37692491796875 0.133908208984375 0.390309267578125 0.142600107421875 0.40488310546875 0.165238345703125 0.428657525390625 0.1601849375 0.428030029296875 0.136357208984375 0.466608234375 0.088221978515625 0.53247601953125 0.072446451171875 0.552960712890625 0.07696678125 0.586817552734375 0.06089580078125 0.6276803203125 0.06108463671875 0.639715255859375 0.0425524609375 0.671980541015625 0.035694263671875 0.69591488671875 0.0439185859375 0.7025598515625 0.0584802265625 0.697932908203125 0.07011309765625 0.721251953125 0.083792896484375 0.744919755859375 0.069887666015625 0.762623400390625 0.06967443359375 0.774711646484375 0.055568169921875 0.761794869140625 0.057426265625 0.750469650390625 0.05007158203125 0.75988346484375 0.040083578125 0.83908229296875 0.0285740390625 0.85595740625 0.016112638671875 0.905113955078125 0.001044138671875 0.904892015625 0 0.723493123046875 0 0.7114405859375 0.004233111328125 0.678092427734375 0.00599679296875 0.657278544921875 0 0.648320212890625 0