1 0.1220703125 0.69921875 0.150390625 0.216796875
1 0.880859375 0.0966796875 0.140625 0.15625
1 0.26171875 0.0849609375 0.060546875 0.076171875
1 0.2607421875 0.4970703125 0.09375 0.119140625
1 0.970703125 0.9013671875 0.05859375 0.064453125
1 0.0244140625 0.1396484375 0.048828125 0.060546875
1 0.9443359375 0.435546875 0.111328125 0.18359375
1 0.5322265625 0.2021484375 0.119140625 0.123046875
1 0.6845703125 0.1279296875 0.13671875 0.09765625
1 0.1533203125 0.1689453125 0.103515625 0.091796875
1 0.478515625 0.490234375 0.333984375 0.275390625
1 0.2470703125 0.384765625 0.125 0.16796875
1 0.705078125 0.2275390625 0.1015625 0.130859375
1 0.0322265625 0.66796875 0.044921875 0.140625
1 0.77734375 0.056640625 0.05859375 0.05859375
1 0.8330078125 0.0078125 0.072265625 0.015625
1 0.9013671875 0.0107421875 0.052734375 0.021484375
1 0.1083984375 0.5576171875 0.0625 0.076171875
1 0.03125 0.5712890625 0.05859375 0.068359375
0 0.52807591796875 1 0.525254439453125 0.932545576171875 0.537912146484375 0.911316771484375 0.52852081640625 0.882366177734375 0.5237474921875 0.87751519140625 0.50861455859375 0.883116015625 0.487895337890625 0.90401963671875 0.4798483671875 0.934130185546875 0.459354861328125 0.9109430078125 0.45910006640625 0.89416234375 0.45375403515625 0.895810072265625 0.450635708984375 0.911522984375 0.44241160546875 0.91522855859375 0.4447242421875 0.93488729296875 0.432136927734375 0.931273921875 0.43789307421875 0.927158236328125 0.4364079375 0.917781447265625 0.425383419921875 0.913920552734375 0.417406837890625 0.919188923828125 0.418891974609375 0.9285657109375 0.42679089453125 0.932921650390625 0.408610025390625 0.9293932109375 0.371845443359375 0.94002215625 0.325781732421875 0.942511923828125 0.32678636328125 0.97919884765625 0.31064152734375 0.9328948828125 0.303972951171875 0.921135068359375 0.29475875390625 0.91858944921875 0.289660244140625 0.9217999765625 0.2938681328125 0.94836754296875 0.289759716796875 0.95782926171875 0.26450742578125 0.960226830078125 0.258673619140625 0.973966828125 0.2240445390625 0.97784953515625 0.2017625234375 0.999000677734375 0.195453052734375 1 0.21844041015625 1 0.23589655859375 0.991992376953125 0.245853322265625 0.999226390625 0.245651388671875 1 0.317995986328125 1 0.317664369140625 0.997464646484375 0.333702462890625 0.992521458984375 0.34636832421875 1 0.52807591796875 1
0 1 0.5151132734375 0.9220379140625 0.519663857421875 0.915454267578125 0.51349759765625 0.90523544140625 0.4742650546875 0.89429585546875 0.47599771484375 0.880895580078125 0.492538125 0.87636977734375 0.4892499375 0.866066017578125 0.444423841796875 0.8644668671875 0.368582037109375 0.873681064453125 0.37112765625 0.8831500546875 0.3904539375 0.886537712890625 0.421957421875 0.896819662109375 0.421129921875 0.897717552734375 0.4065696953125 0.920006837890625 0.400636416015625 0.934050208984375 0.35275511328125 0.98074142578125 0.339055298828125 0.976620857421875 0.31303905078125 0.87291668359375 0.320785666015625 0.852097994140625 0.30566000390625 0.838513318359375 0.28057757421875 0.836256529296875 0.2056409296875 0.82076205859375 0.14321394140625 0.809659880859375 0.148977357421875 0.813705177734375 0.179575681640625 0.78507976953125 0.180905494140625 0.773652408203125 0.19473042578125 0.776297498046875 0.221545515625 0.802151578125 0.273520693359375 0.799288044921875 0.306014267578125 0.804486025390625 0.338833025390625 0.7984046953125 0.3510102265625 0.81163015234375 0.485085671875 0.810860814453125 0.596546646484375 0.745223298828125 0.606942607421875 0.7067260546875 0.60663196484375 0.700142408203125 0.600465703125 0.70235557421875 0.584095154296875 0.73088151171875 0.546736052734375 0.7663308203125 0.537917431640625 0.77224955859375 0.529770986328125 0.76415896484375 0.468574341796875 0.766949791015625 0.28390211328125 0.760443806640625 0.26811154296875 0.732313443359375 0.272566953125 0.6819010625 0.298173509765625 0.659505033203125 0.25285963671875 0.652899576171875 0.20103978125 0.6330709765625 0.19216530859375 0.622216322265625 0.1994915234375 0.61786765234375 0.222608310546875 0.662358650390625 0.5439719921875 0.662627986328125 0.591188388671875 0.624300603515625 0.602064853515625 0.518108 0.609272099609375 0.480028142578125 0.62171136328125 0.46628814453125 0.615877556640625 0.42228227734375 0.621245400390625 0.37351035546875 0.636980123046875 0.31881242578125 0.645643423828125 0.30589265625 0.63487369921875 0.208009087890625 0.64396892578125 0.1861299140625 0.647434248046875 0.17544512109375 0.6659475703125 0.177672828125 0.680012751953125 0.18878227734375 0.689467201171875 0.18477333203125 0.734958205078125 0.194164662109375 0.763908798828125 0.19943303125 0.771885380859375 0.229621240234375 0.77030804296875 0.235950091796875 0.759693638671875 0.245659333984375 0.76536485546875 0.2488067421875 0.810523404296875 0.26830288671875 0.8122415234375 0.278097060546875 0.823506294921875 0.30112164453125 0.80704354296875 0.318977330078125 0.81863349609375 0.3283541171875 0.817148359375 0.35228386328125 0.80134324609375 0.351781548828125 0.78299978515625 0.413798421875 0.7699732734375 0.4198870234375 0.773013939453125 0.420304408203125 0.785763845703125 0.386262576171875 0.81358356640625 0.3946638125 0.83628296875 0.41375711328125 0.85568691015625 0.423558556640625 0.882169546875 0.42288637890625 0.8526389765625 0.4464763984375 0.81445964453125 0.488099240234375 0.814275244140625 0.499788666015625 0.832448841796875 0.5150914609375 0.838035126953125 0.5220924921875 0.85695129296875 0.54634015234375 0.817866802734375 0.5742229921875 0.81184859375 0.591753494140625 0.83150005859375 0.60770666015625 0.82096331640625 0.61931115234375 0.833543361328125 0.6420105546875 0.825142123046875 0.650156998046875 0.83106086328125 0.661683830078125 0.85326521875 0.6666342890625 0.884521177734375 0.659810392578125 0.892009984375 0.673140275390625 0.90031175 0.6946020625 0.8840965234375 0.706036693359375 0.885489458984375 0.721261828125 0.900700052734375 0.73688980859375 0.89822482421875 0.734089396484375 0.890658357421875 0.720186806640625 0.888855306640625 0.714416119140625 0.862535263671875 0.731599626953125 0.8445946484375 0.742871666015625 0.850018337890625 0.7479774453125 0.862025677734375 0.749639716796875 0.897807439453125 0.770358935546875 0.876903818359375 0.781298521484375 0.875171158203125 0.798991615234375 0.8907918671875 0.803864412109375 0.931672138671875 0.8111056953125 0.936933240234375 0.809315986328125 0.95724172265625 0.871846814453125 0.9473378125 0.87073954296875 0.929090166015625 0.882739611328125 0.9087665234375 0.888743279296875 0.9062136328125 0.89154369140625 0.9137801015625 0.89293662890625 0.90234546875 0.907666716796875 0.914430466796875 0.91432075390625 0.895754552734375 0.959069189453125 0.895075103515625 0.965985291015625 0.908397716796875 0.967130703125 0.895400287109375 0.9931255625 0.89769111328125 1 0.8843799140625 1 0.6360938203125 0.990526736328125 0.623359419921875 0.9880515078125 0.607731439453125 0.994868134765625 0.585024767578125 1 0.58339530078125 1 0.5151132734375
0 0.5998275625 0.169395517578125 0.590174169921875 0.10844639453125 0.56134981640625 0.037717640625 0.56175266015625 0.02003181640625 0.551053328125 0.008109408203125 0.542991814453125 0.0077842265625 0.53394748046875 0.01642571484375 0.5343648671875 0.029175623046875 0.555763533203125 0.0530204375 0.5675524296875 0.1072233203125 0.5858255 0.131563181640625 0.58435490625 0.152622125 0.5930036640625 0.17688432421875 0.5998275625 0.169395517578125
0 0.304895294921875 0.613404640625 0.318945935546875 0.580741205078125 0.31416533984375 0.560672353515625 0.320819375 0.5419964375 0.3120080234375 0.521764994140625 0.22942725390625 0.536446505859375 0.21872791796875 0.524524099609375 0.19966865625 0.40418865234375 0.212947646484375 0.305965359375 0.20709930078125 0.28926962890625 0.21432604296875 0.264094998046875 0.2079826484375 0.24427366796875 0.209700767578125 0.2247775234375 0.217267234375 0.22197711328125 0.220053107421875 0.199107849609375 0.2077909765625 0.18743296484375 0.203852419921875 0.20808179296875 0.195055607421875 0.218286080078125 0.18510611328125 0.226269931640625 0.166105015625 0.227677408203125 0.16199659765625 0.237139126953125 0.176741228515625 0.279659857421875 0.173382650390625 0.3090278359375 0.165491 0.31988976171875 0.171679072265625 0.358959712890625 0.16552008203125 0.38076122265625 0.173115630859375 0.438832271484375 0.1903354921875 0.496980982421875 0.18088104296875 0.508090431640625 0.18954434375 0.562788361328125 0.184064802734375 0.62933830859375 0.284006212890625 0.623121154296875 0.304895294921875 0.613404640625