1 0.94921875 0.4765625 0.1015625 0.125
1 0.2978515625 0.689453125 0.1328125 0.16796875
1 0.15234375 0.4775390625 0.15625 0.1875
1 0.64453125 0.6689453125 0.1328125 0.162109375
1 0.4765625 0.529296875 0.13671875 0.171875
1 0.7509765625 0.59765625 0.107421875 0.115234375
1 0.0732421875 0.3525390625 0.1015625 0.142578125
1 0.6494140625 0.5556640625 0.103515625 0.099609375
1 0.412109375 0.66015625 0.099609375 0.14453125
1 0.34375 0.4130859375 0.08984375 0.083984375
1 0.197265625 0.2783203125 0.1015625 0.10546875
1 0.6376953125 0.3564453125 0.07421875 0.080078125
1 0.7705078125 0.7578125 0.111328125 0.140625
1 0.8984375 0.4375 0.11328125 0.130859375
1 0.822265625 0.404296875 0.080078125 0.09765625
1 0.384765625 0.4765625 0.099609375 0.11328125
1 0.8095703125 0.677734375 0.107421875 0.099609375
1 0.6376953125 0.27734375 0.08203125 0.08984375
1 0.5263671875 0.1611328125 0.05859375 0.068359375
1 0.7509765625 0.453125 0.072265625 0.1015625
1 0.7216796875 0.6787109375 0.0703125 0.0859375
1 0.6806640625 0.3916015625 0.0703125 0.06640625
1 0.544921875 0.578125 0.099609375 0.12109375
1 0.0859375 0.0478515625 0.0546875 0.05078125
1 0.7607421875 0.359375 0.08203125 0.08984375
1 0.1435546875 0.3330078125 0.060546875 0.06640625
1 0.3173828125 0.58984375 0.091796875 0.083984375
1 0.2265625 0.0888671875 0.0546875 0.060546875
1 0.5634765625 0.6328125 0.060546875 0.126953125
1 0.4658203125 0.658203125 0.068359375 0.091796875
1 0.2509765625 0.5595703125 0.078125 0.099609375
1 0.21875 0.3505859375 0.087890625 0.095703125
1 0.138671875 0.1123046875 0.05078125 0.05078125
1 0.2392578125 0.037109375 0.046875 0.044921875
1 0.3291015625 0.044921875 0.046875 0.03515625
1 0.6865234375 0.1484375 0.048828125 0.046875
1 0.703125 0.232421875 0.05078125 0.046875
1 0.806640625 0.333984375 0.048828125 0.04296875
1 0.583984375 0.1689453125 0.046875 0.05859375
1 0.419921875 0.029296875 0.037109375 0.046875
1 0.5078125 0.115234375 0.044921875 0.044921875
1 0.2841796875 0.0107421875 0.056640625 0.021484375
0 1 0.0978106484375 0.952075615234375 0.086575001953125 0.927085080078125 0.071706619140625 0.927249568359375 0.055132224609375 0.753762705078125 0.030750236328125 0.767255833984375 0.046623423828125 0.791241564453125 0.0499943984375 0.797640841796875 0.06661771875 0.819431740234375 0.07317444140625 0.824599318359375 0.086130443359375 0.85104844921875 0.09683605078125 0.8657871640625 0.122493380859375 0.85648458984375 0.120312435546875 0.842806236328125 0.130619814453125 0.80902247265625 0.122377603515625 0.79143601953125 0.1356299453125 0.773581 0.138361908203125 0.755512978515625 0.15504078515625 0.74352011328125 0.153355298828125 0.7310595703125 0.16121316796875 0.736213259765625 0.16805234375 0.752355009765625 0.165079599609375 0.769941462890625 0.151827255859375 0.787328802734375 0.158638654296875 0.7875973671875 0.169159037109375 0.77294198828125 0.18020265625 0.735759470703125 0.18371252734375 0.722817357421875 0.194996931640625 0.73483800390625 0.208916068359375 0.735134345703125 0.2316701015625 0.752804138671875 0.25511870703125 0.73302284765625 0.271556798828125 0.742353203125 0.28597139453125 0.754346068359375 0.2876568828125 0.76026377734375 0.307706734375 0.76979324609375 0.302057587890625 0.783286373046875 0.3179307734375 0.818755623046875 0.314180119140625 0.839101818359375 0.331016443359375 0.851576251953125 0.329275396484375 0.86036948046875 0.3226492265625 0.860100916015625 0.312128841796875 0.844908412109375 0.3021316953125 0.840958640625 0.286726185546875 0.866856755859375 0.270274203125 0.994231166015625 0.333600279296875 1 0.3395214921875 1 0.0978106484375
0 0.773168787109375 0.495587259765625 0.7587541953125 0.50491761328125 0.73819499609375 0.502028205078125 0.720552982421875 0.49081325 0.711690306640625 0.466855298828125 0.660292310546875 0.45963178125 0.61695130078125 0.44480506640625 0.61130215234375 0.43527559765625 0.539020837890625 0.390174990234375 0.47019383203125 0.357789599609375 0.4694298125 0.34457892578125 0.48898420703125 0.335970923828125 0.520063787109375 0.338591767578125 0.540354423828125 0.330960791015625 0.546725923828125 0.335350458984375 0.584802126953125 0.2944033984375 0.56985040625 0.282692986328125 0.548087287109375 0.28836991015625 0.51916087109375 0.26421284375 0.515581552734375 0.196446203125 0.49673562109375 0.193797580078125 0.4838073984375 0.21119880859375 0.47157375 0.211226587890625 0.454144740234375 0.18606471484375 0.4396884765625 0.17704459375 0.434618126953125 0.206906365234375 0.41626765234375 0.20694803515625 0.4154758515625 0.181503708984375 0.4232642734375 0.163380130859375 0.41468405078125 0.15605938671875 0.3344290859375 0.15526292578125 0.328793830078125 0.15185028125 0.3358737890625 0.144983326171875 0.315555375 0.14038065234375 0.30653525390625 0.154836916015625 0.284517462890625 0.156110283203125 0.286994748046875 0.169561740234375 0.2644815 0.168144818359375 0.259851046875 0.17622958203125 0.23123486328125 0.180943373046875 0.2285584609375 0.18755565625 0.261578203125 0.18258719140625 0.232494341796875 0.196844337890625 0.20165554296875 0.192510228515625 0.191588947265625 0.177118609375 0.17424327734375 0.188657685546875 0.15736528515625 0.190653404296875 0.15054 0.201923919921875 0.154461990234375 0.205095779296875 0.164741587890625 0.206540482421875 0.171326091796875 0.196983234375 0.18651859765625 0.206980380859375 0.167445771484375 0.212161849609375 0.162574533203125 0.221959880859375 0.134680701171875 0.221533873046875 0.110000396484375 0.23553634765625 0.0825881328125 0.2316838046875 0.075522060546875 0.244667583984375 0.06231138671875 0.24543160546875 0.060639787109375 0.263541296875 0.02688007421875 0.273774921875 0.02324215625 0.299660060546875 0.0291619765625 0.301047935546875 0.064816453125 0.27111671484375 0.095386685546875 0.26493044140625 0.11302869921875 0.2761453984375 0.131096720703125 0.25946651953125 0.15212359765625 0.2528125703125 0.156740162109375 0.23861098046875 0.181193572265625 0.23243859765625 0.1806703359375 0.217514654296875 0.199247703125 0.20964289453125 0.212713052734375 0.213282431640625 0.215912689453125 0.221594091796875 0.191954740234375 0.230456765625 0.212527828125 0.239462998046875 0.2348419609375 0.2609436640625 0.24816375390625 0.309114244140625 0.2613605390625 0.302233396484375 0.2777708515625 0.30978103515625 0.28072970703125 0.319805962890625 0.26729213671875 0.32840007421875 0.29525541796875 0.35941020703125 0.310434033203125 0.36329053125 0.3290669609375 0.3798860703125 0.385632537109375 0.400065587890625 0.38765603515625 0.42917723046875 0.423435515625 0.45429743359375 0.46578561328125 0.4637435625 0.531695431640625 0.504454501953125 0.5415212421875 0.521559388671875 0.565266189453125 0.52664362890625 0.602263482421875 0.549314326171875 0.61424245703125 0.54488298828125 0.634732208984375 0.517188271484375 0.71017149609375 0.5522500625 0.749067279296875 0.548980974609375 0.801257076171875 0.581648818359375 0.795038361328125 0.64454422265625 0.804808615234375 0.63718180859375 0.814606646484375 0.642053044921875 0.850770470703125 0.62092894140625 0.874996984375 0.622586650390625 0.888504001953125 0.644576662109375 0.886336947265625 0.6599960625 0.892977009765625 0.674906115234375 0.884961693359375 0.70085978515625 0.92283878125 0.67997646484375 0.94216628125 0.6791985546875 0.974577654296875 0.7158527890625 0.99893409765625 0.54254769140625 0.90432629296875 0.5009169453125 0.821978380859375 0.44042471875 0.798474216796875 0.4336272109375 0.790403341796875 0.43511358203125 0.78997733203125 0.463007416015625 0.773168787109375 0.495587259765625
0 0.934643369140625 1 0.94541215625 0.92337609375 0.924894626953125 0.938837162109375 0.896250662109375 0.931317302734375 0.8639116015625 0.9127954921875 0.84862187109375 0.8599805703125 0.8109300078125 0.85468332421875 0.79990027734375 0.846144771484375 0.79327410546875 0.837351544921875 0.799548376953125 0.798923439453125 0.775618203125 0.820019763671875 0.75773540625 0.810518072265625 0.752396490234375 0.82985946484375 0.731865072265625 0.83920370703125 0.712097673828125 0.861758623046875 0.672692541015625 0.85622059375 0.641288837890625 0.81861206640625 0.614117357421875 0.8130462578125 0.6018420390625 0.7947235625 0.61327 0.763134634765625 0.638686544921875 0.750109185546875 0.637695630859375 0.744728599609375 0.592132005859375 0.720853986328125 0.555106935546875 0.685949640625 0.532325123046875 0.67401233203125 0.51594258984375 0.67869834375 0.50814027734375 0.690705099609375 0.4824829453125 0.70544381640625 0.47782471484375 0.7012949296875 0.418879080078125 0.7104817265625 0.393476423828125 0.729624001953125 0.370963173828125 0.728207076171875 0.357044037109375 0.74022772265625 0.308378 0.75085922265625 0.3027705234375 0.759680228515625 0.30700274609375 0.791722947265625 0.29111566796875 0.799099248046875 0.26688915234375 0.797441541015625 0.25217821484375 0.784017861328125 0.25945729296875 0.7570871640625 0.231693126953125 0.7060132890625 0.238675861328125 0.65632855859375 0.217380419921875 0.652462125 0.20198880078125 0.662528720703125 0.179957119140625 0.657685263671875 0.173812513671875 0.64546550390625 0.181119369140625 0.630768455078125 0.161013958984375 0.612218865234375 0.17320594140625 0.59384061328125 0.21574126171875 0.577106177734375 0.22525683984375 0.565340205078125 0.22644687109375 0.550657048828125 0.194672716796875 0.56540965234375 0.184379228515625 0.557848125 0.219579916015625 0.543577087890625 0.217343412109375 0.528412361328125 0.192663107421875 0.5424148359375 0.1246695703125 0.55382424609375 0.132286658203125 0.567998056640625 0.1210578125 0.579523244140625 0.11393618359375 0.568039724609375 0.09533103515625 0.5636778359375 0.08581545703125 0.57544380859375 0.0978222109375 0.58324612109375 0.09906780078125 0.59303026171875 0.0773463515625 0.617057662109375 0.0514065703125 0.615159169921875 0 0.637351091796875 0 0.8274144453125 0.013223814453125 0.824687037109375 0.034843376953125 0.86354115234375 0.03416269140625 0.887031427734375 0.0534624140625 0.8740198671875 0.084301212890625 0.8783539765625 0.11476955859375 0.935049220703125 0.160277625 0.93445653515625 0.171170837890625 0.958699861328125 0.465036595703125 1 0.934643369140625 1