1 0.427734375 0.4970703125 0.123046875 0.099609375
1 0.931640625 0.8818359375 0.056640625 0.19140625
1 0.5908203125 0.5546875 0.0703125 0.1171875
1 0.3447265625 0.6103515625 0.2265625 0.099609375
1 0.796875 0.744140625 0.10546875 0.138671875
1 0.931640625 0.6357421875 0.12109375 0.1171875
1 0.79296875 0.6220703125 0.109375 0.123046875
1 0.7509765625 0.3125 0.09375 0.17578125
1 0.2216796875 0.296875 0.388671875 0.326171875
1 0.47265625 0.388671875 0.1171875 0.11328125
1 0.759765625 0.546875 0.083984375 0.0859375
1 0.8662109375 0.302734375 0.060546875 0.044921875
1 0.4990234375 0.216796875 0.08203125 0.048828125
1 0.6923828125 0.6162109375 0.0625 0.0859375
1 0.916015625 0.767578125 0.087890625 0.08984375
1 0.6962890625 0.53125 0.05859375 0.0625
1 0.849609375 0.5361328125 0.05859375 0.08984375
1 0.9619140625 0.556640625 0.076171875 0.08203125
1 0.5947265625 0.4345703125 0.07421875 0.076171875
1 0.970703125 0.4150390625 0.05078125 0.072265625
1 0.99609375 0.43359375 0.0078125 0.0546875
1 0.978515625 0.4921875 0.04296875 0.046875
1 0.548828125 0.1015625 0.099609375 0.046875
1 0.3486328125 0.4951171875 0.0546875 0.064453125
1 0.728515625 0.4287109375 0.115234375 0.0703125
1 0.6298828125 0.3779296875 0.08203125 0.0703125
1 0.48828125 0.3193359375 0.080078125 0.0546875
1 0.6474609375 0.2666015625 0.095703125 0.064453125
1 0.611328125 0.1865234375 0.1015625 0.0546875
1 0.4482421875 0.1669921875 0.16015625 0.064453125
0 0.927040341796875 1 0.9303410703125 0.9791600234375 0.909522501953125 0.920728447265625 0.812506005859375 0.900350341796875 0.75366946484375 0.870982734375 0.743470244140625 0.85098925390625 0.756959490234375 0.80801591015625 0.756281220703125 0.79120113671875 0.74264515234375 0.78235845703125 0.702238068359375 0.78431227734375 0.694605111328125 0.7797618671875 0.700977685546875 0.7289784140625 0.75434256640625 0.7190525 0.7647341015625 0.69563733984375 0.756503865234375 0.684309390625 0.710787107421875 0.66704416015625 0.63718576953125 0.65705758984375 0.611801626953125 0.6380005234375 0.598858994140625 0.614231064453125 0.56351860546875 0.6052922265625 0.555900814453125 0.569000263671875 0.484445611328125 0.556012134765625 0.47578008203125 0.557981119140625 0.473456798828125 0.5726497578125 0.479540900390625 0.58697926171875 0.471214505859375 0.5973556328125 0.45199545703125 0.602665306640625 0.44872059375 0.633890576171875 0.4385062109375 0.645638650390625 0.249524748046875 0.6257313359375 0.23640496484375 0.613628958984375 0.2575423359375 0.543464470703125 0.270322982421875 0.547159458984375 0.280780345703125 0.56552308984375 0.313554470703125 0.559018859375 0.408343841796875 0.57236128515625 0.42267334375 0.56627718359375 0.426884619140625 0.55023683984375 0.40998885546875 0.540877875 0.32360687109375 0.5271963125 0.300191708984375 0.51680477734375 0.304337158203125 0.458985642578125 0.27225646875 0.450563091796875 0.24059590625 0.460585162109375 0.241871455078125 0.48417747265625 0.2356911953125 0.4915522890625 0.168173962890625 0.495895220703125 0.15076191015625 0.489795953125 0.150939060546875 0.478128869140625 0.19649383203125 0.47531962890625 0.227040830078125 0.461779716796875 0.2068853671875 0.45190446875 0.105222302734375 0.460863638671875 0.0013460234375 0.452150685546875 0 0.46064914453125 0 0.526607328125 0.02179637890625 0.544552873046875 0.063656162109375 0.55452428125 0.069578279296875 0.5487793125 0.069674435546875 0.527074994140625 0.08211594921875 0.522362599609375 0.131527697265625 0.526847181640625 0.168578923828125 0.546081396484375 0.17577658984375 0.563928740234375 0.170193609375 0.578081091796875 0.150200130859375 0.5882803125 0.124719828125 0.590927568359375 0.123510109375 0.609114046875 0.156689197265625 0.652795994140625 0.18902802734375 0.6595886953125 0.211410619140625 0.676499625 0.25411065625 0.723360275390625 0.256676919921875 0.738803341796875 0.24260555859375 0.743257595703125 0.22167566796875 0.738271892578125 0.16885740234375 0.681454998046875 0.121510794921875 0.663931625 0.06260842578125 0.592785228515625 0.03670799609375 0.57698786328125 0 0.5661622421875 0 0.624102173828125 0.0809265625 0.677552529296875 0.089754076171875 0.695658015625 0.08665636328125 0.715216201171875 0.07284314453125 0.71804060546875 0.0381961953125 0.69417498828125 0 0.661428212890625 0 0.927040341796875 0.460649150390625 1 0.551105158203125 1 0.5416323125 0.986094720703125 0.51444116796875 0.97844659765625 0.47842251171875 0.95269298828125 0.48350437109375 0.910058779296875 0.4910563359375 0.904571955078125 0.5057249765625 0.90689523828125 0.536160650390625 0.946801201171875 0.556832400390625 0.95341675390625 0.577585140625 0.970069541015625 0.603404578125 0.975829671875 0.61378094921875 0.98415606640625 0.61551757421875 1 0.927040341796875 1