1 0.4697265625 0.703125 0.244140625 0.123046875
1 0.68359375 0.7978515625 0.1591796875 0.103515625
1 0.1455078125 0.8759765625 0.275390625 0.162109375
1 0.875 0.298828125 0.1328125 0.1015625
1 0.53515625 0.4609375 0.1953125 0.1015625
1 0.4365234375 0.392578125 0.208984375 0.1064453125
1 0.2802734375 0.41015625 0.1513671875 0.087890625
1 0.25390625 0.58203125 0.1591796875 0.0859375
1 0.0732421875 0.4873046875 0.146484375 0.109375
1 0.0859375 0.669921875 0.171875 0.1015625
1 0.6630859375 0.611328125 0.15625 0.0830078125
1 0.76953125 0.6728515625 0.15625 0.1123046875
1 0.9150390625 0.7216796875 0.169921875 0.142578125
1 0.8310546875 0.572265625 0.1328125 0.080078125
1 0.93359375 0.615234375 0.1328125 0.09375
1 0.9501953125 0.9501953125 0.099609375 0.099609375
1 0.9326171875 0.400390625 0.134765625 0.0810546875
1 0.794921875 0.4296875 0.125 0.072265625
1 0.6435546875 0.33984375 0.1220703125 0.0654296875
1 0.07421875 0.212890625 0.0888671875 0.048828125
1 0.720703125 0.103515625 0.1015625 0.0595703125
1 0.1845703125 0.1357421875 0.162109375 0.0546875
1 0.3193359375 0.1259765625 0.138671875 0.052734375
1 0.86328125 0.0830078125 0.0888671875 0.064453125
1 0.95703125 0.048828125 0.0859375 0.0732421875
1 0.6376953125 0.0361328125 0.0966796875 0.064453125
1 0.107421875 0.1064453125 0.197265625 0.076171875
0 0 0.04609375 0.02734375 0.053125 0.03125 0.06015625 0.015625 0.06640625 0.03046875 0.0765625 0.07421875 0.0765625 0.07890625 0.06875 0.09140625 0.06875 0.09375 0.08828125 0.10078125 0.0921875 0.1015625 0.05390625 0.10703125 0.053125 0.11484375 0.071875 0.12578125 0.0625 0.13828125 0.0625 0.14609375 0.0765625 0.14921875 0.0703125 0.15546875 0.0765625 0.16328125 0.0703125 0.17265625 0.084375 0.20078125 0.090625 0.21796875 0.1078125 0.26328125 0.1078125 0.26796875 0.115625 0.27890625 0.109375 0.275 0.12109375 0.29453125 0.125 0.30234375 0.1328125 0.31484375 0.1203125 0.34140625 0.125 0.34375 0.13359375 0.3234375 0.14296875 0.32421875 0.1546875 0.32890625 0.1484375 0.33828125 0.1484375 0.33984375 0.1546875 0.35234375 0.1484375 0.35859375 0.15625 0.378125 0.16015625 0.3828125 0.13671875 0.359375 0.11796875 0.37265625 0.1171875 0.37734375 0.125 0.38515625 0.115625 0.3921875 0.15859375 0.4125 0.15546875 0.4171875 0.12578125 0.434375 0.09453125 0.415625 0.08203125 0.41953125 0.04375 0.40546875 0.0421875 0.39375 0.05703125 0.38671875 0.0953125 0.3828125 0.05859375 0.37265625 0.046875 0.30234375 0.053125 0.28203125 0.0625 0.27890625 0.071875 0.26953125 0.071875 0.26484375 0.0625 0.23515625 0.0609375 0.22890625 0.0484375 0.20078125 0.0421875 0.19140625 0.0328125 0.16953125 0.0359375 0.15859375 0.0296875 0.15390625 0.04375 0.13359375 0.040625 0.146875 0.03515625 0.13046875 0.025 0.11953125 0.028125 0.11484375 0.009375 0.1078125 0.04921875 0.1 0.04296875 0.1015625 0.03203125 0.09609375 0.0265625 0.08828125 0.0484375 0.0859375 0.02734375 0.078125 0.02890625 0.07421875 0.0046875 0.06328125 0.0109375 0.06015625 0.0015625 0 0.00078125 0 0.04609375
0 1 0.12734375 0.9859375 0.12265625 0.98046875 0.0890625 0.92578125 0.08125 0.909375 0.09140625 0.90625 0.12109375 0.89140625 0.1265625 0.84765625 0.121875 0.83671875 0.1109375 0.8171875 0.11171875 0.828125 0.11640625 0.828125 0.13046875 0.8140625 0.14296875 0.8109375 0.24765625 0.82421875 0.2625 0.83828125 0.2515625 0.85234375 0.2515625 0.93671875 0.271875 0.9484375 0.28828125 0.946875 0.31640625 0.9421875 0.31484375 0.946875 0.32265625 0.93828125 0.334375 0.93203125 0.3296875 0.91796875 0.3375 0.90078125 0.3359375 0.8078125 0.31171875 0.8078125 0.28046875 0.8171875 0.26015625 0.803125 0.24921875 0.8125 0.15390625 0.80859375 0.1375 0.77265625 0.1390625 0.76796875 0.1234375 0.71328125 0.1234375 0.70390625 0.11875 0.69453125 0.1234375 0.67578125 0.1203125 0.66015625 0.109375 0.65625 0.13828125 0.671875 0.15078125 0.675 0.16953125 0.68359375 0.178125 0.68671875 0.1734375 0.690625 0.18515625 0.70078125 0.1875 0.71875 0.20546875 0.71953125 0.2265625 0.65546875 0.2359375 0.58046875 0.2359375 0.56015625 0.25 0.49921875 0.2515625 0.49921875 0.25625 0.45390625 0.265625 0.31015625 0.2671875 0.31015625 0.271875 0.27421875 0.28125 0.23671875 0.2828125 0.21640625 0.296875 0.19453125 0.2984375 0.16171875 0.3109375 0.09453125 0.3140625 0.05859375 0.3265625 0 0.33046875 0 0.45390625 0.03671875 0.4375 0.1421875 0.48203125 0.14411305078125 0.51979082421875 0.11776854296875 0.531762453125 0.10703125 0.5234375 0.06171875 0.53125 0.00078125 0.5015625 0 0.56484375 0.02734375 0.5671875 0.11328125 0.596875 0.1234375 0.60859375 0.11328125 0.6125 0.10625 0.62421875 0.16875 0.66015625 0.153125 0.67578125 0.153125 0.68671875 0.14453125 0.6953125 0.09453125 0.703125 0.06015625 0.6875 0.00078125 0.6890625 0 0.77265625 0.07421875 0.815625 0.12265625 0.815625 0.15859375 0.83125 0.22109375 0.8390625 0.27109375 0.8546875 0.27109375 0.8609375 0.24375 0.87421875 0.284375 0.90234375 0.28203125 0.9140625 0.2671875 0.91796875 0.2640625 0.94296875 0.2953125 0.95703125 0.28671875 0.9703125 0.22421875 0.9796875 0.20078125 0.990625 0.10859375 1 0.9109375 0.99921875 0.91015625 0.9890625 0.92890625 0.9890625 0.93359375 0.9984375 0.940625 0.97265625 0.90703125 0.9546875 0.9015625 0.94453125 0.996875 0.90703125 1 0.78203125 0.92890625 0.78125 0.87734375 0.753125 0.82890625 0.7484375 0.81953125 0.815625 0.8140625 0.80859375 0.81484375 0.721875 0.77578125 0.725 0.74609375 0.71875 0.72890625 0.70625 0.70234375 0.703125 0.696875 0.68359375 0.6828125 0.67109375 0.6984375 0.65390625 0.69609375 0.64375 0.66015625 0.65 0.59765625 0.6265625 0.59375 0.61015625 0.5796875 0.59921875 0.5796875 0.59296875 0.61328125 0.5734375 0.65546875 0.575 0.73515625 0.6046875 0.7484375 0.61328125 0.7453125 0.62421875 0.75234375 0.628125 0.82734375 0.6421875 0.86640625 0.6671875 0.89765625 0.6640625 0.90625 0.65703125 0.88203125 0.64375 0.84921875 0.6375 0.84296875 0.628125 0.8265625 0.62421875 0.82890625 0.6078125 0.80390625 0.5953125 0.78515625 0.59375 0.76953125 0.553125 0.80234375 0.5359375 0.82734375 0.5359375 0.88046875 0.5625 0.91640625 0.5671875 1 0.59453125 0.99765625 0.5265625 0.91796875 0.515625 0.90546875 0.503125 0.89453125 0.5078125 0.878125 0.49609375 0.8578125 0.46796875 0.86640625 0.4484375 0.89921875 0.4296875 0.94140625 0.4515625 1 0.46796875 0.99921875 0.4390625 0.92109375 0.43125 0.91015625 0.4234375 0.88515625 0.4203125 0.865625 0.40078125 0.8625 0.38828125 0.86640625 0.3765625 0.90390625 0.3625 1 0.39140625 1 0.25078125 0.93515625 0.25 0.909375 0.24140625 0.91328125 0.225 0.93984375 0.2125 1 0.21015625 1 0.17109375 0.965625 0.16640625 0.96640625 0.1609375 0.98984375 0.153125 0.996875 0.15390625 0.984375 0.16171875 1 0.16328125 1 0.12734375