1 0.7255859375 0.6220703125 0.142578125 0.154296875
1 0.5302734375 0.5537109375 0.181640625 0.13671875
1 0.416015625 0.6376953125 0.154296875 0.1015625
1 0.3056640625 0.55859375 0.087890625 0.09765625
1 0.2724609375 0.5068359375 0.0703125 0.0703125
1 0.2509765625 0.474609375 0.0625 0.0625
1 0.2470703125 0.4326171875 0.068359375 0.05859375
1 0.390625 0.4736328125 0.064453125 0.060546875
1 0.54296875 0.4580078125 0.111328125 0.078125
1 0.6474609375 0.4658203125 0.10546875 0.07421875
1 0.630859375 0.4111328125 0.06640625 0.048828125
1 0.8369140625 0.4765625 0.072265625 0.0546875
1 0.9052734375 0.4794921875 0.064453125 0.052734375
1 0.9716796875 0.4912109375 0.056640625 0.056640625
1 0.8408203125 0.580078125 0.08984375 0.08984375
1 0.92578125 0.5625 0.080078125 0.072265625
1 0.5732421875 0.658203125 0.154296875 0.11328125
0 0.630075130859375 0.216168341796875 0.623005138671875 0.204853990234375 0.626778560546875 0.1815198671875 0.5959025234375 0.171971044921875 0.605564646484375 0.189531736328125 0.601203044921875 0.201434265625 0.613341044921875 0.2082707578125 0.613693755859375 0.217227458984375 0.630075130859375 0.216168341796875
0 0.180484400390625 0.105110556640625 0.198517015625 0.089909486328125 0.215132873046875 0.101813986328125 0.240353705078125 0.093920345703125 0.1869681796875 0.08401585546875 0.140652646484375 0.08542571484375 0.1413590546875 0.09285038671875 0.1752991484375 0.103106603515625 0.180484400390625 0.105110556640625
0 0.78575483203125 0.23032507421875 0.7958908515625 0.221369359375 0.807322443359375 0.220781177734375 0.815570765625 0.23398125390625 0.833247712890625 0.241289669921875 0.841616232421875 0.2295053671875 0.840910810546875 0.21159196484375 0.832897958984375 0.20086678125 0.82134715234375 0.215950609375 0.8102692578125 0.21500676171875 0.803434736328125 0.206167302734375 0.806853474609375 0.1948539375 0.795775580078125 0.19391008984375 0.77892228125 0.20050815625 0.7775055234375 0.227613728515625 0.78575483203125 0.23032507421875
0 0.2681597734375 0.16569415234375 0.274877052734375 0.168051802734375 0.278764759765625 0.182665677734375 0.3042210625 0.1772469296875 0.327435970703125 0.195516 0.343935572265625 0.1904499609375 0.34641144921875 0.179725763671875 0.34134442578125 0.173714890625 0.351363203125 0.15827736328125 0.313297962890625 0.151909841796875 0.292084046875 0.15992170703125 0.258379421875 0.152140380859375 0.239050248046875 0.1694626484375 0.244234513671875 0.181955330078125 0.2681597734375 0.16569415234375
0 0.543450990234375 0.255875953125 0.547814564453125 0.22299596484375 0.5546500703125 0.221346693359375 0.548875654296875 0.218399876953125 0.56030724609375 0.21781169921875 0.567733888671875 0.19612783203125 0.584350732421875 0.1975436015625 0.5867103515625 0.16984886328125 0.56384716796875 0.171025224609375 0.543221435546875 0.190468685546875 0.51375919921875 0.1852804765625 0.50715916015625 0.189404638671875 0.506333541015625 0.196475615234375 0.516350345703125 0.202015546875 0.535206611328125 0.200720958984375 0.524242015625 0.24821383984375 0.514459693359375 0.25563752734375 0.527067646484375 0.27791253125 0.543450990234375 0.255875953125
0 0.37242045703125 0.563332869140625 0.377372208984375 0.54188447265625 0.36440957421875 0.531630224609375 0.361111033203125 0.517959212890625 0.351329697265625 0.514894169921875 0.355810509765625 0.488495990234375 0.3353049765625 0.482955072265625 0.3285867109375 0.491086150390625 0.3162142265625 0.4712860390625 0.3148033828125 0.435459234375 0.29712544921875 0.438639548828125 0.288756927734375 0.4504238515625 0.289816048828125 0.4668052265625 0.30537180078125 0.47281708203125 0.301953060546875 0.484130447265625 0.31361815234375 0.5069946171875 0.330941404296875 0.515835060546875 0.337304 0.53021346875 0.35545188671875 0.542471666015625 0.363699224609375 0.56616047265625 0.37242045703125 0.563332869140625
0 0.1493768359375 0.051131923828125 0.163165091796875 0.054315193359375 0.164460666015625 0.062682728515625 0.173652833984375 0.064804908203125 0.298690984375 0.082376439453125 0.320847759765625 0.07377540625 0.32367733203125 0.061519177734375 0.2882052109375 0.050909265625 0.094591625 0.033310857421875 0.09085948828125 0.049476513671875 0.09787605078125 0.050537830078125 0.10494801171875 0.040874720703125 0.11414018359375 0.042996900390625 0.122388505859375 0.0561969765625 0.144544294921875 0.058084671875 0.1493768359375 0.051131923828125
0 0.13780927734375 0.24452415625 0.15713746484375 0.237690619140625 0.1932026953125 0.2072884765625 0.19120071484375 0.191496267578125 0.168338515625 0.182183900390625 0.169400591796875 0.1670990859375 0.145949228515625 0.15684385546875 0.1447728671875 0.133980669921875 0.116135265625 0.132210216796875 0.116490931640625 0.1097007265625 0.09951940625 0.12030571484375 0.073736685546875 0.1236435234375 0.068855671875 0.144785515625 0.092445474609375 0.15094628125 0.105999248046875 0.141165931640625 0.1167234453125 0.14364180859375 0.123793435546875 0.154956158203125 0.1387600234375 0.16002515234375 0.139466431640625 0.167449826171875 0.122966830078125 0.17251586328125 0.09232626171875 0.1654419296875 0.088200130859375 0.179819353515625 0.0680453359375 0.20421259375 0.055223193359375 0.203834267578125 0.04316772265625 0.25605224609375 0.055076787109375 0.2568907265625 0.0589644921875 0.2715046015625 0.06909952734375 0.2730376171875 0.107992359375 0.251356705078125 0.1325048125 0.2570158515625 0.13780927734375 0.24452415625
0 0.4360602265625 0.560274724609375 0.4539775703125 0.517614384765625 0.473070291015625 0.508305958984375 0.605180400390625 0.516214380859375 0.63122094140625 0.564182140625 0.64347716796875 0.567011712890625 0.680011365234375 0.5625368125 0.701459765625 0.56748856640625 0.719963318359375 0.55723727734375 0.763686720703125 0.549581076171875 0.77405722265625 0.55358898046875 0.776059203125 0.569381189453125 0.78430851171875 0.57209253515625 0.79845144921875 0.563255046875 0.80446429296875 0.5372105625 0.818607228515625 0.52837307421875 0.8940322890625 0.523194720703125 0.900986021484375 0.517538533203125 0.8248545546875 0.5152922109375 0.799871162109375 0.50468328515625 0.781957759765625 0.50538870703125 0.780542974609375 0.5115168203125 0.7712335625 0.502912830078125 0.744479712890625 0.52094150390625 0.709243060546875 0.51280648046875 0.703232189453125 0.517873505859375 0.68932669140625 0.50820842578125 0.66021815234375 0.501488189453125 0.59292614453125 0.49240734765625 0.578547736328125 0.4987699453125 0.502534498046875 0.49251670703125 0.48756791015625 0.4874477109375 0.485330458984375 0.469180611328125 0.4742525625 0.468236765625 0.46140519921875 0.4854417890625 0.40436251171875 0.5158419609375 0.417085734375 0.565576232421875 0.4360602265625 0.560274724609375
0 1 0.33108195703125 0.992691966796875 0.326510849609375 0.944726177734375 0.3315739296875 0.933178328125 0.3151915703125 0.96122676171875 0.316019162109375 0.9640563359375 0.30376293359375 0.905485560546875 0.291854490234375 0.902776185546875 0.27912633984375 0.908669814453125 0.267577505859375 0.894882544921875 0.2539055078125 0.88250808984375 0.2550828515625 0.891581048828125 0.271700681640625 0.88391794921875 0.301398388671875 0.862469552734375 0.296446634765625 0.855636017578125 0.277118447265625 0.7955332109375 0.2648563046875 0.785044482421875 0.2648553203125 0.807551998046875 0.286188447265625 0.798710568359375 0.31400042578125 0.786454341796875 0.311170853515625 0.776203052734375 0.29266730078125 0.7578187109375 0.28842294140625 0.75805615234375 0.269920373046875 0.771609923828125 0.2601400234375 0.755583232421875 0.2491783828125 0.748160529296875 0.22890733203125 0.76289460546875 0.200035248046875 0.747810775390625 0.18848444140625 0.7508777890625 0.157725646484375 0.740977240234375 0.16915625390625 0.74156541796875 0.180587845703125 0.732136794921875 0.18647950390625 0.735317107421875 0.2041574375 0.72459291015625 0.201681560546875 0.71434162109375 0.1831780078125 0.702085392578125 0.180348435546875 0.690771041015625 0.187418423828125 0.673094095703125 0.1801100078125 0.666494056640625 0.18423416796875 0.666846767578125 0.193190869140625 0.649876228515625 0.193307126953125 0.64928508984375 0.21334172265625 0.692653810546875 0.21770628125 0.6914735078125 0.236798015625 0.67367734765625 0.24398525 0.667194552734375 0.25459121875 0.658474306640625 0.246930091796875 0.660243775390625 0.228781220703125 0.640563859375 0.21616932421875 0.630899763671875 0.21958609375 0.62359036328125 0.247751771484375 0.6101558046875 0.24303647265625 0.6034375390625 0.2511675546875 0.575153634765625 0.2478650703125 0.569024537109375 0.256939015625 0.613688828125 0.269671107421875 0.621231728515625 0.264957779296875 0.64798360546875 0.26790656640625 0.664126552734375 0.295838744140625 0.67968329296875 0.291361873046875 0.68628234375 0.29772644140625 0.69865876953125 0.27557163671875 0.7011366171875 0.243869978515625 0.7103297734375 0.235503427734375 0.7249426640625 0.24210444921875 0.734487544921875 0.25318333203125 0.730243185546875 0.271567673828125 0.7466206171875 0.31246347265625 0.755460078125 0.305628951171875 0.767716302734375 0.3084585234375 0.767361623046875 0.32047928125 0.738488552734375 0.3162339375 0.73071116796875 0.307983642578125 0.729650078125 0.3125797265625 0.71055834375 0.31139942578125 0.69453165234375 0.300437787109375 0.709142572265625 0.32801626953125 0.71350023046875 0.35806865625 0.723517037109375 0.363608587890625 0.720687462890625 0.37586481640625 0.71243815625 0.373153470703125 0.704187861328125 0.38093085546875 0.693346421875 0.37197316796875 0.6840350390625 0.38434663671875 0.671778810546875 0.381517064453125 0.662823095703125 0.371381046875 0.655396451171875 0.393064912109375 0.6656487265625 0.401079736328125 0.7297594375 0.402971375 0.746256080078125 0.429371525390625 0.770414837890625 0.43656269921875 0.773948849609375 0.45270860546875 0.78526221484375 0.45612734375 0.80211649609375 0.439040546875 0.8153146015625 0.451769685546875 0.843952203125 0.45354013671875 0.853380828125 0.447648478515625 0.925622615234375 0.4562583828125 0.934934 0.4438849140625 0.94353601953125 0.455552958984375 0.95485135546875 0.43799423828125 0.9552070234375 0.415484751953125 0.94672224609375 0.410298515625 0.948137033203125 0.404170400390625 0.962750908203125 0.4002826953125 0.97500713671875 0.403112267578125 0.976302708984375 0.411479802734375 0.981488947265625 0.402995025390625 0.982430822265625 0.41289458984375 0.9891481015625 0.41525223828125 0.9742987578125 0.4166650546875 0.96922976171875 0.431631642578125 0.984666302734375 0.4521391484375 0.993151078125 0.457325384765625 0.999633875 0.4467194140625 1 0.446645298828125 1 0.33108195703125
0 0.897717958984375 1 0.9056579609375 0.96560807421875 0.8919869453125 0.96890661328125 0.88856820703125 0.98021998046875 0.851210359375 0.970788396484375 0.86358580078125 0.959122322265625 0.87737996875 0.89937321484375 0.87137008203125 0.8939515078125 0.849449759765625 0.894538703125 0.8489768515625 0.910566380859375 0.8310595078125 0.95322672265625 0.8171530234375 0.95405037109375 0.804425857421875 0.946271015625 0.815391439453125 0.88828940625 0.831772814453125 0.887230287109375 0.833070357421875 0.87462036328125 0.80832243359375 0.866486326171875 0.780276953125 0.834192546875 0.775210916015625 0.8176929453125 0.78016266796875 0.796244546875 0.789474052734375 0.783871078125 0.810687966796875 0.7758592109375 0.814932326171875 0.75747487109375 0.8271895390625 0.749815712890625 0.833316666015625 0.76171923046875 0.829897927734375 0.773032591796875 0.907323982421875 0.794135177734375 0.927356607421875 0.815703775390625 0.9107328671875 0.887709109375 0.921008392578125 0.89911804296875 0.99139593359375 0.594236109375 0.964382439453125 0.595915333984375 0.93197141796875 0.61747900390625 0.925255125 0.604632625 0.898856943359375 0.60015180859375 0.847707884765625 0.6190031484375 0.839103896484375 0.628312560546875 0.827672302734375 0.628900740234375 0.74953294140625 0.67379458984375 0.715355408203125 0.68204094140625 0.68742519921875 0.6772064296875 0.680235009765625 0.690876458984375 0.657724537109375 0.701009521484375 0.624844548828125 0.696645947265625 0.58336056640625 0.701591787109375 0.567684615234375 0.720564310546875 0.565918103515625 0.7072469921875 0.533979990234375 0.712782984375 0.503339423828125 0.70570905078125 0.490143291015625 0.672002455078125 0.47057766015625 0.69733855859375 0.437932154296875 0.705938607421875 0.489785650390625 0.715489400390625 0.571925033203125 0.74413488671875 0.598793166015625 0.7640542109375 0.60503556640625 0.803416998046875 0.592543869140625 0.798112533203125 0.59242859765625 0.770653263671875 0.58253001953125 0.761106412109375 0.53869134765625 0.741303341796875 0.49732658203125 0.731753533203125 0.354375029296875 0.71488742578125 0.29144265234375 0.714881513671875 0.27293909765625 0.725132802734375 0.25325819921875 0.72300963671875 0.236049234375 0.75211719140625 0.22108264453125 0.7470481953125 0.22061269140625 0.73160968359375 0.2590345859375 0.7049789921875 0.26987996875 0.671981759765625 0.280958849609375 0.66243687890625 0.29003279296875 0.668565978515625 0.294154982421875 0.696143474609375 0.327271427734375 0.69249320703125 0.417543861328125 0.7068795 0.424497595703125 0.70122330859375 0.389969322265625 0.679535501953125 0.37889142578125 0.67859165234375 0.362158326171875 0.66020533984375 0.34448137890625 0.652896923828125 0.3266871875 0.63910669921875 0.3233886484375 0.62543568359375 0.291569748046875 0.61647602734375 0.257986306640625 0.57322159375 0.22923540625 0.52301441015625 0.21827573828125 0.518063642578125 0.213210685546875 0.491075310546875 0.215690501953125 0.4383961953125 0.200842142578125 0.42932028125 0.199664798828125 0.416945828125 0.2469241796875 0.404458072265625 0.30596589453125 0.421316298828125 0.32859459375 0.407176314453125 0.3525168984375 0.422381330078125 0.361120888671875 0.41307191796875 0.375970234375 0.411659099609375 0.41356355078125 0.423565572265625 0.446797236328125 0.4263971171875 0.4867491875 0.421097580078125 0.5299996796875 0.42946905859375 0.5513318203125 0.41745026953125 0.55416139453125 0.405194044921875 0.567832408203125 0.40189550390625 0.575847232421875 0.391643228515625 0.60189171484375 0.3976560703125 0.60825628125 0.39105701953125 0.638544138671875 0.38917425 0.639252517578125 0.37562146484375 0.626878064453125 0.37679880859375 0.627469201171875 0.356764212890625 0.60790652734375 0.35063412890625 0.598949826171875 0.35098683984375 0.587986216796875 0.387990990234375 0.556050076171875 0.3725495234375 0.539785943359375 0.380090451171875 0.530595744140625 0.3569908125 0.515039005859375 0.3614676875 0.49229503515625 0.348148396484375 0.483101876953125 0.356514947265625 0.48168610546875 0.373131791015625 0.466365822265625 0.36959482421875 0.46224166015625 0.362994787109375 0.466249564453125 0.35262428515625 0.461064314453125 0.35062033203125 0.4465666953125 0.371478580078125 0.4328956796875 0.374777119140625 0.42735771875 0.363816466796875 0.416397064453125 0.369354427734375 0.40260880859375 0.366171158203125 0.40438221875 0.306067369140625 0.4276000859375 0.292870248046875 0.44327406640625 0.2948751875 0.4492849375 0.2898081640625 0.458240654296875 0.299944181640625 0.49842708984375 0.307608265625 0.511041939453125 0.256462162109375 0.4958398828125 0.24891827734375 0.4952526875 0.226997955078125 0.48122994921875 0.21085106640625 0.48936595703125 0.165125681640625 0.44847212890625 0.160525654296875 0.4184197421875 0.164883314453125 0.410169447265625 0.17266069921875 0.40097727734375 0.17053851953125 0.39697134375 0.159931560546875 0.374815552734375 0.158043865234375 0.3735170234375 0.18114251953125 0.36291006640625 0.185148453125 0.357487375 0.2016470703125 0.345465630859375 0.2117811171875 0.346996671875 0.22262354296875 0.356071603515625 0.218263912109375 0.363613517578125 0.22403931640625 0.367499251953125 0.259630650390625 0.37421653125 0.26198830078125 0.37739980078125 0.248200044921875 0.37398401953125 0.22804721875 0.388834349609375 0.21614567578125 0.401797970703125 0.21591119140625 0.407335931640625 0.22687184375 0.414996076171875 0.228640328125 0.416879828125 0.248439455078125 0.43502771484375 0.26069765234375 0.443396234375 0.248913349609375 0.4309045390625 0.243608884765625 0.427487771484375 0.23394479296875 0.4445775234375 0.21933288671875 0.454477087890625 0.218391009765625 0.4636682734375 0.23100191796875 0.457418974609375 0.265060240234375 0.476157998046875 0.25728383984375 0.493010310546875 0.26117450390625 0.504087220703125 0.27260708203125 0.497957134765625 0.29216975390625 0.454117478515625 0.282855416015625 0.440092767578125 0.287685984375 0.43537944140625 0.280143083984375 0.423123212890625 0.277313509765625 0.40450241796875 0.281082990234375 0.39035948046875 0.289920478515625 0.38033676171875 0.347312921875 0.36737215625 0.358036134765625 0.348280421875 0.35685583203125 0.33319462109375 0.36628248828125 0.286880072265625 0.3572036171875 0.2747410859375 0.360855853515625 0.269439580078125 0.34188136328125 0.246931078125 0.33103696484375 0.251882830078125 0.309588568359375 0.268028736328125 0.306054556640625 0.3353207421875 0.3151353984375 0.35570805078125 0.324683236328125 0.360658818359375 0.313723568359375 0.35488637109375 0.289799294921875 0.3597208828125 0.261869087890625 0.34369419140625 0.250907447265625 0.328371935546875 0.26834794140625 0.31269795703125 0.266343001953125 0.31529205859375 0.251611884765625 0.327784740234375 0.246427619140625 0.332029099609375 0.22804327734375 0.303156029296875 0.22379793359375 0.2835884296875 0.27011149609375 0.2712139765625 0.271288841796875 0.26308289453125 0.264570578125 0.253180375 0.296978642578125 0.239627587890625 0.296270263671875 0.215116119140625 0.280122388671875 0.216415634765625 0.246535005859375 0.206752525390625 0.239463044921875 0.208169283203125 0.21235747265625 0.20333773046875 0.208821490234375 0.198857900390625 0.22473094140625 0.20486680078125 0.240641376953125 0.198973171875 0.2521902109375 0.16939270703125 0.251008921875 0.16243798828125 0.267153841796875 0.135567884765625 0.268211974609375 0.135802369140625 0.281175595703125 0.12696291015625 0.2880101171875 0.09608588671875 0.288950021484375 0.07887790625 0.30756884765625 0.06343939453125 0.30803880078125 0.055895509765625 0.32324085546875 0.027656623046875 0.323238203125 0.018632345703125 0.362326638671875 0.0260736640625 0.382517056640625 0.0528245546875 0.3959545703125 0.04799004296875 0.42388477734375 0.04068261328125 0.43107299609375 0.017702185546875 0.425767546875 0.003391478515625 0.428342087890625 0 0.4430321953125 0 0.897717958984375 0.033149740234375 0.9053711796875 0.044882626953125 0.884681486328125 0.0564324453125 0.88008638671875 0.067155658203125 0.8930509921875 0.067957275390625 0.913407130859375 0.126109359375 0.92683259765625 0.145879259765625 0.90154365234375 0.175578935546875 0.88822929296875 0.258544923828125 0.899315072265625 0.275871130859375 0.876689328125 0.268330203125 0.8604251953125 0.28070761328125 0.82778166015625 0.2987392421875 0.823069318359375 0.307930427734375 0.835680228515625 0.297673224609375 0.880109052734375 0.30297571875 0.888594814453125 0.337034041015625 0.89484411328125 0.35706765234375 0.905923978515625 0.360955357421875 0.92053785546875 0.34669222265625 0.95435972265625 0.36257725390625 0.981425513671875 0.4430321953125 1 0.897717958984375 1