1 0.6162109375 0.4208984375 0.109375 0.12890625
1 0.5634765625 0.63671875 0.109375 0.1484375
1 0.375 0.48046875 0.0859375 0.14453125
1 0.34375 0.10546875 0.08984375 0.11328125
1 0.0810546875 0.21484375 0.078125 0.125
1 0.7763671875 0.2470703125 0.09765625 0.109375
1 0.544921875 0.1044921875 0.0703125 0.111328125
1 0.6708984375 0.7412109375 0.134765625 0.123046875
1 0.693359375 0.880859375 0.109375 0.1015625
1 0.84765625 0.8828125 0.0859375 0.150390625
1 0.3408203125 0.765625 0.078125 0.12890625
1 0.072265625 0.072265625 0.09375 0.087890625
1 0.791015625 0.3994140625 0.072265625 0.1171875
1 0.3564453125 0.6220703125 0.10546875 0.12109375
1 0.8330078125 0.693359375 0.076171875 0.1328125
1 0.3701171875 0.22265625 0.072265625 0.109375
1 0.359375 0.376953125 0.12109375 0.10546875
1 0.0634765625 0.3349609375 0.09765625 0.123046875
1 0.5966796875 0.0205078125 0.10546875 0.041015625
1 0.3466796875 0.896484375 0.083984375 0.134765625
1 0.3427734375 0.982421875 0.08984375 0.03515625
1 0.6142578125 0.2333984375 0.103515625 0.111328125
1 0.0615234375 0.7587890625 0.123046875 0.115234375
1 0.3623046875 0.01953125 0.11328125 0.0390625
1 0.7646484375 0.0107421875 0.08984375 0.021484375
1 0.546875 0.498046875 0.0859375 0.11328125
1 0.052734375 0.9111328125 0.09765625 0.138671875
1 0.0458984375 0.990234375 0.08984375 0.01953125
1 0.083984375 0.4765625 0.06640625 0.09765625
0 0 0.3833252890625 0.006756755859375 0.377533783203125 0.0084459453125 0.34037162109375 0.021959458984375 0.330236486328125 0.02027026953125 0.315033783203125 0 0.30801715234375 0 0.3833252890625
0 0.459459458984375 0.345439189453125 0.44932432421875 0.306587837890625 0.45692567578125 0.302364865234375 0.46452702734375 0.30827702734375 0.478885134765625 0.275337837890625 0.5076013515625 0.28547297265625 0.529560810546875 0.317567568359375 0.56165540625 0.295608107421875 0.58192567578125 0.307432431640625 0.588682431640625 0.3209459453125 0.6013513515625 0.318412162109375 0.59797297265625 0.3048986484375 0.57347973046875 0.29222973046875 0.565033783203125 0.27702702734375 0.51942567578125 0.27702702734375 0.510135134765625 0.2271959453125 0.497466216796875 0.2111486484375 0.48141891796875 0.208614865234375 0.474662162109375 0.18327702734375 0.48141891796875 0.169763513671875 0.48141891796875 0.115709458984375 0.4915540546875 0.06165540625 0.475506755859375 0.040540541015625 0.451013513671875 0.056587837890625 0.466216216796875 0.07516891796875 0.46452702734375 0.122466216796875 0.446790541015625 0.13682432421875 0.430743244140625 0.13597973046875 0.4298986484375 0.180743244140625 0.3986486484375 0.18834459375 0.422297296875 0.208614865234375 0.42567567578125 0.2728040546875 0.419763513671875 0.29222973046875 0.396959458984375 0.296452703125 0.390202703125 0.326858107421875 0.42652026953125 0.34459459375 0.4375 0.36233108203125 0.459459458984375 0.345439189453125
0 0.16354018359375 0 0.15202702734375 0.005912162109375 0.141891892578125 0.048141892578125 0.119932431640625 0.06672297265625 0.12415540625 0.1013513515625 0.130912162109375 0.09290540625 0.149493244140625 0.08952702734375 0.17567567578125 0.092060810546875 0.17567567578125 0.12077702734375 0.163006755859375 0.125 0.149493244140625 0.14358108203125 0.13597973046875 0.146959458984375 0.131756755859375 0.161317568359375 0.13766891796875 0.173986486328125 0.15625 0.173986486328125 0.16891891796875 0.196790541015625 0.16722973046875 0.23902026953125 0.177364865234375 0.259290541015625 0.17567567578125 0.291385134765625 0.1646959453125 0.297297296875 0.14442567578125 0.29391891796875 0.1326013515625 0.271959458984375 0.119087837890625 0.271959458984375 0.108108107421875 0.288006755859375 0.109797296875 0.3048986484375 0.125 0.315033783203125 0.131756755859375 0.33192567578125 0.130067568359375 0.35557432421875 0.1165540546875 0.37415540625 0.141891892578125 0.396114865234375 0.146959458984375 0.419763513671875 0.14358108203125 0.4603040546875 0.131756755859375 0.46875 0.12837837890625 0.483952703125 0.1638513515625 0.50422297265625 0.173986486328125 0.5228040546875 0.173986486328125 0.541385134765625 0.170608107421875 0.56165540625 0.1478040546875 0.57432432421875 0.1021959453125 0.569256755859375 0.086993244140625 0.548986486328125 0.08108108203125 0.55827702734375 0.08952702734375 0.576858107421875 0.108108107421875 0.586993244140625 0.11317567578125 0.600506755859375 0.108108107421875 0.630912162109375 0.1165540546875 0.654560810546875 0.11317567578125 0.705236486328125 0.125 0.717060810546875 0.141891892578125 0.764358107421875 0.158783783203125 0.766047296875 0.15625 0.78040540625 0.13766891796875 0.78209459375 0.130067568359375 0.7896959453125 0.141891892578125 0.828547296875 0.109797296875 0.84375 0.108108107421875 0.8673986484375 0.11233108203125 0.875 0.154560810546875 0.869932431640625 0.173986486328125 0.88766891796875 0.17567567578125 0.934966216796875 0.16047297265625 0.953547296875 0.16891891796875 0.98733108203125 0.1602507109375 1 0.23868755078125 1 0.23817567578125 0.99577702734375 0.21959459375 0.985641892578125 0.21790540625 0.975506755859375 0.23141891796875 0.946790541015625 0.25337837890625 0.93834459375 0.263513513671875 0.904560810546875 0.239864865234375 0.880912162109375 0.233108107421875 0.8521959453125 0.23817567578125 0.8201013515625 0.265202703125 0.818412162109375 0.248310810546875 0.708614865234375 0.255912162109375 0.697635134765625 0.26266891796875 0.712837837890625 0.29391891796875 0.713682431640625 0.2888513515625 0.666385134765625 0.302364865234375 0.649493244140625 0.297297296875 0.598817568359375 0.264358107421875 0.5861486484375 0.24662162109375 0.55827702734375 0.244932431640625 0.521114865234375 0.26182432421875 0.494087837890625 0.2415540546875 0.483952703125 0.23817567578125 0.46537162109375 0.24662162109375 0.431587837890625 0.274493244140625 0.427364865234375 0.28547297265625 0.446790541015625 0.27702702734375 0.485641892578125 0.266891892578125 0.494087837890625 0.27787162109375 0.498310810546875 0.290540541015625 0.4923986484375 0.31587837890625 0.44847973046875 0.31587837890625 0.431587837890625 0.298986486328125 0.41807432421875 0.30067567578125 0.37415540625 0.28462837890625 0.3513513515625 0.24915540625 0.341216216796875 0.239864865234375 0.32516891796875 0.24662162109375 0.264358107421875 0.264358107421875 0.251689189453125 0.276182431640625 0.251689189453125 0.29391891796875 0.208614865234375 0.33108108203125 0.18834459375 0.328547296875 0.1790540546875 0.3201013515625 0.177364865234375 0.303209458984375 0.18412162109375 0.28125 0.180743244140625 0.266891892578125 0.19172297265625 0.264358107421875 0.204391892578125 0.248310810546875 0.19847973046875 0.256756755859375 0.1798986484375 0.256756755859375 0.154560810546875 0.26942567578125 0.141891892578125 0.28462837890625 0.141891892578125 0.29391891796875 0.12922297265625 0.26266891796875 0.12162162109375 0.248310810546875 0.09037162109375 0.248310810546875 0.07347973046875 0.260135134765625 0.06672297265625 0.26182432421875 0.05827702734375 0.283783783203125 0.05152026953125 0.28040540625 0.005912162109375 0.287795607421875 0 0.16354018359375 0
0 0.83989259765625 0 0.8361486484375 0.02787162109375 0.828547296875 0.03547297265625 0.81672297265625 0.03547297265625 0.791385134765625 0.02027026953125 0.771114865234375 0.02027026953125 0.76858108203125 0.06334459375 0.76097973046875 0.067567568359375 0.7415540546875 0.065033783203125 0.735641892578125 0.037162162109375 0.720439189453125 0.037162162109375 0.717060810546875 0.045608107421875 0.70016891796875 0.0540540546875 0.635135134765625 0.056587837890625 0.6334459453125 0.086993244140625 0.650337837890625 0.092060810546875 0.65709459375 0.119087837890625 0.66722973046875 0.12584459375 0.67567567578125 0.146114865234375 0.670608107421875 0.178209458984375 0.65202702734375 0.18834459375 0.671452703125 0.201013513671875 0.702702703125 0.184966216796875 0.704391892578125 0.15962837890625 0.717060810546875 0.15540540625 0.733108107421875 0.166385134765625 0.733952703125 0.197635134765625 0.75422297265625 0.192567568359375 0.7728040546875 0.197635134765625 0.788006755859375 0.173986486328125 0.805743244140625 0.171452703125 0.83192567578125 0.130067568359375 0.846283783203125 0.13597973046875 0.86317567578125 0.18834459375 0.84797297265625 0.203547296875 0.846283783203125 0.244087837890625 0.849662162109375 0.259290541015625 0.869932431640625 0.282939189453125 0.869932431640625 0.30827702734375 0.8665540546875 0.3353040546875 0.833614865234375 0.34459459375 0.83108108203125 0.35557432421875 0.8513513515625 0.372466216796875 0.849662162109375 0.38766891796875 0.869932431640625 0.461993244140625 0.848817568359375 0.50337837890625 0.833614865234375 0.506756755859375 0.826858107421875 0.498310810546875 0.79307432421875 0.498310810546875 0.78462837890625 0.513513513671875 0.7728040546875 0.515202703125 0.711993244140625 0.50337837890625 0.704391892578125 0.478885134765625 0.671452703125 0.4611486484375 0.665540541015625 0.52787162109375 0.658783783203125 0.538006755859375 0.646114865234375 0.547297296875 0.59375 0.5388513515625 0.587837837890625 0.556587837890625 0.610641892578125 0.564189189453125 0.631756755859375 0.5853040546875 0.64442567578125 0.62162162109375 0.66722973046875 0.610641892578125 0.67652026953125 0.58277026953125 0.696790541015625 0.58277026953125 0.704391892578125 0.595439189453125 0.70692567578125 0.6486486484375 0.721283783203125 0.646114865234375 0.7263513515625 0.6173986484375 0.7423986484375 0.599662162109375 0.759290541015625 0.618243244140625 0.78125 0.608108107421875 0.7888513515625 0.62584459375 0.8048986484375 0.6334459453125 0.84375 0.623310810546875 0.84797297265625 0.61402026953125 0.842060810546875 0.59797297265625 0.8978040546875 0.599662162109375 0.908783783203125 0.615709458984375 0.921452703125 0.6959459453125 0.912162162109375 0.678209458984375 0.90202702734375 0.61233108203125 0.880912162109375 0.603040541015625 0.872466216796875 0.609797296875 0.857263513671875 0.608108107421875 0.85641891796875 0.62077702734375 0.87077702734375 0.619932431640625 0.888513513671875 0.630912162109375 0.885135134765625 0.693412162109375 0.890202703125 0.71537162109375 0.896114865234375 0.721283783203125 0.911317568359375 0.71790540625 0.922297296875 0.728885134765625 0.93412162109375 0.766047296875 0.94932432421875 0.7896959453125 0.954391892578125 0.82347973046875 0.954391892578125 0.83192567578125 0.939189189453125 0.84037162109375 0.93665540625 0.849662162109375 0.92567567578125 0.848817568359375 0.93327702734375 0.841216216796875 0.915540541015625 0.84037162109375 0.923986486328125 0.845439189453125 0.923986486328125 0.87584459375 0.932432431640625 0.89442567578125 0.922297296875 0.913006755859375 0.922297296875 0.95016891796875 0.9138513515625 0.9603040546875 0.904560810546875 0.96959459375 0.8826013515625 0.971283783203125 0.8705103125 1 1 1 1 0.771114865234375 0.993243244140625 0.75422297265625 1 0.701858107421875 0.993243244140625 0.67483108203125 1 0.6643205703125 1 0.6021959453125 0.993243244140625 0.59712837890625 0.989864865234375 0.5701013515625 0.974662162109375 0.56165540625 0.978885134765625 0.53040540625 1 0.53219480078125 1 0.453708171875 0.990709458984375 0.459459458984375 0.97212837890625 0.459459458984375 0.96452702734375 0.451858107421875 0.96959459375 0.3978040546875 0.986486486328125 0.37415540625 0.998310810546875 0.328547296875 0.98902026953125 0.317567568359375 0.9771959453125 0.31587837890625 0.951858107421875 0.322635134765625 0.9459459453125 0.27787162109375 0.955236486328125 0.2584459453125 0.970439189453125 0.25337837890625 0.993243244140625 0.232263513671875 0.9915540546875 0.18834459375 0.983952703125 0.17567567578125 0.932432431640625 0.181587837890625 0.942567568359375 0.119087837890625 0.954391892578125 0.095439189453125 0.9459459453125 0.07347973046875 0.96452702734375 0.048141892578125 0.944256755859375 0.038006755859375 0.953547296875 0.03040540625 0.961993244140625 0.0388513515625 0.970439189453125 0.03209459375 1 0.033502251953125 1 0 0.83989259765625 0
0 0.41087304296875 0 0.41047297265625 0.0076013515625 0.400337837890625 0.024493244140625 0.40202702734375 0.0548986484375 0.4290540546875 0.053209458984375 0.417414484375 0 0.41087304296875 0
0 0.4146959453125 0.834459458984375 0.41807432421875 0.819256755859375 0.44172297265625 0.817567568359375 0.4459459453125 0.79983108203125 0.4459459453125 0.733952703125 0.432432431640625 0.728885134765625 0.4290540546875 0.7103040546875 0.415540541015625 0.696790541015625 0.411317568359375 0.680743244140625 0.396959458984375 0.68665540625 0.41047297265625 0.764358107421875 0.40202702734375 0.833614865234375 0.4146959453125 0.834459458984375
0 0.51097973046875 0.75 0.526182431640625 0.748310810546875 0.537162162109375 0.73057432421875 0.532939189453125 0.721283783203125 0.5084459453125 0.711993244140625 0.5084459453125 0.60557432421875 0.50084459375 0.59797297265625 0.483952703125 0.599662162109375 0.47972973046875 0.607263513671875 0.4915540546875 0.68665540625 0.484797296875 0.713682431640625 0.471283783203125 0.725506755859375 0.489864865234375 0.774493244140625 0.51097973046875 0.75
0 0.44087837890625 0.521114865234375 0.439189189453125 0.455236486328125 0.444256755859375 0.43834459375 0.45608108203125 0.446790541015625 0.462837837890625 0.46537162109375 0.46452702734375 0.51097973046875 0.475506755859375 0.513513513671875 0.4915540546875 0.470439189453125 0.498310810546875 0.423141892578125 0.497466216796875 0.412162162109375 0.48057432421875 0.408783783203125 0.466216216796875 0.413006755859375 0.461993244140625 0.430743244140625 0.45016891796875 0.4290540546875 0.44172297265625 0.39358108203125 0.4138513515625 0.434966216796875 0.415540541015625 0.461993244140625 0.4290540546875 0.49577702734375 0.4290540546875 0.526182431640625 0.44087837890625 0.521114865234375
0 0.4611486484375 0.350506755859375 0.46452702734375 0.309966216796875 0.475506755859375 0.27702702734375 0.497466216796875 0.27702702734375 0.51266891796875 0.29222973046875 0.516891892578125 0.286317568359375 0.51182432421875 0.228885134765625 0.49577702734375 0.2111486484375 0.483108107421875 0.20692567578125 0.4763513515625 0.18834459375 0.49662162109375 0.07516891796875 0.49662162109375 0.06165540625 0.478885134765625 0.037162162109375 0.461993244140625 0.0388513515625 0.439189189453125 0.056587837890625 0.462837837890625 0.0853040546875 0.45016891796875 0.123310810546875 0.43665540625 0.125 0.4290540546875 0.1173986484375 0.432432431640625 0.100506755859375 0.423141892578125 0.064189189453125 0.404560810546875 0.064189189453125 0.40202702734375 0.0701013515625 0.41047297265625 0.078547296875 0.3986486484375 0.08192567578125 0.39527026953125 0.12077702734375 0.41722973046875 0.12415540625 0.420608107421875 0.17652026953125 0.3986486484375 0.18834459375 0.411317568359375 0.192567568359375 0.420608107421875 0.208614865234375 0.422297296875 0.279560810546875 0.419763513671875 0.290540541015625 0.39358108203125 0.30152026953125 0.388513513671875 0.32347973046875 0.428209458984375 0.34459459375 0.43412162109375 0.360641892578125 0.4611486484375 0.350506755859375
0 0.5709459453125 0.9298986484375 0.54391891796875 0.90625 0.537162162109375 0.8826013515625 0.514358107421875 0.859797296875 0.483952703125 0.861486486328125 0.48141891796875 0.877533783203125 0.521959458984375 0.904560810546875 0.53040540625 0.93834459375 0.5709459453125 0.9298986484375