1 0.16796875 0.3974609375 0.32421875 0.267578125
1 0.3701171875 0.2626953125 0.197265625 0.111328125
1 0.572265625 0.326171875 0.119140625 0.140625
1 0.845703125 0.2802734375 0.177734375 0.115234375
1 0.544921875 0.04296875 0.23828125 0.0859375
0 0.24194634375 0.373682900390625 0.1910648515625 0.307711740234375 0.0063980859375 0.366915875 0.0337304296875 0.413337994140625 0.069168171875 0.40169142578125 0.08920294921875 0.4391426953125 0.1525206171875 0.4131391953125 0.163550240234375 0.4244533671875 0.210497583984375 0.409944126953125 0.2476966484375 0.392156119140625 0.24194634375 0.373682900390625
0 0.1467098828125 0.66304367578125 0.1886151171875 0.63429925 0.25533791796875 0.626696375 0.28180455078125 0.681262833984375 0.287758353515625 0.714560728515625 0.296114845703125 0.716965533203125 0.4367738046875 0.665422013671875 0.4507009375 0.66567392578125 0.4570304921875 0.655544525390625 0.511850978515625 0.6376873515625 0.513495814453125 0.626039068359375 0.5039983125 0.607428279296875 0.49121007421875 0.600845755859375 0.461203970703125 0.60603958984375 0.439172259765625 0.589455740234375 0.432586560546875 0.568439083984375 0.429036505859375 0.51551640234375 0.455240642578125 0.471327021484375 0.45523958203125 0.460058724609375 0.469545640625 0.450688234375 0.423839498046875 0.451705408203125 0.409998865234375 0.454737546875 0.387297326171875 0.46070816015625 0.383200169921875 0.478423955078125 0.349016353515625 0.488049533203125 0.34787957421875 0.51691673828125 0.3418029921875 0.5243873046875 0.2343138515625 0.554403994140625 0.225577375 0.55035329296875 0.22861513671875 0.540983859375 0.213675064453125 0.5400989921875 0.196328068359375 0.5250340234375 0.17113263671875 0.524783169921875 0.12985188671875 0.46236827734375 0.10098573828125 0.472499794921875 0.085032724609375 0.470981974609375 0.0956159375 0.497102244140625 0.096902001953125 0.523460232421875 0.125877380859375 0.572746029296875 0.142077576171875 0.569005919921875 0.155601021484375 0.5794246171875 0.1345554140625 0.5912135859375 0.13352067578125 0.592632705078125 0.017563810546875 0.63304502734375 0.05809788671875 0.8086173984375 0.124699134765625 0.781482740234375 0.184827974609375 0.75305986328125 0.1783692890625 0.736347939453125 0.1408915625 0.724196890625 0.132911880859375 0.689633087890625 0.1467098828125 0.66304367578125
0 0.769733673828125 0.403054638671875 0.74681709375 0.401410861328125 0.73301803515625 0.4167319765625 0.66908214453125 0.440160849609375 0.63996196875 0.44168290625 0.607421927734375 0.42839190625 0.60197830078125 0.43484953125 0.60210319921875 0.416617666015625 0.595772587890625 0.415478771484375 0.554625203125 0.42497839453125 0.54107911328125 0.43764067578125 0.567165763671875 0.49056123828125 0.566661939453125 0.51841550390625 0.542989625 0.558553123046875 0.554137259765625 0.621857119140625 0.694817392578125 0.795679544921875 0.6982372578125 0.810492603515625 0.6660920234375 0.95660366015625 0.667613021484375 0.9744555390625 0.968090087890625 0.90508494140625 0.790023541015625 0.691104013671875 0.711119857421875 0.705360228515625 0.677342923828125 0.644845533203125 0.65853871875 0.636316322265625 0.627727654296875 0.59293759765625 0.68871963671875 0.577784166015625 0.908127546875 0.49939191015625 0.892171357421875 0.4640691953125 0.880897767578125 0.407728767578125 0.910268794921875 0.38101128125 0.9417948359375 0.382401029296875 0.974712744140625 0.374801330078125 0.985506765625 0.3802551015625 0.976910826171875 0.3430219921875 0.97344365625 0.3430223203125 0.943184583984375 0.35087498828125 0.929383408203125 0.343659509765625 0.905834931640625 0.35429696875 0.793154076171875 0.376844150390625 0.769733673828125 0.403054638671875
0 0.787183333984375 0.163253501953125 0.784525556640625 0.174268828125 0.767306634765625 0.17477688671875 0.758571216796875 0.181994482421875 0.750216841796875 0.20212626953125 0.749080064453125 0.230993474609375 0.716036201171875 0.245556740234375 0.713758408203125 0.258217962890625 0.7041360078125 0.257839037109375 0.70882283984375 0.28189451171875 0.740094853515625 0.274674798828125 0.75592191015625 0.2831561875 0.796055294921875 0.2617553125 0.903106521484375 0.23788375 0.920047125 0.2488994453125 0.918841279296875 0.28756089453125 0.7911239609375 0.33050505078125 0.78504737890625 0.3379756171875 0.789733154296875 0.350762794921875 0.8064471953125 0.366840705078125 0.91752354296875 0.333181689453125 0.93921455078125 0.325508435546875 0.964683021484375 0.318029265625 0.970748201171875 0.316328732421875 0.934631876953125 0.159891744140625 0.9182230703125 0.145135947265625 0.901640275390625 0.178435958984375 0.867836443359375 0.189707431640625 0.81693540625 0.149450208984375 0.80706003515625 0.1517301171875 0.787183333984375 0.163253501953125
0 0.398641951171875 0.4289179609375 0.427255126953125 0.42144527734375 0.4274061015625 0.400946326171875 0.4457399609375 0.41891133984375 0.58260224609375 0.3847137578125 0.55494408984375 0.38749480078125 0.5475054609375 0.373752333984375 0.530681935546875 0.370172970703125 0.546894255859375 0.34268256640625 0.507512369140625 0.277228853515625 0.50586435546875 0.2550722421875 0.52346220703125 0.244941783203125 0.529664744140625 0.230507650390625 0.52902861328125 0.19771569921875 0.519532166015625 0.19037320703125 0.464331693359375 0.206584484375 0.457369185546875 0.21772682421875 0.4642089140625 0.24735294140625 0.456866419921875 0.256849388671875 0.346466533203125 0.300540240234375 0.351405279296875 0.310668580078125 0.392120693359375 0.317399763671875 0.38647819921875 0.33117612109375 0.396171609375 0.344509005859375 0.3928616484375 0.34601598046875 0.388422435546875 0.354504275390625 0.36575778125 0.360269873046875 0.34075666015625 0.36977352734375 0.320390142578125 0.38780295703125 0.330905392578125 0.4056330390625 0.359683748046875 0.3893932734375 0.386243408203125 0.40511850390625 0.3933703984375 0.41520128515625 0.39294429296875 0.426766125 0.398641951171875 0.4289179609375
0 0.414446775390625 0.200765107421875 0.426473982421875 0.192787541015625 0.432929490234375 0.175694572265625 0.463821517578125 0.166828966796875 0.489523947265625 0.1730304453125 0.50889470703125 0.16682473046875 0.512185439453125 0.154796462890625 0.493445515625 0.137452642578125 0.482557205078125 0.13909959765625 0.48116322265625 0.12555244921875 0.470527880859375 0.12454056640625 0.47191974609375 0.11555112109375 0.455079748046875 0.106436775390625 0.416338228515625 0.118848205078125 0.39177575390625 0.117584412109375 0.330497640625 0.12999795703125 0.342782052734375 0.16443474609375 0.343800287109375 0.2214091875 0.35405564453125 0.220775173828125 0.414446775390625 0.200765107421875