1 0.8857421875 0.654296875 0.1171875 0.166015625
1 0.7607421875 0.6455078125 0.1201171875 0.123046875
1 0.626953125 0.6318359375 0.119140625 0.1357421875
1 0.4326171875 0.21875 0.115234375 0.111328125
1 0.955078125 0.4931640625 0.0888671875 0.109375
1 0.7138671875 0.4833984375 0.154296875 0.1328125
1 0.826171875 0.419921875 0.150390625 0.091796875
1 0.9365234375 0.3427734375 0.126953125 0.095703125
1 0.7646484375 0.208984375 0.150390625 0.0966796875
1 0.919921875 0.09765625 0.1171875 0.091796875
1 0.1591796875 0.537109375 0.1298828125 0.1484375
1 0.23828125 0.572265625 0.0966796875 0.1640625
1 0.298828125 0.5947265625 0.103515625 0.1484375
1 0.419921875 0.5908203125 0.123046875 0.119140625
1 0.0556640625 0.4990234375 0.111328125 0.123046875
1 0.2333984375 0.2060546875 0.080078125 0.111328125
1 0.7421875 0.0732421875 0.1015625 0.0732421875
1 0.0888671875 0.1640625 0.087890625 0.0751953125
1 0.630859375 0.287109375 0.083984375 0.091796875
1 0.525390625 0.126953125 0.0888671875 0.087890625
1 0.958984375 0.044921875 0.08203125 0.0830078125
1 0.1474609375 0.2841796875 0.091796875 0.0830078125
0 0.27421875 1 0.2859375 0.96953125 0.29921875 0.953125 0.31796875 0.94375 0.33984375 0.9484375 0.3484375 0.96171875 0.34140625 1 0.3921875 0.99921875 0.390625 0.91484375 0.37265625 0.8734375 0.32734375 0.8671875 0.27421875 0.878125 0.12265625 0.875 0.1171875 0.87109375 0.1171875 0.85078125 0.140625 0.84765625 0.09296875 0.84375 0.08125 0.83828125 0.0796875 0.82734375 0.09296875 0.815625 0.18515625 0.8109375 0.209375 0.78828125 0.14765625 0.765625 0.05703125 0.75 0.0625 0.77734375 0.0578125 0.80546875 0.03671875 0.8203125 0.01953125 0.8203125 0.00625 0.79609375 0.009375 0.77734375 0.0046875 0.76328125 0.0171875 0.71328125 0.01328125 0.7046875 0 0.69921875 0.00078125 1 0.27421875 1
0 0.85859375 0.871875 0.77578125 0.8625 0.76875 0.86640625 0.7734375 0.90859375 0.8 0.93046875 0.81640625 0.953125 0.82421875 0.953125 0.83828125 0.9359375 0.88515625 0.934375 0.903125 0.97109375 0.93984375 1 0.9859375 0.99921875 0.9875 0.98984375 1 0.98203125 0.99921875 0.90625 0.85859375 0.871875
0 0.49140625 0.9671875 0.51015625 0.9734375 0.5390625 0.91953125 0.52265625 0.9078125 0.48515625 0.9078125 0.47109375 0.8828125 0.45390625 0.8875 0.43671875 0.9046875 0.41640625 0.903125 0.4125 0.90703125 0.421875 0.99921875 0.434375 0.99921875 0.44375 0.96640625 0.46015625 0.9546875 0.47734375 0.9515625 0.49140625 0.9671875
0 0.56953125 0.815625 0.56171875 0.821875 0.4921875 0.81640625 0.51640625 0.846875 0.534375 0.85078125 0.5328125 0.86328125 0.53828125 0.86875 0.55078125 0.86875 0.5625 0.88515625 0.5890625 0.87109375 0.559375 0.85390625 0.559375 0.83828125 0.56953125 0.815625
0 0.51015625 0.9734375 0.5375 0.92265625 0.52109375 0.9078125 0.48515625 0.909375 0.47265625 0.890625 0.45390625 0.8921875 0.43515625 0.9078125 0.41640625 0.9078125 0.421875 0.99609375 0.4328125 0.99921875 0.440625 0.96953125 0.46328125 0.953125 0.47890625 0.9515625 0.51015625 0.9734375
0 0.42421875 0.3015625 0.41015625 0.30625 0.40390625 0.29375 0.37421875 0.296875 0.36875 0.34296875 0.38046875 0.353125 0.409375 0.35546875 0.4453125 0.35078125 0.4484375 0.31484375 0.43671875 0.321875 0.42421875 0.3015625
0 0.4828125 0.33671875 0.48515625 0.3734375 0.50703125 0.3859375 0.540625 0.38984375 0.55625 0.38515625 0.55546875 0.3390625 0.49453125 0.3453125 0.4828125 0.33671875
0 0.26953125 0.2875 0.26171875 0.2859375 0.23671875 0.3078125 0.2203125 0.30703125 0.23984375 0.340625 0.2640625 0.34140625 0.26875 0.33828125 0.2609375 0.32265625 0.275 0.30703125 0.26953125 0.2875
0 0.3375 0.30078125 0.3453125 0.28828125 0.33359375 0.271875 0.31875 0.28828125 0.31875 0.31953125 0.3265625 0.32734375 0.3234375 0.32265625 0.33046875 0.3234375 0.3375 0.31484375 0.3375 0.30078125
0 0.43671875 0.315625 0.42421875 0.3015625 0.41015625 0.3078125 0.40546875 0.2875 0.39609375 0.2953125 0.37265625 0.2921875 0.3703125 0.34453125 0.409375 0.35390625 0.44140625 0.35 0.4390625 0.32890625 0.453125 0.31484375 0.43671875 0.315625
0 0.10546875 0.1234375 0.11484375 0.1171875 0.12578125 0.125 0.15234375 0.1 0.20546875 0.071875 0.23359375 0.09375 0.30703125 0.0203125 0.32109375 0.015625 0.33515625 0.0203125 0.3421875 0.00078125 0.28046875 0 0.26796875 0.0125 0.23984375 0.0109375 0.20703125 0.0359375 0.19140625 0.040625 0.16953125 0.0359375 0.1390625 0.06171875 0.128125 0.07578125 0.128125 0.08984375 0.12109375 0.09375 0.10703125 0.090625 0.06328125 0.1 0.00078125 0.084375 0 0.16796875 0.01640625 0.15625 0.0375 0.18828125 0.046875 0.17734375 0.0453125 0.16015625 0.08359375 0.121875 0.10546875 0.1234375
0 0.7578125 0.34765625 0.7546875 0.37421875 0.76328125 0.3828125 0.7765625 0.38203125 0.78828125 0.378125 0.79375 0.36796875 0.79453125 0.3453125 0.7578125 0.34765625
0 0.8578125 0.25390625 0.84921875 0.234375 0.83046875 0.25625 0.82421875 0.2515625 0.80625 0.26484375 0.79609375 0.2890625 0.7875 0.28515625 0.78515625 0.275 0.77421875 0.2734375 0.75546875 0.2859375 0.73828125 0.2859375 0.70703125 0.2671875 0.6921875 0.28359375 0.69609375 0.2953125 0.74296875 0.315625 0.76484375 0.296875 0.78203125 0.290625 0.81015625 0.2984375 0.81875 0.30859375 0.8171875 0.33046875 0.83125 0.34296875 0.828125 0.36484375 0.84375 0.36953125 0.8515625 0.36171875 0.8515625 0.34140625 0.8640625 0.31015625 0.8578125 0.25390625
0 0.671875 0.37265625 0.6796875 0.38515625 0.70625 0.37890625 0.71015625 0.3375 0.6765625 0.35703125 0.671875 0.37265625
0 0.66640625 0.053125 0.60546875 0.071875 0.584375 0.07265625 0.5859375 0.08984375 0.61328125 0.1125 0.6484375 0.12109375 0.6671875 0.10859375 0.684375 0.06640625 0.68203125 0.0578125 0.66640625 0.053125
0 0.52265625 0.05 0.5140625 0.05859375 0.51640625 0.0796875 0.52578125 0.078125 0.54140625 0.090625 0.55390625 0.0859375 0.5828125 0.08984375 0.584375 0.06953125 0.57421875 0.0515625 0.54140625 0.059375 0.52265625 0.05