1 0.12890625 0.6396484375 0.255859375 0.2265625
1 0.435546875 0.4189453125 0.162109375 0.16015625
1 0.3388671875 0.2333984375 0.11328125 0.083984375
1 0.04296875 0.37890625 0.0859375 0.11328125
1 0.640625 0.2822265625 0.134765625 0.095703125
1 0.1474609375 0.3251953125 0.130859375 0.099609375
1 0.7587890625 0.1953125 0.134765625 0.11328125
1 0.5380859375 0.3466796875 0.150390625 0.115234375
1 0.41796875 0.1884765625 0.103515625 0.078125
1 0.4921875 0.7138671875 0.099609375 0.103515625
1 0.6923828125 0.541015625 0.064453125 0.064453125
1 0.2802734375 0.51171875 0.171875 0.11328125
1 0.625 0.0908203125 0.05859375 0.048828125
1 0.7431640625 0.125 0.08984375 0.0546875
0 0.673763955078125 0.504939068359375 0.678185984375 0.51049082421875 0.69891432421875 0.511883142578125 0.703001412109375 0.463748486328125 0.69354930859375 0.45680791796875 0.688864685546875 0.46201071875 0.6721265625 0.45793063671875 0.673763955078125 0.504939068359375
0 0.7532438125 0.350402611328125 0.737459185546875 0.348751203125 0.736243095703125 0.357077083984375 0.759313744140625 0.355868001953125 0.762264099609375 0.349103662109375 0.775879142578125 0.35665227734375 0.8332068125 0.362736224609375 0.852556845703125 0.3220638203125 0.84969635546875 0.31477780078125 0.816479197265625 0.31156134765625 0.814313115234375 0.3017602890625 0.8053756875 0.320405408203125 0.796445267578125 0.307653994140625 0.773201890625 0.305567267578125 0.771122171875 0.29741411328125 0.752387189453125 0.302527046875 0.750559552734375 0.3307141328125 0.741103947265625 0.339471826171875 0.7532438125 0.350402611328125
0 0.586500921875 0.558259005859375 0.5727096484375 0.56311284765625 0.572191470703125 0.553225427734375 0.582078890625 0.55270725 0.579653720703125 0.53796248046875 0.5858998828125 0.531025416015625 0.579836958984375 0.494163494140625 0.5741124765625 0.49528971484375 0.577926462890625 0.50500441015625 0.561609640625 0.556258642578125 0.54521696875 0.558770173828125 0.54226661328125 0.565534515625 0.535329548828125 0.5592883515625 0.51555470703125 0.56032470703125 0.49960085546875 0.53967923046875 0.49699244921875 0.568733447265625 0.485888939453125 0.5775775078125 0.48632075390625 0.5858170234375 0.496467265625 0.590242556640625 0.50270641796875 0.614702021484375 0.529504689453125 0.62155973046875 0.539471466796875 0.654085986328125 0.55170119921875 0.650966408203125 0.567744916015625 0.65756152734375 0.574941072265625 0.668751400390625 0.563139650390625 0.695808759765625 0.57345888671875 0.703530099609375 0.58959246875 0.69607485546875 0.577452603515625 0.685144072265625 0.58543303125 0.679768544921875 0.57988478125 0.668492310546875 0.594460328125 0.647073068359375 0.6066036953125 0.642305587890625 0.60183621484375 0.63016221875 0.575645990234375 0.61914156640625 0.571659279296875 0.606131064453125 0.575307544921875 0.581153423828125 0.594477845703125 0.568581744140625 0.586500921875 0.558259005859375
0 0 0.20977848828125 0.007390099609375 0.212681177734375 0.031766703125 0.18909585546875 0.06142896875 0.187541322265625 0.08155626953125 0.16170005078125 0.110265037109375 0.15771684375 0.101766431640625 0.153204947265625 0.097002453125 0.125363314453125 0.07948355859375 0.1221503671875 0.070294048828125 0.1044552421875 0 0.087076421875 0 0.20977848828125
0 0.793350373046875 0 0.794691205078125 0.006177515625 0.783235236328125 0.03982648828125 0.786354814453125 0.052056220703125 0.82468841015625 0.058309390625 0.841858349609375 0.07062898828125 0.84472584375 0.04651848046875 0.8612083828125 0.0299565859375 0.869088435546875 0.085726216796875 0.885484611328125 0.06751641796875 0.897199669921875 0.03881115625 0.91385493359375 0.025545068359375 0.917582556640625 0.033611859375 0.933453544921875 0.036911169921875 0.939606337890625 0.05972273046875 0.934648611328125 0.12277487890625 0.9747993359375 0.1479357578125 0.982214900390625 0.147547123046875 0.976218771484375 0.03313415234375 0.96034168359375 0.02971851953125 0.87436396484375 0 0.793350373046875 0
0 0 0.5130929609375 0.002622642578125 0.563135947265625 0.01329658984375 0.56186049609375 0.01746303515625 0.546770275390625 0.029689263671875 0.559348962890625 0.0654214609375 0.563259822265625 0.089794560546875 0.555372763671875 0.083990724609375 0.52345455078125 0.151216322265625 0.481925525390625 0.1643131875 0.47958671875 0.17160271484375 0.46102796484375 0.180360408203125 0.470483572265625 0.218607640625 0.475088837890625 0.22849856640625 0.458872396484375 0.220348916015625 0.44525384765625 0.24298775 0.43580525 0.288956322265625 0.430091279296875 0.3243465703125 0.4117122578125 0.326267578125 0.353776546875 0.3319885546875 0.368348587890625 0.349942767578125 0.364102791015625 0.36052109375 0.37676783984375 0.380468662109375 0.379027291015625 0.3927882578125 0.361857353515625 0.41915471484375 0.360475546875 0.42982641015625 0.343391970703125 0.508760060546875 0.304554208984375 0.5188237109375 0.29163357421875 0.513275458984375 0.280357337890625 0.514325830078125 0.237339123046875 0.5243031171875 0.22277058203125 0.55648041796875 0.22191045703125 0.569566771484375 0.266666443359375 0.579454193359375 0.266148265625 0.5869164453125 0.2508853203125 0.607648287109375 0.236579373046875 0.63045984765625 0.230426580078125 0.639570001953125 0.215077271484375 0.6563979921875 0.205106990234375 0.64071023828125 0.15800869140625 0.622586802734375 0.14326041796875 0.538291640625 0.11132469140625 0.524331146484375 0.097184462890625 0.511147919921875 0.097875365234375 0.508280421875 0.121985873046875 0.535683234375 0.140378908203125 0.54738427734375 0.17446670703125 0.54469301171875 0.186174755859375 0.524655576171875 0.197965666015625 0.504873728515625 0.23039855078125 0.467403759765625 0.24062441796875 0.459855146484375 0.2542394609375 0.433661416015625 0.258917076171875 0.348567966796875 0.306339802734375 0.320380880859375 0.304512166015625 0.3170815703125 0.320383158203125 0.301638890625 0.341021630859375 0.2871532109375 0.34839051171875 0.288448654296875 0.3731090625 0.272660525390625 0.387155921875 0.270836390625 0.3996447421875 0.249759095703125 0.407359076171875 0.22634299609375 0.40197654296875 0.220881107421875 0.3923482109375 0.212555228515625 0.39113212109375 0.145156900390625 0.42936533984375 0.132664576171875 0.44323947265625 0.07811103515625 0.442793642578125 0.079496345703125 0.453461833984375 0.067871154296875 0.468116736328125 0.01825431640625 0.49880834765625 0 0.501297076171875 0 0.5130929609375
0 1 0.486907041015625 0.986726228515625 0.233628400390625 0.98588182421875 0.2332812890625 0.95127584765625 0.235094912109375 0.9465912265625 0.2402977109375 0.94303633203125 0.2355267265625 0.934617080078125 0.264059263671875 0.93305904296875 0.250095265625 0.91068280078125 0.248789310546875 0.90132056640625 0.22779837890625 0.851710734375 0.2270934609375 0.83817855078125 0.236891013671875 0.8441586171875 0.256406767578125 0.81847955859375 0.2866700703125 0.91708767578125 0.307941111328125 0.929752724609375 0.297362787109375 0.933653072265625 0.308725384765625 0.9546405 0.315061412109375 0.9521219609375 0.330065271484375 0.943447125 0.337955833984375 0.9063296171875 0.323376783203125 0.89739569140625 0.326323634765625 0.903109662109375 0.37229220703125 0.912040083984375 0.38504362109375 0.909348818359375 0.396751671875 0.8773442421875 0.40090760546875 0.87005471875 0.419466357421875 0.86242675 0.400036966796875 0.85228023828125 0.395611435546875 0.839356099609375 0.401246048828125 0.830339314453125 0.386846732421875 0.719587830078125 0.370343171875 0.719753548828125 0.4050355078125 0.7069157734375 0.412318025390625 0.7052643671875 0.428102654296875 0.689738826171875 0.431394958984375 0.709251078125 0.441113158203125 0.79606477734375 0.45804502734375 0.8021347109375 0.463510419921875 0.799961623046875 0.485105892578125 0.791027697265625 0.488052744140625 0.742374865234375 0.474078234375 0.721822755859375 0.460283458984375 0.712888830078125 0.46323030859375 0.710795099609375 0.517870216796875 0.72944021484375 0.526807642578125 0.73758636328125 0.556124455078125 0.7285625703125 0.57312166796875 0.719974099609375 0.582660134765625 0.7084387734375 0.58326467578125 0.7016709296875 0.5960125859375 0.70018173828125 0.662187814453125 0.693773359375 0.61873427734375 0.685184888671875 0.628272744140625 0.683702703125 0.663051443359375 0.666007578125 0.672240953125 0.662967357421875 0.69305565625 0.65186384765625 0.701899712890625 0.6352120859375 0.699467537109375 0.630872916015625 0.71126194921875 0.588549107421875 0.70769654296875 0.60537359375 0.713424529296875 0.603894912109375 0.732504962890625 0.588023919921875 0.72920565234375 0.584123572265625 0.7178430546875 0.573977064453125 0.71341751953125 0.577794552734375 0.707433951171875 0.571116576171875 0.7061315 0.57232916015625 0.7135038828125 0.564956775390625 0.714716466796875 0.5607109765625 0.696762255859375 0.559405021484375 0.719138498046875 0.550122140625 0.731192 0.554457806640625 0.7350958515625 0.5574945234375 0.729979416015625 0.5629564140625 0.739607748046875 0.582817619140625 0.740219294921875 0.5940903515625 0.75036930859375 0.59512670703125 0.770144150390625 0.580464796875 0.789915490234375 0.552709525390625 0.796327369140625 0.540396935546875 0.782100779296875 0.526087482421875 0.777067203125 0.522622455078125 0.758245857421875 0.49278746484375 0.756504583984375 0.485760533203125 0.764308783203125 0.49087696875 0.7673455 0.48515248828125 0.76847172265625 0.47622206640625 0.75572030859375 0.468673455078125 0.7693353515625 0.443440224609375 0.745045111328125 0.4461314921875 0.733337060546875 0.439108064453125 0.725442994140625 0.4451815 0.71521012109375 0.43235073046875 0.691096107421875 0.4451885078125 0.68381358984375 0.43131087109375 0.68701953125 0.426108072265625 0.68233491015625 0.41405106640625 0.68875029296875 0.420120998046875 0.694215685546875 0.40607063671875 0.6941258203125 0.406236357421875 0.72881815625 0.392182490234375 0.744426556640625 0.3926143046875 0.752666072265625 0.4045814453125 0.760301048828125 0.40994996484375 0.7996780078125 0.4082810390625 0.8939539609375 0.430916369140625 0.900203626953125 0.440541197265625 0.910440001953125 0.42752719140625 0.930124978515625 0.4170317265625 0.93480609765625 0.41512123046875 0.945647013671875 0.409832068359375 0.93931448828125 0.39872855859375 0.948158548828125 0.394133802734375 0.939310986328125 0.37786603515625 0.7707895078125 0.36121076953125 0.784055595703125 0.358778591796875 0.800707357421875 0.3497583046875 0.8020063046875 0.34229605078125 0.81726925 0.328853736328125 0.8130164453125 0.319653712890625 0.842416115234375 0.3095900625 0.855336751953125 0.299702642578125 0.8558549296875 0.285227474609375 0.816129013671875 0.246987248046875 0.78012721875 0.2384956484375 0.74421879296875 0.225661375 0.735803044921875 0.1876662265625 0.76753801953125 0.164768302734375 0.772042908203125 0.159561998046875 0.783056552734375 0.1619008046875 0.79615341796875 0.1882637578125 0.810469875 0.210287541015625 0.83658074609375 0.206459541015625 0.889659111328125 0.199612341796875 0.869362587890625 0.196575625 0.8744790234375 0.171770708984375 0.87412656640625 0.1854756171875 0.867624818359375 0.14601580078125 0.85564716796875 0.143932578125 0.86319227734375 0.16925216796875 0.889130421875 0.199781564453125 0.888356658203125 0.203070365234375 0.919580462890625 0.19360775 0.9597346875 0.1956804609375 0.999284373046875 0.195200125 1 0.513092974609375 1 1 0.974482283203125 1 0.486907041015625