1 0.5166015625 0.7421875 0.291015625 0.19140625
1 0.767578125 0.791015625 0.1953125 0.1484375
1 0.2314453125 0.9423828125 0.287109375 0.115234375
1 0.8486328125 0.2138671875 0.166015625 0.140625
1 0.52734375 0.4697265625 0.232421875 0.15625
1 0.4052734375 0.421875 0.248046875 0.1640625
1 0.2431640625 0.478515625 0.18359375 0.130859375
1 0.2578125 0.6669921875 0.19140625 0.130859375
1 0.0673828125 0.6044921875 0.1328125 0.140625
1 0.125 0.7958984375 0.158203125 0.138671875
1 0.7001953125 0.59765625 0.1875 0.126953125
1 0.828125 0.63671875 0.193359375 0.158203125
1 0.943359375 0.658203125 0.11328125 0.18359375
1 0.869140625 0.5146484375 0.162109375 0.1171875
1 0.9521484375 0.5380859375 0.095703125 0.123046875
1 0.9150390625 0.310546875 0.123046875 0.109375
1 0.7958984375 0.3720703125 0.150390625 0.107421875
1 0.61328125 0.3134765625 0.14453125 0.099609375
1 0.013671875 0.3173828125 0.02734375 0.068359375
1 0.6357421875 0.04296875 0.123046875 0.0859375
1 0.083984375 0.208984375 0.16796875 0.09765625
1 0.2158203125 0.166015625 0.162109375 0.08984375
1 0.7822265625 0.015625 0.111328125 0.03125
1 0.533203125 0.0185546875 0.11328125 0.037109375
1 0.0478515625 0.19140625 0.095703125 0.12109375
0 0 0.144314974609375 0.00682318359375 0.142739716796875 0.018591802734375 0.155785068359375 0.020381794921875 0.148366328125 0.028568287109375 0.15348181640625 0.0353465234375 0.144911447265625 0.048777888671875 0.157572921875 0.080242845703125 0.157314154296875 0.10275569921875 0.17138174609375 0.15097537890625 0.16024935546875 0.157882998046875 0.167411466796875 0.167986728515625 0.15807334765625 0.166708927734375 0.171503642578125 0.1884529609375 0.170862068359375 0.19868607421875 0.177256427734375 0.20891705078125 0.160883443359375 0.23833538671875 0.159345802734375 0.24294082421875 0.167915099609375 0.223628357421875 0.182881966796875 0.227338798828125 0.19516063671875 0.230791541015625 0.18735801953125 0.2407680234375 0.185054767578125 0.243966275390625 0.191321880859375 0.25573275390625 0.18159988671875 0.264303119140625 0.188378123046875 0.286047154296875 0.187736548828125 0.285277263671875 0.161643708984375 0.25572954296875 0.147448869140625 0.269670958984375 0.1433545546875 0.276578580078125 0.150516666015625 0.28258906640625 0.138620802734375 0.300628005859375 0.182618921875 0.32147597265625 0.17430304296875 0.319170580078125 0.14155921484375 0.32978329296875 0.104081630859375 0.306759318359375 0.095386158203125 0.30151123828125 0.053689154296875 0.2861626328125 0.055481287109375 0.27733884375 0.074156455078125 0.279261431640625 0.116621208984375 0.266083486328125 0.078506330078125 0.252396560546875 0.068530916015625 0.179108423828125 0.092456302734375 0.1597959609375 0.107423169921875 0.158773716796875 0.11816740625 0.14879723046875 0.12047066015625 0.141505736328125 0.11164580078125 0.10952965625 0.1172766875 0.099807662109375 0.105510208984375 0.068342705078125 0.10576898046875 0.056062966796875 0.098095748046875 0.033552251953125 0.1067955 0.020377517578125 0.10283163671875 0.018844154296875 0.1189479921875 0 0.120349623046875 0 0.144314974609375
0 0.8364456875 0 0.8384589375 0.01641793359375 0.824006400390625 0.0258843671875 0.776297841796875 0.031644638671875 0.76197148046875 0.02269253515625 0.74137907421875 0.028322353515625 0.75416993359375 0.030623466796875 0.7576248125 0.0455881953125 0.74573108984375 0.0623450546875 0.76812525390625 0.174516890625 0.78590542578125 0.187050052734375 0.798183025390625 0.171955939453125 0.813147751953125 0.168501060546875 0.90792650390625 0.1693875 0.924427802734375 0.183967283203125 0.929674814453125 0.21428061328125 0.9243026953125 0.2137694921875 0.93121031640625 0.220931603515625 0.924944271484375 0.235513525390625 0.917141654296875 0.232060787109375 0.904096302734375 0.24382940234375 0.885422205078125 0.24638928515625 0.780538654296875 0.24345729296875 0.77286114453125 0.210202341796875 0.777847248046875 0.18628337109375 0.760195392578125 0.178099017578125 0.746755470703125 0.074368162109375 0.73856791015625 0.057869001953125 0.70070858984375 0.06836088671875 0.69188159375 0.0528850390625 0.633685427734375 0.066320681640625 0.62255731640625 0.06363569140625 0.613732458984375 0.0709271875 0.593011736328125 0.072208197265625 0.5736971328125 0.064407720703125 0.5766419609375 0.096128240234375 0.59634044140625 0.10559146484375 0.60427244140625 0.124776685546875 0.615528869140625 0.13181048046875 0.617702736328125 0.126054486328125 0.624738671875 0.137565404296875 0.63612234375 0.137564333984375 0.659658509765625 0.15227136328125 0.665672203125 0.174526517578125 0.599802806640625 0.2002418984375 0.519990923828125 0.218667923828125 0.5018300859375 0.23862303515625 0.43736680859375 0.255256927734375 0.43851843359375 0.26024516796875 0.3926020078125 0.281354044921875 0.240013107421875 0.31833333984375 0.241164734375 0.323321583984375 0.205224794921875 0.342127205078125 0.16570273046875 0.35300296484375 0.147541890625 0.37295807421875 0.12464730078125 0.379995080078125 0.09280060546875 0.4013584453125 0.0220702109375 0.421190587890625 0 0.435077650390625 0 0.556967806640625 0.0027361015625 0.568819166015625 0.11405062890625 0.58822774609375 0.1253765078125 0.627936845703125 0.100282970703125 0.6471488828125 0.08681151171875 0.6409277578125 0.040511208984375 0.6603738828125 0.022938453125 0.6563251640625 0.035201890625 0.70944394140625 0.11150465234375 0.717541388671875 0.125191578125 0.7275168046875 0.11534340625 0.73416886328125 0.110740109375 0.74836691015625 0.1860791484375 0.77125508203125 0.173290427734375 0.791721314453125 0.175977556640625 0.803360546875 0.16894376171875 0.814616974609375 0.11765521484375 0.835214728515625 0.077236013671875 0.827032515625 0.06318852734375 0.83066738671875 0.0906911875 0.94979449609375 0.12367853515625 0.95992293359375 0.1752237109375 0.94802279296875 0.217305658203125 0.955821130859375 0.2857349375 0.94877984765625 0.342781615234375 0.953123306640625 0.3443171171875 0.959774296875 0.3184819765625 0.98062547265625 0.36718000390625 1 0.55696780078125 1 1 0.897717958984375 1 0.70644565625 0.962975755859375 0.696101015625 0.910278955078125 0.7030129140625 0.9168091171875 0.776814310546875 0.909262060546875 0.770675509765625 0.88878834375 0.678201083984375 0.84798740625 0.691123466796875 0.81485969921875 0.69176611328125 0.793498474609375 0.682686763671875 0.764464013671875 0.685887150390625 0.753845953125 0.666446373046875 0.735810220703125 0.65659926953125 0.74821506640625 0.63447029296875 0.74322575390625 0.62423824609375 0.7065180625 0.639718375 0.63425002734375 0.630132181640625 0.62606246484375 0.61363301953125 0.608410609375 0.60544866796875 0.606875107421875 0.598797677734375 0.637825734375 0.569760009765625 0.68310379296875 0.5610581171875 0.7751975546875 0.573072669921875 0.79144222265625 0.578954837890625 0.790803857421875 0.591361822265625 0.79924591015625 0.593791251953125 0.882512671875 0.590329955078125 0.930223369140625 0.60733702734375 0.962710568359375 0.5963340234375 0.970128240234375 0.58674034375 0.941092712890625 0.578557060546875 0.90463951171875 0.57996745703125 0.89568526953125 0.57152647265625 0.87726673046875 0.571400294921875 0.875730158203125 0.553365634765625 0.846055193359375 0.546205662109375 0.82571834765625 0.549149419921875 0.799110107421875 0.50975673828125 0.82980517578125 0.483405130859375 0.85640913671875 0.477263123046875 0.9194684375 0.4924780625 0.9588632578125 0.48863716796875 1 0.49231798046875 1 0.443032197265625 0.996748048828125 0.42894644921875 0.94785811328125 0.433382623046875 0.93148512890625 0.4231516484375 0.920997521484375 0.430827017578125 0.900659607421875 0.42238710546875 0.87213412890625 0.39744803125 0.876480796875 0.37455237109375 0.90679198828125 0.346538013671875 0.9570604296875 0.359451841796875 0.980958572265625 0.36055470703125 0.97553441015625 0.337060083984375 0.930454330078125 0.34282650390625 0.91689571875 0.337199896484375 0.8895240078125 0.34001641015625 0.863941220703125 0.3240305078125 0.857544720703125 0.311496279296875 0.8588225234375 0.298065984375 0.895273583984375 0.2738882421875 0.961956919921875 0.278249515625 0.930068517578125 0.140125666015625 0.900889498046875 0.14649291015625 0.87134284765625 0.143681744140625 0.8714690234375 0.125263205078125 0.896664728515625 0.105435341796875 0.920557703125 0.09892980078125 0.89771795703125 0 0.8364456875 0