1 0.533203125 0.474609375 0.09375 0.08203125
1 0.369140625 0.482421875 0.134765625 0.12890625
1 0.435546875 0.3740234375 0.072265625 0.111328125
1 0.650390625 0.4453125 0.166015625 0.109375
1 0.8935546875 0.890625 0.150390625 0.21875
1 0.9521484375 0.25390625 0.095703125 0.06640625
1 0.5078125 0.1630859375 0.064453125 0.052734375
1 0.5986328125 0.1767578125 0.052734375 0.048828125
1 0.4248046875 0.001953125 0.052734375 0.00390625
1 0.7744140625 0.1787109375 0.076171875 0.078125
1 0.54296875 0.4052734375 0.052734375 0.078125
0 0.3444916875 0.41814870703125 0.353986005859375 0.395153583984375 0.373206595703125 0.421032908203125 0.376944462890625 0.380110046875 0.332448330078125 0.402410126953125 0.322185630859375 0.411331353515625 0.328673796875 0.418795134765625 0.3444916875 0.41814870703125
0 0.05889726953125 0.30441813671875 0.066604951171875 0.294441984375 0.096374787109375 0.29477117578125 0.11665627734375 0.280416708984375 0.150401904296875 0.274013828125 0.15754247265625 0.259616716796875 0.028072509765625 0.3066439609375 0.05889726953125 0.30441813671875
0 0.513049255859375 0.43869800390625 0.51674448046875 0.41091606640625 0.51329913671875 0.39753123828125 0.49573725390625 0.398055712890625 0.48924908984375 0.39059193359375 0.465924775390625 0.41086744921875 0.48599903125 0.424538822265625 0.49138962890625 0.447698541015625 0.513049255859375 0.43869800390625
0 0.48692005078125 0.499085361328125 0.4902920625 0.463394478515625 0.4760535703125 0.4790477734375 0.44790577734375 0.480584529296875 0.4412163515625 0.463467810546875 0.446856828125 0.445460763671875 0.435014734375 0.43937512109375 0.415464953125 0.443265630859375 0.4060925859375 0.464516759765625 0.427709572265625 0.468657150390625 0.435533232421875 0.49461578515625 0.48692005078125 0.499085361328125
0 0.72387713671875 0.40612246484375 0.744853671875 0.35676618359375 0.732932265625 0.339283611328125 0.700400181640625 0.365925337890625 0.688472798828125 0.38612154296875 0.685509287109375 0.4034395234375 0.699339279296875 0.406159130859375 0.72387713671875 0.40612246484375
0 0.48341930078125 0.323588484375 0.50313367578125 0.30481305859375 0.50516421484375 0.2883061015625 0.413220388671875 0.274866677734375 0.4000368203125 0.287964958984375 0.387182443359375 0.27129340625 0.361022548828125 0.26946412890625 0.35100375390625 0.274897369140625 0.39630493359375 0.29120904296875 0.401049103515625 0.29855087109375 0.439173048828125 0.304721796875 0.450405384765625 0.31952740625 0.468534384765625 0.323423890625 0.48341930078125 0.323588484375
0 0.893441013671875 0.474936451171875 0.925082767578125 0.4359648203125 0.926912046875 0.409804923828125 0.94046146875 0.391474662109375 0.936979458984375 0.35355198046875 0.911508630859375 0.35439966796875 0.907813408203125 0.382181603515625 0.8815682265625 0.40663417578125 0.87588510546875 0.437782146484375 0.8804220390625 0.47314981640625 0.893441013671875 0.474936451171875
0 0.635421294921875 0.3929269453125 0.642116697265625 0.372364884765625 0.65878825 0.3595105078125 0.6670263828125 0.329417458984375 0.630768384765625 0.321624490234375 0.6101210390625 0.3412109375 0.5943031484375 0.34185736328125 0.579338921875 0.3302958359375 0.56757613671875 0.335607126953125 0.55864893359375 0.363023208984375 0.5806317734375 0.3619316171875 0.58614432421875 0.383347341796875 0.611005392578125 0.391219619140625 0.635421294921875 0.3929269453125
0 0.5698079375 0.32875310546875 0.5756130078125 0.295861140625 0.592936962890625 0.261145873046875 0.542361162109375 0.25760926953125 0.53137273046875 0.23931567578125 0.526787177734375 0.254767708984375 0.51742078515625 0.238340060546875 0.49365130859375 0.252450623046875 0.472723390625 0.250987201171875 0.4662352265625 0.243523419921875 0.455283458984375 0.249767681640625 0.362284708984375 0.238883275390625 0.422025638671875 0.24919458984375 0.44826484375 0.262420798828125 0.427904044921875 0.2653783359375 0.448710009765625 0.268585751953125 0.45280775390625 0.2601096875 0.459783728515625 0.26059749609375 0.4718697265625 0.26319515234375 0.46371687890625 0.2670063515625 0.473125912109375 0.270293078125 0.485699720703125 0.265914759765625 0.5202137265625 0.27358577734375 0.51680505078125 0.2847388046875 0.523049310546875 0.2956905703125 0.506780279296875 0.32785082421875 0.551636294921875 0.337997544921875 0.5698079375 0.32875310546875
0 0.93633303125 0.33773408984375 0.94172960546875 0.32321502734375 0.92546655078125 0.31769650390625 0.912856078125 0.29753696484375 0.848694189453125 0.287792763671875 0.8374618515625 0.27298715625 0.8179120703125 0.276877666015625 0.78875199609375 0.26782851171875 0.765470328125 0.274963103515625 0.75261594921875 0.25829155078125 0.73493211328125 0.260560015625 0.698796068359375 0.2510230546875 0.648220267578125 0.247486451171875 0.6099317265625 0.25620044140625 0.609443919921875 0.263176412109375 0.63645150390625 0.290476517578125 0.677295056640625 0.282817453125 0.688734630859375 0.269597220703125 0.708040505859375 0.269194697265625 0.720126505859375 0.271792353515625 0.736468869140625 0.288707810546875 0.7647386171875 0.285427060546875 0.771184138671875 0.306031763671875 0.785459294921875 0.31491632421875 0.816607267578125 0.3205994453125 0.839645033203125 0.31695283984375 0.925058052734375 0.33606940625 0.93633303125 0.33773408984375
0 1 0.45507016796875 0.987823876953125 0.45349601171875 0.94337038671875 0.462655166015625 0.91444823828125 0.4877968046875 0.89720359375 0.53390900390625 0.90770421875 0.5591785703125 0.9226684453125 0.570740095703125 0.920961119140625 0.595156 0.8908254296875 0.6000587890625 0.88627654296875 0.6400486796875 0.895716267578125 0.7055520390625 0.90220443359375 0.713015818359375 0.986004794921875 0.717601150390625 1 0.517460390625 1 0.45507016796875
0 0 0.570957412109375 0.099168541015625 0.580627421875 0.203765482421875 0.601085458984375 0.267360255859375 0.606408701171875 0.28516604296875 0.602396240234375 0.295105525390625 0.585566068359375 0.3157895390625 0.5905174765625 0.32406433984375 0.58496228515625 0.318996955078125 0.56971151171875 0.30622188671875 0.564436890625 0.300672669921875 0.518483310546875 0.30956320703125 0.466529373046875 0.297519849609375 0.45079079296875 0.268237822265625 0.443485630859375 0.242480447265625 0.460962228515625 0.21344232421875 0.45016908203125 0.207478634765625 0.46026718359375 0.16375685546875 0.458962380859375 0.136377439453125 0.474573033203125 0.104863611328125 0.474121892578125 0.087344373046875 0.461505443359375 0.088807794921875 0.440577525390625 0.109699044921875 0.41750309375 0.102643763671875 0.40561835546875 0.036737880859375 0.395752203125 0.034707341796875 0.412259162109375 0.02026758984375 0.41825951953125 0.0167369609375 0.431156541015625 0.00365701171875 0.430241900390625 0 0.482539607421875 0 0.570957412109375
0 0.03374245703125 0 0.0138973828125 0.283797775390625 0.0310786640625 0.27618505859375 0.062714443359375 0.27489220703125 0.074032064453125 0.26341596484375 0.117875794921875 0.26297677734375 0.120229548828125 0.254378763671875 0.15223118359375 0.247853931640625 0.15856073046875 0.232523849609375 0.188452515625 0.231109044921875 0.20338007421875 0.21813271484375 0.27674973828125 0.221510701171875 0.282268263671875 0.205247646484375 0.296018947265625 0.196570322265625 0.311794193359375 0.2090648203125 0.317995814453125 0.23315751171875 0.330203765625 0.234011173828125 0.334594033203125 0.171227423828125 0.226954267578125 0.15669043359375 0.219533130859375 0.150037673828125 0.22630783984375 0.14087254296875 0.28917687890625 0.11898096484375 0.303939841796875 0.12088955078125 0.2703954765625 0.136945369140625 0.26025473046875 0.144122603515625 0.26256583984375 0.148665513671875 0.397743638671875 0.1703857109375 0.406299009765625 0.185880388671875 0.389505505859375 0.200478759765625 0.391450759765625 0.2102536484375 0.461698291015625 0.20815575 0.458655470703125 0.214076798828125 0.46806450390625 0.217363525390625 0.474436693359375 0.188892517578125 0.44259965234375 0.18053243359375 0.43988601953125 0.156683646484375 0.446782681640625 0.1457745234375 0.4746865703125 0.147725751953125 0.482760111328125 0.132517623046875 0.529604021484375 0.139298310546875 0.54554386328125 0.136907890625 0.553251546875 0.126931740234375 0.572557423828125 0.126529216796875 0.5997296015625 0.138944404296875 0.604315154296875 0.12349237109375 0.62013304296875 0.1228459453125 0.6445489453125 0.124553271484375 0.65278110546875 0.13213900390625 0.6567568984375 0.12540693359375 0.688392677734375 0.124114080078125 0.73872457421875 0.131138671875 0.746920064453125 0.114186548828125 0.76018294140625 0.11248519921875 0.765579513671875 0.09796613671875 0.778842390625 0.096264787109375 0.766799033203125 0.080526205078125 0.83420500390625 0.094002294921875 0.88887855078125 0.0890628359375 0.986664115234375 0.0941481484375 0.994902248046875 0.0640551015625 1 0.061461728515625 1 0.03374245703125 0.732240123046875 0.01501886328125 0.732083765625 0.063202251953125 0.7388158359375 0.06717804296875 0.72380896484375 0.068757443359375 0.719589267578125 0.078977498046875 0.69991753515625 0.084612 0.65096377734375 0.082941341796875 0.601034404296875 0.095222626953125 0.5626665546875 0.092539685546875 0.504468357421875 0.0726973828125 0.4915286953125 0.082307677734375 0.433123259765625 0.090491216796875 0.42492776953125 0.107443341796875 0.4136527890625 0.105778658203125 0.4104939921875 0.075764919921875 0.41532344921875 0.056824900390625 0.43361704296875 0.04583646484375 0.4356109140625 0.00479165234375 0.408752828125 0 0.300182734375 0 0.245430384765625 0.01778074609375 0.214282412109375 0.012097626953125 0.203086740234375 0.021829873046875 0.18179296875 0.0255984296875 0.101081478515625 0.0269646171875 0.073214255859375 0.049551240234375 0.053463216796875 0.0437888125 0.05070694140625 0.033080951171875 0.062512369140625 0.01462873828125 0.05353462890625 0 0.03374245703125 0
0 0 0.933784978515625 0.020019333984375 0.96064734765625 0.02630623828125 0.958458189453125 0.02541591015625 0.946128287109375 0.034257826171875 0.944994052734375 0.0346295234375 0.968679076171875 0.04768455859375 0.96959197265625 0.049545267578125 0.9644645234375 0.0499268359375 0.969748767578125 0.08342509375 0.972091193359375 0.083370203125 0.96945857421875 0.097809955078125 0.963458216796875 0.096919625 0.951128314453125 0.103206529296875 0.948939154296875 0.103041935546875 0.963824072265625 0.11967084375 0.964110619140625 0.12103192578125 0.974720919921875 0.4021001953125 0.994375126953125 0.405606404296875 0.972713796875 0.43051608984375 0.92976637109375 0.444955841796875 0.92376601171875 0.510782416015625 0.922235232421875 0.513148119140625 0.83827966015625 0.52247784375 0.830169455078125 0.532709849609375 0.759031591796875 0.53000219140625 0.69750402734375 0.511428029296875 0.68744258984375 0.512245025390625 0.65069678515625 0.50511043359375 0.627415115234375 0.518013431640625 0.593266962890625 0.536428974609375 0.580534537109375 0.53566059765625 0.566460642578125 0.5208976328125 0.564552052734375 0.4988721484375 0.578784568359375 0.488206927734375 0.568399919921875 0.4824931171875 0.5373312578125 0.435527255859375 0.532294564453125 0.4276549765625 0.5571556328125 0.410373666015625 0.578729974609375 0.380359927734375 0.581888771484375 0.371877890625 0.615469806640625 0.324790076171875 0.61217710546875 0.3079965703125 0.6267754765625 0.27076295703125 0.632934453125 0.26492121875 0.6412885625 0.165635564453125 0.6325933125 0.14381731640625 0.618799984375 0.098717400390625 0.612141251953125 0 0.60637757421875 0 0.933784978515625