1 0.84375 0.42578125 0.076171875 0.0625
1 0.75 0.4365234375 0.052734375 0.060546875
1 0.04296875 0.3798828125 0.0859375 0.087890625
1 0.9189453125 0.4462890625 0.060546875 0.056640625
1 0.123046875 0.380859375 0.091796875 0.072265625
1 0.4765625 0.5146484375 0.1015625 0.076171875
1 0.3037109375 0.0615234375 0.08203125 0.0703125
1 0.71875 0.7001953125 0.0859375 0.0625
1 0.609375 0.689453125 0.078125 0.068359375
1 0.427734375 0.6259765625 0.064453125 0.048828125
1 0.8076171875 0.470703125 0.064453125 0.052734375
1 0.7666015625 0.318359375 0.046875 0.044921875
1 0.826171875 0.111328125 0.14453125 0.056640625
1 0.1171875 0.1611328125 0.103515625 0.072265625
1 0.357421875 0.2470703125 0.068359375 0.04296875
1 0.419921875 0.1884765625 0.05078125 0.044921875
1 0.380859375 0.65234375 0.078125 0.048828125
1 0.4453125 0.6728515625 0.060546875 0.048828125
1 0.677734375 0.7978515625 0.048828125 0.0625
0 0 0.5174603828125 0.016021279296875 0.74657534765625 0.0977545546875 0.745671556640625 0.10778253125 0.739749279296875 0.114557302734375 0.666592494140625 0.115982064453125 0.63301453125 0.114460189453125 0.553245232421875 0.11109494140625 0.530000154296875 0.093516376953125 0.50253097265625 0.06220849609375 0.477761169921875 0.035089392578125 0.463134255859375 0.014574439453125 0.4558723359375 0.02325453515625 0.480485095703125 0.063158302734375 0.5037841484375 0.08234716015625 0.529401396484375 0.0521470078125 0.508032734375 0.01796768359375 0.500640322265625 0.00278047265625 0.4825584609375 0 0.46372619921875 0 0.5174603828125
0 1 0.482539609375 0.992118673828125 0.369831392578125 0.96380561328125 0.363146521484375 0.93843290625 0.373622505859375 0.910722794921875 0.375560185546875 0.890545736328125 0.385672857421875 0.881388884765625 0.3953930625 0.789159826171875 0.374448986328125 0.77335462890625 0.3599005625 0.75747044140625 0.35666305859375 0.7240129765625 0.363350865234375 0.71227545703125 0.35721443359375 0.6063406328125 0.335054154296875 0.42787341796875 0.320574734375 0.474399748046875 0.3390624609375 0.371751251953125 0.3514582421875 0.408452935546875 0.3662847421875 0.4074478671875 0.376790787109375 0.432551541015625 0.3750353671875 0.44056071484375 0.3527341484375 0.455379251953125 0.365612333984375 0.48829735546875 0.388530173828125 0.531179615234375 0.40466375 0.53789955078125 0.37636518359375 0.56028523828125 0.3730605234375 0.60676952734375 0.378506490234375 0.692189298828125 0.393404857421875 0.695085275390625 0.402821482421875 0.6697125703125 0.41329746875 0.640697994140625 0.428312775390625 0.590651521484375 0.42752770703125 0.558193771484375 0.46112368359375 0.553845859375 0.473610173828125 0.540874951171875 0.462334734375 0.5078480859375 0.46290384765625 0.4846069921875 0.454086919921875 0.475582841796875 0.45471794921875 0.434774611328125 0.431706943359375 0.40154073046875 0.454032748046875 0.353022599609375 0.444380765625 0.3216963125 0.431787349609375 0.182417146484375 0.505010890625 0.155321736328125 0.515602052734375 0.164104421875 0.55412200390625 0.18604808984375 0.55693578515625 0.191022103515625 0.660833880859375 0.18486948828125 0.722176380859375 0.19127618359375 0.73913188671875 0.242590708984375 0.751206779296875 0.2771072421875 0.747052798828125 0.4091777890625 0.75479111328125 0.4082094453125 0.755288744140625 0.39939251953125 0.778529841796875 0.377483576171875 0.788763615234375 0.38163755859375 0.82328015234375 0.3678671953125 0.850348326171875 0.3708948203125 0.893645376953125 0.347459794921875 0.931831474609375 0.371270001953125 0.973675265625 0.36184755078125 0.988256951171875 0.361367650390625 1 0.51746039453125 1 1 0.96625754296875 1 0.482539609375
0 0.26894654296875 0.082809552734375 0.255854529296875 0.069802232421875 0.2551278984375 0.059410939453125 0.27272533984375 0.037296201171875 0.244773017578125 0.0357701171875 0.241793673828125 0.042939853515625 0.2536382265625 0.06299580859375 0.250259154296875 0.089337353515625 0.19580776953125 0.10706776953125 0.1909754375 0.11262673046875 0.19516583203125 0.1227758125 0.23004568359375 0.1238174765625 0.246758978515625 0.113947017578125 0.32557781640625 0.096253013671875 0.31792366015625 0.086346140625 0.26894654296875 0.082809552734375
0 0 0.175744330078125 0.04655087890625 0.162753943359375 0.04868248828125 0.143461029296875 0.03546937109375 0.128721826171875 0.039005958984375 0.079744708984375 0.1195566796875 0.0619296015625 0.166838326171875 0.04121983984375 0.14049678125 0.03784076953125 0.12390458984375 0.049443109375 0.023334326171875 0.0547353203125 0 0.0634084296875 0 0.0797262109375 0.023419021484375 0.080834654296875 0.026361951171875 0.098032369140625 0.01790833984375 0.126469111328125 0.01110191796875 0.1286854140625 0 0.12100959765625 0 0.175744330078125
0 0 0.330609943359375 0.0954971171875 0.3525101953125 0.19260361328125 0.347460197265625 0.19449894921875 0.362120642578125 0.178270072265625 0.378918630859375 0.20090564453125 0.3790761484375 0.195189166015625 0.39687938671875 0.200548263671875 0.411297623046875 0.2261631796875 0.404285400390625 0.28130478125 0.421313732421875 0.2340454921875 0.44718255859375 0.20741051953125 0.4394790234375 0.217337779296875 0.45704733984375 0.224123447265625 0.46700860546875 0.245904041015625 0.45504979296875 0.2869891796875 0.433044640625 0.30122103125 0.42509225390625 0.318921767578125 0.411721892578125 0.33490843359375 0.391460142578125 0.352790431640625 0.38585883203125 0.36841378125 0.360401435546875 0.363254546875 0.336397298828125 0.372113822265625 0.326205869140625 0.404561521484375 0.32307452734375 0.446838625 0.330553990234375 0.420645666015625 0.316731916015625 0.4849585546875 0.266143458984375 0.3935265625 0.302105001953125 0.360632583984375 0.311345560546875 0.340292072265625 0.306676681640625 0.33747024609375 0.29121084765625 0.350677431640625 0.268532927734375 0.29525720703125 0.272408287109375 0.279064744140625 0.26483882421875 0.241932177734375 0.281358189453125 0.223068455078125 0.2653243671875 0.19114229296875 0.2814712265625 0.11071634765625 0.2757897578125 0.0817870546875 0.27259479296875 0.058777767578125 0.27942165625 0.06604755859375 0.296306236328125 0.062021919921875 0.30093596875 0.083221017578125 0.30554108203125 0.0173110625 0.308410689453125 0.010283296875 0.29498775390625 0 0.29923260546875 0 0.31509777734375 0.035471150390625 0.31931584375 0.11553397265625 0.31980483984375 0.124590322265625 0.300039326171875 0.13980883984375 0.293757275390625 0.148828369140625 0.298344435546875 0.146273515625 0.311567787109375 0.18794546484375 0.3103931015625 0.23446657421875 0.291486396484375 0.25047641796875 0.31643790234375 0.236542603515625 0.328724529296875 0.2106854765625 0.332272986328125 0.202710349609375 0.33022013671875 0.2010572265625 0.319023455078125 0.162713611328125 0.318224 0.139436103515625 0.33377452734375 0.11543196484375 0.33893376171875 0.11712579296875 0.33012929296875 0.085478513671875 0.32538512109375 0.062529740234375 0.333077353515625 0.057414818359375 0.322129625 0.021802380859375 0.32288058984375 0.013206462890625 0.324351341796875 0 0.324197904296875 0 0.330609943359375
0 0.071299046875 0.404672453125 0.046168552734375 0.418612203125 0.00504545703125 0.41539658203125 0.0874974453125 0.449659041015625 0.098003908203125 0.413247169921875 0.071299046875 0.404672453125