1 0.654296875 0.517578125 0.1953125 0.11328125
1 0.2080078125 0.4072265625 0.201171875 0.126953125
1 0.70703125 0.404296875 0.16796875 0.10546875
1 0.642578125 0.302734375 0.095703125 0.05859375
0 0.862986828125 0.367264201171875 0.8674418515625 0.35830334375 0.872375404296875 0.36299128125 0.877711271484375 0.34776290234375 0.868051671875 0.33122596484375 0.843705740234375 0.35097287890625 0.843510935546875 0.36372812890625 0.862986828125 0.367264201171875
0 0.830742982421875 0.357939138671875 0.83408425 0.35121849609375 0.82060485546875 0.32775340625 0.786133498046875 0.3229087734375 0.7689359296875 0.33726901171875 0.774995939453125 0.34531091796875 0.819101490234375 0.355504119140625 0.830742982421875 0.357939138671875
0 0.841338498046875 0.293917275390625 0.84646685546875 0.285849962890625 0.839915611328125 0.258565078125 0.80275091796875 0.25014626171875 0.792663599609375 0.242337267578125 0.753724515625 0.24085930859375 0.750641568359375 0.262795626953125 0.76008095703125 0.2808994453125 0.793425853515625 0.282390107421875 0.799227546875 0.27521633984375 0.824738044921875 0.275605951171875 0.8359645234375 0.29236309765625 0.841338498046875 0.293917275390625
0 0.082443484375 0.3502400390625 0.14623243359375 0.356808248046875 0.131664689453125 0.3467717421875 0.129399068359375 0.3344696171875 0.02079713671875 0.3170572734375 0.01737209375 0.34142773046875 0.0618538359375 0.3489441796875 0.06233236328125 0.362592974609375 0.068820095703125 0.3619069375 0.074609083984375 0.349138984375 0.078649091796875 0.3545002578125 0.082443484375 0.3502400390625
0 1 0.285696310546875 0.99750984375 0.285506986328125 0.952951169921875 0.272853359375 0.930858158203125 0.299308216796875 0.937396697265625 0.320998916015625 1 0.3261576796875 1 0.285696310546875
0 0.622390333984375 0.248765662109375 0.627971814453125 0.243158775390625 0.64589353125 0.2520688203125 0.700734326171875 0.25977619140625 0.7132058515625 0.233566953125 0.5687945859375 0.19809190234375 0.56613935546875 0.211300275390625 0.554523267578125 0.220053626953125 0.470805298828125 0.207488919921875 0.485631365234375 0.232741099609375 0.520115423828125 0.243179916015625 0.622390333984375 0.248765662109375
0 0.234773890625 0.22704520703125 0.252437287109375 0.220739578125 0.293836796875 0.2217644140625 0.4133600859375 0.235366662109375 0.44103458203125 0.20330491796875 0.43340769140625 0.19504280078125 0.42535308203125 0.195508626953125 0.4188399453125 0.185006294921875 0.343189291015625 0.177569947265625 0.318585041015625 0.182101185546875 0.235968125 0.161702078125 0.243298591796875 0.13796596875 0.269249509765625 0.135221818359375 0.31625590625 0.14182813671875 0.334139513671875 0.13395562890625 0.332780142578125 0.126574353515625 0.31485842578125 0.117664306640625 0.2141122890625 0.09551621875 0.171560916015625 0.07994904296875 0.056891734375 0.060230875 0.04352358203125 0.15535021875 0.085246970703125 0.205231654296875 0.113450806640625 0.2091954453125 0.12931441015625 0.19864230078125 0.143416330078125 0.200624197265625 0.188881251953125 0.218198673828125 0.234773890625 0.22704520703125
0 1 0.407291916015625 0.987041359375 0.40547069921875 0.9863553203125 0.39898296875 0.971592771484375 0.401701712890625 0.970906732421875 0.395213982421875 0.962411701171875 0.398813568359375 0.942923107421875 0.3896833125 0.940204361328125 0.37492076171875 0.91535449609375 0.36983051171875 0.91488866796875 0.361775900390625 0.89410421484375 0.373235294921875 0.878888541015625 0.373493611328125 0.8751449609375 0.4001305703125 0.8483640078125 0.431518978515625 0.833935994140625 0.483018505859375 0.82853661328125 0.470275958984375 0.8351937421875 0.445646302734375 0.80698990625 0.44168251171875 0.80388155078125 0.4524304609375 0.80836198046875 0.45465797265625 0.79629276953125 0.4609508984375 0.8019250625 0.477720748046875 0.796123369140625 0.484894515625 0.793311443359375 0.527640693359375 0.800925630859375 0.530308626953125 0.816971337890625 0.501406048828125 0.812114001953125 0.530283220703125 0.781331150390625 0.573092912109375 0.7618679609375 0.5751510234375 0.753618546875 0.588372099609375 0.74779144921875 0.584357498046875 0.735269111328125 0.588189998046875 0.720294791015625 0.694737830078125 0.705998068359375 0.705511181640625 0.6991207265625 0.73170771875 0.68459108984375 0.738453767578125 0.654820373046875 0.734269765625 0.6209842421875 0.713536125 0.598078162109375 0.67756140234375 0.594686083984375 0.6619053046875 0.555488681640625 0.645211671875 0.549208458984375 0.63873664453125 0.55097014453125 0.626201603515625 0.562120404296875 0.609393646484375 0.64181106640625 0.622191265625 0.68326138671875 0.645592841796875 0.705714341796875 0.679107138671875 0.727680328125 0.596710435546875 0.725194498046875 0.585975189453125 0.7122063359375 0.581753080078125 0.733223703125 0.5743209921875 0.73857226953125 0.56468680078125 0.68352396875 0.564140494140625 0.59443202734375 0.550021609375 0.556555888671875 0.523926697265625 0.546455869140625 0.510523517578125 0.5477771328125 0.50112223828125 0.55781363671875 0.4865544921875 0.573016611328125 0.48070198828125 0.579893951171875 0.454505453125 0.599124224609375 0.44842003515625 0.61009238671875 0.449961509765625 0.62581199609375 0.47454035546875 0.65379562109375 0.480071025390625 0.6658394296875 0.46258973046875 0.671251509765625 0.4809264609375 0.74176110546875 0.490835939453125 0.750306947265625 0.50961309375 0.77785015234375 0.518277521484375 0.7851806171875 0.49454141015625 0.784223556640625 0.467243822265625 0.772582064453125 0.464808802734375 0.77054935546875 0.45653398046875 0.70474040234375 0.44728513671875 0.683723037109375 0.45471722265625 0.683075107421875 0.465012048828125 0.6777011328125 0.46345787109375 0.674529265625 0.44623489453125 0.664920478515625 0.4520746953125 0.65883505859375 0.43284441796875 0.61765576171875 0.430252705078125 0.611413650390625 0.440560232421875 0.601986962890625 0.42805059765625 0.563035177734375 0.420978453125 0.534416326171875 0.431336791015625 0.487409931640625 0.42473047265625 0.48094334375 0.533272900390625 0.48679584765625 0.548475873046875 0.47521237109375 0.5631689296875 0.470686626953125 0.54940752734375 0.47946964453125 0.475543962890625 0.469382328125 0.46773496875 0.47289299609375 0.437070705078125 0.457003986328125 0.43643548046875 0.448754572265625 0.449656556640625 0.43510577734375 0.4501350859375 0.431103876953125 0.46155637109375 0.418348626953125 0.461361564453125 0.414334025390625 0.467188662109375 0.4118608984375 0.462047603515625 0.397123751953125 0.475954716796875 0.385041837890625 0.476653455078125 0.3987287421875 0.492957482421875 0.392939751953125 0.50572543359375 0.361161734375 0.50445498046875 0.352615892578125 0.485677828125 0.34996066015625 0.498886201171875 0.34235917578125 0.501812453125 0.337425623046875 0.497124515625 0.3405339765625 0.486376568359375 0.35951863671875 0.470669662109375 0.370033671875 0.4697507109375 0.37202826953125 0.4612429765625 0.417637185546875 0.44368546484375 0.424099509765625 0.43181105859375 0.442889365234375 0.428859400390625 0.44353729296875 0.418564576171875 0.416680125 0.416387875 0.378465189453125 0.438180201171875 0.329709810546875 0.44970310546875 0.333051078125 0.442982462890625 0.400105080078125 0.409264919921875 0.41934805859375 0.4087736875 0.42824540234375 0.385257787109375 0.44925006640625 0.372231515625 0.409404736328125 0.365832705078125 0.404445775390625 0.3499563984375 0.409730830078125 0.31235128125 0.398529759765625 0.30678250390625 0.381306783203125 0.30995437109375 0.398127447265625 0.32669881640625 0.387637818359375 0.33880613671875 0.3523110234375 0.351417392578125 0.281619328125 0.359857349609375 0.28297869921875 0.367238625 0.308527306640625 0.384410791015625 0.302725615234375 0.39158455859375 0.302115794921875 0.418661935546875 0.31110205859375 0.434305330078125 0.302852642578125 0.447526404296875 0.307565986328125 0.45378122265625 0.32300187109375 0.4519560234375 0.319440392578125 0.460243546875 0.2870271484375 0.474862103515625 0.266890623046875 0.476026669921875 0.275542349609375 0.442889279296875 0.248905392578125 0.43914569921875 0.203516689453125 0.45513633203125 0.10725098046875 0.435215755859375 0.100712439453125 0.413525052734375 0.07432109765625 0.4194029609375 0.068519404296875 0.426576728515625 0.00792314453125 0.408660490234375 0 0.465036595703125 0 0.515338015625 0.05420571484375 0.528423919921875 0.09923021484375 0.54913215625 0.154291220703125 0.5552726484375 0.164391240234375 0.568675826171875 0.159042671875 0.57831001953125 0.14249303125 0.582375431640625 0 0.557596654296875 0 0.934643369140625 0.465036595703125 1 0.93393419140625 1 1 0.5338554765625 1 0.407291916015625