1 0.9248046875 0.2841796875 0.150390625 0.181640625
1 0.919921875 0.130859375 0.16015625 0.140625
1 0.7177734375 0.1875 0.326171875 0.228515625
1 0.0810546875 0.90234375 0.162109375 0.078125
1 0.439453125 0.6484375 0.58203125 0.572265625
0 0.40070875 0 0.38290927734375 0.02239751171875 0.3669675859375 0.02906281640625 0.371715931640625 0.038122517578125 0.362961037109375 0.041302767578125 0.43224359375 0.107658578125 0.44008406640625 0.109182611328125 0.5081473984375 0.18181080078125 0.53881155078125 0.174752564453125 0.56361466796875 0.12668515625 0.5927547890625 0.127467392578125 0.602075236328125 0.11300567578125 0.608696482421875 0.1208020859375 0.61958501953125 0.106645173828125 0.64057986328125 0.10747147265625 0.6815009140625 0.085319875 0.694479041015625 0.052041021484375 0.718261205078125 0.046899748046875 0.71594144921875 0.03261641796875 0.548144521484375 0 0.40070875 0
0 0 0.54601602734375 0.009805072265625 0.547921939453125 0.04286362109375 0.52017366796875 0.093171208984375 0.49577826953125 0.1068250390625 0.4715811484375 0.12117660546875 0.46053839453125 0.14813901953125 0.46415201171875 0.167826513671875 0.45496012890625 0.177235080078125 0.45678896875 0.192699341796875 0.47769569140625 0.201149427734375 0.47608353515625 0.20448026953125 0.45476185546875 0.220770830078125 0.454673734375 0.224384447265625 0.427711318359375 0.23812640234375 0.419804755859375 0.254483052734375 0.431934552734375 0.255507625 0.447593466796875 0.2667670625 0.444086380859375 0.2776556015625 0.429929466796875 0.281137037109375 0.37853121484375 0.306006244140625 0.3426817265625 0.316002396484375 0.33730173828125 0.336104849609375 0.346904958984375 0.369075275390625 0.30286612890625 0.39777840625 0.280780623046875 0.41454639453125 0.25312047265625 0.45605503125 0.223760044921875 0.481577912109375 0.192919646484375 0.475239443359375 0.1794825 0.343905189453125 0.0514311015625 0.330119173828125 0.051192384765625 0.32798552734375 0.062169048828125 0.315202056640625 0.073516607421875 0.24664288671875 0.082972857421875 0.227653126953125 0.105319109375 0.179196412109375 0.124378580078125 0.157092494140625 0.150187857421875 0.129869333984375 0.15628761328125 0.102602115234375 0.1542420859375 0.102862859375 0.144528712890625 0.085286982421875 0.138671294921875 0.088441580078125 0.08476849609375 0.070604958984375 0.088624451171875 0.061155951171875 0.1372353828125 0.06342178125 0.150694560546875 0.08287055859375 0.155288689453125 0.087945740234375 0.16685293359375 0.054865162109375 0.19052856640625 0.050460005859375 0.19226124609375 0 0.4518554765625 0 0.54601602734375
0 0.484467837890625 0.4375828359375 0.4911515546875 0.399012115234375 0.47237848046875 0.40349971484375 0.451993251953125 0.3995372265625 0.44406465625 0.381722634765625 0.3928206171875 0.406749677734375 0.438229267578125 0.40337115234375 0.476017751953125 0.4391949921875 0.484467837890625 0.4375828359375
0 0.382104701171875 0.39490265625 0.376897337890625 0.358902572265625 0.336192970703125 0.363195517578125 0.341073498046875 0.396691056640625 0.334367751953125 0.431189134765625 0.382104701171875 0.39490265625
0 0 0.912168193359375 0.02885237890625 0.91777652734375 0.085616826171875 0.89463621484375 0.10378028515625 0.893284806640625 0.121893484375 0.93586188671875 0.253748455078125 0.961491896484375 0.256649283203125 0.94822334375 0.22713826171875 0.936791283203125 0.224457474609375 0.90453700390625 0.233036123046875 0.868775634765625 0.25925673828125 0.85108960546875 0.27005715625 0.8206421328125 0.248559232421875 0.784730173828125 0.239653748046875 0.81798699609375 0.21752780078125 0.839723634765625 0.216091888671875 0.86385466796875 0.2026988046875 0.878338416015625 0.1512564921875 0.866711701171875 0.12538112109375 0.83238986328125 0.099116443359375 0.84193061328125 0.07655350390625 0.840799509765625 0.07178312890625 0.827667169921875 0.077879263671875 0.796305279296875 0.074676982421875 0.78347774609375 0.038566748046875 0.7683219140625 0.01892331640625 0.785659076171875 0 0.7881285234375 0 0.912168193359375
0 0.400135927734375 0 0.38290927734375 0.02239751171875 0.3669675859375 0.02906281640625 0.362961037109375 0.041302767578125 0.4467053125 0.1169790234375 0.506579302734375 0.181505994140625 0.538506744140625 0.176320658203125 0.551572994140625 0.159332365234375 0.55832280078125 0.13297956640625 0.5670556640625 0.12572667578125 0.5855679921875 0.13095244921875 0.602424103515625 0.119582859375 0.60995976953125 0.122674986328125 0.61897540625 0.10978136328125 0.660050671875 0.116138244140625 0.667498216796875 0.1029398125 0.678518939453125 0.11321873828125 0.703237552734375 0.1074458203125 0.7065463671875 0.082051501953125 0.6920846484375 0.07273105859375 0.691386912109375 0.0595766875 0.698856486328125 0.050450896484375 0.711096435546875 0.054457443359375 0.721092587890625 0.049077455078125 0.717603865234375 0.03293955859375 0.5481445234375 0 0.400135927734375 0
0 0 0.5514906015625 0.005144849609375 0.555152798828125 0.045999810546875 0.52078328125 0.066340978515625 0.51660048828125 0.09724384765625 0.495756240234375 0.105910619140625 0.476285431640625 0.122439892578125 0.462411294921875 0.1490975 0.4675930078125 0.167521705078125 0.456528224609375 0.1769302734375 0.458357064453125 0.196228458984375 0.49302776953125 0.21369418359375 0.478521990234375 0.227197419921875 0.484401439453125 0.237193572265625 0.47902144921875 0.25117423828125 0.457328873046875 0.27800446875 0.436506654296875 0.286539056640625 0.392600005859375 0.28148590625 0.38510840234375 0.283924359375 0.37256364453125 0.307879146484375 0.341418439453125 0.317570490234375 0.337606544921875 0.328591212890625 0.347885470703125 0.337672943359375 0.347209765625 0.350695130859375 0.32207619140625 0.389372380859375 0.290538056640625 0.4123686875 0.255951853515625 0.457623125 0.2240648515625 0.48127310546875 0.194487740234375 0.475239443359375 0.1794825 0.343905189453125 0.0514311015625 0.330119173828125 0.051192384765625 0.3258078203125 0.0650004296875 0.313633962890625 0.07321180078125 0.248515787109375 0.081709568359375 0.234839927734375 0.10183405078125 0.1838786640625 0.121220359375 0.161774748046875 0.147029638671875 0.134878423828125 0.1556339375 0.102602115234375 0.1542420859375 0.101294765625 0.14422390625 0.096329736328125 0.153022859375 0.085984716796875 0.1518256640625 0.09565403125 0.143941130859375 0.085286982421875 0.138671294921875 0.088441580078125 0.08476849609375 0.070604958984375 0.088624451171875 0.060889244140625 0.138607466796875 0.06342178125 0.150694560546875 0.083480171875 0.152152501953125 0.085768033203125 0.16968431640625 0.05123587890625 0.188269734375 0 0.4518554765625 0 0.5514906015625
0 1 0.379276517578125 0.99415379296875 0.37310778125 0.973856685546875 0.385435853515625 0.93748570703125 0.37999339453125 0.924724263671875 0.39541359375 0.925245755859375 0.375986845703125 0.905165333984375 0.370456263671875 0.89939603515625 0.40432269921875 0.89064114453125 0.40750294921875 0.874504798828125 0.43609955078125 0.845669484375 0.433749216796875 0.809125876953125 0.45431069140625 0.7606030703125 0.4611522421875 0.752197044921875 0.470909677734375 0.72715159375 0.47417805078125 0.711863578125 0.485852447265625 0.692741634765625 0.483762861328125 0.67932651953125 0.494173970703125 0.641170759765625 0.506285357421875 0.6210903359375 0.500754775390625 0.6058023203125 0.512429171875 0.584502669921875 0.51317096875 0.573764724609375 0.497251310546875 0.576463923828125 0.474993177734375 0.548759712890625 0.45007991015625 0.553331814453125 0.4265584921875 0.57665495703125 0.394476833984375 0.599871568359375 0.40061703125 0.605644486328125 0.42533564453125 0.616033564453125 0.43467812109375 0.63656938671875 0.408564033203125 0.655015625 0.401571890625 0.69770304296875 0.416378857421875 0.710508546875 0.4091039375 0.72993529296875 0.409625427734375 0.74740101953125 0.3951196484375 0.77061762890625 0.401259841796875 0.807770849609375 0.3775621796875 0.83351403515625 0.387448177734375 0.863131587890625 0.360658388671875 0.893512966796875 0.35924088671875 0.90866880078125 0.32313065234375 0.8731020859375 0.292620708984375 0.86561048046875 0.297673859375 0.82301118359375 0.299157453125 0.809137046875 0.2826281796875 0.818413431640625 0.260021181640625 0.808373220703125 0.257255890625 0.79336798046875 0.2632895546875 0.77951949609375 0.30941796875 0.75005253515625 0.3061311875 0.7138541796875 0.274684796875 0.674258884765625 0.252342162109375 0.652478185546875 0.222070935546875 0.622706421875 0.22035225 0.630047431640625 0.245375671875 0.649801017578125 0.24840170703125 0.646014775390625 0.301368052734375 0.60722737109375 0.312542990234375 0.592288220703125 0.330794572265625 0.582879654296875 0.328965732421875 0.568069068359375 0.3130681015625 0.556266107421875 0.331929296875 0.509377486328125 0.35129357421875 0.4992307421875 0.38675013671875 0.516457751953125 0.386030369140625 0.5329465859375 0.42259600390625 0.5262848984375 0.46523936328125 0.518488486328125 0.471860609375 0.52197354296875 0.479047408203125 0.592302705078125 0.565134775390625 0.616738541015625 0.565002591796875 0.631001986328125 0.53766927734375 0.643829517578125 0.534466998046875 0.661493517578125 0.556614974609375 0.648515390625 0.589893830078125 0.664611296875 0.611737 0.69610175 0.583683919921875 0.705837154296875 0.58801730859375 0.70170204296875 0.63440646875 0.693340080078125 0.65230918359375 0.669796630859375 0.64366444140625 0.66186803515625 0.6258498515625 0.6510896484375 0.660369962890625 0.678859951171875 0.6975011484375 0.70834894140625 0.704860572265625 0.722043681640625 0.708419595703125 0.7152125234375 0.75745601953125 0.695895927734375 0.7772977265625 0.67738359765625 0.772071953125 0.66344337109375 0.743324759765625 0.622151421875 0.75482653125 0.611174759765625 0.752692884765625 0.60858571484375 0.795314212890625 0.594278208984375 0.81450224609375 0.561653029296875 0.806533212890625 0.551219890625 0.78904545703125 0.553614283203125 0.768355421875 0.54701506640625 0.7646316484375 0.535146015625 0.771274923828125 0.514066671875 0.812743119140625 0.501892814453125 0.820954490234375 0.4774569765625 0.821086673828125 0.467699541015625 0.812680646484375 0.45879043359375 0.78735241796875 0.459289896484375 0.76385303125 0.441126435546875 0.765204443359375 0.383610017578125 0.789012255859375 0.383044466796875 0.8002937265625 0.397943173828125 0.8324819140625 0.348876845703125 0.85467757421875 0.337661466796875 0.86632994140625 0.3443267734375 0.882271630859375 0.342934921875 0.914547943359375 0.370899880859375 0.929747837890625 0.377725990234375 0.9855906875 0.4518554765625 1 0.776433611328125 1 0.776948244140625 0.992402212890625 0.795350419921875 0.9772647890625 0.822529517578125 0.963019755859375 0.851408892578125 0.9735153671875 0.86157766796875 0.9421314453125 0.890912443359375 0.920982388671875 0.9169604375 0.92930029296875 0.923298908203125 0.9427374375 0.960768099609375 0.745789169921875 0.94667728125 0.747118548828125 0.92461742578125 0.781073109375 0.89170946875 0.778744806640625 0.882499177734375 0.813569724609375 0.84018265625 0.80941258203125 0.826877693359375 0.840186892578125 0.79111632421875 0.8316082421875 0.77491388671875 0.847986923828125 0.760540291015625 0.854957037109375 0.749563630859375 0.852823390625 0.713016404296875 0.8147998125 0.7051575234375 0.867788189453125 0.692418111328125 0.887281029296875 0.6607073515625 0.8746077109375 0.6487061171875 0.8568151484375 0.657284765625 0.821053779296875 0.6690877265625 0.802192583984375 0.695635181640625 0.787011099609375 0.712689568359375 0.812295267578125 0.740257974609375 0.754187646484375 0.768634267578125 0.729597595703125 0.789019498046875 0.73356008203125 0.803697900390625 0.725021873046875 0.83222841015625 0.72894030078125 0.852441015625 0.758906720703125 0.876766701171875 0.738411337890625 0.89475391796875 0.704478810546875 0.92130137109375 0.689297326171875 0.934804609375 0.695176775390625 0.946218259765625 0.72017816796875 0.96505742578125 0.727908486328125 1 0.548144521484375 1 0.5073789296875 0.98645274609375 0.513189685546875 0.977044177734375 0.511360845703125 0.970749767578125 0.50606898046875 0.973493029296875 0.491956130859375 0.987190919921875 0.47590428515625 1 0.4756860390625 1 0.433743884765625 0.99197970703125 0.43452421484375 0.962971767578125 0.45817781640625 0.946332341796875 0.451688751953125 0.94282525390625 0.440429314453125 0.950577603515625 0.4256627890625 0.971789130859375 0.40863043359375 0.999295068359375 0.3968899453125 1 0.397026970703125 1 0.379276517578125