1 0.109375 0.1533203125 0.205078125 0.1435546875
1 0.9619140625 0.802734375 0.076171875 0.0654296875
1 0.958984375 0.0224609375 0.076171875 0.044921875
1 0.6904296875 0.32421875 0.0830078125 0.0830078125
1 0.22265625 0.41796875 0.3515625 0.1767578125
1 0.0576171875 0.7109375 0.115234375 0.212890625
1 0.2705078125 0.03125 0.134765625 0.0625
0 0.71015625 0.0859375 0.70078125 0.1015625 0.68671875 0.1078125 0.65546875 0.1078125 0.64453125 0.1 0.64140625 0.1078125 0.6265625 0.11171875 0.65 0.12734375 0.66015625 0.15625 0.69609375 0.1515625 0.7078125 0.15703125 0.7203125 0.13359375 0.7203125 0.11796875 0.7078125 0.09453125 0.71015625 0.0859375
0 1 0.16796875 0.96171875 0.171875 0.95390625 0.1859375 0.93671875 0.1859375 0.93984375 0.18125 0.92734375 0.1796875 0.9234375 0.19296875 0.909375 0.20546875 0.909375 0.23046875 0.95078125 0.2515625 0.9546875 0.26171875 0.97265625 0.275 1 0.28203125 1 0.16796875
0 0.06875 0.52578125 0.0609375 0.50703125 0.05390625 0.5015625 0.00078125 0.5 0 0.54140625 0.0109375 0.55859375 0.015625 0.60546875 0.07890625 0.6125 0.08359375 0.60625 0.08515625 0.6125 0.096875 0.61171875 0.1046875 0.60859375 0.09375 0.58046875 0.0921875 0.54921875 0.06875 0.52578125
0 1 0.47734375 0.9875 0.47109375 0.984375 0.45703125 0.97578125 0.45 0.9578125 0.45078125 0.971875 0.43828125 0.971875 0.43046875 0.9484375 0.40390625 0.95 0.36953125 0.94296875 0.3609375 0.9359375 0.37734375 0.940625 0.40859375 0.93515625 0.4203125 0.91171875 0.4203125 0.9078125 0.39296875 0.89375 0.39296875 0.8921875 0.49765625 0.9234375 0.50234375 0.92734375 0.578125 0.96484375 0.5734375 0.97421875 0.59375 1 0.59609375 1 0.47734375
0 1 0.83203125 0.93515625 0.8296875 0.93125 0.80078125 0.94296875 0.784375 0.99921875 0.7859375 1 0.75546875 0.97734375 0.7578125 0.94296875 0.75 0.940625 0.73828125 0.92890625 0.734375 0.925 0.72109375 0.9109375 0.71171875 0.9109375 0.69296875 0.92578125 0.6796875 0.93828125 0.6859375 0.95390625 0.68125 0.959375 0.70234375 0.95078125 0.71875 0.99921875 0.7203125 1 0.63359375 0.9953125 0.63203125 1 0.62890625 0.9828125 0.62890625 0.996875 0.64453125 0.9953125 0.66484375 0.98515625 0.671875 0.97109375 0.671875 0.95625 0.66640625 0.95390625 0.6375 0.87109375 0.6265625 0.8640625 0.63359375 0.8609375 0.99921875 0.9875 0.99921875 0.9859375 0.91953125 0.9796875 0.89765625 0.9859375 0.89140625 0.9859375 0.87890625 1 0.87578125 0.99921875 0.865625 0.99296875 0.8734375 0.9890625 0.86796875 0.99296875 0.859375 1 0.86171875 1 0.83203125
0 0.83984375 0.796875 0.834375 0.77578125 0.84375 0.69140625 0.8515625 0.67109375 0.846875 0.61171875 0.8625 0.51640625 0.8625 0.47109375 0.8484375 0.45859375 0.8453125 0.44296875 0.8578125 0.40078125 0.8640625 0.31640625 0.83671875 0.3 0.8140625 0.29453125 0.81484375 0.2875 0.83046875 0.290625 0.84375 0.27890625 0.853125 0.19765625 0.85 0.15546875 0.8359375 0.13828125 0.834375 0.11171875 0.82890625 0.10625 0.815625 0.11015625 0.8125 0.12890625 0.7828125 0.17578125 0.7859375 0.21328125 0.796875 0.21953125 0.8 0.22890625 0.790625 0.25078125 0.7953125 0.26328125 0.76875 0.26640625 0.765625 0.29453125 0.7515625 0.31171875 0.721875 0.48828125 0.7125 0.58515625 0.746875 0.62890625 0.7546875 0.67578125 0.7515625 0.69609375 0.72734375 0.734375 0.6796875 0.75390625 0.671875 0.78203125 0.69453125 0.7875 0.71015625 0.771875 0.73828125 0.8046875 0.746875 0.80234375 0.746875 0.83515625 0.7671875 0.86796875 0.7765625 0.94296875 0.7734375 0.96953125 0.75 0.99921875 0.846875 0.99921875 0.8515625 0.81328125 0.84765625 0.7359375 0.846875 0.77890625 0.83984375 0.796875
0 0.5234375 0.90234375 0.51875 0.87109375 0.55859375 0.821875 0.58671875 0.8015625 0.63125 0.78203125 0.625 0.76953125 0.6140625 0.76484375 0.609375 0.74609375 0.596875 0.73671875 0.58125 0.70546875 0.575 0.65390625 0.5859375 0.61171875 0.51796875 0.6125 0.46171875 0.596875 0.37578125 0.5953125 0.31484375 0.6171875 0.3125 0.63046875 0.3296875 0.64453125 0.3421875 0.67109375 0.35703125 0.6765625 0.36171875 0.6875 0.36953125 0.6828125 0.3734375 0.68828125 0.375 0.76171875 0.35703125 0.7828125 0.29765625 0.8 0.2796875 0.81640625 0.271875 0.85703125 0.275 0.87578125 0.2703125 0.87890625 0.2796875 0.88984375 0.278125 0.90546875 0.265625 0.91484375 0.2671875 0.93203125 0.27109375 0.9296875 0.2734375 0.93671875 0.271875 0.96953125 0.259375 0.99921875 0.55 0.99921875 0.51953125 0.9875 0.509375 0.97109375 0.509375 0.93984375 0.5234375 0.90234375
0 0 0.387836978515625 0.05078125 0.394868228515625 0.06796875 0.388618228515625 0.12109375 0.387055728515625 0.16484375 0.341743228515625 0.20546875 0.316743228515625 0.21640625 0.318305728515625 0.23046875 0.330805728515625 0.27578125 0.332368228515625 0.28359375 0.315180728515625 0.29140625 0.333930728515625 0.32734375 0.329243228515625 0.34453125 0.340180728515625 0.34921875 0.315180728515625 0.3546875 0.337836978515625 0.37265625 0.340180728515625 0.37734375 0.315180728515625 0.3828125 0.337836978515625 0.39140625 0.340180728515625 0.39609375 0.291743228515625 0.4015625 0.298774478515625 0.3984375 0.312836978515625 0.40703125 0.346430728515625 0.4171875 0.342524478515625 0.4140625 0.331586978515625 0.42265625 0.316743228515625 0.43046875 0.315180728515625 0.44375 0.326899478515625 0.4515625 0.344086978515625 0.44765625 0.390180728515625 0.45546875 0.394868228515625 0.47109375 0.388618228515625 0.47734375 0.372993228515625 0.51484375 0.362055728515625 0.5171875 0.370649478515625 0.53515625 0.383930728515625 0.56953125 0.388618228515625 0.575 0.406586978515625 0.54609375 0.433930728515625 0.53359375 0.435493228515625 0.50859375 0.412055728515625 0.46640625 0.401118228515625 0.43828125 0.401118228515625 0.40625 0.436274478515625 0.38828125 0.480805728515625 0.375 0.478461978515625 0.378125 0.467524478515625 0.37265625 0.458930728515625 0.3515625 0.484711978515625 0.38203125 0.487055728515625 0.384375 0.494086978515625 0.3765625 0.500336978515625 0.375 0.512836978515625 0.38984375 0.522993228515625 0.43671875 0.496430728515625 0.46796875 0.505805728515625 0.4828125 0.515961978515625 0.48828125 0.529243228515625 0.50234375 0.535493228515625 0.56015625 0.529243228515625 0.578125 0.547211978515625 0.59609375 0.583930728515625 0.6296875 0.592524478515625 0.63984375 0.582368228515625 0.66015625 0.588618228515625 0.67109375 0.588618228515625 0.68671875 0.576118228515625 0.69453125 0.582368228515625 0.7015625 0.572211978515625 0.70625 0.548774478515625 0.6890625 0.542524478515625 0.6859375 0.517524478515625 0.69296875 0.504243228515625 0.7140625 0.501899478515625 0.71733604296875 0.453822708984375 0.722436306640625 0.42832796484375 0.724476474609375 0.42883787109375 0.7375 0.345649478515625 0.721875 0.344086978515625 0.71796875 0.385493228515625 0.69453125 0.387055728515625 0.6625 0.380024478515625 0.653125 0.358149478515625 0.65625 0.342524478515625 0.64375 0.326899478515625 0.64296875 0.315180728515625 0.628125 0.326899478515625 0.625 0.353461978515625 0.60859375 0.368305728515625 0.596875 0.362836978515625 0.59296875 0.344868228515625 0.57421875 0.362055728515625 0.56640625 0.362055728515625 0.55390625 0.355805728515625 0.50859375 0.357368228515625 0.4703125 0.336274478515625 0.46875 0.319086978515625 0.4828125 0.306586978515625 0.49609375 0.266743228515625 0.54453125 0.265180728515625 0.56640625 0.279243228515625 0.58984375 0.279243228515625 0.5953125 0.264399478515625 0.5875 0.259711978515625 0.5875 0.244086978515625 0.59296875 0.246430728515625 0.5953125 0.239399478515625 0.5875 0.236274478515625 0.6078125 0.228461978515625 0.59921875 0.216743228515625 0.57734375 0.230805728515625 0.56171875 0.229243228515625 0.553125 0.220649478515625 0.546875 0.200336978515625 0.540625 0.197211978515625 0.546875 0.184711978515625 0.5390625 0.181586978515625 0.5359375 0.122211978515625 0.50390625 0.118305728515625 0.496875 0.111274478515625 0.53125 0.103461978515625 0.53046875 0.063618228515625 0.49140625 0.066743228515625 0.48515625 0.074555728515625 0.47421875 0.074555728515625 0.46796875 0.063618228515625 0.43984375 0.058930728515625 0.4328125 0.065961978515625 0.43984375 0.094868228515625 0.43203125 0.090180728515625 0.41484375 0.104243228515625 0.35390625 0.102680728515625 0.33828125 0.108930728515625 0.32421875 0.130805728515625 0.29765625 0.137055728515625 0.27578125 0.151118228515625 0.26328125 0.182368228515625 0.24296875 0.185493228515625 0.2171875 0.201899478515625 0.21953125 0.213618228515625 0.23671875 0.207368228515625 0.24765625 0.193305728515625 0.2640625 0.201899478515625 0.2640625 0.215961978515625 0.2515625 0.225336978515625 0.23203125 0.260493228515625 0.22109375 0.258930728515625 0.21640625 0.247993228515625 0.18828125 0.238618228515625 0.17421875 0.244868228515625 0.13203125 0.283930728515625 0.09296875 0.285493228515625 0.0875 0.306586978515625 0.07265625 0.322993228515625 0.03046875 0.322993228515625 0 0.311274478515625 0 0.387836978515625
0 0.41875 0.01484375 0.41953125 0 0.3828125 0.00078125 0.38359375 0.0140625 0.41875 0.01484375
0 0.03515625 0.103125 0.0640625 0.10234375 0.06328125 0.09375 0.046875 0.09140625 0.04296875 0.078125 0 0.07734375 0.0015625 0.16796875 0.03125 0.14140625 0.0234375 0.13046875 0.025 0.11171875 0.03515625 0.103125
0 0.3921875 0.04453125 0.40078125 0.034375 0.4265625 0.02734375 0.41640625 0.01875 0.41328125 0.025 0.39296875 0.021875 0.34609375 0.0296875 0.3453125 0.07578125 0.3671875 0.07734375 0.41328125 0.0765625 0.41875 0.06484375 0.39765625 0.05625 0.3921875 0.04453125
0 0.92265625 0.034375 0.8796875 0.03359375 0.87109375 0.1109375 1 0.11953125 0.99921875 0.0453125 0.93828125 0.046875 0.92734375 0.0453125 0.92265625 0.034375
0 0.803125 0.03203125 0.8296875 0.03828125 0.8421875 0.03515625 0.8421875 0.00234375 0.80234375 0 0.803125 0.03203125
0 0.74765625 0.0671875 0.76015625 0.0734375 0.78515625 0.0734375 0.79375 0.02265625 0.78515625 0.0140625 0.77890625 0.0328125 0.70390625 0.034375 0.69140625 0.059375 0.67109375 0.0640625 0.6640625 0.05390625 0.6671875 0.02421875 0.65078125 0.0171875 0.6421875 0.02265625 0.6421875 0.04296875 0.61015625 0.071875 0.546875 0.07734375 0.55078125 0.1078125 0.57734375 0.109375 0.58046875 0.115625 0.59296875 0.1140625 0.60859375 0.1234375 0.640625 0.12265625 0.64453125 0.1078125 0.71484375 0.1046875 0.7234375 0.08203125 0.74765625 0.0671875