1 0.8916015625 0.94140625 0.103515625 0.1171875
1 0.853515625 0.830078125 0.212890625 0.134765625
1 0.8876953125 0.6494140625 0.205078125 0.16015625
1 0.796875 0.4150390625 0.138671875 0.1015625
1 0.0361328125 0.46875 0.072265625 0.14453125
1 0.1318359375 0.6904296875 0.263671875 0.134765625
1 0.1201171875 0.783203125 0.240234375 0.140625
1 0.8017578125 0.2861328125 0.1484375 0.146484375
1 0.96484375 0.21875 0.0703125 0.09765625
1 0.359375 0.0478515625 0.125 0.095703125
1 0.7451171875 0.0927734375 0.185546875 0.10546875
1 0.9404296875 0.1064453125 0.119140625 0.087890625
0 0.322953705078125 0.89645571875 0.317910662109375 0.872806203125 0.34239089453125 0.829224189453125 0.337339873046875 0.8222720546875 0.27894563671875 0.819175447265625 0.276655814453125 0.889122853515625 0.296417892578125 0.89752611328125 0.322953705078125 0.89645571875
0 0.906866697265625 0.799980115234375 0.955743990234375 0.818772302734375 0.971913470703125 0.716682220703125 0.964400845703125 0.7141740234375 0.776229796875 0.68700728515625 0.7687105546875 0.745579921875 0.774475171875 0.770222599609375 0.898207802734375 0.788062169921875 0.906866697265625 0.799980115234375
0 0.487645560546875 0 0.48915480859375 0.05796542578125 0.47462215234375 0.060936935546875 0.47081992578125 0.084943248046875 0.48543779296875 0.092531748046875 0.488494513671875 0.117624412109375 0.480634427734375 0.133957015625 0.494709119140625 0.14497498828125 0.493979568359375 0.16067920703125 0.50173848828125 0.16718135546875 0.49658630078125 0.183063970703125 0.464184701171875 0.18232644140625 0.44807582421875 0.2729358984375 0.45357683203125 0.28259593359375 0.447143939453125 0.33430962109375 0.387453044921875 0.40043884765625 0.382548513671875 0.464698869140625 0.373788453125 0.47561567578125 0.34580151171875 0.491397126953125 0.308162517578125 0.49598220703125 0.292085544921875 0.51980214453125 0.272230279296875 0.51753625390625 0.270321189453125 0.54623679296875 0.284582259765625 0.54498001953125 0.321305326171875 0.56837390234375 0.338918634765625 0.540402916015625 0.366362400390625 0.5280509375 0.384944939453125 0.549450517578125 0.3771700625 0.57634312890625 0.3694963515625 0.580400990234375 0.38727210546875 0.59024740234375 0.3865425546875 0.605951619140625 0.3731894375 0.595926810546875 0.359199955078125 0.595468845703125 0.353698947265625 0.585808810546875 0.306229494140625 0.5747748828125 0.304157958984375 0.565658025390625 0.221121044921875 0.568326037109375 0.189627400390625 0.55630692578125 0.176537890625 0.561264759765625 0.11507895703125 0.549772869140625 0.108856373046875 0.539119671875 0.118889162109375 0.50906917578125 0.071156099609375 0.48305260546875 0.0596029296875 0.483859390625 0.046769052734375 0.520497248046875 0.065716369140625 0.53404471875 0.056141546875 0.550105736328125 0.060649392578125 0.560487345703125 0.11010516796875 0.570078123046875 0.121921951171875 0.58425398046875 0.309099837890625 0.61214229296875 0.30708958203125 0.66367758203125 0.2986863203125 0.68343966015625 0.37449153515625 0.70423478515625 0.371954056640625 0.725804787109375 0.339824046875 0.7233525234375 0.34739658984375 0.742129416015625 0.344036375 0.7855410078125 0.351973693359375 0.79646579296875 0.3705642109375 0.801167994140625 0.374342505859375 0.8272538203125 0.397254490234375 0.854612373046875 0.412873498046875 0.844781916015625 0.427584552734375 0.84623304296875 0.435631017578125 0.8176256953125 0.42670053515625 0.807422484375 0.439518455078125 0.804179388671875 0.440341193359375 0.782337798828125 0.45821013671875 0.7860468359375 0.44909327734375 0.78811837109375 0.45070684765625 0.8112247109375 0.43887411328125 0.83044361328125 0.42230726953125 0.935042552734375 0.45821557421875 0.96358064453125 0.464267583984375 1 0.62423976171875 1 0.6293324453125 0.981894134765625 0.657947771484375 0.97324321875 0.6819540859375 0.9770454453125 0.69197889453125 0.963692326171875 0.684313162109375 0.9510528046875 0.61473053125 0.940910876953125 0.6171748203125 0.92547824609375 0.607887541015625 0.906429765625 0.618191916015625 0.87466453125 0.63308934765625 0.863840912109375 0.666934095703125 0.866564765625 0.6729090234375 0.82884055859375 0.662170615234375 0.824503134765625 0.638521099609375 0.8295461796875 0.60414115625 0.81355441796875 0.596134578125 0.7586748671875 0.599580005859375 0.72582328125 0.62170116015625 0.70823390625 0.62531701171875 0.6965023359375 0.628653296875 0.7031828828125 0.650673287109375 0.7084282578125 0.669644533203125 0.67188358984375 0.689592986328125 0.668012107421875 0.689957763671875 0.66016 0.679490943359375 0.654107837890625 0.692852037109375 0.647435267578125 0.6953974921875 0.609167884765625 0.68547384765625 0.59968625 0.656594912109375 0.5933545234375 0.64594969140625 0.5828797265625 0.611654958984375 0.577447974609375 0.598301841796875 0.5674231640625 0.59127247265625 0.545216798828125 0.59398834765625 0.528069431640625 0.6141231796875 0.511923205078125 0.62407075390625 0.47131269921875 0.61874814453125 0.466075298828125 0.613689146484375 0.475820544921875 0.610174462890625 0.464717361328125 0.589690810546875 0.4553209375 0.5874488515625 0.425084064453125 0.577889984375 0.4077503203125 0.58503647265625 0.373727173828125 0.604178140625 0.358302521484375 0.619882359375 0.359032072265625 0.62421978515625 0.3482936640625 0.611859830078125 0.33754728125 0.61078943359375 0.31101146875 0.595814767578125 0.294577697265625 0.584999125 0.262982884765625 0.578001666015625 0.173987 0.54985228125 0.1519510546875 0.554740857421875 0.121085794921875 0.569816689453125 0.1146848125 0.5676758984375 0.061613185546875 0.55324440625 0.04174994140625 0.561834044921875 0.009713119140625 0.559552984375 0.003199703125 0.5393508515625 0 0.487645560546875 0