1 0.6806640625 0.5078125 0.111328125 0.146484375
1 0.76953125 0.654296875 0.095703125 0.11328125
1 0.7548828125 0.5654296875 0.109375 0.099609375
1 0.9287109375 0.923828125 0.09375 0.076171875
1 0.5224609375 0.744140625 0.080078125 0.087890625
1 0.7177734375 0.8095703125 0.15234375 0.177734375
1 0.34375 0.7392578125 0.0859375 0.080078125
1 0.607421875 0.7197265625 0.064453125 0.076171875
1 0.4765625 0.8984375 0.126953125 0.15625
1 0.2568359375 0.958984375 0.083984375 0.08203125
1 0.63671875 0.9287109375 0.099609375 0.126953125
1 0.4892578125 0.5419921875 0.052734375 0.064453125
1 0.853515625 0.9580078125 0.080078125 0.0234375
1 0.669921875 0.6689453125 0.09765625 0.099609375
1 0.634765625 0.0400390625 0.0546875 0.080078125
1 0.5888671875 0.859375 0.0859375 0.11328125
1 0.021484375 0.5595703125 0.04296875 0.091796875
1 0.166015625 0.994140625 0.11328125 0.01171875
1 0.0634765625 0.48046875 0.046875 0.048828125
1 0.2783203125 0.8798828125 0.052734375 0.0703125
1 0.404296875 0.82421875 0.083984375 0.08984375
1 0.43359375 0.5615234375 0.04296875 0.05078125
1 0.3310546875 0.650390625 0.05859375 0.060546875
1 0.0810546875 0.86328125 0.08984375 0.12109375
1 0.3447265625 0.888671875 0.076171875 0.09765625
0 1 0.473796111328125 0.967547529296875 0.16503148046875 0.941589826171875 0.17749832421875 0.855000052734375 0.19682478515625 0.8311329296875 0.21296733203125 0.799814623046875 0.2230760234375 0.781004392578125 0.238687068359375 0.662028216796875 0.290389748046875 0.608619546875 0.30111598046875 0.458679396484375 0.36629861328125 0.42966934765625 0.365939189453125 0.420795732421875 0.378801603515625 0.39772841015625 0.386338830078125 0.365964638671875 0.4084241015625 0.272455173828125 0.426773599609375 0.251427814453125 0.437504919921875 0.188882326171875 0.44237446484375 0.160135482421875 0.460734142578125 0.131915048828125 0.51653201953125 0.146549130859375 0.5422619375 0.14805250390625 0.572780451171875 0.17102869921875 0.5805910625 0.181228521484375 0.596561533203125 0.19622202734375 0.5932813984375 0.21263795703125 0.571105 0.225945833984375 0.568002033203125 0.259921646484375 0.583177796875 0.32406163671875 0.59347892578125 0.32991832421875 0.58434210546875 0.323803521484375 0.542378515625 0.328151744140625 0.5351044921875 0.357161794921875 0.535463916015625 0.3778348203125 0.521361333984375 0.39637675390625 0.519412498046875 0.4173990234375 0.54106248828125 0.426004341796875 0.541862283203125 0.4442830703125 0.521194345703125 0.465396470703125 0.52749649609375 0.480389974609375 0.52421636328125 0.5495117421875 0.48467742578125 0.559974025390625 0.486879470703125 0.5870301484375 0.501078271484375 0.602018564453125 0.53017944921875 0.62091483203125 0.531601873046875 0.639552984375 0.481923888671875 0.65464018359375 0.44751203125 0.726413728515625 0.460406890625 0.72809159375 0.481139361328125 0.72692728515625 0.5511360390625 0.7554058359375 0.546438572265625 0.745222115234375 0.520489548828125 0.76408325 0.516236201171875 0.808240734375 0.55814965625 0.805433064453125 0.600829294921875 0.827077962890625 0.612188333984375 0.84659176953125 0.63570112109375 0.835941396484375 0.664088541015625 0.82298785546875 0.670562765625 0.802400869140625 0.7016988203125 0.76159140625 0.7025795625 0.738529173828125 0.677735482421875 0.7347175390625 0.657685083984375 0.720523828125 0.6523598984375 0.715203732421875 0.634172296875 0.7006556875 0.625475849609375 0.7064263359375 0.599305560546875 0.7021692421875 0.5912317421875 0.676176119140625 0.5871467265625 0.69249583203125 0.6126994765625 0.692136408203125 0.641709525390625 0.7179472734375 0.67649022265625 0.728496337890625 0.72821326171875 0.722371357421875 0.751012291015625 0.790667134765625 0.849497697265625 0.77442328125 0.9057410390625 0.780983544921875 0.93572805078125 0.7930461640625 0.953206982421875 0.812651099609375 0.961371927734375 0.83350129296875 0.9489549765625 0.865528267578125 0.9455888046875 0.888955015625 0.909041529296875 0.90882824609375 0.903544265625 0.928787513671875 0.91508047265625 0.96312303125 0.954077947265625 1 0.950202021484375 1 0.473796111328125
0 0.468195998046875 0.213620009765625 0.46029934765625 0.219562736328125 0.457014126953125 0.2369505390625 0.415850330078125 0.2344600234375 0.36891588671875 0.258139796875 0.359956234375 0.2539687421875 0.351801466796875 0.2088110546875 0.370439619140625 0.1591330703125 0.363611060546875 0.142808267578125 0.305945294921875 0.145460681640625 0.250051197265625 0.1649693984375 0.213584869140625 0.190957431640625 0.161315060546875 0.293593533203125 0.13079145703125 0.327478216796875 0.13673418359375 0.3353748671875 0.153590486328125 0.33360319921875 0.165830271484375 0.352767763671875 0.164929166015625 0.441483541015625 0.175928783203125 0.448848689453125 0.216561080078125 0.44628231640625 0.222772099609375 0.4405167578125 0.2070851953125 0.339910439453125 0.19892533984375 0.327134064453125 0.19875326171875 0.293067123046875 0.223425267578125 0.23593794921875 0.244898087890625 0.213230048828125 0.246411642578125 0.17898594140625 0.29520379296875 0.18919594140625 0.2984788359375 0.2365707578125 0.255710359375 0.2836721875 0.230775146484375 0.32208226171875 0.221542109375 0.3639547265625 0.25108366015625 0.369371041015625 0.268026001953125 0.384632841796875 0.276454154296875 0.3837470078125 0.2870133984375 0.370707427734375 0.290389748046875 0.337971783203125 0.302811791015625 0.3264406640625 0.330844876953125 0.33371977734375 0.400664388671875 0.33319845703125 0.428611435546875 0.32344409765625 0.448575794921875 0.302598994140625 0.477854138671875 0.289296208984375 0.525497251953125 0.272358955078125 0.564443916015625 0.269969748046875 0.61306398828125 0.246112806640625 0.652810451171875 0.23511828125 0.709944712890625 0.2274089765625 0.72405238671875 0.215700693359375 0.765130142578125 0.20115773828125 0.780477982421875 0.2012488671875 0.80016895703125 0.226447283203125 0.8183565546875 0.2211271875 0.846749064453125 0.19939625 0.8505657890625 0.1870653359375 0.845600025390625 0.172248998046875 0.8730206640625 0.1250564375 0.909573029296875 0.116101875 0.943553931640625 0.098896328125 0.96031532421875 0.096221642578125 0.958291615234375 0.076967330078125 0.757598005859375 0.14570910546875 0.55434540234375 0.173888818359375 0.545557826171875 0.203784705078125 0.53766117578125 0.209727427734375 0.49605191796875 0.2192134921875 0.468195998046875 0.213620009765625
0 0 0.321921373046875 0.0290310078125 0.3483991796875 0.039144791015625 0.347336177734375 0.058931982421875 0.3248054453125 0.067542390625 0.293223931640625 0.088392583984375 0.280806978515625 0.10799751953125 0.28897192578125 0.11802526171875 0.270875455078125 0.140029583984375 0.2532244453125 0.14127993359375 0.200261236328125 0.160176201171875 0.20168366015625 0.1731297421875 0.195209435546875 0.192653728515625 0.1539596015625 0.236925578125 0.13737668359375 0.361930517578125 0.110604123046875 0.402562814453125 0.10803775 0.415339189453125 0.099877892578125 0.47504491796875 0.100419572265625 0.48356419921875 0.084185900390625 0.4806383984375 0.07256365234375 0.461919298828125 0.072826859375 0.3680555 0.08780509375 0.360781478515625 0.083456873046875 0.270111775390625 0.09639514453125 0.23231923828125 0.09355029296875 0.19159581640625 0.111464509765625 0.190699900390625 0.096546365234375 0.21045234375 0.068354330078125 0.19123709375 0.0692384765625 0.166991162109375 0.09790279296875 0.11661866015625 0.09411334765625 0.077948041015625 0.115209953125 0.119999546875 0.1275108359375 0.097372595703125 0.155452794921875 0.038370443359375 0.194034947265625 0.015389158203125 0.21860564453125 0 0.213344373046875 0 0.321921373046875
0 0.655783017578125 0 0.657543546875 0.03692766015625 0.72062053515625 0.0371150078125 0.73472820703125 0.02540672265625 0.7858286171875 0.025148607421875 0.813952833984375 0.01707987890625 0.804407763671875 0 0.655783017578125 0
0 0 0.17699209375 0.02107376953125 0.175401884765625 0.044409388671875 0.154202447265625 0.09134383203125 0.130522673828125 0.0906351640625 0.12378015234375 0.068013302734375 0.11934080078125 0 0.1217266796875 0 0.17699209375
0 0.224609935546875 0.03641603125 0.210061892578125 0.027719583984375 0.180606380859375 0.03933673828125 0.17998375 0.049627689453125 0.192137498046875 0.05175878125 0.19799418359375 0.0426219609375 0.226472732421875 0.037924494140625 0.234101087890625 0.0456439765625 0.252997357421875 0.047066404296875 0.2640881015625 0.039083712890625 0.257968208984375 0.029501431640625 0.230820955078125 0.03065047265625 0.224609935546875 0.03641603125
0 0 0.0889957578125 0.02871739453125 0.0859774375 0.03740875 0.103810705078125 0.07386998828125 0.11020398046875 0.10581092578125 0.08980433984375 0.103684923828125 0.06957677734375 0.158602056640625 0.05698775 0.155676259765625 0.045365501953125 0.1405055859375 0.04696000390625 0.06757801953125 0.06655476171875 0 0.07168308984375 0 0.0889957578125
0 0.592056501953125 0.694834630859375 0.575301505859375 0.61649583984375 0.547096341796875 0.575149787109375 0.52678273828125 0.5602423203125 0.488721908203125 0.5710596796875 0.463619708984375 0.543021501953125 0.464591583984375 0.568483125 0.475500072265625 0.591196115234375 0.516304443359375 0.622696681640625 0.52241924609375 0.664660271484375 0.53501336328125 0.68719609375 0.542105130859375 0.722239998046875 0.559842177734375 0.761277791015625 0.570133125 0.761900419921875 0.590983318359375 0.74948346875 0.578303162109375 0.70991417578125 0.592056501953125 0.694834630859375
0 0.41117782421875 0.611590666015625 0.417297716796875 0.621172947265625 0.450301654296875 0.610887087890625 0.446490021484375 0.590836693359375 0.436998869140625 0.581608744140625 0.409674451171875 0.581072154296875 0.380750439453125 0.597746201171875 0.386602037109375 0.62099069140625 0.41117782421875 0.611590666015625
0 0.6208893828125 0.693508423828125 0.638980765625 0.735917478515625 0.62975281640625 0.745408630859375 0.630638650390625 0.753836783203125 0.653614845703125 0.761647392578125 0.679613060546875 0.7333511015625 0.666396310546875 0.7211062265625 0.6625846796875 0.701055830078125 0.631362587890625 0.663435373046875 0.622580103515625 0.660949947265625 0.6208893828125 0.693508423828125