1 0.1982421875 0.5146484375 0.07421875 0.087890625
1 0.865234375 0.650390625 0.080078125 0.07421875
1 0.1982421875 0.44140625 0.048828125 0.064453125
1 0.591796875 0.416015625 0.078125 0.072265625
1 0.5576171875 0.5234375 0.072265625 0.0546875
1 0.55859375 0.6025390625 0.046875 0.052734375
1 0.8515625 0.5390625 0.037109375 0.0390625
1 0.970703125 0.560546875 0.04296875 0.041015625
1 0.9638671875 0.7080078125 0.052734375 0.046875
0 0 0.974482283203125 0.04551848046875 0.976867806640625 0.066403458984375 0.93230228125 0.1282784609375 0.8332035 0.157433388671875 0.7575816875 0.1843665078125 0.72435452734375 0.1935273203125 0.66972765625 0.206747009765625 0.657824591796875 0.2300527265625 0.663769447265625 0.258802884765625 0.62591405859375 0.278385556640625 0.612769978515625 0.27589684765625 0.5701284609375 0.294320791015625 0.549051232421875 0.291338349609375 0.515830748046875 0.31406136328125 0.502851248046875 0.3403294921875 0.45226990234375 0.3622229375 0.4250765625 0.36436245703125 0.384252083984375 0.385831103515625 0.305078482421875 0.409212431640625 0.27953760546875 0.40258923046875 0.225658013671875 0.388869126953125 0.217066548828125 0.374408419921875 0.222606634765625 0.36424678515625 0.23624444921875 0.355744287109375 0.27830994140625 0.36244309765625 0.30070380078125 0.361126470703125 0.325826556640625 0.352041271484375 0.34896769140625 0.290248560546875 0.446496302734375 0.279181740234375 0.47740601171875 0.252495490234375 0.50592265625 0.214577841796875 0.56848935546875 0.201358150390625 0.58039241796875 0.190284654296875 0.58138656640625 0.152100109375 0.558917095703125 0.1081352890625 0.556612998046875 0.09838509765625 0.562399951171875 0.096232224609375 0.5433933046875 0.11316828515625 0.520663615234375 0.1190308515625 0.4989280703125 0.119771455078125 0.48479651953125 0.112085171875 0.481244728515625 0.0872159609375 0.5051331484375 0.046487125 0.561254578125 0 0.603111771484375 0 0.974482283203125
0 0.7178136171875 0.76018373046875 0.7143441171875 0.76629983984375 0.695748916015625 0.7606018515625 0.69797740234375 0.748122763671875 0.69037341015625 0.74300080078125 0.6774005859375 0.75019334765625 0.68450416796875 0.734820783203125 0.67962239453125 0.707798697265625 0.67242984765625 0.694825875 0.663008814453125 0.694332138671875 0.6213614453125 0.70789433984375 0.6287185703125 0.7177268203125 0.630130841796875 0.750865015625 0.6588943515625 0.77284075 0.660800357421875 0.796557912109375 0.611631283203125 0.803427978515625 0.55246515234375 0.820795515625 0.538415890625 0.818484740234375 0.52948859375 0.808569970703125 0.530805220703125 0.783447216796875 0.542372451171875 0.77303203515625 0.559808923828125 0.770796873046875 0.55823207421875 0.740799021484375 0.54343553515625 0.722704236328125 0.52913940625 0.725103974609375 0.517407595703125 0.7386595 0.48947365234375 0.730897607421875 0.485010005859375 0.725940220703125 0.490207580078125 0.686850494140625 0.484173759765625 0.681810822265625 0.46359694140625 0.68388140625 0.45607523828125 0.67718926953125 0.4608613671875 0.645950404296875 0.469205962890625 0.63694081640625 0.480526326171875 0.631236154296875 0.503749751953125 0.6387511796875 0.518128169921875 0.634781267578125 0.514645314453125 0.58106625390625 0.5292505703125 0.482639140625 0.542223396484375 0.475446591796875 0.578920056640625 0.4962636015625 0.608753330078125 0.49782709765625 0.64676662109375 0.493521349609375 0.64858366015625 0.488893123046875 0.606353587890625 0.48353096875 0.581971435546875 0.468082791015625 0.542717130859375 0.466025560546875 0.537910970703125 0.407517740234375 0.513192986328125 0.368434689453125 0.505328771484375 0.30819212109375 0.48210534375 0.30067709375 0.446622990234375 0.16656081640625 0.443811802734375 0.160115548828125 0.43439076953125 0.1596218125 0.42274125 0.17160716796875 0.430440884765625 0.23499008203125 0.42112884765625 0.35258841796875 0.39206288671875 0.456555619140625 0.365218732421875 0.518128169921875 0.339951427734375 0.6096985703125 0.32136290625 0.633916146484375 0.23718969140625 0.797974689453125 0.20456526171875 0.879712611328125 0.196391919921875 0.9154974140625 0.165424025390625 0.9831517890625 0.2212087578125 0.98607534375 0.219875568359375 0.97813305078125 0.24466248828125 0.9558148046875 0.25903423046875 0.921929330078125 0.26861984375 0.919282720703125 0.27084165234375 0.8768880703125 0.403149734375 0.515392595703125 0.45029712890625 0.33679773046875 0.464099521484375 0.3438190234375 0.47121645703125 0.38827758203125 0.471888125 0.435547326171875 0.46429080859375 0.460340923828125 0.49966416796875 0.476365126953125 0.49984209765625 0.533055904296875 0.489680462890625 0.546693720703125 0.465963298828125 0.5485997265625 0.4505084453125 0.543066318359375 0.426468802734375 0.58116857421875 0.40755780078125 0.6415823984375 0.40434184375 0.672903552734375 0.4113698125 0.68901672265625 0.425007626953125 0.699178359375 0.426995921875 0.72132534765625 0.384285466796875 0.7852153515625 0.361411228515625 0.86116631640625 0.30695561328125 0.87878072265625 0.2709306171875 0.905233458984375 0.271924765625 0.916306953125 0.28291597265625 0.916882978515625 0.3312554765625 0.89579907421875 0.35009754296875 0.896786544921875 0.34432394140625 0.9468674765625 0.3335039921875 0.973066669921875 0.317143955078125 0.984805154296875 0.315244626953125 0.9910035546875 0.358985138671875 0.993295896484375 0.386622951171875 0.8908283359375 0.732699125 0.80662390625 0.735414669921875 0.75480822265625 0.725164064453125 0.7401006484375 0.710703357421875 0.745640734375 0.7178136171875 0.76018373046875
0 0.974482283203125 1 0.97604337109375 0.97021268359375 0.97172784375 0.96242898828125 0.964775486328125 0.914830087890625 0.950719548828125 0.88260375 0.895256431640625 0.829313537109375 0.8950785 0.7726227578125 0.881104853515625 0.738826248046875 0.87671681640625 0.702383130859375 0.8598563671875 0.69362708984375 0.82414717578125 0.653968013671875 0.8072044375 0.646782142578125 0.808698998046875 0.678350166015625 0.82829501953125 0.725037208984375 0.827067359375 0.778505353515625 0.836577357421875 0.807344478515625 0.83558988671875 0.826186546875 0.8167478203125 0.825199076171875 0.81525326171875 0.793631052734375 0.787730763671875 0.778018296875 0.779214912109375 0.760252666015625 0.76392463671875 0.751578912109375 0.737149419921875 0.75175016796875 0.729291880859375 0.721423158203125 0.717306529296875 0.709773638671875 0.67705807421875 0.6966429140625 0.67358857421875 0.702759025390625 0.693431462890625 0.744735552734375 0.718471931640625 0.7476223515625 0.725829056640625 0.75745483203125 0.715502841796875 0.7742329921875 0.6800471953125 0.7597789609375 0.675748125 0.751681232421875 0.681034666015625 0.74093689453125 0.67500084375 0.73589721875 0.668960345703125 0.700941984375 0.64218512890625 0.701113240234375 0.633675955078125 0.713263169921875 0.641279947265625 0.718385134765625 0.64723815625 0.754910541015625 0.6660868984375 0.78581357421875 0.65650796484375 0.818375744140625 0.69121633203125 0.817045763671875 0.735921755859375 0.8052183125 0.77203571875 0.80711096484375 0.780633859375 0.823306423828125 0.80204024609375 0.835449677734375 0.8362615546875 0.873456291015625 0.865114033203125 0.923777416015625 0.89363067578125 0.950463666015625 0.916959037109375 1 0.974482283203125 1
0 0.58157551171875 0.175207865234375 0.594466046875 0.16958548828125 0.593883345703125 0.150661134765625 0.56132117578125 0.141082197265625 0.526036783203125 0.153403384765625 0.517692185546875 0.16241297265625 0.554882583984375 0.173808947265625 0.58157551171875 0.175207865234375
0 0.651190208984375 0.31898536328125 0.671026423828125 0.33104633203125 0.703595271484375 0.370540826171875 0.745331607421875 0.385324013671875 0.744584326171875 0.369540001953125 0.6992895234375 0.332527537109375 0.689944103515625 0.300548068359375 0.66688525390625 0.2898926953125 0.648625888671875 0.307829580078125 0.651190208984375 0.31898536328125
0 1 0.17096056640625 0.941549720703125 0.156285677734375 0.9360163125 0.17174053125 0.94131620703125 0.22082731640625 1 0.23919677734375 1 0.17096056640625
0 0.8916333671875 0.147371732421875 0.81635406640625 0.17176723828125 0.772711724609375 0.133266888671875 0.746183375 0.128727626953125 0.726682994140625 0.14030153515625 0.726854248046875 0.167076751953125 0.753629466796875 0.16690549609375 0.776112291015625 0.18855207421875 0.8097508984375 0.207634330078125 0.849581228515625 0.198700357421875 0.907677599609375 0.20174505859375 0.9127172734375 0.19571123828125 0.92097290234375 0.15835626171875 0.916756123046875 0.148688359375 0.8916333671875 0.147371732421875
0 0.28869391015625 0.1456882265625 0.28580043359375 0.140813130859375 0.248198587890625 0.137268017578125 0.197130185546875 0.150336482421875 0.128207185546875 0.143575412109375 0.017402697265625 0.15484379296875 0.0155175078125 0.190815365234375 0.10243279296875 0.18473572265625 0.21218026953125 0.193636314453125 0.2595323046875 0.1913944765625 0.270852666015625 0.185689810546875 0.26853521484375 0.16982351171875 0.28869391015625 0.1456882265625
0 0.87509323046875 0.462976349609375 0.914758982421875 0.457182720703125 0.955501171875 0.460892412109375 0.968556283203125 0.45212969140625 0.97070248046875 0.441220775390625 0.963180775390625 0.434528642578125 0.91764578125 0.43214225390625 0.788233345703125 0.4379559140625 0.7832759609375 0.442419560546875 0.800719111328125 0.4700999609375 0.840802984375 0.48637103125 0.850312986328125 0.51521015625 0.922725513671875 0.60560180078125 0.949089287109375 0.61328140625 0.95165360546875 0.62443719140625 0.94644935546875 0.63361135546875 0.916451501953125 0.635188205078125 0.901908505859375 0.642298462890625 0.8944824453125 0.693867279296875 0.908620671875 0.7245234453125 0.928127728515625 0.742865099609375 0.9454129765625 0.80360140234375 0.96260258203125 0.8060767578125 0.96748435546875 0.833098841796875 0.982637482421875 0.844389548828125 0.986331353515625 0.773906263671875 0.97598017578125 0.761117787109375 0.97076924609375 0.740376390625 0.9463048046875 0.72649838671875 0.934559642578125 0.6802227890625 0.943315685546875 0.66336233984375 0.97984776953125 0.687319693359375 0.988027787109375 0.68145044921875 0.9914972890625 0.675334337890625 0.996012912109375 0.589171138671875 0.973958498046875 0.589392990234375 0.94817075 0.570722177734375 0.932873798828125 0.53213286328125 0.889731869140625 0.51412704296875 0.861955826171875 0.473309240234375 0.87509323046875 0.462976349609375
0 0.88339108984375 0.24455783203125 0.85934476953125 0.25274452734375 0.85233015625 0.29646248046875 0.8597695703125 0.304724787109375 0.87390112109375 0.305465390625 0.918277388671875 0.29991862890625 0.9157130703125 0.288762845703125 0.90182838671875 0.2833117265625 0.890007611328125 0.26852186328125 0.903145015625 0.25818896875 0.90363875 0.2487679375 0.88339108984375 0.24455783203125
0 0.062658044921875 0.072437279296875 0.098436171875 0.050695060546875 0.09644787890625 0.0285480703125 0.02429881640625 0.023258017578125 0.02160433203125 0.0746718125 0.062658044921875 0.072437279296875