1 0.724609375 0.3759765625 0.1640625 0.150390625
1 0.8271484375 0.681640625 0.177734375 0.181640625
1 0.521484375 0.6455078125 0.19921875 0.275390625
1 0.6259765625 0.6787109375 0.111328125 0.2265625
1 0.39453125 0.4306640625 0.21875 0.12890625
1 0.5205078125 0.302734375 0.1796875 0.12890625
1 0.380859375 0.3046875 0.109375 0.109375
1 0.1396484375 0.2861328125 0.056640625 0.08984375
1 0.0146484375 0.306640625 0.029296875 0.09375
1 0.0224609375 0.5771484375 0.04296875 0.06640625
1 0.1669921875 0.4345703125 0.107421875 0.09375
1 0.10546875 0.361328125 0.076171875 0.09765625
1 0.263671875 0.3359375 0.126953125 0.10546875
1 0.9306640625 0.9365234375 0.138671875 0.087890625
1 0.9599609375 0.4423828125 0.080078125 0.150390625
1 0.1201171875 0.9794921875 0.087890625 0.041015625
1 0.07421875 0.5205078125 0.10546875 0.083984375
1 0.0224609375 0.404296875 0.044921875 0.05859375
0 0.723593708984375 0.64166676171875 0.734191154296875 0.631574494140625 0.734865849609375 0.598954796875 0.71567481640625 0.611881654296875 0.723593708984375 0.64166676171875
0 0.55986096875 0.48971016015625 0.53683173046875 0.505222390625 0.54825990625 0.510981384765625 0.582301955078125 0.493302517578125 0.6003333359375 0.44308365625 0.597166453125 0.42814956640625 0.569129248046875 0.45425587109375 0.55986096875 0.48971016015625
0 0 0.18439971875 0.024079369140625 0.1839985 0.0290873359375 0.17340442578125 0.042270154296875 0.16715036328125 0.04193786328125 0.160809859375 0 0.15422057421875 0 0.18439971875
0 0.667856140625 0.306028623046875 0.65642796484375 0.300269626953125 0.65760109765625 0.2771606875 0.620810900390625 0.272730861328125 0.610715263671875 0.277233650390625 0.61078485546875 0.339219720703125 0.620378685546875 0.340306408203125 0.633229212890625 0.327711841796875 0.655088689453125 0.320208314453125 0.667856140625 0.306028623046875
0 0.773785609375 0.780500029296875 0.787387162109375 0.767071361328125 0.784469498046875 0.75689265234375 0.70263118359375 0.742107857421875 0.691119935546875 0.734763736328125 0.68561353125 0.7358470546875 0.67125758203125 0.7652100546875 0.680432677734375 0.77347134765625 0.696200865234375 0.7710554921875 0.706043916015625 0.776897560546875 0.740501328125 0.76714432421875 0.765108951171875 0.7817494921875 0.773785609375 0.780500029296875
0 0.9266234921875 0.406115013671875 0.901095326171875 0.4042739296875 0.873483595703125 0.393005158203125 0.854299306640625 0.375731546875 0.85605394921875 0.36371848828125 0.81884501953125 0.366463267578125 0.8323567578125 0.3816499453125 0.839521251953125 0.427369388671875 0.8486132734375 0.434045556640625 0.9082665625 0.419792900390625 0.92394830859375 0.430892154296875 0.9266234921875 0.406115013671875
0 0.08432847265625 1 0.083633740234375 0.98674370703125 0.051937955078125 0.958204693359375 0.04769449609375 0.9075637265625 0.017732025390625 0.85144016796875 0.025517716796875 1 0.08432847265625 1
0 0.67999490234375 0.492156345703125 0.688581748046875 0.519522228515625 0.7095206796875 0.524782783203125 0.7234545234375 0.517694623046875 0.7427353671875 0.47615241796875 0.765428943359375 0.469399919921875 0.772274625 0.448377912109375 0.647973564453125 0.427076357421875 0.63904094921875 0.4537709140625 0.625691984375 0.456854724609375 0.606999390625 0.47929233984375 0.608162412109375 0.501484107421875 0.663306169921875 0.50733628515625 0.670567216796875 0.49423991015625 0.67999490234375 0.492156345703125
0 0.10978048828125 0.833578080078125 0.11778919140625 0.83474784375 0.127888201171875 0.815144818359375 0.14198819140625 0.811226908203125 0.153333294921875 0.815400775390625 0.151654984375 0.859199431640625 0.136468306640625 0.872711169921875 0.14680979296875 0.888063994140625 0.170756201171875 0.87488791796875 0.19036596875 0.854786453125 0.2189813125 0.854876265625 0.22874466015625 0.84403297265625 0.225245484375 0.822758376953125 0.201967029296875 0.83351523046875 0.182945513671875 0.83451210546875 0.172185291015625 0.8263338828125 0.17311257421875 0.783369330078125 0.186129248046875 0.773945015625 0.211408193359375 0.771030720703125 0.221756421875 0.756183076171875 0.237690755859375 0.756937470703125 0.259301013671875 0.74467856640625 0.26422591015625 0.732499365234375 0.275906673828125 0.727913501953125 0.298939279296875 0.69730103515625 0.29034906640625 0.685035390625 0.291774787109375 0.65158159375 0.313890220703125 0.618632974609375 0.301295654296875 0.60578244921875 0.273933142578125 0.59926905859375 0.26926420703125 0.586003166015625 0.257168078125 0.5826633984375 0.24123711328125 0.566808765625 0.2389907734375 0.53911059375 0.26276766796875 0.5378645 0.279532732421875 0.554470158203125 0.301980458984375 0.527862044921875 0.30990608984375 0.5274466796875 0.334513712890625 0.54205184765625 0.3920766953125 0.548571978515625 0.41509919140625 0.56326021875 0.44079350390625 0.568271556640625 0.45998453515625 0.55534469921875 0.472921505859375 0.529235021484375 0.401428046875 0.51470281640625 0.3705629921875 0.50201506640625 0.28555442578125 0.48739641796875 0.2643662734375 0.477380482421875 0.208554564453125 0.473947529296875 0.1853591796875 0.4862895078125 0.15932920703125 0.49003790234375 0.161160181640625 0.509810443359375 0.172339138671875 0.51081405859375 0.181268384765625 0.499219736328125 0.190360408203125 0.50589590234375 0.18118194140625 0.51273484765625 0.179427298828125 0.52474790234375 0.15089502734375 0.52624321484375 0.142550662109375 0.533833185546875 0.14321524609375 0.5465141953125 0.151639314453125 0.555609587890625 0.14980159765625 0.566037517578125 0.127443685546875 0.564030287109375 0.082049794921875 0.6077357578125 0.05176625 0.606143890625 0.03691186328125 0.625996134765625 0.006541875 0.63791937890625 0.0148325546875 0.796114978515625 0.02645023046875 0.77516077734375 0.035126890625 0.773911314453125 0.048223263671875 0.781172361328125 0.072000158203125 0.779926267578125 0.09218132421875 0.816221396484375 0.10978048828125 0.833578080078125
0 1 0.5638186875 0.98557175390625 0.560384177734375 0.96346305859375 0.563132326171875 0.941344255859375 0.611181181640625 0.92323654296875 0.629614443359375 0.91846768359375 0.69026460546875 0.956424271484375 0.701785966796875 0.9722721640625 0.71605547265625 0.974521873046875 0.728653408203125 0.9554139140625 0.743165392578125 0.917457326171875 0.73164403515625 0.910106466796875 0.773355755859375 0.920447953125 0.788708580078125 0.930124857421875 0.79138039453125 0.929706123046875 0.798554998046875 0.864885462890625 0.790031005859375 0.8984986640625 0.824827451171875 0.898824216796875 0.861368427734375 0.888977796875 0.87062659765625 0.868288083984375 0.87012141796875 0.84217840625 0.85718444921875 0.81397842578125 0.865020267578125 0.770016994140625 0.84507146875 0.685922232421875 0.847889208984375 0.66815355078125 0.842462505859375 0.65514025 0.8367865859375 0.644047736328125 0.822267861328125 0.645307310546875 0.785643810546875 0.639551685546875 0.78197175 0.61777528515625 0.79106040234375 0.55020310546875 0.775527951171875 0.54110434375 0.799052255859375 0.528170744140625 0.810061697265625 0.49480001953125 0.8102211015625 0.4591795859375 0.797782572265625 0.437409923828125 0.776670751953125 0.40170641796875 0.762647095703125 0.380853927734375 0.7438714296875 0.38962376953125 0.6989063828125 0.406980453125 0.68130721875 0.435599169921875 0.666296794921875 0.437107962890625 0.634428125 0.42960106640625 0.627668884765625 0.413666732421875 0.62691448828125 0.352664056640625 0.7064065390625 0.327385109375 0.70932083203125 0.32295865234375 0.73101079296875 0.28524117578125 0.76954551953125 0.297167787109375 0.784815271484375 0.297486599609375 0.851556720703125 0.286138126953125 0.8624830859375 0.2540168671875 0.871319150390625 0.2570973046875 0.899768349609375 0.238823447265625 0.915031361328125 0.228053115234375 0.952153849609375 0.2328881953125 0.9685899921875 0.274267625 0.96960034765625 0.28511766015625 0.94916322265625 0.276112080078125 0.9289719453125 0.279372146484375 0.900190455078125 0.2893847109375 0.894102537109375 0.311742625 0.89610976953125 0.329850337890625 0.877676505859375 0.34253134765625 0.877011923828125 0.372219900390625 0.92790884765625 0.398163431640625 0.937675564453125 0.42995576953125 0.90739876171875 0.450057232421875 0.927008525390625 0.478423359375 0.9223429609375 0.486013330078125 0.930687328125 0.493679630859375 0.970817291015625 0.53381296484375 0.94805075390625 0.5781104375 0.996592578125 0.862905693359375 0.981667091796875 0.8724451015625 0.93427749609375 0.865529826171875 0.893313431640625 0.873708044921875 0.882553208984375 0.89940235546875 0.887564546875 0.929596087890625 0.9177717578125 0.941276853515625 0.913185896484375 0.944284330078125 0.894749263671875 0.97064996484375 0.882241138671875 0.9780737890625 0.887415251953125 0.97640221875 0.901013435546875 0.98824912890625 0.89959782421875 0.985331466796875 0.88941911328125 0.988917083984375 0.897178599609375 1 0.896597767578125 1 0.5638186875
0 0 0.254042814453125 0.012883560546875 0.25849606640625 0.116505017578125 0.233991736328125 0.154464974609375 0.230412857421875 0.194508494140625 0.236261666015625 0.208359267578125 0.22758837890625 0.21670026171875 0.23509864453125 0.26583917578125 0.2325233828125 0.26834821484375 0.2045759921875 0.27861 0.203243455078125 0.285026837890625 0.234696759765625 0.30746782421875 0.2382891171875 0.324571919921875 0.231034810546875 0.35085111328125 0.232041796875 0.315054421875 0.261733720703125 0.28351804296875 0.266565431640625 0.28401648046875 0.276076189453125 0.26032266015625 0.278907408203125 0.207515056640625 0.272138060546875 0.205677341796875 0.282565990234375 0.31554612109375 0.30144494921875 0.328562791015625 0.292020634765625 0.329566408203125 0.2808416796875 0.345337966796875 0.2633255859375 0.41208615625 0.232806302734375 0.4697322109375 0.240911560546875 0.491840904296875 0.2381634140625 0.50360811328125 0.22006244140625 0.522712701171875 0.220650693359375 0.52829880859375 0.236252736328125 0.547403396484375 0.236840986328125 0.57385210546875 0.225917990234375 0.590866388671875 0.247279029296875 0.665865759765625 0.252885357421875 0.676625982421875 0.261063576171875 0.672618259765625 0.275578931640625 0.696474857421875 0.29101819921875 0.7155794453125 0.291606451171875 0.72550556640625 0.29903364453125 0.760212197265625 0.294035787109375 0.795666486328125 0.30330406640625 0.801588255859375 0.31014637890625 0.806084306640625 0.35044248828125 0.8438781171875 0.343693359375 0.90769853125 0.348296072265625 0.919960806640625 0.35480609375 0.91253361328125 0.36473221484375 0.915368205078125 0.37332580078125 0.92963433984375 0.37257814453125 0.94615692578125 0.354227953125 0.957252810546875 0.35364644140625 0.98494761328125 0.366500337890625 0.9945491484375 0.38289861328125 0.979396935546875 0.093777146484375 0.970991357421875 0.10019912890625 0.904499126953125 0.105273318359375 0.8177392890625 0.087567490234375 0.77177062890625 0.08997660546875 0.7570060546875 0.081213505859375 0.747990365234375 0.106322935546875 0.733305494140625 0.114245197265625 0.722379125 0.102896724609375 0.722718158203125 0.0790367578125 0.715796142578125 0.068273166015625 0.719218984375 0.057762162109375 0.708123099609375 0.058343673828125 0.69285334765625 0.070270287109375 0.6687441640625 0.065175875 0.668079580078125 0.052494865234375 0.642385267578125 0.04748352734375 0.625866052734375 0.050733484375 0.6229416484375 0.070755244140625 0.548939150390625 0.0841704296875 0.53767712109375 0.0815816875 0.53041607421875 0.0946780625 0.513900228515625 0.082827783203125 0.323352787109375 0.08645603125 0.261532865234375 0.089695875 0.257608212890625 0.105796357421875 0.24342515234375 0.108129140625 0.231332392578125 0.08968913671875 0.179853955078125 0.1082818046875 0.0801571484375 0.116685654296875 0.041778455078125 0.127439134765625 0.09925499609375 0.147474375 0.130625228515625 0.139472412109375 0.141385451171875 0.1476506328125 0.145303361328125 0.16175062109375 0.122526712890625 0.166917994140625 0.103006759765625 0.15840411328125 0.0698021796875 0.161733771484375 0.073135208984375 0.17983811328125 0.102501580078125 0.179093828125 0.1049174375 0.194862015625 0.09248564453125 0.20028198046875 0.07321491015625 0.196523474609375 0.053023634765625 0.2055290546875 0.02532883203125 0.19267516015625 0.008972390625 0.214195603515625 0 0.21544048046875 0 0.254042814453125