1 0.3310546875 0.5068359375 0.177734375 0.083984375
1 0.4462890625 0.5263671875 0.119140625 0.0703125
1 0.580078125 0.5205078125 0.142578125 0.078125
1 0.572265625 0.4130859375 0.083984375 0.0546875
1 0.708984375 0.4296875 0.06640625 0.037109375
1 0.5029296875 0.57421875 0.095703125 0.048828125
0 1 0.504449572265625 0.991027787109375 0.507305005859375 0.980511166015625 0.526621880859375 0.94627754296875 0.52050538671875 0.939094826171875 0.53829833984375 0.920901388671875 0.5425840390625 0.904003021484375 0.55675702734375 0.889257912109375 0.5562421171875 0.875750658203125 0.567252837890625 0.852871033203125 0.56481351953125 0.779868427734375 0.5885097109375 0.758684361328125 0.5844892578125 0.689473359375 0.59355476171875 0.661106572265625 0.607327263671875 0.631501927734375 0.609574134765625 0.492278951171875 0.650641978515625 0.4814294609375 0.65600430859375 0.4826673203125 0.667529939453125 0.47000784765625 0.677750095703125 0.43057312890625 0.679653689453125 0.427010376953125 0.6877309921875 0.419047498046875 0.680891548828125 0.381251125 0.682852359375 0.245419265625 0.7207579375 0.192191232421875 0.741863982421875 0.1294191875 0.754435025390625 0.114101955078125 0.7703035703125 0.095794091796875 0.77786596484375 0.01313305078125 0.796303841796875 0.00872251953125 0.80517171484375 0.021142736328125 0.82528955859375 0 0.847465609375 0 0.876815609375 0.01766319140625 0.9014440234375 0.053535158203125 0.907617732421875 0.0784432109375 0.922430458984375 0.086291666015625 0.93254659375 0.082099578125 0.958645701171875 0.10973300390625 0.98667634765625 0.4912724765625 1 0.982844388671875 1 1 0.508727525390625 1 0.504449572265625
0 0.992447689453125 0.490130984375 0.987085359375 0.479281494140625 0.98261761328125 0.4897877109375 0.992447689453125 0.490130984375
0 1 0.462474388671875 0.9853429921875 0.458716357421875 0.988895341796875 0.474423669921875 0.995677572265625 0.46809913671875 1 0.47755537109375 1 0.462474388671875
0 0.8680010390625 0.460359888671875 0.87524096875 0.440928587890625 0.884108837890625 0.445339119140625 0.887432337890625 0.467599818359375 0.89602455078125 0.456417458984375 0.94008824609375 0.462877228515625 0.946802859375 0.481975658203125 0.960596171875 0.46277320703125 0.96263500390625 0.451362001953125 0.957043826171875 0.44706589453125 0.87265082421875 0.421154015625 0.864401884765625 0.42250630078125 0.8649636015625 0.429907462890625 0.855752458984375 0.435327005859375 0.831853416015625 0.4385932890625 0.8386252421875 0.456053375 0.847331880859375 0.441594326171875 0.85319871484375 0.461483322265625 0.8680010390625 0.460359888671875
0 0.44503743359375 0.2889368671875 0.45627700390625 0.295890736328125 0.438177177734375 0.34446898046875 0.450826244140625 0.3580334453125 0.455111947265625 0.3762268828125 0.45109149609375 0.397410951171875 0.4362319609375 0.40017273046875 0.435373775390625 0.424747916015625 0.428477119140625 0.434349140625 0.44852734765625 0.44735188671875 0.45694792578125 0.44108456640625 0.463272458984375 0.447866796875 0.4805036953125 0.447648353515625 0.485819216796875 0.4363515703125 0.466960041015625 0.41272818359375 0.47198950390625 0.409623130859375 0.457416029296875 0.40419318359375 0.456178169921875 0.39266755078125 0.476800521484375 0.38928683984375 0.484487744140625 0.38053339453125 0.47496454296875 0.324429158203125 0.477632708984375 0.2949961484375 0.491197171875 0.28234708203125 0.440190013671875 0.263342265625 0.44503743359375 0.2889368671875
0 0.6490192578125 0.342809859375 0.643989796875 0.3459149140625 0.638008537109375 0.329302607421875 0.625016197265625 0.32556821875 0.61168058203125 0.33166390234375 0.599718064453125 0.298439291015625 0.571980611328125 0.2941899921875 0.541366955078125 0.27835784765625 0.512667302734375 0.2781758046875 0.53546890625 0.329822705078125 0.5266374375 0.3713430625 0.552507693359375 0.382088533203125 0.598495794921875 0.38041378515625 0.6829460078125 0.404687318359375 0.7142462109375 0.400859314453125 0.723675798828125 0.4126710078125 0.7305152421875 0.404708126953125 0.745364373046875 0.42573096484375 0.745972896484375 0.4552783984375 0.775348693359375 0.45958491015625 0.789303236328125 0.45925204296875 0.790551501953125 0.446993056640625 0.775073037109375 0.4439920234375 0.77383517578125 0.432466390625 0.85389566796875 0.418038556640625 0.81260416015625 0.40265370703125 0.786447841796875 0.400099962890625 0.746061326171875 0.382286201171875 0.721486140625 0.381428015625 0.71199933984375 0.37125466796875 0.66980283984375 0.358298728515625 0.6490192578125 0.342809859375
0 1 0.17699945703125 0.9189146171875 0.176718056640625 0.91253287109375 0.171574169921875 0.88603328125 0.178850501953125 0.864963638671875 0.171553359375 0.812479365234375 0.171360912109375 0.7971621328125 0.18722945703125 0.7862658359375 0.170445515625 0.774854626953125 0.16840668359375 0.738524962890625 0.1753397421875 0.605761755859375 0.172343892578125 0.537122876953125 0.1650259375 0.440346060546875 0.16492710546875 0.42899206640625 0.161249927734375 0.430802048828125 0.1563921015625 0.42097197265625 0.156048828125 0.419104779296875 0.162544998046875 0.374869447265625 0.161000267578125 0.317813412109375 0.150806109375 0.313678537109375 0.175266869140625 0.30639180078125 0.172551896484375 0.298096052734375 0.15175790625 0.26012804296875 0.15863375390625 0.230809458984375 0.15268889453125 0.22820891015625 0.15669894140625 0.248316349609375 0.16806333984375 0.2536786796875 0.178912830078125 0.240171427734375 0.18992355078125 0.2420854296875 0.20557365234375 0.217281396484375 0.211268849609375 0.196945107421875 0.206457833984375 0.200507859375 0.198380529296875 0.187973216796875 0.181539375 0.190584173828125 0.1537447109375 0.18493578125 0.151086951171875 0.170866810546875 0.15469651171875 0.1771341328125 0.163117087890625 0.174294330078125 0.1974651328125 0.168245451171875 0.206275791015625 0.0859848984375 0.21324525 0.00990221875 0.207710046875 0.000642138671875 0.472884013671875 0.01710673046875 0.494619400390625 0.049150693359375 0.469492904296875 0.055589650390625 0.472998443359375 0.07025673828125 0.522720935546875 0.07624840234375 0.515548623046875 0.076992162109375 0.49425012890625 0.091690466796875 0.47261876953125 0.114341244140625 0.48161146875 0.130839125 0.478906900390625 0.145745466796875 0.498291392578125 0.149745107421875 0.52467655859375 0.16064140234375 0.541460501953125 0.156907013671875 0.554452841796875 0.1266158203125 0.576359857421875 0.117669927734375 0.621156908203125 0.098706732421875 0.577025595703125 0.066969640625 0.54639112890625 0.046165248046875 0.578471494140625 0.0433254453125 0.6128195390625 0.049868421875 0.636833005859375 0.042753322265625 0.629202994140625 0.040220390625 0.607790078125 0.035190927734375 0.610895130859375 0.040771701171875 0.638975857421875 0.0554596015625 0.64112911328125 0.058840310546875 0.661751462890625 0.04969678515625 0.64174804296875 0.040542853515625 0.645529240234375 0.044266837890625 0.656321517578125 0.035341755859375 0.653549330078125 0.0128470234375 0.54614146875 0.004150791015625 0.536815900390625 0 0.536868521484375 0 0.775823923828125 0.048739765625 0.76310004296875 0.08230765234375 0.741307451171875 0.1216279453125 0.742680544921875 0.145136908203125 0.727098060546875 0.19655495703125 0.71084983984375 0.2989905703125 0.68982181640625 0.3622203125 0.664144009765625 0.443014158203125 0.65220230078125 0.5721782109375 0.617344564453125 0.720726755859375 0.56758048828125 0.691132515625 0.54604273828125 0.66892903125 0.547727892578125 0.6752067578125 0.5323638515625 0.6958863203125 0.527344794921875 0.7030690390625 0.509551841796875 0.6943728046875 0.5002262734375 0.65820437109375 0.526028912109375 0.663681125 0.533601708984375 0.645430474609375 0.539525759765625 0.644353845703125 0.54686970703125 0.6216926640625 0.561661625 0.59197359375 0.567185185546875 0.570789525390625 0.563164736328125 0.5632739375 0.567003142578125 0.553204611328125 0.596997869140625 0.525352736328125 0.596025259765625 0.50371096875 0.605111576171875 0.46286675390625 0.600404576171875 0.455866076171875 0.589497875 0.45294306640625 0.5557687578125 0.382494205078125 0.553308630859375 0.369902349609375 0.538105822265625 0.335211029296875 0.545096091796875 0.312674677734375 0.53282669921875 0.291261759765625 0.535359630859375 0.280973986328125 0.548123123046875 0.246511517578125 0.548560009765625 0.236853080078125 0.54330169921875 0.2408267265625 0.499971357421875 0.253715046875 0.483197822265625 0.321917037109375 0.4560533046875 0.34062538671875 0.437022494140625 0.399215748046875 0.4267659375 0.401561451171875 0.359593765625 0.411620375 0.353383658203125 0.411906435546875 0.3451919296875 0.38896959765625 0.344390958984375 0.388615919921875 0.3780056484375 0.369995998046875 0.324044263671875 0.369730748046875 0.284666755859375 0.379342376953125 0.267778794921875 0.391762595703125 0.287896640625 0.40821366796875 0.26304580078125 0.39793630078125 0.252024673828125 0.37663780859375 0.2512809140625 0.373704390625 0.2413364140625 0.31038103515625 0.2227216796875 0.35292080859375 0.225847544921875 0.399803498046875 0.24552850390625 0.401842328125 0.234117296875 0.433199744140625 0.228650947265625 0.45455544921875 0.227756361328125 0.4609371953125 0.232900248046875 0.655120162109375 0.21507611328125 0.6651790859375 0.208866005859375 0.669922486328125 0.213952677734375 0.724045103515625 0.214202337890625 0.7850071640625 0.206489119140625 0.81737358984375 0.219101783203125 0.86799066796875 0.22579040234375 0.93611463671875 0.24785346484375 1 0.25979038671875 1 0.17699945703125