1 0.6357421875 0.197265625 0.1953125 0.1064453125
1 0.87109375 0.525390625 0.2578125 0.296875
1 0.857421875 0.189453125 0.046875 0.052734375
1 0.74609375 0.1298828125 0.1484375 0.060546875
1 0.8349609375 0.3271484375 0.302734375 0.1796875
1 0.064453125 0.6337890625 0.1279296875 0.1669921875
1 0.4462890625 0.091796875 0.0625 0.0546875
1 0.119140625 0.2333984375 0.0888671875 0.060546875
1 0.220703125 0.23828125 0.083984375 0.056640625
1 0.1103515625 0.427734375 0.2138671875 0.1064453125
1 0.919921875 0.08203125 0.0546875 0.0498046875
0 0.9734375 0.22109375 0.96484375 0.2046875 0.9421875 0.21328125 0.9421875 0.22578125 0.934375 0.23203125 0.9421875 0.23359375 0.95 0.23203125 0.946875 0.22421875 0.95390625 0.21875 0.9734375 0.22109375
0 0.890625 0.23984375 0.8875 0.23359375 0.86796875 0.2265625 0.83984375 0.2296875 0.8359375 0.25546875 0.8234375 0.26328125 0.82421875 0.271875 0.8328125 0.27109375 0.85703125 0.24375 0.87109375 0.253125 0.88359375 0.2484375 0.890625 0.23984375
0 1 0.66953125 0.93046875 0.6578125 0.89453125 0.6421875 0.8875 0.67421875 0.8921875 0.69296875 0.88046875 0.734375 0.878125 0.69140625 0.86328125 0.675 0.8390625 0.66171875 0.8296875 0.63671875 0.8015625 0.60859375 0.77109375 0.5640625 0.7609375 0.57734375 0.7578125 0.65546875 0.74453125 0.6578125 0.746875 0.56328125 0.7375 0.56328125 0.73515625 0.578125 0.70703125 0.590625 0.671875 0.55546875 0.67734375 0.528125 0.69765625 0.5140625 0.72109375 0.5140625 0.7328125 0.50546875 0.73125 0.50078125 0.69140625 0.4453125 0.6828125 0.45078125 0.684375 0.47578125 0.66328125 0.4953125 0.65546875 0.4953125 0.634375 0.46328125 0.6375 0.43203125 0.61953125 0.428125 0.6 0.40703125 0.6 0.38671875 0.5671875 0.35234375 0.5796875 0.31640625 0.590625 0.31015625 0.59296875 0.2765625 0.596875 0.30546875 0.60859375 0.3078125 0.6234375 0.32265625 0.625 0.34765625 0.64140625 0.35 0.6734375 0.32265625 0.67578125 0.309375 0.72734375 0.2953125 0.72734375 0.2828125 0.76953125 0.2875 0.81171875 0.2734375 0.8140625 0.26328125 0.7984375 0.25234375 0.79921875 0.2234375 0.76953125 0.2328125 0.75546875 0.2484375 0.73671875 0.2359375 0.67734375 0.2453125 0.6765625 0.25546875 0.6890625 0.26640625 0.6890625 0.28671875 0.68359375 0.2953125 0.665625 0.30234375 0.65859375 0.31875 0.6546875 0.30234375 0.640625 0.29453125 0.634375 0.28046875 0.64453125 0.253125 0.60078125 0.2515625 0.59296875 0.265625 0.58984375 0.25 0.55078125 0.2515625 0.52734375 0.2421875 0.51953125 0.2453125 0.503125 0.20703125 0.4859375 0.20234375 0.4921875 0.19140625 0.4859375 0.18359375 0.484375 0.16171875 0.46875 0.15546875 0.475 0.15078125 0.475 0.13515625 0.41953125 0.1125 0.4078125 0.12265625 0.425 0.19765625 0.41796875 0.2140625 0.39453125 0.225 0.3890625 0.16484375 0.39375 0.11953125 0.38671875 0.1078125 0.365625 0.09609375 0.3765625 0.08515625 0.3734375 0.05859375 0.384375 0.03046875 0.38203125 0.0171875 0.35859375 0.028125 0.34609375 0.028125 0.33828125 0.0171875 0.29765625 0.0171875 0.20546875 0.0296875 0.19921875 0.0375 0.1640625 0.05078125 0.178125 0.07109375 0.184375 0.09453125 0.15625 0.11796875 0.13671875 0.1484375 0.09921875 0.15625 0.08828125 0.1640625 0.0453125 0.16640625 0.0296875 0.19296875 0.05078125 0.20625 0.06171875 0.2046875 0.07421875 0.1875 0.08984375 0.19375 0.10078125 0.209375 0.13046875 0.203125 0.14921875 0.190625 0.16328125 0.190625 0.16953125 0.2015625 0.1921875 0.18515625 0.1671875 0.16015625 0.1671875 0.14453125 0.1875 0.11015625 0.1859375 0.09453125 0.20078125 0.0890625 0.22421875 0.0984375 0.24765625 0.0859375 0.2640625 0.10234375 0.2609375 0.13984375 0.26875 0.16171875 0.28125 0.17421875 0.26796875 0.1859375 0.25546875 0.1875 0.253125 0.20078125 0.27734375 0.215625 0.31953125 0.1734375 0.3359375 0.19140625 0.3375 0.20390625 0.328125 0.21796875 0.325 0.27265625 0.3140625 0.29140625 0.3125 0.32265625 0.3 0.35859375 0.29140625 0.3625 0.28203125 0.3453125 0.27265625 0.3453125 0.2734375 0.35859375 0.2578125 0.37734375 0.25859375 0.390625 0.28515625 0.384375 0.303125 0.40234375 0.2875 0.47734375 0.2765625 0.48828125 0.26953125 0.5109375 0.2625 0.50546875 0.2609375 0.49296875 0.23203125 0.4640625 0.21640625 0.478125 0.2140625 0.48203125 0.2296875 0.50078125 0.2265625 0.52890625 0.1984375 0.56484375 0.20390625 0.6046875 0.21640625 0.603125 0.23359375 0.5859375 0.24140625 0.5859375 0.2703125 0.61484375 0.2765625 0.63203125 0.2734375 0.64921875 0.2484375 0.67578125 0.2484375 0.71953125 0.234375 0.71953125 0.22890625 0.690625 0.18984375 0.671875 0.16328125 0.696875 0.14609375 0.6984375 0.13359375 0.690625 0.12578125 0.703125 0.11171875 0.703125 0.1078125 0.73359375 0.09375 0.73828125 0.08515625 0.759375 0.0234375 0.76796875 0.025 0.81328125 0.03203125 0.834375 0.08203125 0.8203125 0.13359375 0.825 0.13125 0.78984375 0.121875 0.78359375 0.121875 0.77265625 0.12734375 0.76875 0.13671875 0.784375 0.14609375 0.7828125 0.16015625 0.7375 0.18515625 0.7359375 0.20078125 0.721875 0.21171875 0.7203125 0.2265625 0.73046875 0.240625 0.77890625 0.259375 0.80546875 0.2625 0.82734375 0.2171875 0.87890625 0.2140625 0.92109375 0.20078125 0.9359375 0.1796875 0.92109375 0.178125 0.90078125 0.16953125 0.884375 0.14453125 0.884375 0.140625 0.90546875 0.146875 0.91796875 0.14140625 0.9265625 0.03203125 0.9390625 0 0.96484375 0.00234375 1 0.47265625 1 0.475 0.93203125 0.459375 0.79921875 0.4609375 0.73828125 0.4859375 0.64453125 0.50390625 0.628125 0.53359375 0.615625 0.54453125 0.615625 0.55859375 0.6296875 0.578125 0.63671875 0.6046875 0.69609375 0.6046875 0.75859375 0.59375 0.79921875 0.5984375 0.82578125 0.59453125 1 1 0.99921875 1 0.66953125
0 0.2546875 0.42265625 0.25078125 0.390625 0.21796875 0.3921875 0.2109375 0.40078125 0.2078125 0.46171875 0.2125 0.46328125 0.21796875 0.4578125 0.23203125 0.4609375 0.23125 0.44296875 0.2546875 0.42265625
0 0.8265625 0.00078125 0.6734375 0.00390625 0.68671875 0.0109375 0.69921875 0.009375 0.70234375 0.03125 0.71484375 0.028125 0.72890625 0.0375 0.746875 0.03984375 0.76953125 0.0171875 0.80078125 0.0234375 0.82109375 0.0125 0.8265625 0.00078125
0 0.64453125 0.0359375 0.6421875 0.01953125 0.6484375 0.00859375 0.421875 0.03203125 0.4296875 0.04140625 0.43515625 0.0671875 0.471875 0.06953125 0.48046875 0.0578125 0.57265625 0.05625 0.59140625 0.040625 0.64453125 0.0359375
0 0.05859375 0.0140625 0.05 0.01953125 0.04765625 0.0328125 0.01484375 0.028125 0.00078125 0.034375 0 0.05703125 0.009375 0.05859375 0.08125 0.04765625 0.0671875 0.03203125 0.0671875 0.01484375 0.05859375 0.0140625