1 0.5087890625 0.8193359375 0.25390625 0.29296875
1 0.775390625 0.5615234375 0.12109375 0.12109375
1 0.9326171875 0.5908203125 0.1328125 0.125
1 0.603515625 0.505859375 0.142578125 0.0859375
1 0.69140625 0.419921875 0.05859375 0.046875
1 0.7890625 0.439453125 0.07421875 0.05078125
1 0.890625 0.4599609375 0.080078125 0.05078125
1 0.9814453125 0.4794921875 0.037109375 0.048828125
1 0.1181640625 0.15234375 0.09375 0.052734375
1 0.5703125 0.26171875 0.12109375 0.05859375
0 1 0.4147045 0.995288517578125 0.40912989453125 0.97394480859375 0.401726412109375 0.8704065078125 0.373463888671875 0.82079303515625 0.352428607421875 0.734547833984375 0.33566423828125 0.48103801171875 0.2668588046875 0.474438796875 0.263135033203125 0.475309154296875 0.25028546875 0.509935796875 0.22284200390625 0.499851525390625 0.211931435546875 0.453113494140625 0.201219138671875 0.44906288671875 0.205313810546875 0.442441640625 0.1975173984375 0.403283337890625 0.198042509765625 0.39478919140625 0.19150938671875 0.38699277734375 0.1981306328125 0.34247651953125 0.192732232421875 0.29521699609375 0.201446685546875 0.256668306640625 0.198835609375 0.15818316015625 0.17806469140625 0.10334391015625 0.175541736328125 0.05625096875 0.162469326171875 0.012657048828125 0.386740607421875 0.0368006875 0.3839256875 0.064284591796875 0.36811255859375 0.08027034375 0.36959253125 0.091030322265625 0.38958483203125 0.14717691796875 0.402125966796875 0.163118607421875 0.39546066015625 0.19604859375 0.401861599609375 0.207374123046875 0.41057243359375 0.22649606640625 0.412662017578125 0.238170462890625 0.42795003515625 0.30154791796875 0.445151392578125 0.301265142578125 0.450792126953125 0.23394723046875 0.458048638671875 0.17984977734375 0.47682533203125 0.176015853515625 0.463061349609375 0.15979138671875 0.475367390625 0.1720313359375 0.4793739375 0 0.585661609375 0 0.912168193359375 0.451855474609375 1 0.912168193359375 1 0.980580263671875 0.648050404296875 0.896164177734375 0.617690087890625 0.885360138671875 0.589552509765625 0.866498943359375 0.577749548828125 0.855253568359375 0.549610671875 0.859701453125 0.537372021484375 0.92956797265625 0.537933953125 0.968465529296875 0.54712221484375 0.99737912890625 0.5616277421875 1 0.548144529296875 1 0.506821044921875 0.97604163671875 0.499774572265625 0.967525458984375 0.48916880859375 0.972854154296875 0.460051294921875 0.980220806640625 0.461530689453125 1 0.463361861328125 1 0.4147045
0 0.52038734765625 0.185817349609375 0.5250255390625 0.174513849609375 0.5024846328125 0.177455384765625 0.5031823671875 0.19060975390625 0.52038734765625 0.185817349609375
0 0.75967416796875 0.23151632421875 0.7655756484375 0.2220857265625 0.749872671875 0.21496501953125 0.66116698828125 0.206672767578125 0.669683166015625 0.21727853125 0.695404322265625 0.223091888671875 0.75967416796875 0.23151632421875
0 0.598509296875 0.20669841796875 0.60247178515625 0.186313189453125 0.60443280859375 0.2013404609375 0.614146181640625 0.201601205078125 0.617477025390625 0.18027952734375 0.546281126953125 0.1656267734375 0.548851763671875 0.177517857421875 0.557911462890625 0.17276951171875 0.5660787734375 0.17679808984375 0.56494766796875 0.19936102734375 0.598509296875 0.20669841796875
0 0.33694231640625 0.15422760546875 0.354103234375 0.141289919921875 0.365689509765625 0.140287376953125 0.372288724609375 0.1440111484375 0.371396333984375 0.152788072265625 0.385465123046875 0.147386052734375 0.389908662109375 0.15801384765625 0.402453419921875 0.16045230078125 0.41055463671875 0.1522629609375 0.418395109375 0.153786994140625 0.4203561328125 0.168814263671875 0.456727115234375 0.174256724609375 0.470447037109375 0.162277521484375 0.4839502734375 0.168156970703125 0.489546947265625 0.160294466796875 0.326747890625 0.1229538359375 0.306711529296875 0.12556853515625 0.306821681640625 0.145931732421875 0.3206297265625 0.150243087890625 0.33694231640625 0.15422760546875