1 0.8935546875 0.359375 0.212890625 0.185546875
1 0.0986328125 0.7001953125 0.1953125 0.2373046875
1 0.20703125 0.615234375 0.3876953125 0.2216796875
1 0.853515625 0.865234375 0.2919921875 0.255859375
1 0.056640625 0.447265625 0.107421875 0.189453125
1 0.763671875 0.2919921875 0.2734375 0.109375
1 0.49609375 0.2412109375 0.052734375 0.076171875
1 0.439453125 0.21484375 0.0439453125 0.060546875
1 0.689453125 0.9072265625 0.427734375 0.185546875
1 0.451171875 0.9521484375 0.251953125 0.095703125
1 0.357421875 0.5498046875 0.28125 0.1982421875
1 0.15234375 0.3837890625 0.232421875 0.150390625
1 0.24609375 0.0966796875 0.193359375 0.0732421875
1 0.2607421875 0.15234375 0.0673828125 0.068359375
1 0.5859375 0.2763671875 0.0810546875 0.064453125
0 1 0.56484375 0.97890625 0.59375 0.96015625 0.5953125 0.9421875 0.58359375 0.940625 0.56796875 0.9703125 0.53515625 0.9515625 0.52265625 0.9515625 0.50546875 0.97265625 0.4875 0.99921875 0.484375 1 0.46328125 0.98203125 0.4546875 0.92421875 0.4625 0.89140625 0.4515625 0.88359375 0.4609375 0.87890625 0.4515625 0.87578125 0.459375 0.871875 0.43828125 0.86015625 0.4234375 0.82890625 0.4140625 0.81328125 0.415625 0.79921875 0.4046875 0.77578125 0.4078125 0.76484375 0.4328125 0.74453125 0.4203125 0.71015625 0.4359375 0.69765625 0.4359375 0.690625 0.41171875 0.70625 0.40078125 0.7109375 0.38828125 0.69296875 0.3859375 0.68203125 0.3640625 0.65546875 0.3609375 0.64765625 0.38125 0.63671875 0.371875 0.59296875 0.3828125 0.575 0.37265625 0.578125 0.35703125 0.61640625 0.3375 0.640625 0.31640625 0.63671875 0.309375 0.60546875 0.3140625 0.60703125 0.3375 0.6 0.33203125 0.59765625 0.3125 0.56640625 0.31875 0.55078125 0.3328125 0.53671875 0.3171875 0.52109375 0.3171875 0.509375 0.30859375 0.5015625 0.27421875 0.49453125 0.2671875 0.45859375 0.25625 0.4609375 0.28828125 0.45078125 0.2921875 0.4453125 0.26640625 0.4515625 0.25234375 0.40859375 0.228125 0.38828125 0.2046875 0.3796875 0.20546875 0.3796875 0.22421875 0.36796875 0.246875 0.359375 0.24609375 0.33671875 0.2078125 0.31328125 0.2109375 0.29765625 0.2234375 0.26171875 0.2171875 0.25078125 0.225 0.23203125 0.225 0.228125 0.21640625 0.2421875 0.18828125 0.21796875 0.1875 0.21171875 0.196875 0.20078125 0.196875 0.190625 0.18515625 0.18515625 0.1578125 0.16171875 0.1484375 0.14609375 0.1484375 0.12265625 0.159375 0.05390625 0.15625 0.046875 0.15234375 0.0453125 0.12734375 0.03515625 0.1140625 0.00078125 0.10625 0 0.17109375 0.02109375 0.178125 0.0296875 0.19453125 0.003125 0.21796875 0.0140625 0.23515625 0.0203125 0.27109375 0.015625 0.28671875 0 0.29921875 0 0.37421875 0.02109375 0.3765625 0.025 0.34765625 0.03359375 0.3375 0.06015625 0.328125 0.06484375 0.3125 0.08515625 0.31875 0.11015625 0.3109375 0.12734375 0.3125 0.18359375 0.3421875 0.22734375 0.3515625 0.38046875 0.4421875 0.42421875 0.484375 0.46640625 0.496875 0.4984375 0.51484375 0.496875 0.55078125 0.5015625 0.55859375 0.4921875 0.59296875 0.4828125 0.59765625 0.5140625 0.63984375 0.5125 0.65546875 0.49765625 0.6625 0.46328125 0.6453125 0.45546875 0.628125 0.40078125 0.653125 0.37265625 0.634375 0.36328125 0.634375 0.359375 0.66171875 0.3671875 0.70859375 0.35859375 0.721875 0.33984375 0.725 0.32734375 0.71875 0.30234375 0.690625 0.29140625 0.703125 0.23984375 0.7109375 0.22265625 0.7265625 0.19921875 0.721875 0.1953125 0.73359375 0.209375 0.75859375 0.2109375 0.77734375 0.16171875 0.7984375 0.15390625 0.815625 0.12578125 0.81875 0.125 0.84453125 0.11328125 0.8578125 0.09453125 0.8578125 0.07421875 0.8453125 0.0640625 0.82890625 0.07265625 0.815625 0.1078125 0.81171875 0.09453125 0.7890625 0.03203125 0.815625 0.0140625 0.84296875 0 0.84765625 0 0.99921875 0.1015625 0.99921875 0.0984375 0.98046875 0.09140625 0.9734375 0.06328125 0.984375 0.05234375 0.978125 0.046875 0.97109375 0.046875 0.94921875 0.08671875 0.925 0.12109375 0.9296875 0.140625 0.88515625 0.16015625 0.8703125 0.19453125 0.8640625 0.21640625 0.8703125 0.225 0.88203125 0.2265625 0.93828125 0.26796875 0.978125 0.29609375 0.9890625 0.31171875 0.9875 0.34765625 0.971875 0.38671875 0.9265625 0.41953125 0.925 0.46015625 0.9125 0.57109375 0.85625 0.61640625 0.846875 0.67421875 0.81875 0.671875 0.81015625 0.6515625 0.79296875 0.6515625 0.78515625 0.66171875 0.7765625 0.68671875 0.771875 0.71640625 0.7546875 0.77578125 0.75625 0.84765625 0.7203125 0.8484375 0.71328125 0.8328125 0.69140625 0.834375 0.67421875 0.84453125 0.6640625 0.8671875 0.67265625 0.8671875 0.69453125 0.8546875 0.70859375 0.85625 0.71796875 0.8765625 0.73203125 0.878125 0.74921875 0.88984375 0.753125 0.92265625 0.7859375 0.94140625 0.790625 0.95390625 0.8046875 0.99921875 0.8265625 1 0.74453125 0.99375 0.75390625 0.9953125 0.76484375 0.98828125 0.7703125 0.971875 0.73046875 0.98203125 0.70625 1 0.71328125 1 0.56484375