1 0.1923828125 0.68359375 0.126953125 0.0859375
1 0.578125 0.8896484375 0.1171875 0.1171875
1 0.6083984375 0.6767578125 0.109375 0.09375
1 0.03125 0.8642578125 0.0625 0.134765625
1 0.8779296875 0.5771484375 0.087890625 0.1015625
1 0.4384765625 0.3994140625 0.072265625 0.080078125
1 0.3662109375 0.46875 0.1171875 0.08984375
1 0.7734375 0.5380859375 0.0859375 0.064453125
1 0.5732421875 0.8037109375 0.115234375 0.076171875
1 0.3037109375 0.62109375 0.103515625 0.076171875
1 0.6552734375 0.443359375 0.0546875 0.060546875
1 0.888671875 0.3486328125 0.138671875 0.083984375
1 0.044921875 0.798828125 0.08984375 0.078125
1 0.126953125 0.2900390625 0.212890625 0.1484375
1 0.009765625 0.611328125 0.01953125 0.0625
1 0.634765625 0.5595703125 0.076171875 0.046875
1 0.3623046875 0.138671875 0.056640625 0.04296875
1 0.9453125 0.1875 0.109375 0.046875
1 0.9560546875 0.6181640625 0.068359375 0.0546875
1 0.013671875 0.5625 0.02734375 0.04296875
1 0.8857421875 0.404296875 0.138671875 0.060546875
1 0.9931640625 0.42578125 0.013671875 0.04296875
1 0.6044921875 0.6064453125 0.052734375 0.044921875
1 0.04296875 0.544921875 0.056640625 0.056640625
1 0.310546875 0.166015625 0.04296875 0.03125
1 0.556640625 0.04296875 0.052734375 0.03125