1 0.201171875 0.525390625 0.091796875 0.083984375
1 0.4453125 0.5771484375 0.283203125 0.1435546875
1 0.74609375 0.6787109375 0.255859375 0.1142578125
1 0.8681640625 0.650390625 0.263671875 0.1328125
1 0.921875 0.580078125 0.15625 0.103515625
1 0.701171875 0.5556640625 0.099609375 0.0546875
0 0.1609375 0.36640625 0.17578125 0.384375 0.1890625 0.38515625 0.190625 0.42265625 0.2171875 0.35078125 0.16328125 0.346875 0.1578125 0.35390625 0.1609375 0.36640625
0 0 0.59609375 0.0140625 0.60078125 0.04375 0.59296875 0.03125 0.58046875 0.0296875 0.56640625 0.046875 0.53671875 0.04453125 0.5015625 0.03984375 0.5140625 0.03046875 0.5140625 0.02265625 0.5 0 0.50703125 0 0.59609375
0 0.23203125 0.63125 0.234375 0.59609375 0.221875 0.58984375 0.2203125 0.57265625 0.15703125 0.571875 0.14921875 0.5625 0.15625 0.58515625 0.14609375 0.59375 0.09140625 0.5984375 0.0875 0.60859375 0.0984375 0.64765625 0.10703125 0.64375 0.11484375 0.65 0.128125 0.64921875 0.19140625 0.603125 0.209375 0.60546875 0.21640625 0.6375 0.23203125 0.63125
0 0.96796875 0.346875 0.95078125 0.35 0.93828125 0.3703125 0.93046875 0.3671875 0.92265625 0.375 0.82109375 0.378125 0.803125 0.38984375 0.81328125 0.3921875 0.82421875 0.40625 0.8296875 0.40234375 0.8265625 0.41328125 0.83203125 0.4234375 0.84609375 0.4234375 0.84765625 0.428125 0.87578125 0.4234375 0.90078125 0.4359375 0.9109375 0.43515625 0.9328125 0.42109375 0.93828125 0.40625 0.9703125 0.40234375 0.96796875 0.346875
0 0.1515625 0.53046875 0.146875 0.51328125 0.16015625 0.496875 0.2203125 0.48046875 0.2109375 0.46328125 0.215625 0.45234375 0.19296875 0.4453125 0.18359375 0.4359375 0.16953125 0.4625 0.15390625 0.4609375 0.14609375 0.45 0.11953125 0.4546875 0.12265625 0.4859375 0.09140625 0.4890625 0.071875 0.49765625 0.0765625 0.53828125 0.090625 0.55859375 0.10703125 0.54375 0.13828125 0.5515625 0.14453125 0.546875 0.1515625 0.53046875
0 1 0.71953125 0.97578125 0.71875 0.96796875 0.7078125 0.93671875 0.6921875 0.89296875 0.678125 0.83203125 0.671875 0.80703125 0.65 0.7328125 0.62109375 0.74140625 0.59375 0.77109375 0.59375 0.78515625 0.575 0.81015625 0.571875 0.84765625 0.59375 0.89140625 0.6015625 0.92265625 0.6109375 0.94296875 0.625 0.95703125 0.625 0.95390625 0.6125 0.88203125 0.5953125 0.85703125 0.58125 0.83671875 0.5796875 0.8328125 0.56484375 0.85078125 0.5375 0.88203125 0.5296875 0.90390625 0.53125 0.91171875 0.5171875 0.9203125 0.52109375 0.91875 0.53046875 0.92734375 0.5390625 0.95546875 0.546875 0.96640625 0.546875 0.98515625 0.5328125 0.99375 0.52265625 0.98984375 0.5171875 0.95078125 0.5078125 0.87421875 0.5140625 0.83828125 0.5109375 0.8390625 0.53359375 0.82734375 0.546875 0.80234375 0.546875 0.79453125 0.5546875 0.77421875 0.55625 0.753125 0.54609375 0.77890625 0.53125 0.790625 0.51484375 0.7921875 0.50703125 0.77265625 0.4875 0.75859375 0.4921875 0.69140625 0.490625 0.69140625 0.5 0.70234375 0.5 0.70859375 0.509375 0.75 0.52421875 0.74765625 0.5328125 0.7203125 0.54296875 0.7484375 0.55859375 0.75 0.57734375 0.71953125 0.584375 0.6515625 0.55859375 0.653125 0.54140625 0.66171875 0.53125 0.68671875 0.5328125 0.68671875 0.525 0.65859375 0.5265625 0.64921875 0.5171875 0.60078125 0.5125 0.51328125 0.4890625 0.45703125 0.4828125 0.45390625 0.4640625 0.36484375 0.46875 0.34453125 0.48125 0.30390625 0.4765625 0.28515625 0.4875 0.23359375 0.4859375 0.2484375 0.50078125 0.24375 0.57265625 0.24921875 0.578125 0.26796875 0.578125 0.29453125 0.56875 0.325 0.58359375 0.3265625 0.59296875 0.2984375 0.61328125 0.2953125 0.62421875 0.30078125 0.634375 0.32890625 0.61875 0.3359375 0.59921875 0.359375 0.57578125 0.35703125 0.5703125 0.33984375 0.5703125 0.290625 0.54921875 0.32890625 0.5109375 0.34140625 0.5078125 0.36484375 0.5125 0.37890625 0.5359375 0.47421875 0.5734375 0.50078125 0.578125 0.50703125 0.5859375 0.57734375 0.6171875 0.5875 0.62890625 0.58359375 0.640625 0.55546875 0.646875 0.37578125 0.5765625 0.3828125 0.62421875 0.37265625 0.640625 0.3625 0.64296875 0.35625 0.68671875 0.32421875 0.7265625 0.28046875 0.7546875 0.18828125 0.728125 0.13046875 0.721875 0.07109375 0.70625 0.0625 0.68984375 0.06796875 0.6640625 0.04765625 0.6765625 0.03125 0.67265625 0.04296875 0.6171875 0.02109375 0.6203125 0.0140625 0.63828125 0 0.64453125 0 0.79453125 0.01171875 0.7984375 0.0171875 0.81015625 0.0140625 0.82734375 0 0.83359375 0.00078125 1 0.09140625 1 1 0.99921875 1 0.71953125
0 1 0.22421875 0.98203125 0.21875 0.9734375 0.22265625 0.96953125 0.234375 0.95859375 0.234375 0.95078125 0.21875 0.91328125 0.228125 0.87578125 0.2265625 0.78046875 0.2109375 0.61484375 0.2015625 0.55390625 0.190625 0.15546875 0.159375 0 0.13984375 0 0.18359375 0.03046875 0.2015625 0.13203125 0.2078125 0.16640625 0.196875 0.20859375 0.203125 0.24765625 0.196875 0.28671875 0.2203125 0.53359375 0.25625 0.53984375 0.25625 0.55390625 0.2390625 0.59921875 0.234375 0.64140625 0.24375 0.66640625 0.2734375 0.69765625 0.278125 0.72109375 0.2734375 0.73359375 0.2796875 0.7484375 0.25078125 0.75703125 0.24375 0.76953125 0.24375 0.80546875 0.253125 0.83515625 0.28125 0.85390625 0.2890625 0.93828125 0.2890625 0.96328125 0.2953125 0.98203125 0.290625 1 0.30078125 1 0.22421875