1 0.099609375 0.201171875 0.1640625 0.150390625
1 0.1162109375 0.0517578125 0.21875 0.0986328125
1 0.337890625 0.150390625 0.2919921875 0.169921875
1 0.8291015625 0.96875 0.1826171875 0.060546875
1 0.51953125 0.64453125 0.4873046875 0.474609375
0 0.36953125 0 0.3640625 0.01484375 0.3859375 0.02421875 0.3921875 0.05859375 0.42734375 0.0875 0.44765625 0.090625 0.45546875 0.10625 0.46328125 0.1 0.46953125 0.115625 0.49765625 0.1203125 0.5125 0.17109375 0.540625 0.18359375 0.61953125 0.1265625 0.62734375 0.1265625 0.70625 0.07578125 0.6984375 0.07109375 0.7046875 0.06328125 0.690625 0.05390625 0.6703125 0.01484375 0.64609375 0 0.36953125 0
0 1 0.18515625 0.96171875 0.16875 0.9546875 0.22109375 0.93671875 0.2234375 0.93515625 0.2328125 0.90859375 0.2296875 0.88359375 0.21875 0.8671875 0.18984375 0.82421875 0.1625 0.81015625 0.1375 0.74609375 0.115625 0.7359375 0.10234375 0.7359375 0.09140625 0.72265625 0.0890625 0.57265625 0.1875 0.5640625 0.19921875 0.5828125 0.23359375 0.6171875 0.26953125 0.628125 0.29921875 0.6515625 0.32578125 0.675 0.37421875 0.69609375 0.36875 0.7046875 0.37578125 0.721875 0.41484375 0.715625 0.46484375 0.7234375 0.48046875 0.73359375 0.4859375 0.7375 0.47109375 0.75546875 0.4625 0.7671875 0.47265625 0.765625 0.49921875 0.78125 0.50234375 0.78046875 0.5234375 0.78828125 0.5265625 0.80703125 0.509375 0.81640625 0.509375 0.83359375 0.521875 0.86015625 0.5234375 0.871875 0.53671875 0.88046875 0.5625 0.92421875 0.5953125 0.95078125 0.628125 0.97265625 0.628125 1 0.66171875 1 0.29296875 0.97421875 0.2765625 0.946875 0.24765625 0.95390625 0.2375 0.9734375 0.23671875 0.9828125 0.21171875 1 0.19609375 1 0.18515625
0 0.55390625 0.403125 0.53359375 0.403125 0.51640625 0.3953125 0.515625 0.43359375 0.5234375 0.43671875 0.56640625 0.409375 0.609375 0.42109375 0.56484375 0.3875 0.55390625 0.403125
0 0.621875 0.41171875 0.6609375 0.45546875 0.6609375 0.42109375 0.671875 0.38984375 0.63359375 0.378125 0.621875 0.41171875
0 0.75703125 1 0.79609375 0.9421875 0.81328125 0.946875 0.89453125 1 0.9140625 0.99921875 0.9171875 0.96171875 0.940625 0.91171875 0.9828125 0.86171875 1 0.85234375 0.99921875 0.7875 0.98203125 0.7859375 0.978125 0.79140625 0.971875 0.82890625 0.97578125 0.8484375 0.96484375 0.846875 0.94453125 0.859375 0.92109375 0.8625 0.89765625 0.8546875 0.88203125 0.834375 0.84453125 0.8421875 0.8390625 0.85390625 0.8390625 0.88515625 0.83203125 0.896875 0.81015625 0.89375 0.78671875 0.8796875 0.75546875 0.9078125 0.70390625 0.909375 0.69375 0.89296875 0.696875 0.86953125 0.6796875 0.84453125 0.67734375 0.8109375 0.65 0.84140625 0.6546875 0.87265625 0.6765625 0.89453125 0.678125 0.93046875 0.66953125 0.9609375 0.6390625 0.96640625 0.63984375 1 0.75703125 1
0 0.36796875 0 0.3609375 0.01640625 0.36953125 0.0234375 0.38203125 0.021875 0.3875 0.03203125 0.384375 0.04453125 0.36875 0.05078125 0.3671875 0.07578125 0.38984375 0.0859375 0.40234375 0.078125 0.40703125 0.0921875 0.44765625 0.09375 0.45390625 0.1078125 0.46171875 0.10625 0.47578125 0.1203125 0.49453125 0.11875 0.5015625 0.12734375 0.503125 0.15390625 0.5125 0.17265625 0.5421875 0.18359375 0.61171875 0.1328125 0.70625 0.07578125 0.7046875 0.06328125 0.690625 0.05390625 0.671875 0.01640625 0.64765625 0 0.36796875 0
0 1 0.18515625 0.96171875 0.16875 0.9546875 0.22109375 0.94375 0.22421875 0.9515625 0.23359375 0.94140625 0.2328125 0.93828125 0.2234375 0.93515625 0.2328125 0.90390625 0.228125 0.8796875 0.21484375 0.86328125 0.1859375 0.81796875 0.1578125 0.80859375 0.1359375 0.74765625 0.115625 0.7375 0.10546875 0.7359375 0.09140625 0.72265625 0.0890625 0.57265625 0.1875 0.5640625 0.20078125 0.58125 0.23359375 0.61875 0.27265625 0.634375 0.31015625 0.665625 0.34765625 0.6734375 0.37421875 0.68203125 0.3765625 0.69453125 0.36875 0.703125 0.37421875 0.7203125 0.40859375 0.7203125 0.42109375 0.7140625 0.42734375 0.7140625 0.47109375 0.7359375 0.49609375 0.7453125 0.51953125 0.75390625 0.5265625 0.76796875 0.5234375 0.78203125 0.540625 0.80703125 0.5109375 0.81640625 0.5109375 0.83203125 0.525 0.85859375 0.525 0.871875 0.54140625 0.8765625 0.56171875 0.90234375 0.5875 0.92109375 0.5953125 0.95390625 0.6359375 0.97109375 0.628125 1 0.66796875 1 0.29296875 0.9484375 0.25078125 0.95390625 0.234375 0.9734375 0.23671875 0.9859375 0.20703125 1 0.19765625 1 0.18515625
0 0.25078125 1 0.253125 0.98515625 0.27109375 0.9703125 0.284375 0.98203125 0.28984375 1 0.309375 0.99921875 0.3 0.98515625 0.31015625 0.9734375 0.325 0.98359375 0.31640625 1 0.4921875 0.99921875 0.5140625 0.98515625 0.5328125 0.92734375 0.5625 0.91796875 0.5671875 0.88671875 0.5765625 0.87265625 0.56796875 0.859375 0.525 0.82890625 0.5453125 0.80078125 0.546875 0.78984375 0.49609375 0.75625 0.47890625 0.7515625 0.475 0.77421875 0.46171875 0.796875 0.45078125 0.803125 0.42734375 0.7984375 0.4171875 0.78828125 0.4046875 0.74453125 0.39453125 0.7359375 0.3875 0.73828125 0.3859375 0.75859375 0.37265625 0.7734375 0.33984375 0.775 0.3296875 0.75390625 0.33515625 0.7125 0.32421875 0.7125 0.28671875 0.69375 0.26796875 0.71875 0.24921875 0.7203125 0.234375 0.69765625 0.23696794921875 0.64929879296875 0.25078125 0.6484375 0.28046875 0.646875 0.3140625 0.61640625 0.31015625 0.58125 0.29921875 0.596875 0.275 0.60078125 0.2703125 0.58203125 0.275 0.53671875 0.28515625 0.534375 0.31015625 0.5671875 0.3296875 0.54921875 0.3234375 0.51484375 0.34453125 0.496875 0.35625 0.50234375 0.36484375 0.53125 0.38828125 0.5359375 0.471875 0.46640625 0.4765625 0.46015625 0.4703125 0.45234375 0.471875 0.41015625 0.49453125 0.378125 0.5109375 0.38203125 0.5078125 0.34609375 0.46640625 0.31875 0.45859375 0.2984375 0.44140625 0.3109375 0.43203125 0.3109375 0.42109375 0.290625 0.3859375 0.27265625 0.3921875 0.22109375 0.41171875 0.221875 0.4234375 0.19921875 0.39453125 0.1953125 0.36796875 0.2203125 0.32578125 0.234375 0.28515625 0.2578125 0.25625 0.25546875 0.2515625 0.20859375 0.23828125 0.2 0.228125 0.20078125 0.2328125 0.22421875 0.21640625 0.2375 0.17578125 0.228125 0.16953125 0.221875 0.1296875 0.24453125 0.1375 0.28203125 0.16640625 0.2890625 0.18984375 0.3203125 0.21640625 0.315625 0.24765625 0.3453125 0.27109375 0.34375 0.28515625 0.3609375 0.30390625 0.3640625 0.31484375 0.3734375 0.35859375 0.3671875 0.375 0.37734375 0.38984375 0.40625 0.4015625 0.39921875 0.41171875 0.3765625 0.43515625 0.375 0.4515625 0.41015625 0.4515625 0.43359375 0.4203125 0.45234375 0.41875 0.47421875 0.40546875 0.4875 0.38515625 0.4828125 0.37265625 0.46875 0.35234375 0.4703125 0.31796875 0.4515625 0.30703125 0.4390625 0.28828125 0.4375 0.27578125 0.4234375 0.25234375 0.415625 0.24609375 0.4046875 0.20078125 0.3890625 0.16953125 0.3625 0.14140625 0.359375 0.13125 0.32890625 0.1234375 0.32421875 0.12421875 0.290625 0.10390625 0.2921875 0.10078125 0.3109375 0.09140625 0.29375 0.05546875 0.2921875 0.03828125 0.2765625 0.02734375 0.284375 0.01796875 0.28125 0.0171875 0.26796875 0.00078125 0.259375 0 0.31953125 0.00703125 0.2984375 0.02890625 0.2984375 0.053125 0.31484375 0.0703125 0.33515625 0.075 0.35078125 0.06953125 0.3609375 0.05234375 0.3640625 0.02890625 0.3359375 0 0.32734375 0 0.37109375 0.02578125 0.3765625 0.0359375 0.39453125 0.0359375 0.40859375 0.02890625 0.4125 0.01953125 0.4125 0 0.39921875 0 0.62265625 0.01953125 0.61875 0.03515625 0.596875 0.04921875 0.59375 0.071875 0.61328125 0.0828125 0.64921875 0.10234375 0.6734375 0.12734375 0.6484375 0.15546875 0.65 0.16796875 0.6609375 0.18828125 0.6609375 0.2109375 0.68984375 0.2265625 0.75078125 0.24765625 0.7296875 0.2703125 0.74921875 0.278125 0.76953125 0.2796875 0.80546875 0.26484375 0.8203125 0.23203125 0.8265625 0.2234375 0.80546875 0.22578125 0.753125 0.18359375 0.7828125 0.17265625 0.7828125 0.16015625 0.7734375 0.14765625 0.7546875 0.11171875 0.75625 0.1046875 0.72421875 0.06328125 0.7203125 0.0609375 0.68515625 0.02890625 0.68125 0.0140625 0.64453125 0.00078125 0.640625 0 0.83671875 0.00859375 0.825 0.03515625 0.821875 0.059375 0.84765625 0.06328125 0.8796875 0.09296875 0.875 0.11640625 0.89375 0.13125 0.91171875 0.1265625 0.94921875 0.1546875 0.97421875 0.16015625 0.990625 0.18828125 0.984375 0.20234375 1 0.25078125 1