1 0.3671875 0.5556640625 0.267578125 0.18359375
1 0.810546875 0.423828125 0.14453125 0.142578125
1 0.94140625 0.1787109375 0.091796875 0.15234375
1 0.6181640625 0.76953125 0.658203125 0.376953125
1 0.7421875 0.14453125 0.0859375 0.0546875
0 0.93511496484375 0.113205689453125 0.980448900390625 0.113849849609375 0.979322431640625 0.0923555390625 0.933450134765625 0.096603400390625 0.93511496484375 0.113205689453125
0 0.439265669921875 0.31165062109375 0.43375589453125 0.32783417578125 0.4400065859375 0.35611723046875 0.466621439453125 0.348364484375 0.447367556640625 0.26910480078125 0.419918603515625 0.276106521484375 0.42433494921875 0.299717267578125 0.439265669921875 0.31165062109375
0 0.572536419921875 0.14015502734375 0.5651821875 0.196966982421875 0.6000482265625 0.225339849609375 0.604305166015625 0.215579873046875 0.601729904296875 0.166440958984375 0.608575587890625 0.145418953125 0.597815365234375 0.137240732421875 0.572536419921875 0.14015502734375
0 0.506017228515625 0.2660311015625 0.52086824609375 0.26127909375 0.52821910546875 0.219567375 0.554418595703125 0.203888998046875 0.55167044921875 0.181780302734375 0.54583175 0.1765231171875 0.49260204296875 0.192028607421875 0.496772541015625 0.195783740234375 0.4883451015625 0.20178858203125 0.460730001953125 0.205620048828125 0.45588480859375 0.23448461328125 0.46088940625 0.2389907734375 0.476049125 0.346280921875 0.5261052109375 0.346041810546875 0.540786712890625 0.35321978515625 0.54662541015625 0.35847697265625 0.5475392109375 0.375913361328125 0.5389422578125 0.3938481875 0.54511324609375 0.40544587890625 0.68176639453125 0.404642111328125 0.722727087890625 0.4128270703125 0.727402763671875 0.395892490234375 0.754685572265625 0.385720521484375 0.7591951015625 0.3656156875 0.833612962890625 0.360126130859375 0.831532767578125 0.335598212890625 0.799750541015625 0.32057430859375 0.737515251953125 0.315888521484375 0.709737376953125 0.3014495 0.694810029296875 0.27441591015625 0.685801078125 0.26932487109375 0.6042950546875 0.260880580078125 0.506017228515625 0.2660311015625
0 1 0.601952892578125 0.911143783203125 0.611174439453125 0.9101266875 0.68275433984375 0.89315503515625 0.8441812578125 0.881969337890625 0.87337811328125 0.86678266015625 0.886889853515625 0.876203603515625 0.91500676171875 0.860432044921875 0.9325228515625 0.83540231640625 0.940192525390625 0.815217779296875 0.9189976328125 0.797282953125 0.910400677734375 0.75265019921875 0.90797133984375 0.748223744140625 0.92966130078125 0.737460150390625 0.936583318359375 0.737785701171875 0.97312429296875 0.710585966796875 0.984881390625 0.693485240234375 0.9770354609375 0.686064787109375 0.95676111328125 0.6858256796875 0.906705025390625 0.658795458984375 0.906532140625 0.655871056640625 0.926553900390625 0.640936966796875 0.92972078125 0.635261044921875 0.9427340859375 0.629505419921875 0.939062025390625 0.62742859765625 0.8994338671875 0.612335099609375 0.869230025390625 0.598903064453125 0.8707287109375 0.591130099609375 0.93471526953125 0.579532408203125 0.940886259765625 0.55125272265625 0.93203671484375 0.558603583984375 0.890324994140625 0.5574405625 0.8681332265625 0.54843161328125 0.8630421875 0.3682323984375 0.8518227890625 0.349210884765625 0.8528196640625 0.33894573046875 0.8692524375 0.328268580078125 0.86265934375 0.3323661171875 0.819528642578125 0.317601541015625 0.810765541015625 0.31594008203125 0.779063017578125 0.371855087890625 0.6934796796875 0.3888828515625 0.654439775390625 0.362354439453125 0.64867741015625 0.2493120390625 0.64506483203125 0.24480925 0.6349691953125 0.250069806640625 0.614030259765625 0.238565298828125 0.57648566796875 0.323099017578125 0.475891908203125 0.361142046875 0.473898158203125 0.3694864140625 0.4663081875 0.3603214296875 0.4127461875 0.37225478125 0.39781546875 0.374012794921875 0.370702177734375 0.411225095703125 0.3528571640625 0.410982615234375 0.317901314453125 0.398311716796875 0.273265189453125 0.34600255078125 0.27600659765625 0.341496390625 0.2810111953125 0.334906666015625 0.276588107421875 0.282597501953125 0.279329515625 0.254812884765625 0.295090962890625 0.2279488125 0.298088330078125 0.210259833984375 0.309346990234375 0.2057503046875 0.32945182421875 0.16303496875 0.33327991796875 0.119565236328125 0.3530423515625 0 0.429822533203125 0 0.513092951171875 0.025517716796875 1 0.51309296484375 1 1 0.974482283203125 1 0.601952892578125
0 0.882083921875 0.35997009765625 0.894176681640625 0.3784101015625 0.88491514453125 0.38366391796875 0.8806413515625 0.468925072265625 0.946967435546875 0.460680630859375 0.998971966796875 0.46729098828125 0.995377109375 0.398697037109375 0.984857798828125 0.39511568359375 0.96492248046875 0.378676169921875 0.939311244140625 0.375249958984375 0.921712078125 0.3578932734375 0.915125724609375 0.338369951171875 0.882083921875 0.35997009765625