1 0.3720703125 0.84765625 0.326171875 0.3046875
1 0.8798828125 0.734375 0.203125 0.255859375
1 0.3486328125 0.3203125 0.166015625 0.236328125
1 0.455078125 0.6982421875 0.318359375 0.337890625
1 0.65625 0.2822265625 0.15625 0.16015625
1 0.212890625 0.056640625 0.12109375 0.11328125
1 0.498046875 0.0654296875 0.150390625 0.12890625
1 0.546875 0.134765625 0.1640625 0.15234375
1 0.736328125 0.375 0.203125 0.171875
1 0.9072265625 0.1787109375 0.185546875 0.123046875
1 0.7646484375 0.0771484375 0.140625 0.0859375
0 0 0.904892017578125 0.228342333984375 0.953427677734375 0.2289069609375 0.929995478515625 0.221230181640625 0.9004499921875 0.248670859375 0.845221388671875 0.26378197265625 0.757713712890625 0.27466392578125 0.743452962890625 0.341443669921875 0.728861396484375 0.343677255859375 0.71014546484375 0.332266880859375 0.657126466796875 0.3418464296875 0.612058232421875 0.338782025390625 0.560813224609375 0.34871637109375 0.514075798828125 0.36309391015625 0.4874734921875 0.3522239453125 0.47295075 0.354102732421875 0.455904013671875 0.368625474609375 0.44503405078125 0.3778906328125 0.4260681171875 0.369951859375 0.41827455078125 0.365194279296875 0.424241728515625 0.313449271484375 0.41324298828125 0.30302691015625 0.41713377734375 0.33052442578125 0.468338375 0.322468865234375 0.498029068359375 0.306526931640625 0.515575806640625 0.317896896484375 0.5441616953125 0.314348916015625 0.560853634765625 0.29831417578125 0.5583176484375 0.285879814453125 0.534739341796875 0.274195458984375 0.53225575390625 0.265087494140625 0.53817053515625 0.240275607421875 0.59744712109375 0.227224455078125 0.59728992578125 0.217406896484375 0.606543095703125 0.21446371484375 0.6285974140625 0.205658150390625 0.637193384765625 0.20098138671875 0.69202678125 0.191611431640625 0.719693478515625 0.17572189453125 0.7328898359375 0.1310488671875 0.746074201171875 0.101293787109375 0.771152517578125 0.07827987109375 0.764516150390625 0.081735044921875 0.727741486328125 0.06894588671875 0.705832373046875 0.0665266875 0.68438285546875 0.084161796875 0.609623927734375 0.100353732421875 0.59910876171875 0.114126470703125 0.567144078125 0.09703932421875 0.540832181640625 0.095882125 0.5257570390625 0.088443353515625 0.5320266171875 0.10795725 0.44022095703125 0.10037327734375 0.430758193359375 0.068658591796875 0.424017029296875 0.0610746171875 0.41455426953125 0.055381421875 0.35926127734375 0.039818265625 0.317571837890625 0.040842251953125 0.2881311484375 0.07779808984375 0.2209681875 0.07168570703125 0.200478267578125 0.0739836796875 0.148628462890625 0.067349533203125 0.130593236328125 0 0.44744787890625 0 0.904892017578125
0 0.2630303984375 0 0.261360130859375 0.013995703125 0.2452729921875 0.0158101015625 0.247796986328125 0.028558853515625 0.26422693359375 0.053858751953125 0.30201359375 0.05665673046875 0.32957549609375 0.074727453125 0.3347806796875 0.087173802734375 0.3302731015625 0.10017255859375 0.310190376953125 0.10026536328125 0.300372818359375 0.109518533203125 0.307654392578125 0.116300103515625 0.306485201171875 0.130008453125 0.319786353515625 0.13719722265625 0.328632326171875 0.153034359375 0.353315435546875 0.160025525390625 0.361911408203125 0.168831087890625 0.3697453828125 0.18532542578125 0.367511798828125 0.20404135546875 0.360782623046875 0.206972544921875 0.341816693359375 0.19770738671875 0.34332869140625 0.2111133359375 0.378829365234375 0.236977626953125 0.38590134765625 0.261160734375 0.410782060546875 0.279533857421875 0.430259986328125 0.274078669921875 0.467756234375 0.245411966796875 0.486222166015625 0.240613978515625 0.50149491015625 0.250838732421875 0.539991166015625 0.25029832421875 0.546825134765625 0.238666365234375 0.519670431640625 0.214576064453125 0.495592119140625 0.212947279296875 0.494434919921875 0.197872134765625 0.504054876953125 0.177237009765625 0.4634538125 0.130225599609375 0.46108701171875 0.104425697265625 0.42997712890625 0.103046912109375 0.41374478515625 0.08912896875 0.412494779296875 0.053971103515625 0.40414880859375 0.05219711328125 0.396960041015625 0.065498265625 0.386892478515625 0.067719859375 0.37091013671875 0.0608334921875 0.366362150390625 0.049399134765625 0.3416790390625 0.042407970703125 0.33663105078125 0.016910466796875 0.31332371484375 0 0.2630303984375 0
0 0.904892017578125 1 0.935676685546875 0.855169521484375 0.934664689453125 0.85582671875 0.911400771484375 0.84215877734375 0.87599290234375 0.8363772109375 0.865925341796875 0.838598806640625 0.858381775390625 0.853569154296875 0.78721123828125 0.843675212890625 0.773410083984375 0.822423298828125 0.77553887109375 0.812408134765625 0.810603931640625 0.791075404296875 0.81682111328125 0.802864556640625 0.84150422265625 0.80985572265625 0.845249806640625 0.804545740234375 0.801479541015625 0.714990091796875 0.827565416015625 0.633304390625 0.810321076171875 0.62004364453125 0.79985830859375 0.599501326171875 0.803865884765625 0.57243942578125 0.819598224609375 0.572294220703125 0.81682423046875 0.552513896484375 0.80867586328125 0.56212186328125 0.77746118359375 0.569443845703125 0.74836330078125 0.595534158203125 0.719777412109375 0.606904125 0.7593260703125 0.630139625 0.760128474609375 0.6468839609375 0.737666958984375 0.649960357421875 0.694017916015625 0.633704033203125 0.70475466796875 0.603710943359375 0.706238248046875 0.563900291015625 0.69603747265625 0.521606052734375 0.6770311328125 0.48790778515625 0.6899894765625 0.467982255859375 0.70582661328125 0.459136283203125 0.7069958046875 0.44542793359375 0.668866337890625 0.41551566015625 0.628370072265625 0.359803482421875 0.574246271484375 0.351788330078125 0.560287919921875 0.34358756640625 0.557921123046875 0.3177876640625 0.582406626953125 0.31339687109375 0.5859022109375 0.30105531640625 0.557642701171875 0.257539490234375 0.541200763671875 0.261023083984375 0.540229177734375 0.286113390625 0.53142361328125 0.294709359375 0.519715275390625 0.3497927578125 0.523448869140625 0.373266267578125 0.509426130859375 0.39819937890625 0.512200126953125 0.417979703125 0.496165384765625 0.415443716796875 0.489593408203125 0.405323759765625 0.45535473046875 0.38583384375 0.44219878125 0.394377416015625 0.43652201171875 0.421084517578125 0.46863190234375 0.450589595703125 0.4676079140625 0.48003028515625 0.47826828515625 0.5119545625 0.46530994140625 0.531880091796875 0.499653416015625 0.542669240234375 0.48735226953125 0.563606765625 0.455637583984375 0.5568656015625 0.45042041015625 0.5732027421875 0.49548864453125 0.582782291015625 0.5109185859375 0.579955896484375 0.512902169921875 0.554208392578125 0.50537059375 0.54039524609375 0.51089016796875 0.526739296875 0.53127529296875 0.5293276796875 0.546745642578125 0.550934392578125 0.5402140703125 0.565247541015625 0.530803708984375 0.5684811328125 0.521788548828125 0.594478638671875 0.5385613046875 0.6468928359375 0.55671284375 0.668197150390625 0.5539148671875 0.70598380859375 0.57260681640625 0.76578437890625 0.570832826171875 0.77413034765625 0.5566648828125 0.7833311171875 0.533167390625 0.8446316953125 0.5000859140625 0.840216923828125 0.48622037109375 0.852098884765625 0.494292357421875 0.90440828515625 0.50587191796875 0.915592638671875 0.50073555859375 0.98079599609375 0.4860815546875 1 0.904892017578125 1
0 0.68529496484375 0.079681314453125 0.6704294140625 0.06343698046875 0.657471068359375 0.083362509765625 0.63840033984375 0.082798119140625 0.63582394921875 0.07439975 0.654144671875 0.053869421875 0.65424946875 0.045168654296875 0.64140791015625 0.02760992578125 0.609693228515625 0.02086876171875 0.596932486328125 0.05217624609375 0.5776521640625 0.069013390625 0.57648297265625 0.082721740234375 0.609814451171875 0.094168083984375 0.632211578125 0.124225564453125 0.63457837890625 0.150025466796875 0.6582494921875 0.15767383203125 0.682985 0.160314611328125 0.68850457421875 0.146658662109375 0.69892693359375 0.142767873046875 0.728012826171875 0.145461052734375 0.753655533203125 0.156145404296875 0.74020917578125 0.133224294921875 0.759384701171875 0.12508791796875 0.747397943359375 0.119923142578125 0.733939595703125 0.125785525390625 0.71280446875 0.102102419921875 0.684428173828125 0.096070853515625 0.68529496484375 0.079681314453125
0 0.779391046875 0.18691248046875 0.77790746484375 0.226723130859375 0.79222061328125 0.233254701171875 0.808372140625 0.198306427734375 0.82183048828125 0.192444046875 0.820923291015625 0.1844004765625 0.79922376953125 0.179788099609375 0.779391046875 0.18691248046875