1 0.833984375 0.720703125 0.18359375 0.142578125
1 0.9638671875 0.7490234375 0.05859375 0.130859375
1 0.6650390625 0.7060546875 0.13671875 0.1171875
1 0.5966796875 0.318359375 0.095703125 0.064453125
1 0.224609375 0.6865234375 0.14453125 0.146484375
1 0.248046875 0.5517578125 0.193359375 0.103515625
1 0.06640625 0.69921875 0.1328125 0.12109375
1 0.6806640625 0.4501953125 0.080078125 0.076171875
1 0.5986328125 0.5576171875 0.19921875 0.083984375
1 0.5400390625 0.4423828125 0.162109375 0.064453125
1 0.04296875 0.259765625 0.072265625 0.044921875
1 0.0966796875 0.3310546875 0.13671875 0.064453125
1 0.0595703125 0.546875 0.119140625 0.109375
1 0.2529296875 0.3427734375 0.099609375 0.064453125
1 0.5234375 0.3955078125 0.146484375 0.052734375
1 0.8984375 0.4443359375 0.087890625 0.078125
0 0.982844388671875 1 0.98954421875 0.80814190625 0.923241189453125 0.791095478515625 0.89897652734375 0.812078427734375 0.898473228515625 0.79095615234375 0.811930865234375 0.781726763671875 0.732954853515625 0.76903725 0.722346720703125 0.78853012109375 0.71849864453125 0.792119998046875 0.748796654296875 0.706276353515625 0.72640059375 0.70797727734375 0.71757855078125 0.747395595703125 0.604662146484375 0.747176912109375 0.601707068359375 0.76072958203125 0.64123832421875 0.765834439453125 0.639089634765625 0.791829982421875 0.644267076171875 0.818368720703125 0.652139193359375 0.837426396484375 0.65142452734375 0.857891736328125 0.631067466796875 0.878524912109375 0.599833455078125 0.892801919921875 0.52802609375 0.895416927734375 0.50639130859375 0.87929369921875 0.4854495234375 0.89222259375 0.450409396484375 0.86880114453125 0.43176861328125 0.864735142578125 0.42447038671875 0.878140482421875 0.40376682421875 0.88424759765625 0.3982336015625 0.896007046875 0.3896468203125 0.89741471484375 0.38355496875 0.870418255859375 0.3803778671875 0.845011529296875 0.39179081640625 0.83601869140625 0.401725708984375 0.84490325 0.420545162109375 0.8438529140625 0.4270691640625 0.852618361328125 0.44496822265625 0.804578953125 0.461091451171875 0.782944166015625 0.4587417265625 0.776885775390625 0.317189783203125 0.771942671875 0.21780600390625 0.760319365234375 0 0.76516503515625 0 0.982844388671875 0.491272453125 1 0.982844388671875 1
0 0 0.633311462890625 0.035141666015625 0.63402897265625 0.043798833984375 0.60615712890625 0 0.603113669921875 0 0.633311462890625
0 1 0.330191884765625 0.942232767578125 0.32932290234375 0.906656642578125 0.321250458984375 0.90007308203125 0.314190455078125 0.88960219140625 0.320654904296875 0.886429521484375 0.31371401171875 0.87419362890625 0.321824349609375 0.852141955078125 0.31763923828125 0.807443048828125 0.326323466796875 0.76004791796875 0.3144232421875 0.749230525390625 0.306361630859375 0.7468916328125 0.2755445078125 0.756837357421875 0.259670333984375 0.7809518125 0.25368233203125 0.81976016015625 0.266990220703125 0.84040416796875 0.26258855078125 0.86191984375 0.282122669921875 0.91326186328125 0.27879299609375 0.932379091796875 0.269215435546875 0.957603435546875 0.280341439453125 0.98153922265625 0.27946976953125 0.979904166015625 0.2529460390625 0.9552158203125 0.226471029296875 0.96475548828125 0.1977762421875 0.943586314453125 0.19276818359375 0.927939529296875 0.20075941015625 0.89642940625 0.174046181640625 0.8717193984375 0.19708863671875 0.78833125390625 0.18905408203125 0.76370246484375 0.16087362890625 0.754996572265625 0.165692189453125 0.746767125 0.156867185546875 0.73205156640625 0.187088751953125 0.686004548828125 0.185480755859375 0.6862536015625 0.153900244140625 0.69854905078125 0.1440844609375 0.6876721015625 0.137728294921875 0.65185775390625 0.13647762890625 0.645620697265625 0.1439436875 0.658251814453125 0.173412697265625 0.652242146484375 0.19881570703125 0.688879439453125 0.200948873046875 0.694699609375 0.2054209296875 0.690108439453125 0.214651990234375 0.67122943359375 0.21740776953125 0.668175876953125 0.20705598828125 0.66440765234375 0.217169546875 0.64029319921875 0.22315755078125 0.56190228125 0.2187125546875 0.55042977734375 0.229410837890625 0.586650181640625 0.2434821171875 0.6582193203125 0.247688892578125 0.69614516796875 0.261819728515625 0.697016837890625 0.285755515625 0.68542522265625 0.2998646875 0.6434929296875 0.302669193359375 0.644483708984375 0.323194087890625 0.65900976953125 0.322847587890625 0.658831103515625 0.327963923828125 0.580191130859375 0.355099439453125 0.5841271875 0.364628275390625 0.605177251953125 0.37304722265625 0.603054919921875 0.384925783203125 0.6213275390625 0.423983185546875 0.648614662109375 0.424936072265625 0.660850556640625 0.416825734375 0.72188924609375 0.42920240234375 0.742414142578125 0.428211623046875 0.75470958984375 0.41839583984375 0.783523490234375 0.4245246171875 0.8099389453125 0.401541716796875 0.876689525390625 0.3970426015625 0.9310851015625 0.404064708984375 0.9836452890625 0.43919688671875 0.981106068359375 0.4630135625 0.963158287109375 0.487999685546875 0.918221158203125 0.503505693359375 0.922157216796875 0.51303453125 0.943088169921875 0.5248643671875 0.943553783203125 0.535979537109375 0.962611455078125 0.528107421875 0.978366517578125 0.541464037109375 0.984652298828125 0.557051263671875 0.976531130859375 0.569574103515625 0.93748455859375 0.5630879921875 0.91471821875 0.57936822265625 0.882076541015625 0.58505844921875 0.748992267578125 0.582118568359375 0.734574486328125 0.603812912109375 0.701169416015625 0.606915193359375 0.704915978515625 0.646319095703125 0.763068947265625 0.66798637890625 0.814530076171875 0.66124581640625 0.8381680859375 0.668901375 0.870928875 0.659800255859375 0.9196125625 0.68369815234375 0.92501584375 0.70010832421875 0.93342395703125 0.703816990234375 0.958540021484375 0.693595150390625 0.99346094921875 0.69598142578125 0.995407419921875 0.640241794921875 0.967267576171875 0.639259130859375 0.960039740234375 0.62620029296875 0.996926083984375 0.5967529453125 1 0.508727509765625 1 0.330191884765625
0 1 0.086290544921875 0.990033990234375 0.085108583984375 0.96415453515625 0.092742478515625 0.911404849609375 0.087485369140625 0.858297830078125 0.0924609296875 0.8260730390625 0.086213041015625 0.800967806640625 0.0716761484375 0.788612802734375 0.083197376953125 0.773204240234375 0.084366822265625 0.62847962890625 0.072482828125 0.601658119140625 0.082645111328125 0.60382917578125 0.093819837890625 0.672691259765625 0.102200892578125 0.66633508984375 0.113077841796875 0.6509860859375 0.112541841796875 0.53031637109375 0.0963752890625 0.326724126953125 0.083289353515625 0.329669404296875 0.07229329296875 0.492688298828125 0.0737172265625 0.42382621875 0.065336171875 0.01548398828125 0.047869080078125 0.0112838828125 0.168144341796875 0.025759072265625 0.169254576171875 0.03506051953125 0.14738156640625 0.0795807578125 0.143813673828125 0.103170044921875 0.12841594140625 0.113413546875 0.10401454296875 0.144409333984375 0.09655931640625 0.16822601171875 0.0990985390625 0.181799185546875 0.126039158203125 0.148729787109375 0.168426232421875 0.11567121875 0.18605457421875 0.076505537109375 0.18297935546875 0.043685193359375 0.193785916015625 0.032748689453125 0.189135193359375 0.028991296875 0.174490021484375 0.011060072265625 0.174553427734375 0.00879123828125 0.239524326171875 0.03549363671875 0.232772931640625 0.047074419921875 0.243422490234375 0.08947232421875 0.25173315625 0.094052662109375 0.267260830078125 0.106348111328125 0.257445048828125 0.119932115234375 0.259626935546875 0.11321861328125 0.280736556640625 0.120744228515625 0.28526816796875 0.160029021484375 0.284932498046875 0.18632536328125 0.26536048828125 0.19485258984375 0.265658265625 0.2009001484375 0.288067275390625 0.243476720703125 0.29126160546875 0.266578732421875 0.31426616796875 0.283633181640625 0.31486172265625 0.290990962890625 0.299750939453125 0.299518185546875 0.300048716796875 0.303275578125 0.314693888671875 0.3313748125 0.3412880078125 0.328776037109375 0.36681012890625 0.31312925390625 0.37480135546875 0.331412705078125 0.389100025390625 0.324986150390625 0.42644115234375 0.326491265625 0.481134505859375 0.345251162109375 0.481789615234375 0.3362474921875 0.4951353984375 0.32603105078125 0.592107548828125 0.29750409765625 0.602210275390625 0.293616763671875 0.6157347265625 0.2799136484375 0.6169637265625 0.260162970703125 0.595783720703125 0.256513859375 0.602486390625 0.227402181640625 0.604884837890625 0.205231396484375 0.604110615234375 0.203764173828125 0.59722928125 0.185756833984375 0.62392084765625 0.165887048828125 0.60615173046875 0.109547802734375 0.60589184765625 0.1034894140625 0.6082415703125 0.10618563671875 0.628826021484375 0.098887412109375 0.642231359375 0.121762033203125 0.64729897265625 0.129693705078125 0.66465119921875 0.150159044921875 0.665365865234375 0.16493416015625 0.633438853515625 0.21256751171875 0.638517294921875 0.231565630859375 0.632350625 0.24233430078125 0.617358951171875 0.254272416015625 0.61777583984375 0.270909978515625 0.630309509765625 0.28314587109375 0.622199171875 0.28337326171875 0.640136125 0.291602708984375 0.648961126953125 0.30448827734375 0.768937837890625 0.462271728515625 0.77359399609375 0.48479984765625 0.764135544921875 0.52420375 0.760388986328125 0.55026187109375 0.7476387578125 0.579194880859375 0.75035664453125 0.585372384765625 0.74459603125 0.60235105078125 0.64956755078125 0.647694232421875 0.64688215625 0.653297845703125 0.608658529296875 0.611901548828125 0.59611402734375 0.614191716796875 0.603877865234375 0.606308771484375 0.609578921875 0.594906654296875 0.593813029296875 0.50128583984375 0.58542114453125 0.497409337890625 0.574186861328125 0.50730633984375 0.53525940234375 0.546006408203125 0.527219451171875 0.66891756640625 0.5280965546875 0.68091523828125 0.526807998046875 0.688094349609375 0.516813548828125 0.69638335546875 0.52393310546875 0.70262041015625 0.516467046875 0.70309685546875 0.502823486328125 0.695749908203125 0.4931755390625 0.661641005859375 0.4919844296875 0.6513000546875 0.470279255859375 0.6337204375 0.460273974609375 0.501924720703125 0.469331767578125 0.44841164453125 0.4614867109375 0.44389086328125 0.44425359375 0.457891755859375 0.4344973671875 0.458189533203125 0.425970140625 0.448611974609375 0.4068529140625 0.436852525390625 0.401319689453125 0.443576857421875 0.355451337890625 0.449754359375 0.349690724609375 0.487393263671875 0.3475900546875 0.48546042578125 0.329593546875 0.4916379296875 0.32383293359375 0.50598532421875 0.328602767578125 0.507858603515625 0.348304720703125 0.5369107265625 0.347611716796875 0.541263671875 0.345202439453125 0.529742443359375 0.332847435546875 0.536158166015625 0.320265041015625 0.57244895703125 0.307872142578125 0.60133324609375 0.28753674609375 0.534117052734375 0.28092069140625 0.44273768359375 0.257239357421875 0.45357673828125 0.215783505859375 0.433826064453125 0.1946035 0.440420453125 0.17690476953125 0.464594462890625 0.169211322265625 0.478248853515625 0.144929033203125 0.493132248046875 0.134349861328125 0.50842169921875 0.136591306640625 0.519119982421875 0.148063810546875 0.527636375 0.173120318359375 0.551512607421875 0.173954095703125 0.55658021875 0.151079474609375 0.604819955078125 0.114344734375 0.67139187109375 0.114961953125 0.689853990234375 0.124144287109375 0.72596611328125 0.1168677265625 0.76489357421875 0.1267647265625 0.780778578125 0.111951720703125 0.81318203515625 0.1130832734375 0.83405343359375 0.126618556640625 0.83692832421875 0.142086671875 0.8297492109375 0.15208112109375 0.848736498046875 0.17067318359375 0.874615951171875 0.1630392890625 0.891551291015625 0.167045734375 0.906434685546875 0.156466560546875 0.893673625 0.155167173828125 0.884621232421875 0.145459671875 0.895974625 0.138172279296875 0.97424643359375 0.1460281640625 0.99330410546875 0.138156048828125 1 0.137800158203125 1 0.086290544921875