1 0.3740234375 0.587890625 0.1376953125 0.150390625
1 0.716796875 0.259765625 0.154296875 0.130859375
1 0.859375 0.5654296875 0.123046875 0.1328125
1 0.3701171875 0.3466796875 0.1455078125 0.1220703125
1 0.697265625 0.578125 0.1484375 0.138671875
1 0.1416015625 0.087890625 0.1689453125 0.173828125
1 0.517578125 0.587890625 0.1591796875 0.1455078125
1 0.900390625 0.056640625 0.1767578125 0.109375
1 0.564453125 0.470703125 0.2265625 0.115234375
1 0.53515625 0.095703125 0.1015625 0.1064453125
1 0.494140625 0.236328125 0.0546875 0.0517578125
1 0.607421875 0.033203125 0.0966796875 0.0654296875
1 0.2548828125 0.029296875 0.072265625 0.05859375
1 0.0703125 0.255859375 0.083984375 0.0517578125
0 0.9390625 0.61484375 0.90546875 0.6328125 0.85859375 0.621875 0.81171875 0.625 0.803125 0.61796875 0.796875 0.58203125 0.78359375 0.5796875 0.7765625 0.58828125 0.76484375 0.6484375 0.73671875 0.65625 0.63984375 0.6609375 0.62421875 0.628125 0.61953125 0.6328125 0.59609375 0.6296875 0.5859375 0.66953125 0.5640625 0.67734375 0.5640625 0.68359375 0.57109375 0.6859375 0.60859375 0.684375 0.61953125 0.6390625 0.62421875 0.6875 0.65703125 0.6796875 0.67421875 0.6875 0.73828125 0.6921875 0.75703125 0.7078125 0.77265625 0.7078125 0.78046875 0.6953125 0.8046875 0.68359375 0.8109375 0.70859375 0.840625 0.72734375 0.840625 0.73515625 0.815625 0.75234375 0.80703125 0.775 0.76953125 0.76875 0.7609375 0.75703125 0.75703125 0.73125 0.703125 0.75234375 0.7046875 0.82734375 0.72421875 0.85 0.78046875 0.853125 0.81171875 0.8453125 0.828125 0.82890625 0.815625 0.80859375 0.81796875 0.7921875 0.84765625 0.8203125 0.87890625 0.809375 0.89609375 0.8109375 0.92421875 0.8328125 0.95703125 0.83125 1 0.85234375 0.99921875 0.578125 0.94609375 0.5796875 0.9390625 0.58984375 0.9390625 0.61484375
0 1 0.33359375 0.925 0.26015625 0.92265625 0.2515625 0.9109375 0.24765625 0.9078125 0.23671875 0.8859375 0.21640625 0.884375 0.20390625 0.89140625 0.1609375 0.89921875 0.1859375 0.94140625 0.203125 0.946875 0.18203125 0.9390625 0.15390625 0.94921875 0.1390625 0.95859375 0.140625 0.96875 0.15234375 0.971875 0.17890625 0.984375 0.19453125 0.98046875 0.2046875 0.965625 0.20546875 0.9703125 0.23203125 0.99921875 0.25625 1 0.11171875 0.97421875 0.1125 0.96640625 0.1234375 0.95625 0.12578125 0.95234375 0.1359375 0.94453125 0.128125 0.90234375 0.128125 0.89453125 0.140625 0.88671875 0.125 0.86953125 0.1265625 0.81171875 0.0796875 0.8125 0.09921875 0.79765625 0.1109375 0.790625 0.10546875 0.77890625 0.0625 0.76171875 0.065625 0.75390625 0.078125 0.7296875 0.03203125 0.70234375 0.003125 0.66640625 0 0.671875 0.03203125 0.653125 0.06640625 0.6578125 0.12109375 0.66796875 0.1234375 0.68203125 0.1109375 0.73359375 0.109375 0.7421875 0.12890625 0.73203125 0.1359375 0.65703125 0.140625 0.6484375 0.15546875 0.6484375 0.17578125 0.6609375 0.18203125 0.665625 0.19921875 0.73359375 0.1953125 0.76953125 0.209375 0.7796875 0.19921875 0.7796875 0.17265625 0.78515625 0.1671875 0.790625 0.17421875 0.790625 0.19921875 0.809375 0.23046875 0.8 0.25390625 0.8125 0.28046875 0.8140625 0.31171875 0.828125 0.32109375 0.83515625 0.3375 0.86328125 0.3171875 0.88359375 0.328125 0.90703125 0.3140625 0.91015625 0.271875 0.915625 0.28203125 0.9171875 0.31015625 0.9296875 0.33515625 0.92265625 0.3796875 0.9046875 0.37890625 0.9 0.35234375 0.89296875 0.34375 0.88125 0.34609375 0.8703125 0.38515625 0.86328125 0.3921875 0.853125 0.38515625 0.83984375 0.35 0.8203125 0.36484375 0.815625 0.37578125 0.8171875 0.41640625 0.840625 0.43671875 0.8375 0.47421875 0.84453125 0.4859375 0.85 0.48515625 0.87578125 0.4609375 0.90703125 0.46875 0.915625 0.44765625 0.95234375 0.4234375 0.96484375 0.4234375 0.9796875 0.45078125 1 0.46484375 1 0.33359375
0 0 0.99921875 0.39921875 1 0.4 0.98984375 0.43203125 0.9703125 0.4375 0.95859375 0.4171875 0.94921875 0.396875 0.90703125 0.390625 0.87890625 0.40546875 0.878125 0.40625 0.86484375 0.39296875 0.8703125 0.3921875 0.85546875 0.4140625 0.85234375 0.39765625 0.8296875 0.41953125 0.83125 0.43125 0.84765625 0.4390625 0.87890625 0.4515625 0.89921875 0.453125 0.94921875 0.4828125 0.95078125 0.48125 0.96328125 0.49375 0.99921875 0.5421875 0.99921875 0.5265625 0.96953125 0.525 0.87734375 0.51875 0.85546875 0.5484375 0.83203125 0.5484375 0.78515625 0.53203125 0.753125 0.49140625 0.75 0.48125 0.73984375 0.48515625 0.7296875 0.51328125 0.7296875 0.5234375 0.72421875 0.5265625 0.68984375 0.534375 0.67421875 0.45390625 0.671875 0.43984375 0.6484375 0.42890625 0.6875 0.36015625 0.6875 0.3453125 0.67421875 0.3296875 0.64453125 0.3203125 0.63984375 0.309375 0.61484375 0.28515625 0.6109375 0.278125 0.63984375 0.2859375 0.67890625 0.278125 0.70078125 0.25703125 0.71875 0.18984375 0.7234375 0.1734375 0.71484375 0.1703125 0.69453125 0.15390625 0.6875 0.140625 0.67265625 0.14375 0.65234375 0.15625 0.63984375 0.1578125 0.61015625 0.109375 0.58046875 0.1046875 0.54296875 0.11328125 0.528125 0.12734375 0.5265625 0.15859375 0.546875 0.21484375 0.55 0.23359375 0.5625 0.26015625 0.56875 0.28359375 0.565625 0.29453125 0.55 0.32421875 0.546875 0.3609375 0.52734375 0.36171875 0.484375 0.40078125 0.475 0.41171875 0.484375 0.409375 0.47890625 0.42421875 0.4578125 0.45078125 0.45625 0.51953125 0.4296875 0.52109375 0.415625 0.48203125 0.415625 0.46171875 0.4328125 0.42265625 0.4234375 0.36953125 0.4234375 0.36171875 0.4359375 0.35078125 0.440625 0.33046875 0.440625 0.3171875 0.43359375 0.3125 0.40078125 0.2859375 0.35546875 0.2859375 0.33828125 0.31328125 0.3046875 0.3328125 0.29765625 0.3328125 0.25234375 0.321875 0.23515625 0.3296875 0.19921875 0.36328125 0.19375 0.390625 0.20390625 0.396875 0.24453125 0.3890625 0.25234375 0.3875 0.28671875 0.4375 0.29921875 0.4453125 0.31953125 0.45078125 0.375 0.46328125 0.378125 0.48671875 0.3984375 0.53515625 0.3921875 0.5421875 0.38203125 0.54921875 0.334375 0.60859375 0.3453125 0.62734375 0.340625 0.659375 0.31484375 0.628125 0.26171875 0.6359375 0.21640625 0.6375 0.14296875 0.61796875 0.15 0.58515625 0.15 0.57421875 0.1703125 0.52578125 0.1703125 0.50859375 0.153125 0.47109375 0.1390625 0.46875 0.12734375 0.45703125 0.1234375 0.45078125 0.109375 0.43828125 0.1078125 0.434375 0.22421875 0.42734375 0.240625 0.4234375 0.21328125 0.43125 0.11484375 0.38515625 0.0953125 0.33984375 0.059375 0.32265625 0.0609375 0.3265625 0.05078125 0.30234375 0.040625 0.2859375 0.05078125 0.29375 0.05859375 0.2828125 0.06171875 0.2734375 0.09921875 0.26328125 0.1078125 0.23515625 0.1109375 0.2296875 0.12265625 0.2375 0.13984375 0.21796875 0.140625 0.19921875 0.1609375 0.12578125 0.1640625 0.09765625 0.184375 0.07109375 0.1859375 0.05625 0.17265625 0.0546875 0.15390625 0.04453125 0.14375 0.00078125 0.1375 0 0.33359375 0.0046875 0.34609375 0 0.34296875 0 0.43984375 0.01796875 0.4390625 0.0375 0.47421875 0.02109375 0.5015625 0 0.50390625 0.00078125 0.6140625 0.00390625 0.60625 0.0109375 0.61171875 0.009375 0.59609375 0.0140625 0.59609375 0.0140625 0.62421875 0 0.62421875 0 0.99921875