1 0.751953125 0.7265625 0.1328125 0.173828125
1 0.748046875 0.869140625 0.154296875 0.2109375
1 0.9521484375 0.6689453125 0.095703125 0.138671875
1 0.8037109375 0.4736328125 0.044921875 0.09375
1 0.7568359375 0.423828125 0.048828125 0.07421875
1 0.1796875 0.6845703125 0.115234375 0.078125
1 0.662109375 0.306640625 0.072265625 0.0546875
1 0.537109375 0.349609375 0.052734375 0.06640625
1 0.7333984375 0.359375 0.08984375 0.041015625
1 0.8623046875 0.30859375 0.0859375 0.0546875
1 0.5986328125 0.171875 0.0390625 0.04296875
1 0.6181640625 0.2919921875 0.046875 0.056640625
1 0.4619140625 0.2490234375 0.044921875 0.03515625
1 0.515625 0.1845703125 0.0390625 0.044921875
1 0.439453125 0.18359375 0.037109375 0.0390625
0 0.526203892578125 1 0.688307322265625 0.9829622421875 0.697774140625 0.967738349609375 0.6917728984375 0.92568243359375 0.6829682109375 0.917121916015625 0.690631869140625 0.85465790625 0.678953369140625 0.803712765625 0.694181984375 0.7831403203125 0.675680474609375 0.682320697265625 0.65272255078125 0.6594378671875 0.641940908203125 0.66215205078125 0.6346904921875 0.7135057109375 0.638710056640625 0.79687559375 0.607510876953125 0.846003408203125 0.59812859375 0.846989525390625 0.578302818359375 0.79373872265625 0.57395455078125 0.7072414140625 0.54384019140625 0.661395935546875 0.511424888671875 0.59365846875 0.500981396484375 0.539421546875 0.5037050234375 0.490124658203125 0.491613279296875 0.450289869140625 0.46034844921875 0.393498396484375 0.45615508984375 0.368643330078125 0.437230892578125 0.3390125859375 0.429745751953125 0.31292251171875 0.413122498046875 0.3051837578125 0.40439762890625 0.31242473046875 0.4025850234375 0.325263146484375 0.411225357421875 0.332259951171875 0.424547388671875 0.3988422265625 0.433680779296875 0.410530171875 0.4488154140625 0.46427403125 0.4688008203125 0.549127814453125 0.49001179296875 0.69076834765625 0.4792301484375 0.69348253125 0.464255146484375 0.6713416484375 0.459080388671875 0.60706503515625 0.45496684375 0.598011458984375 0.441799724609375 0.5930714296875 0.425091931640625 0.599570451171875 0.4220443203125 0.615700646484375 0.430186873046875 0.648045576171875 0.41117341796875 0.66269187109375 0.39282209765625 0.6535537578125 0.37216511328125 0.652562919921875 0.36509321484375 0.615362498046875 0.267321203125 0.617733810546875 0.2407380703125 0.620527810546875 0.232013201171875 0.627768783203125 0.226824279296875 0.65360996484375 0.228707255859375 0.716651572265625 0.232985154296875 0.727268861328125 0.266067310546875 0.74118265234375 0.268532603515625 0.764638359375 0.24120280078125 0.805454546875 0.23329497265625 0.8505533515625 0.257567720703125 0.885945892578125 0.274759126953125 0.944216541015625 0.29228868359375 0.9455360859375 0.291711087890625 0.955082720703125 0.282164453125 0.954505125 0.2796944375 0.961088685546875 0.285780216796875 0.988906826171875 0.28051148046875 0.998946517578125 0.280622205078125 1 0.42822441796875 1 0.41748448046875 0.82803227734375 0.405801255859375 0.807126404296875 0.38382944921875 0.79362585546875 0.393789328125 0.783093103515625 0.40695644921875 0.788033134765625 0.42118950390625 0.818156939453125 0.443423673828125 1 0.526203892578125 1
0 0.06479501171875 0.609733931640625 0.0445530078125 0.62766172265625 0.080204029296875 0.626021361328125 0.10652890234375 0.6358948125 0.13817384765625 0.646262275390625 0.169437375 0.64297634765625 0.186715337890625 0.636946978515625 0.194232876953125 0.618249869140625 0.18595256640625 0.609639986328125 0.1392233671875 0.606124697265625 0.09119291015625 0.579066580078125 0.06479501171875 0.609733931640625
0 0.690469169921875 0.4375844375 0.704458404296875 0.420313837890625 0.67748026953125 0.384175337890625 0.665416564453125 0.36964301171875 0.66080632421875 0.385927841796875 0.659650974609375 0.405009591796875 0.644623388671875 0.402375673828125 0.644298544921875 0.37923607421875 0.648414111328125 0.36826999609375 0.65642258203125 0.3642682265625 0.64342619140625 0.350887263671875 0.626537068359375 0.330542015625 0.621873990234375 0.3362988828125 0.60788841796875 0.333555404296875 0.5613290390625 0.3015816875 0.552919095703125 0.2817139609375 0.539429998046875 0.26845378515625 0.523683185546875 0.294266939453125 0.5532110703125 0.304541630859375 0.551703498046875 0.33029587890625 0.5675743203125 0.340952630859375 0.57486544921875 0.360199998046875 0.594118189453125 0.3529096953125 0.595979724609375 0.370621025390625 0.58956094921875 0.379722470703125 0.62098315625 0.408020408203125 0.6459865859375 0.44541979296875 0.66869047265625 0.460940501953125 0.690469169921875 0.4375844375
0 1 0.738330896484375 0.994127833984375 0.7403518671875 0.9628643046875 0.743637796875 0.981558453125 0.791180412109375 0.98204564453125 0.82588987890625 0.93614685546875 0.78015308984375 0.902806611328125 0.743629943359375 0.937528693359375 0.72312685546875 0.944494978515625 0.719234623046875 0.910331400390625 0.684904720703125 0.90535096875 0.6274938515625 0.8916975703125 0.607861849609375 0.871353552734375 0.584719638671875 0.856046630859375 0.609502203125 0.85747015625 0.623046146484375 0.878912857421875 0.63659269921875 0.85883701953125 0.6460762265625 0.84260490625 0.631982015625 0.843982921875 0.594969876953125 0.817718306640625 0.55559633984375 0.809279318359375 0.5154025859375 0.773745212890625 0.478056703125 0.74867778515625 0.490171517578125 0.733982365234375 0.470649037109375 0.720525083984375 0.474713896484375 0.711338146484375 0.4957954375 0.7242816953125 0.498648439453125 0.728336935546875 0.51718253515625 0.732282673828125 0.5346748046875 0.735242890625 0.5427904765625 0.699210447265625 0.5307773671875 0.699150279296875 0.560277525390625 0.724157375 0.577662869140625 0.741979181640625 0.59685675390625 0.766400998046875 0.608673521484375 0.78082090234375 0.63559834765625 0.77056206640625 0.648263447265625 0.767707689453125 0.661203720703125 0.789146720703125 0.694764275390625 0.800825263671875 0.715657255859375 0.81266630078125 0.7481199296875 0.8087858671875 0.81144625390625 0.79216491796875 0.823726701171875 0.7908472265625 0.831238625 0.8213257578125 0.92073012890625 0.812928462890625 0.951106595703125 0.8207009296875 0.96904711328125 0.87985121875 0.96283016796875 0.861035609375 0.91760987109375 0.866688029296875 0.901215505859375 0.8762331875 0.891785423828125 0.90074561328125 0.914489515625 0.9168080546875 0.95704201953125 0.917602943359375 0.958862302734375 0.94823276171875 0.955642978515625 0.918737244140625 0.905225013671875 0.930147603515625 0.89349221875 0.95471302734375 0.9267242578125 0.957616748046875 0.94432608984375 0.96583277734375 0.953793142578125 1 0.9502020234375 1 0.910573353515625 0.991685478515625 0.897557845703125 0.9754003671875 0.872935689453125 1 0.8830219296875 1 0.738330896484375