1 0.0712890625 0.3603515625 0.12109375 0.115234375
1 0.6865234375 0.6787109375 0.1171875 0.15625
1 0.86328125 0.4970703125 0.138671875 0.171875
1 0.3515625 0.599609375 0.1171875 0.150390625
1 0.5400390625 0.4912109375 0.119140625 0.158203125
1 0.2607421875 0.5107421875 0.095703125 0.10546875
1 0.9580078125 0.388671875 0.083984375 0.1328125
1 0.3671875 0.4873046875 0.09375 0.08984375
1 0.5791015625 0.6298828125 0.083984375 0.134765625
1 0.689453125 0.40234375 0.08203125 0.076171875
1 0.8544921875 0.296875 0.091796875 0.095703125
1 0.4130859375 0.2978515625 0.06640625 0.07421875
1 0.21484375 0.6640625 0.095703125 0.12890625
1 0.1455078125 0.3310546875 0.1015625 0.12109375
1 0.0146484375 0.3798828125 0.025390625 0.09765625
1 0.2265625 0.3115234375 0.0703125 0.091796875
1 0.6376953125 0.45703125 0.087890625 0.103515625
1 0.1904296875 0.580078125 0.09765625 0.087890625
1 0.42578125 0.2197265625 0.072265625 0.08203125
1 0.5537109375 0.126953125 0.052734375 0.0625
1 0.28515625 0.37109375 0.0625 0.095703125
1 0.2763671875 0.595703125 0.0625 0.080078125
1 0.3642578125 0.3232421875 0.064453125 0.060546875
1 0.46484375 0.5283203125 0.087890625 0.111328125
1 0.98828125 0.0888671875 0.0234375 0.044921875
1 0.2939453125 0.2783203125 0.072265625 0.08203125
1 0.896484375 0.3583984375 0.0546875 0.05859375
1 0.6826171875 0.578125 0.083984375 0.07421875
1 0.857421875 0.107421875 0.046875 0.0546875
1 0.4375 0.578125 0.046875 0.123046875
1 0.52734375 0.619140625 0.05859375 0.0859375
1 0.7529296875 0.5595703125 0.068359375 0.09375
1 0.8203125 0.36328125 0.078125 0.0859375
1 0.939453125 0.14453125 0.044921875 0.044921875
1 0.853515625 0.0546875 0.04296875 0.041015625
1 0.765625 0.046875 0.044921875 0.03125
1 0.4013671875 0.0869140625 0.044921875 0.04296875
1 0.3701171875 0.1650390625 0.044921875 0.041015625
1 0.2529296875 0.24609375 0.044921875 0.037109375
1 0.49609375 0.1240234375 0.041015625 0.0546875
1 0.6806640625 0.021484375 0.03125 0.03125
1 0.580078125 0.0859375 0.041015625 0.041015625
1 0.814453125 0.0205078125 0.052734375 0.01953125
0 0.982844388671875 1 0.983757712890625 0.9738458046875 0.962356931640625 0.975470037109375 0.93384080859375 0.960814033203125 0.925957861328125 0.966515091796875 0.93400864453125 0.9804564296875 0.9282067890625 1 0.982844388671875 1
0 0.017155611328125 0 0.008358677734375 0.2519112421875 0.016019076171875 0.2525831640625 0.070317205078125 0.21349869921875 0.20489036328125 0.173802453125 0.227228984375 0.1942190703125 0.22075370703125 0.208506908203125 0.204283978515625 0.215615634765625 0.20222119921875 0.22578875 0.209627703125 0.23373125390625 0.221446708984375 0.23755903125 0.244093939453125 0.22468969140625 0.277905064453125 0.234408025390625 0.293730513671875 0.22130046484375 0.302019515625 0.228420021484375 0.3112018515625 0.20995790234375 0.323139966796875 0.210374791015625 0.33467202734375 0.1979710625 0.318272685546875 0.17861561328125 0.33945269140625 0.1588649375 0.343637802734375 0.13681326171875 0.35769825390625 0.12535158984375 0.347059525390625 0.112173640625 0.311542955078125 0.102395751953125 0.299198783203125 0.089158248046875 0.301261560546875 0.0789851328125 0.319317623046875 0.0753468515625 0.334130630859375 0.091231857421875 0.34930096875 0.09688419140625 0.355478470703125 0.091123578125 0.3447206328125 0.08135651953125 0.332782515625 0.080939630859375 0.31808862109375 0.061643734375 0.301212837890625 0.055931845703125 0.286399830078125 0.040046841796875 0.25217181640625 0.04226662109375 0.24065058984375 0.0299116171875 0.23124086328125 0.03043678515625 0.249952037109375 0.008038607421875 0.27747737890625 0.002169716796875 0.278819771484375 0 0.017155611328125 0
0 1 0.310833392578125 0.9891731171875 0.305349224609375 0.990651171875 0.287471828125 0.97794966796875 0.284466994140625 0.9733097734375 0.270644767578125 0.94602265234375 0.26969187890625 0.924447419921875 0.251863208984375 0.89727941015625 0.247499431640625 0.894225853515625 0.237147650390625 0.876586677734375 0.228847814453125 0.893056408203125 0.221739087890625 0.89781541015625 0.232150423828125 0.908048080078125 0.232507755859375 0.912401025390625 0.230098478515625 0.907701580078125 0.2179816953125 0.891648740234375 0.213152306640625 0.87677617578125 0.198972748046875 0.8643616171875 0.212199419921875 0.83366360546875 0.211127421875 0.8078545390625 0.192297138671875 0.83907771875 0.202778861328125 0.837610494140625 0.19589752734375 0.810621150390625 0.1864174140625 0.8075080390625 0.177771076171875 0.785396806640625 0.17529141015625 0.7901070859375 0.1626494609375 0.768937912109375 0.15764140625 0.76265212890625 0.1420541796875 0.742127232421875 0.143044958984375 0.747828291015625 0.150927904296875 0.741769900390625 0.15327762890625 0.6636767578125 0.140305408203125 0.654088365234375 0.14594691015625 0.658549591796875 0.16488547265625 0.653422423828125 0.189465537109375 0.635604583984375 0.1862820390625 0.63579408203125 0.156406970703125 0.62020685546875 0.162692751953125 0.59896729296875 0.18414887109375 0.587088732421875 0.1820265390625 0.577511171875 0.162909310546875 0.558751275390625 0.162254201171875 0.543667552734375 0.227467169921875 0.5114319296875 0.245978013671875 0.4912643671875 0.236736123046875 0.47473508203125 0.245550294921875 0.50470759765625 0.291846365234375 0.51164848828125 0.288673697265625 0.530051052734375 0.2995614765625 0.5606895078125 0.302338919921875 0.578209572265625 0.314049646484375 0.57520473828125 0.326751150390625 0.50280182421875 0.346420609375 0.424865685546875 0.377849513671875 0.417746126953125 0.386138517578125 0.37310677734375 0.393117302734375 0.321943423828125 0.391330638671875 0.309231087890625 0.413084537109375 0.2901734140625 0.420956650390625 0.269708072265625 0.420241986328125 0.257304345703125 0.40870992578125 0.246557337890625 0.374184138671875 0.2509211171875 0.347016125 0.243335947265625 0.344189958984375 0.219340603515625 0.34676707421875 0.12898990625 0.39142265234375 0.0024050625 0.422400515625 0 0.49127248046875 0 0.67252090625 0.004898435546875 0.66883087890625 0.08235812890625 0.65104553125 0.100890634765625 0.63376369140625 0.098600466796875 0.625999853515625 0.0900732421875 0.625702076171875 0.043430669921875 0.64114853125 0.01626266015625 0.63678475390625 0.007210265625 0.627077251953125 0.013398599609375 0.596557904296875 0.061697892578125 0.558117720703125 0.0803386796875 0.562183720703125 0.113554248046875 0.588956505859375 0.11021374609375 0.56237321875 0.1192174140625 0.549027435546875 0.1197534140625 0.5336784296875 0.136640029296875 0.514631587890625 0.160456705078125 0.51717080859375 0.191966830078125 0.5438840390625 0.202318611328125 0.54083048046875 0.210548060546875 0.549655484375 0.215280001953125 0.487496072265625 0.271570521484375 0.464702669921875 0.308792537109375 0.474540115234375 0.388076787109375 0.453403435546875 0.403236294921875 0.4838145 0.414113244140625 0.49017066796875 0.45393403515625 0.474485994140625 0.477869822265625 0.47361432421875 0.4903439375 0.45868220703125 0.561339185546875 0.43042596875 0.604094423828125 0.42850396484375 0.643151826171875 0.41023134375 0.650103548828125 0.382299943359375 0.7085055703125 0.372386712890625 0.72944735546875 0.359457818359375 0.744855916015625 0.358288373046875 0.777329759765625 0.33295575 0.765748978515625 0.32230619140625 0.77034014453125 0.313075130859375 0.78757326171875 0.3085543515625 0.799213599609375 0.31749846484375 0.820404439453125 0.272989056640625 0.845758724609375 0.255945439453125 0.867285234375 0.250720822265625 0.845531333984375 0.238008486328125 0.850062947265625 0.23048287109375 0.8637660625 0.229253869140625 0.880463181640625 0.240082095703125 0.877398791015625 0.254489044921875 0.90009474609375 0.2646729921875 0.902146693359375 0.279258609375 0.921431755859375 0.2893234453125 0.93612565234375 0.30861933984375 0.955183326171875 0.300747224609375 0.98381855859375 0.311992337890625 1 0.33128537109375 1 0.310833392578125
0 0.71582416796875 1 0.762175576171875 0.962503212890625 0.777475859375 0.939985923828125 0.8215792109375 0.948356146484375 0.860885666015625 0.898503015625 0.891583677734375 0.899575013671875 0.908102130859375 0.915519572265625 0.911464296875 0.892585396484375 0.93911958203125 0.858546880859375 0.96269803515625 0.867907884765625 0.98238915625 0.8907933359375 0.986615546875 0.892008126953125 0.993834677734375 0.685279267578125 0.93791767578125 0.648479359375 0.9123955546875 0.64588058203125 0.8954114921875 0.618820849609375 0.89829721484375 0.609530236328125 0.91129649609375 0.60400784375 0.90406866015625 0.590949005859375 0.885249208984375 0.59199933984375 0.876364650390625 0.601934234375 0.867431369140625 0.58881583984375 0.877257982421875 0.576352556640625 0.813165734375 0.553624107421875 0.791590501953125 0.5357954375 0.78682066796875 0.55014283203125 0.818569015625 0.57003428125 0.807275177734375 0.575616228515625 0.778937720703125 0.555843890625 0.77757877734375 0.570310396484375 0.784806615234375 0.583369234375 0.823257630859375 0.606909794921875 0.83195269140625 0.62684996875 0.80924590625 0.641424751953125 0.8138262421875 0.65695242578125 0.80576462890625 0.6677698203125 0.783534287109375 0.668701044921875 0.77030761328125 0.656286484375 0.748959771484375 0.656394763671875 0.7472326640625 0.705852671875 0.711515765625 0.750708580078125 0.713973767578125 0.7781148125 0.6973849296875 0.7886344296875 0.67356825390625 0.78609520703125 0.659399525390625 0.7762090390625 0.668998748046875 0.745808802734375 0.66506269140625 0.736279966796875 0.6196112265625 0.717617517578125 0.6081495546875 0.7035570703125 0.58603832421875 0.701077404296875 0.564641759765625 0.678132396484375 0.508957625 0.659112615234375 0.5037221796875 0.66234483984375 0.48132400390625 0.64363366796875 0.475801611328125 0.630634384765625 0.460690826171875 0.62327660546875 0.436516818359375 0.6309700546875 0.394573693359375 0.658533291015625 0.34622567578125 0.6739201875 0.344341564453125 0.67897696875 0.366799296875 0.6959826953125 0.3724895234375 0.728624375 0.357427462890625 0.744319880859375 0.330080787109375 0.745072439453125 0.293134884765625 0.776225232421875 0.2539096484375 0.77485545703125 0.238571474609375 0.749560724609375 0.22022846484375 0.7369675 0.218355185546875 0.717265546875 0.199357068359375 0.72343221875 0.17972550390625 0.698841322265625 0.179238228515625 0.73724361328125 0.171295724609375 0.744650115234375 0.15911938671875 0.751055009765625 0.121599595703125 0.7497447890625 0.097701703125 0.7984284765625 0.06311635546875 0.810880927734375 0.0340046796875 0.813279375 0 0.776813822265625 0 0.982844388671875 0.49127247265625 1 0.71582416796875 1