1 0.5029296875 0.5771484375 0.099609375 0.123046875
1 0.830078125 0.041015625 0.05859375 0.08203125
1 0.5732421875 0.4697265625 0.091796875 0.1328125
1 0.6650390625 0.4501953125 0.08203125 0.08984375
1 0.3291015625 0.31640625 0.0625 0.12109375
1 0.9443359375 0.962890625 0.111328125 0.0546875
1 0.3359375 0.873046875 0.078125 0.15625
1 0.0302734375 0.5283203125 0.060546875 0.068359375
1 0.564453125 0.23828125 0.091796875 0.078125
1 0.8857421875 0.1845703125 0.046875 0.05859375
1 0.97265625 0.171875 0.044921875 0.078125
1 0.9814453125 0.359375 0.03515625 0.064453125
1 0.63671875 0.2041015625 0.0390625 0.0390625
1 0.7275390625 0.384765625 0.037109375 0.052734375
1 0.2275390625 0.2373046875 0.05078125 0.056640625
0 1 0.522841611328125 0.9713255234375 0.496691765625 0.950074515625 0.500341888671875 0.942050705078125 0.510319509765625 0.910793466796875 0.504306732421875 0.889685509765625 0.516152330078125 0.873294564453125 0.516438435546875 0.85575505078125 0.4978892578125 0.857022208984375 0.476552416015625 0.836462 0.4728123125 0.8301631171875 0.48767860546875 0.7990489296875 0.489861298828125 0.750162197265625 0.507110560546875 0.73888880859375 0.51878449609375 0.714331 0.520852748046875 0.710390623046875 0.52993929296875 0.7175192109375 0.562606744140625 0.700490537109375 0.620289771484375 0.681941361328125 0.63782928515625 0.655744458984375 0.639926146484375 0.646167384765625 0.65484966015625 0.621004607421875 0.669225427734375 0.59244505078125 0.723830537109375 0.59701071484375 0.79753257421875 0.5690233671875 0.884919576171875 0.56019431640625 0.895731046875 0.541416255859375 0.9001578046875 0.519989435546875 0.940701865234375 0.48462015234375 0.9339410625 0.48898554296875 0.996169435546875 0.48820419921875 1 0.50436343359375 1 0.603636083984375 0.998267189453125 0.617930416015625 0.96276641015625 0.6751270625 0.9519304765625 0.674697904296875 0.927344056640625 0.668889546875 0.92334645703125 0.66578301953125 0.93323824609375 0.6616137578125 0.92921203515625 0.65931662109375 0.891541470703125 0.706915880859375 0.800532953125 0.71580215625 0.79299966796875 0.732193099609375 0.792713564453125 0.74869848828125 0.79898383984375 0.76123488671875 0.812701564453125 0.769973958984375 0.84370130859375 0.743053498046875 0.898277806640625 0.694076787109375 0.957338287109375 0.678462470703125 0.955151443359375 0.678662744140625 0.96662510546875 0.692176048828125 0.989343546875 0.700428744140625 0.992478681640625 0.700413083984375 0.99657794140625 0.794314328125 0.994938888671875 0.80507330078125 0.975895759765625 0.798431091796875 0.971092916015625 0.8047871953125 0.9595048125 0.796534501953125 0.956369677734375 0.80119429296875 0.9415319921875 0.789033978515625 0.90239399609375 0.76927901171875 0.8978200390625 0.806205703125 0.852906443359375 0.8076159140625 0.839765076171875 0.79758107421875 0.828463078125 0.81196098828125 0.806897353515625 0.811646271484375 0.7888673125 0.794683115234375 0.75637152734375 0.78715398046875 0.70075675390625 0.803058548828125 0.6726060390625 0.832995556640625 0.64994896875 0.85102559765625 0.64963425390625 0.866063552734375 0.665767705078125 0.892460728515625 0.67514450390625 0.916127462890625 0.6689928203125 0.926223673828125 0.6368445078125 0.96326066015625 0.64521579296875 0.968692931640625 0.674633662109375 0.94122887109375 0.698067365234375 0.90513603125 0.743786203125 0.869390666015625 0.762445673828125 0.849231005859375 0.78165289453125 0.84310378515625 0.80635375390625 0.8472444375 0.808740869140625 0.858689490234375 0.806901501953125 0.89731249609375 0.765237486328125 0.916867189453125 0.758337779296875 0.930327419921875 0.73104953125 0.92848805078125 0.719604478515625 0.958367837890625 0.69366921875 0.9813723828125 0.696546861328125 1 0.690457435546875 1 0.522841611328125
0 0.911386416015625 0.303446119140625 0.927834583984375 0.306438203125 0.928635677734375 0.3523328515625 0.937346138671875 0.3816935 0.948962853515625 0.389688701171875 0.968574767578125 0.386067185546875 0.948247591796875 0.3487113359375 0.950520265625 0.3380143046875 0.97812737890625 0.322776076171875 0.99293644921875 0.325796771484375 0.997120017578125 0.33064252734375 0.996718517578125 0.307640568359375 0.9826727265625 0.301382015625 0.96139310546875 0.303393046875 0.954550623046875 0.287116541015625 0.9317177421875 0.294073466796875 0.91363048046875 0.291109994140625 0.911386416015625 0.303446119140625
0 0.90946536328125 0.240355283203125 0.930802205078125 0.24162244140625 0.93594837109375 0.254649365234375 0.9540356328125 0.257612837890625 0.958405169921875 0.2731127109375 0.96823973828125 0.272941048828125 0.990353208984375 0.271735259765625 0.9959979140625 0.26635723828125 0.9951590546875 0.218298986328125 0.989266009765625 0.209449666015625 0.948374478515625 0.215082212890625 0.926980416015625 0.210536865234375 0.922263404296875 0.222096359375 0.90834540625 0.223159095703125 0.90946536328125 0.240355283203125
0 0.61331210546875 0.510319083984375 0.6239519140625 0.5093135703125 0.64074340625 0.5319747890625 0.643907154296875 0.5253611875 0.654604185546875 0.52763386328125 0.64807641796875 0.5293873984375 0.653050921875 0.5325797578125 0.651812375 0.55555569140625 0.6577065625 0.564470576171875 0.666735888671875 0.565132765625 0.676169908203125 0.54201377734375 0.706883548828125 0.5168837578125 0.701251001953125 0.4759922265625 0.680719404296875 0.47389121484375 0.6646145625 0.490568265625 0.651530416015625 0.492436244140625 0.633990904296875 0.47388706640625 0.6296213671875 0.4583871953125 0.608341748046875 0.4603982265625 0.6043441484375 0.466206583984375 0.616018083984375 0.47747997265625 0.61331210546875 0.510319083984375
0 0.524355248046875 0.67419163671875 0.52167787890625 0.70866984375 0.528377310546875 0.716750875 0.540227056640625 0.691130330078125 0.58281490625 0.688747361328125 0.59972498828125 0.671236458984375 0.602602630859375 0.6482319140625 0.582071033203125 0.646130904296875 0.568672171875 0.629968841796875 0.557227119140625 0.631808208984375 0.540407015625 0.60750789453125 0.524044681640625 0.609433095703125 0.51237074609375 0.59815970703125 0.5084589765625 0.60888534765625 0.524355248046875 0.67419163671875
0 0.3812226015625 1 0.392107298828125 0.988022890625 0.3967098671875 0.969907017578125 0.394008037109375 0.95601762890625 0.364618775390625 0.963088998046875 0.34978109375 0.95842920703125 0.3320413046875 0.9284063671875 0.348317810546875 0.921563884765625 0.345620125 0.860945994140625 0.35864705078125 0.855799828125 0.35977115625 0.826267515625 0.345795935546875 0.824052060546875 0.338953453125 0.80777555859375 0.299701015625 0.813379494140625 0.27537208984375 0.82856050390625 0.2465264296875 0.86677466796875 0.205463234375 0.862572646484375 0.198015783203125 0.858603658203125 0.192755171875 0.839020353515625 0.172571048828125 0.809859978515625 0.179994037109375 0.76546137109375 0.195236416015625 0.746339984375 0.226350603515625 0.7441572890625 0.253700220703125 0.714167208984375 0.30773312109375 0.709944873046875 0.3225994140625 0.716243755859375 0.341663580078125 0.7282079453125 0.351841474609375 0.747705416015625 0.345971748046875 0.78715812890625 0.402677869140625 0.7951860859375 0.410182541015625 0.802433265625 0.413918498046875 0.828601556640625 0.4420406015625 0.84286703125 0.447501484375 0.87392399609375 0.4384107890625 0.9167121171875 0.47366562890625 0.9169165390625 0.468266115234375 0.84240926171875 0.416824751953125 0.807236107421875 0.4255435078125 0.743139755859375 0.454675275390625 0.72131653515625 0.42540875390625 0.641487279296875 0.42667591015625 0.620150439453125 0.440279193359375 0.6010576640625 0.454111359375 0.595077642578125 0.4552926875 0.56882351953125 0.469844265625 0.55709236328125 0.471025591796875 0.53083823828125 0.48715904296875 0.51580028125 0.489260052734375 0.49526868359375 0.5048457578125 0.495816431640625 0.50697123046875 0.5236524296875 0.527241185546875 0.55773008984375 0.53635634375 0.5633095625 0.546938931640625 0.559025859375 0.5530089296875 0.53104680859375 0.536188828125 0.506746494140625 0.533748640625 0.46088045703125 0.590373078125 0.417262630859375 0.590001140625 0.395954400390625 0.581490951171875 0.3780674140625 0.5884275625 0.305804197265625 0.597285224609375 0.2966318203125 0.62837080078125 0.29281003125 0.632253958984375 0.280445294921875 0.645280884765625 0.275299126953125 0.653909662109375 0.253013994140625 0.663858671875 0.259398708984375 0.703254162109375 0.26199024609375 0.714323130859375 0.2855711484375 0.711846033203125 0.33152301953125 0.7054899296875 0.34311112109375 0.70758679296875 0.369308025390625 0.7133665390625 0.37166653125 0.7360277578125 0.354875037109375 0.76397819921875 0.359305943359375 0.77249253515625 0.330464431640625 0.792709416015625 0.314535400390625 0.814189310546875 0.32399803125 0.860831978515625 0.31908489453125 0.85687128515625 0.233075345703125 0.82897806640625 0.23192262890625 0.787771818359375 0.219525134765625 0.7437451484375 0.233410375 0.66820374609375 0.226530986328125 0.615781328125 0.2290856171875 0.590099416015625 0.260686181640625 0.57540478515625 0.264221865234375 0.550327841796875 0.283514916015625 0.545982767578125 0.316382638671875 0.53718232421875 0.32883320703125 0.52076276953125 0.32748021484375 0.501326666015625 0.294207798828125 0.499201193359375 0.26637180078125 0.509812390625 0.26372719140625 0.51208506640625 0.253030162109375 0.504609001953125 0.247422078125 0.488303888671875 0.25262546484375 0.466909826171875 0.248080119140625 0.467449279296875 0.325951416015625 0.488324203125 0.3477215625 0.529158515625 0.338810826171875 0.561564322265625 0.36365888671875 0.5653575 0.393105369140625 0.55658566796875 0.407195029296875 0.53783621875 0.4132608828125 0.53559215625 0.4255970078125 0.490731634765625 0.438677005859375 0.483308642578125 0.483075611328125 0.47603285546875 0.488941189453125 0.456306498046875 0.486006328125 0.448601552734375 0.46728548828125 0.432844185546875 0.456903171875 0.4255970078125 0.46440784375 0.43916753125 0.49040447265625 0.4413502265625 0.52151866015625 0.433812794921875 0.55936088671875 0.42104336328125 0.57925890625 0.419862037109375 0.60551303125 0.390730271484375 0.62733625 0.385265240234375 0.64300778515625 0.336721833984375 0.6799261796875 0.310553541015625 0.683662138671875 0.27489815625 0.660510392578125 0.26552965234375 0.59345056640625 0.275711693359375 0.5662195390625 0.3117145546875 0.56231191796875 0.330059310546875 0.5800272421875 0.34098937109375 0.548684171875 0.371241095703125 0.544057142578125 0.3685720234375 0.485078345703125 0.347897373046875 0.474781865234375 0.33187836328125 0.49637619921875 0.29748598828125 0.49861611328125 0.288656935546875 0.5094275859375 0.28272998828125 0.545602109375 0.269126705078125 0.56469488671875 0.254489296875 0.571508759765625 0.2413765390625 0.571737642578125 0.210552607421875 0.54358278125 0.204429533203125 0.521555142578125 0.189072712890625 0.53412015234375 0.186023408203125 0.54729012890625 0.194619427734375 0.5700943984375 0.1887783125 0.61118620703125 0.191447384765625 0.670165 0.168009533203125 0.689429439453125 0.14267509375 0.693970640625 0.143447578125 0.738226193359375 0.11178149609375 0.802723091796875 0.094728359375 0.8120385234375 0.081615603515625 0.812267408203125 0.076583876953125 0.805796861328125 0.0643908046875 0.811748271484375 0.06303781640625 0.828167826171875 0.07333015234375 0.85422167578125 0.050926427734375 0.88576501953125 0.04646691015625 0.9120763671875 0.0072022109375 0.916977833984375 0.008651369140625 1 0.08137943359375 1 0.08341391796875 0.9622588671875 0.099432927734375 0.94066453125 0.116371619140625 0.92479272265625 0.12456709375 0.924649671875 0.163962583984375 0.92724120703125 0.175693740234375 0.94179278515625 0.2084756328125 0.941220576171875 0.220096494140625 0.902487275390625 0.248480240234375 0.88477609765625 0.279246953125 0.90965276953125 0.278466171875 0.958854216796875 0.268083859375 0.974611583984375 0.254223080078125 0.978952509765625 0.267507498046875 0.988558193359375 0.2732030390625 1 0.3812226015625 1