1 0.802734375 0.431640625 0.0830078125 0.0703125
1 0.607421875 0.373046875 0.0625 0.0625
1 0.6884765625 0.431640625 0.0498046875 0.0703125
1 0.662109375 0.3173828125 0.064453125 0.0517578125
1 0.537109375 0.4228515625 0.056640625 0.078125
1 0.5869140625 0.3251953125 0.044921875 0.0498046875
1 0.369140625 0.369140625 0.0673828125 0.056640625
1 0.33203125 0.4267578125 0.060546875 0.0576171875
0 1 0.58984375 0.9484375 0.57421875 0.94375 0.55859375 0.953125 0.51328125 0.921875 0.48046875 0.9203125 0.44140625 0.89921875 0.4328125 0.8953125 0.45078125 0.88984375 0.453125 0.8875 0.42421875 0.82734375 0.3703125 0.73984375 0.34375 0.73984375 0.3296875 0.76875 0.31796875 0.765625 0.30546875 0.73515625 0.2765625 0.69140625 0.2828125 0.6890625 0.25859375 0.703125 0.24296875 0.66640625 0.20625 0.65234375 0.203125 0.62265625 0.215625 0.58359375 0.2171875 0.55078125 0.2328125 0.39765625 0.2375 0.25859375 0.2703125 0.153125 0.31484375 0.17890625 0.3265625 0.19609375 0.3109375 0.21796875 0.315625 0.2265625 0.33046875 0.21484375 0.35 0.18984375 0.3546875 0.17265625 0.36875 0.05546875 0.4203125 0 0.43203125 0 0.59921875 0.01640625 0.6046875 0.0234375 0.59609375 0.0203125 0.57578125 0.028125 0.56171875 0.0296875 0.52734375 0.053125 0.51015625 0.0546875 0.49453125 0.06640625 0.478125 0.10625 0.45859375 0.12109375 0.4234375 0.14296875 0.4265625 0.15703125 0.41875 0.16953125 0.4 0.18515625 0.4046875 0.19765625 0.396875 0.21640625 0.44375 0.228125 0.43515625 0.2359375 0.37578125 0.24453125 0.371875 0.25546875 0.3796875 0.26796875 0.3578125 0.28671875 0.3546875 0.2984375 0.33828125 0.29609375 0.3328125 0.27109375 0.3328125 0.25859375 0.3359375 0.24921875 0.346875 0.23828125 0.346875 0.23203125 0.3140625 0.26328125 0.3140625 0.265625 0.29921875 0.28203125 0.2859375 0.30703125 0.2953125 0.32265625 0.275 0.33359375 0.2828125 0.35078125 0.2828125 0.37421875 0.2734375 0.39296875 0.296875 0.41640625 0.2875 0.43359375 0.2953125 0.45234375 0.2703125 0.48671875 0.2671875 0.50234375 0.2875 0.51640625 0.2875 0.53828125 0.271875 0.55078125 0.2796875 0.56171875 0.2765625 0.5625 0.26796875 0.57734375 0.2578125 0.60546875 0.26875 0.61484375 0.25625 0.62734375 0.253125 0.63515625 0.2640625 0.65 0.26796875 0.64765625 0.2828125 0.62421875 0.290625 0.60390625 0.2875 0.58828125 0.296875 0.55390625 0.29375 0.54296875 0.3 0.49609375 0.3 0.478125 0.31328125 0.478125 0.32734375 0.4828125 0.32890625 0.478125 0.34140625 0.490625 0.34921875 0.49140625 0.359375 0.45703125 0.371875 0.43359375 0.3609375 0.4078125 0.38203125 0.43203125 0.390625 0.44140625 0.375 0.50078125 0.3765625 0.51796875 0.3890625 0.54609375 0.3921875 0.56171875 0.403125 0.5828125 0.35078125 0.57890625 0.3453125 0.56484375 0.3453125 0.55390625 0.3328125 0.54609375 0.346875 0.53984375 0.33125 0.52109375 0.3328125 0.51953125 0.3140625 0.53671875 0.3140625 0.54609375 0.328125 0.56171875 0.321875 0.58359375 0.3015625 0.62421875 0.3140625 0.64453125 0.3 0.67421875 0.29375 0.68671875 0.2984375 0.7 0.31640625 0.7015625 0.33203125 0.69296875 0.3375 0.6390625 0.34140625 0.64296875 0.3953125 0.69921875 0.4 0.71328125 0.40625 0.73046875 0.3796875 0.74140625 0.3828125 0.74921875 0.378125 0.76484375 0.4078125 0.77734375 0.3828125 0.78515625 0.39375 0.79296875 0.3828125 0.79921875 0.4 0.83046875 0.3953125 0.84140625 0.4046875 0.8515625 0.41640625 0.85 0.43828125 0.86015625 0.440625 0.8671875 0.45234375 0.85859375 0.4609375 0.76953125 0.465625 0.75703125 0.4921875 0.72265625 0.4953125 0.7125 0.48984375 0.70703125 0.4640625 0.67578125 0.46875 0.665625 0.49921875 0.66328125 0.5328125 0.61796875 0.525 0.60078125 0.5296875 0.55859375 0.525 0.540625 0.51328125 0.540625 0.47734375 0.53515625 0.471875 0.5140625 0.47265625 0.51015625 0.515625 0.49296875 0.5140625 0.48359375 0.490625 0.44765625 0.4890625 0.428125 0.49921875 0.4203125 0.52421875 0.41171875 0.528125 0.39453125 0.5265625 0.38359375 0.515625 0.35234375 0.51875 0.346875 0.50703125 0.3484375 0.47890625 0.34140625 0.4734375 0.26953125 0.4734375 0.25234375 0.478125 0.24921875 0.484375 0.21640625 0.475 0.20703125 0.5 0.17265625 0.525 0.14921875 0.5546875 0.11171875 0.5703125 0.08671875 0.6015625 0.06015625 0.6109375 0.00078125 0.609375 0.00078125 1 0.26171875 1 0.26796875 0.9921875 0.31953125 0.971875 0.38359375 0.96875 0.40546875 0.9734375 0.41640625 0.95625 0.43203125 0.95625 0.4546875 0.97265625 0.45859375 1 0.51484375 1 0.515625 0.98515625 0.5015625 0.97734375 0.490625 0.95390625 0.509375 0.82109375 0.52890625 0.78125 0.5484375 0.81796875 0.55390625 0.81875 0.58125 0.76171875 0.61328125 0.7453125 0.65546875 0.7609375 0.68125 0.80078125 0.690625 0.82578125 0.6921875 0.88359375 0.68046875 0.903125 0.66171875 0.9015625 0.64765625 0.8859375 0.6 0.89609375 0.6 0.97890625 0.59453125 1 0.81484375 1 0.81640625 0.990625 0.84453125 1 0.84765625 0.9890625 0.86328125 1 1 0.99921875 1 0.58984375
0 0.81953125 0.225 0.7578125 0.22890625 0.759375 0.27265625 0.7703125 0.28046875 0.76875 0.25390625 0.80078125 0.2359375 0.82109375 0.2421875 0.81953125 0.225
0 0.946875 0.26796875 0.9484375 0.27890625 0.96484375 0.2890625 0.97578125 0.2859375 0.98046875 0.2921875 0.9984375 0.29296875 1 0.25078125 0.98515625 0.25625 0.95703125 0.246875 0.946875 0.26796875
0 0.88359375 0.253125 0.8921875 0.25390625 0.8984375 0.27421875 0.91328125 0.284375 0.93515625 0.284375 0.9453125 0.27421875 0.9296875 0.26328125 0.93125 0.24296875 0.91953125 0.228125 0.9046875 0.23203125 0.90546875 0.2375 0.921875 0.23984375 0.91484375 0.2453125 0.90703125 0.2421875 0.88671875 0.25 0.86640625 0.25 0.86015625 0.2375 0.85859375 0.25 0.828125 0.26015625 0.825 0.28984375 0.8296875 0.30078125 0.83984375 0.2796875 0.86015625 0.2796875 0.8671875 0.26484375 0.88359375 0.253125