1 0.3505859375 0.70703125 0.16796875 0.1015625
1 0.48828125 0.701171875 0.1328125 0.109375
1 0.802734375 0.693359375 0.173828125 0.09375
1 0.7275390625 0.80859375 0.19140625 0.12109375
1 0.48828125 0.4658203125 0.09375 0.0703125
1 0.58984375 0.4560546875 0.095703125 0.072265625
1 0.3173828125 0.4912109375 0.095703125 0.0625
1 0.40625 0.484375 0.087890625 0.07421875
1 0.1552734375 0.5009765625 0.09765625 0.0703125
1 0.1044921875 0.619140625 0.109375 0.083984375
1 0.2783203125 0.5966796875 0.099609375 0.0703125
1 0.8115234375 0.431640625 0.09375 0.068359375
1 0.9638671875 0.41796875 0.072265625 0.0625
1 0.9091796875 0.796875 0.134765625 0.0859375
1 0.5869140625 0.8046875 0.12109375 0.10546875
1 0.4033203125 0.8076171875 0.177734375 0.091796875
1 0.1875 0.7431640625 0.134765625 0.09765625
1 0.7783203125 0.5400390625 0.109375 0.08203125
1 0.4755859375 0.5556640625 0.0859375 0.0625
1 0.75 0.0498046875 0.04296875 0.044921875
1 0.654296875 0.689453125 0.140625 0.076171875
0 0.482374828125 0.624881185546875 0.4878768125 0.615564873046875 0.50022539453125 0.612386263671875 0.489823318359375 0.610850458984375 0.485558947265625 0.602468056640625 0.472462130859375 0.604785921875 0.466363767578125 0.59950895703125 0.460822439453125 0.620948833984375 0.467145826171875 0.623007849609375 0.482374828125 0.624881185546875
0 0.887262015625 0.4995936875 0.894823017578125 0.48395398828125 0.932431318359375 0.46637329296875 0.91742733984375 0.4612820078125 0.901000064453125 0.464983826171875 0.87914948828125 0.4537548359375 0.8631667421875 0.48578246875 0.863763125 0.500375748046875 0.887262015625 0.4995936875
0 0.030014865234375 0.053307052734375 0.028634724609375 0.07304398828125 0.031646537109375 0.064655935546875 0.056118681640625 0.06151666796875 0.083505072265625 0.08606749609375 0.09263570703125 0.0826638671875 0.095594806640625 0.0634686875 0.030014865234375 0.053307052734375
0 1 0.4509811328125 0.962107259765625 0.44662107421875 0.949606826171875 0.463532216796875 0.938867216796875 0.4668233359375 0.978191490234375 0.482507890625 0.99675094921875 0.4829972734375 1 0.476276708984375 1 0.4509811328125
0 0.17336130859375 0.4658413046875 0.17834008203125 0.45244630078125 0.157912798828125 0.432424205078125 0.103320185546875 0.426989875 0.096541244140625 0.46612846875 0.17336130859375 0.4658413046875
0 0.6307718203125 0.653043373046875 0.656290388671875 0.658061490234375 0.661269162109375 0.644666484375 0.657640513671875 0.638753798828125 0.632009435546875 0.63534465625 0.574795251953125 0.6442785859375 0.53180298828125 0.63480490625 0.52106337890625 0.6380960234375 0.516720326171875 0.653960748046875 0.53116175390625 0.66709690234375 0.573630806640625 0.672491890625 0.6307718203125 0.653043373046875
0 0.463044333984375 0.531369484375 0.543346708984375 0.51596583203125 0.57081178125 0.51626953515625 0.593376763671875 0.505721119140625 0.5948393984375 0.484804453125 0.56685111328125 0.48042205859375 0.51929077734375 0.49003105078125 0.5041349453125 0.498672302734375 0.463798080078125 0.497468515625 0.449913689453125 0.51104919921875 0.429520236328125 0.51366525390625 0.43483102734375 0.530205041015625 0.463044333984375 0.531369484375
0 0.851819728515625 0.544003732421875 0.85605026953125 0.529747984375 0.86181110546875 0.539851873046875 0.86892206640625 0.530648068359375 0.8959764375 0.525264107421875 0.8814225 0.513736923828125 0.868550705078125 0.512836841796875 0.865782798828125 0.506175923828125 0.857287884765625 0.512049267578125 0.8465876171875 0.50321682421875 0.82522091015625 0.5081900859375 0.816990359375 0.49872191796875 0.821783453125 0.47642130078125 0.815499408203125 0.462238720703125 0.78171094921875 0.459876001953125 0.75012784375 0.472219072265625 0.68704031640625 0.47265808984375 0.675850666015625 0.482385103515625 0.681088287109375 0.488410298828125 0.70556043359375 0.485271033203125 0.76164951171875 0.49242684765625 0.787201908203125 0.52008311328125 0.832028166015625 0.52645135546875 0.83980867578125 0.54235541796875 0.851819728515625 0.544003732421875
0 0.729515630859375 0.6744997890625 0.786954833984375 0.662347912109375 0.800057162109375 0.625268333984375 0.84144596484375 0.599867791015625 0.853833888671875 0.58456562109375 0.87590948828125 0.592576666015625 0.8938332265625 0.59059633203125 0.895852900390625 0.596396505859375 0.882643576171875 0.60032334765625 0.881968513671875 0.60997719140625 0.89719751171875 0.61185052734375 0.90086550390625 0.60563965234375 0.9400434375 0.600295029296875 0.9419167734375 0.585066029296875 0.928184236328125 0.584914177734375 0.92586637109375 0.571817365234375 0.913219599609375 0.56769933203125 0.909551609375 0.573910208984375 0.886575927734375 0.578770958984375 0.83130825 0.5829904765625 0.80841125 0.5636041015625 0.8065379140625 0.5788331015625 0.81233808984375 0.57681342578125 0.812748791015625 0.582501091796875 0.80283058203125 0.5971675390625 0.721369275390625 0.606022787109375 0.69906865625 0.60122969140625 0.68641637109375 0.631873373046875 0.691952181640625 0.645195208984375 0.68843053125 0.672435259765625 0.713386546875 0.685498248046875 0.729515630859375 0.6744997890625
0 0 0.59954302734375 0.030140546875 0.5948747265625 0.047017861328125 0.58473701171875 0.07276144921875 0.586537177734375 0.138470544921875 0.571729904296875 0.151117318359375 0.575847935546875 0.231082162109375 0.565271205078125 0.264386751953125 0.551431671875 0.2864623515625 0.55944271484375 0.337803189453125 0.542013873046875 0.404856896484375 0.54266062109375 0.363962990234375 0.5147399921875 0.2922680390625 0.522661326171875 0.273556728515625 0.53590448046875 0.254024017578125 0.537772302734375 0.198047447265625 0.529007515625 0.1872685 0.544422197265625 0.156135435546875 0.550329369140625 0.142104708984375 0.542880876953125 0.12810780859375 0.55807053515625 0.06513279296875 0.556900578125 0.054877052734375 0.57639394921875 0.04402493359375 0.581294041015625 0.033847876953125 0.576540287109375 0.032615775390625 0.55947729296875 0 0.57163548046875 0 0.59954302734375
0 0.963016291015625 1 0.966510279296875 0.99638569140625 0.970501275390625 0.939311796875 0.92483798828125 0.921791697265625 0.924061443359375 0.86353108984375 0.935926154296875 0.84415023046875 0.893642783203125 0.84766085546875 0.8709708046875 0.82505653515625 0.84230745703125 0.830327986328125 0.837362509765625 0.866361140625 0.8235568046875 0.855694701171875 0.795118478515625 0.857748203125 0.78699492578125 0.881432775390625 0.789312791015625 0.894529591796875 0.77284617578125 0.910354970703125 0.747440119140625 0.9037278828125 0.73902388671875 0.8853541015625 0.70040850390625 0.8826538515625 0.68155085546875 0.874867828125 0.67739899609375 0.864876451171875 0.6457820625 0.85458137109375 0.53625930078125 0.84853963671875 0.519230134765625 0.872409888671875 0.531123162109375 0.910428890625 0.51192246875 0.94223150390625 0.45815125390625 0.94817250390625 0.3735506796875 0.93255560546875 0.361989669921875 0.924471392578125 0.35944678515625 0.91459252734375 0.371238328125 0.884697078125 0.370568779296875 0.8595892109375 0.325855029296875 0.85161199609375 0.252776125 0.85620287109375 0.243049111328125 0.845013220703125 0.2504637734375 0.80834434375 0.242120712890625 0.80048515234375 0.221204046875 0.799022517578125 0.19475156640625 0.784238044921875 0.145098384765625 0.777532271484375 0.131889060546875 0.78145911328125 0.12118879296875 0.77262666796875 0.058213775390625 0.771456708984375 0.04343481640625 0.763147474609375 0.053133515625 0.71693726171875 0.06099270703125 0.708594201171875 0.120187224609375 0.717584009765625 0.137587751953125 0.711524986328125 0.142155826171875 0.69244231640625 0.149902505859375 0.685708228515625 0.16932270703125 0.68544937890625 0.174858521484375 0.698771216796875 0.202211083984375 0.700683892578125 0.234953123046875 0.69488923046875 0.242289103515625 0.682467478515625 0.276190072265625 0.683221224609375 0.306051693359375 0.6723746171875 0.382461056640625 0.6663997890625 0.388002384765625 0.644959912109375 0.367648271484375 0.63545240234375 0.375394953125 0.62871831640625 0.3997884140625 0.64982617578125 0.42171767578125 0.63680804296875 0.441137875 0.636549193359375 0.45300258984375 0.617168333984375 0.428344763671875 0.611401986328125 0.32895971875 0.622237564453125 0.288206638671875 0.650107826171875 0.270282900390625 0.65208816015625 0.244651822265625 0.64867901953125 0.235560529296875 0.639959083984375 0.225456640625 0.64571991796875 0.1865037265625 0.64784658984375 0.16993011328125 0.630519234375 0.157879720703125 0.64099448046875 0.09318321875 0.641320984375 0.065268103515625 0.6474531796875 0.049437208984375 0.66574827734375 0.020363162109375 0.665332064453125 0.006591287109375 0.6773037734375 0 0.677743333984375 0 0.921439294921875 0.056391556640625 0.9362471484375 0.086247662109375 0.96016225390625 0.08674464453125 0.9723233203125 0.29215702734375 0.98668715234375 0.300764453125 0.979204833984375 0.372830763671875 0.9890947265625 0.429594904296875 0.986596693359375 0.4409871484375 0.997094369140625 0.482539607421875 1 0.6466973203125 1 0.657472873046875 0.9879798984375 0.670682197265625 0.98405305859375 0.730326755859375 0.986606970703125 0.80859206640625 1 0.867898572265625 1 0.9064925234375 0.9876077890625 0.95077605859375 1 0.963016291015625 1
0 1 0.108853048828125 0.825545916015625 0.110469736328125 0.804066697265625 0.11705197265625 0.783150033203125 0.1155893359375 0.773946228515625 0.108478376953125 0.73360936328125 0.10727458984375 0.707303220703125 0.113519294921875 0.61880963671875 0.107331220703125 0.6005483671875 0.1141384765625 0.510445806640625 0.107837890625 0.400022962890625 0.11466794921875 0.28728225390625 0.108401193359375 0.274297947265625 0.109110083984375 0.25835454296875 0.12901415625 0.132291998046875 0.128283212890625 0.128511498046875 0.136103064453125 0.09277653125 0.138454755859375 0.079117166015625 0.1488174921875 0.029238962890625 0.14532966796875 0.023779833984375 0.142472140625 0.006070849609375 0.39572243359375 0.025234189453125 0.38757589453125 0.059022650390625 0.38993861328125 0.0781053203125 0.3945066875 0.097671861328125 0.415277013671875 0.107213197265625 0.41756105078125 0.114099134765625 0.4115751953125 0.16753281640625 0.4104611171875 0.18864067578125 0.386067654296875 0.216780810546875 0.37671751171875 0.2328705546875 0.377842615234375 0.244094033203125 0.39075375 0.24206884375 0.4197152890625 0.26403193359375 0.429335306640625 0.259013818359375 0.454853873046875 0.280791224609375 0.45556827734375 0.283339623046875 0.430685431640625 0.299356197265625 0.421295947265625 0.312751203125 0.42627472265625 0.309792103515625 0.44546990234375 0.315142236328125 0.449886125 0.368800939453125 0.44555409765625 0.426386484375 0.4544313984375 0.45187122265625 0.436811361328125 0.518064189453125 0.438206341796875 0.531836064453125 0.426234630859375 0.559413650390625 0.424929361328125 0.573073017578125 0.414566625 0.6127741640625 0.4133006953125 0.6146475 0.398071693359375 0.569708728515625 0.393312427734375 0.55826023046875 0.383619240234375 0.57162140625 0.36595986328125 0.59908648046875 0.366263568359375 0.606231267578125 0.3796979140625 0.623929984375 0.38093552734375 0.6344839140625 0.368738798828125 0.669397478515625 0.3550117734375 0.68095848828125 0.363095986328125 0.680170916015625 0.3743588046875 0.666061505859375 0.391157439453125 0.66613467578125 0.40167202734375 0.764282107421875 0.4085351640625 0.78299341796875 0.395292009765625 0.80413510546875 0.393536697265625 0.8131925703125 0.379618482421875 0.823932177734375 0.37632736328125 0.832578943359375 0.356721482421875 0.868651439453125 0.3495428671875 0.881078705078125 0.322117134765625 0.890096828125 0.32032248046875 0.904465087890625 0.32294405078125 0.909477689453125 0.332187193359375 0.9097365390625 0.351607396484375 0.9021755390625 0.36724709765625 0.923238541015625 0.389738908203125 0.924920685546875 0.4003660078125 0.935362103515625 0.38977825 0.94931966015625 0.386712154296875 0.9547484765625 0.36688125 0.96956677734375 0.363066921875 0.9854315 0.367409974609375 0.99994609765625 0.39106071875 1 0.39106448828125 1 0.108853048828125