1 0.7099609375 0.90234375 0.384765625 0.1953125
1 0.16015625 0.5556640625 0.177734375 0.123046875
1 0.2099609375 0.6962890625 0.076171875 0.056640625
1 0.216796875 0.869140625 0.134765625 0.103515625
1 0.76953125 0.49609375 0.17578125 0.130859375
1 0.9052734375 0.150390625 0.083984375 0.072265625
1 0.8583984375 0.0419921875 0.091796875 0.060546875
1 0.650390625 0.0166015625 0.07421875 0.033203125
1 0.234375 0.3486328125 0.1796875 0.09375
1 0.3642578125 0.65625 0.201171875 0.107421875
0 0.047003859375 0.498215259765625 0.049944076171875 0.47461894140625 0.065339509765625 0.461252984375 0.097444494140625 0.45204156640625 0.1230660859375 0.456399896484375 0.135720884765625 0.48789771875 0.169851142578125 0.480104412109375 0.228392869140625 0.439603162109375 0.26282670703125 0.433531546875 0.301814255859375 0.4532853125 0.31335452734375 0.488530099609375 0.304542279296875 0.49896004296875 0.30606018359375 0.507568501953125 0.32337689453125 0.515166427734375 0.3234766875 0.525800158203125 0.146134017578125 0.617427982421875 0.1374215625 0.638491658203125 0.154534484375 0.65500162109375 0.1718469921875 0.69277905078125 0.189671072265625 0.69318662890625 0.229170193359375 0.6755705390625 0.250836828125 0.7179058828125 0.2641029921875 0.722667583984375 0.296919134765625 0.69735377734375 0.291658470703125 0.65745128515625 0.318702375 0.6296048359375 0.3651880546875 0.62140815625 0.3834155078125 0.634171158203125 0.43931639453125 0.649167421875 0.447317693359375 0.644206134765625 0.44316735546875 0.6307361796875 0.42929402734375 0.62253109375 0.439121013671875 0.597720455078125 0.4374035234375 0.56784453125 0.423733984375 0.550727404296875 0.416851419921875 0.521762224609375 0.421916705078125 0.510217748046875 0.4410591015625 0.497966322265625 0.49149553515625 0.481972130859375 0.5016261015625 0.458883181640625 0.484612970703125 0.453006951171875 0.465474775390625 0.435078875 0.44157487890625 0.43041696484375 0.41180294921875 0.412588681640625 0.3674465390625 0.40265769921875 0.338181978515625 0.377639068359375 0.32116884765625 0.371762833984375 0.219489236328125 0.3790403671875 0.17968653515625 0.394934763671875 0.117098466796875 0.402420287109375 0.019768775390625 0.444435234375 0.006194826171875 0.468131345703125 0.022891765625 0.5628243984375 0.055296126953125 0.585514177734375 0.091755236328125 0.580860671875 0.067252380859375 0.542575875 0.076472205078125 0.5143218515625 0.061787927734375 0.511585421875 0.047003859375 0.498215259765625
0 1 0.707276150390625 0.966636259765625 0.730158396484375 0.957928005859375 0.72104256640625 0.960057275390625 0.702914904296875 0.953374294921875 0.695217189453125 0.9192440390625 0.70301049609375 0.897872580078125 0.722755853515625 0.86364253125 0.71991542578125 0.845011705078125 0.694797001953125 0.82597330078125 0.68750266015625 0.814329033203125 0.67180364453125 0.80157444140625 0.629672087890625 0.81737744921875 0.59848205078125 0.8058371796875 0.56323726171875 0.757022646484375 0.568294138671875 0.7204679453125 0.53213440625 0.655251646484375 0.5045789296875 0.64583223828125 0.511565490234375 0.64370296875 0.52969315234375 0.66223400390625 0.54417784375 0.672152375 0.590359943359375 0.700402197265625 0.629759271484375 0.70252726171875 0.641811115234375 0.6927002734375 0.66662175390625 0.70981319921875 0.68313171875 0.72671812890625 0.73873323046875 0.767726748046875 0.790084607421875 0.785342837890625 0.829583728515625 0.811467591796875 0.856931212890625 0.83111315625 0.86766894140625 0.8695975390625 0.864433548828125 0.892179119140625 0.881754462890625 0.915871025390625 0.92550791796875 0.91469878515625 0.934590720703125 1 0.919549814453125 1 0.707276150390625
0 0 0.543744330078125 0.002146126953125 0.55591562109375 0.035346982421875 0.5730547578125 0.050126849609375 0.616604423828125 0.0456687265625 0.63159228125 0.07786930078125 0.663194099609375 0.076347193359375 0.684765142578125 0.063584193359375 0.70299259765625 0.03080625 0.7184552578125 0.04321626171875 0.788835935546875 0.052734064453125 0.802542943359375 0.065089486328125 0.8021395703125 0.085042833984375 0.784419486328125 0.111982744140625 0.77611880859375 0.140240970703125 0.75515912890625 0.156043982421875 0.72396908984375 0.127590373046875 0.69348180078125 0.1160501015625 0.658237015625 0.145522650390625 0.6441641015625 0.143094005859375 0.630390568359375 0.099652541015625 0.595445158203125 0.0716065078125 0.547133791015625 0.0695854375 0.51553617578125 0.047003859375 0.498215259765625 0.02007235546875 0.446156927734375 0 0.436566697265625 0 0.543744330078125
0 0 0.37037733203125 0.003575 0.372731337890625 0.022817193359375 0.371113642578125 0.032440388671875 0.355215041015625 0.0293047890625 0.327364390625 0.039942724609375 0.297085095703125 0.063135669921875 0.287669888671875 0.077520568359375 0.258505123046875 0.090383361328125 0.250911400390625 0.10587858984375 0.248179173828125 0.126942265625 0.25689162890625 0.1570219765625 0.2462621015625 0.1734279453125 0.24869494921875 0.173536142578125 0.198969673828125 0.164424517578125 0.177498421875 0.149740240234375 0.1747619921875 0.12664708984375 0.1948109296875 0.076921814453125 0.19470273046875 0 0.227044423828125 0 0.37037733203125
0 0.426712033203125 0.25551555078125 0.41658566796875 0.24842499609375 0.400786861328125 0.249435529296875 0.355211923828125 0.26279728515625 0.309229408203125 0.293983119140625 0.15984138671875 0.362929572265625 0.150421974609375 0.369916130859375 0.152547041015625 0.3819679765625 0.166420369140625 0.390173060546875 0.181915595703125 0.387440833984375 0.354496564453125 0.309079177734375 0.412730505859375 0.297035740234375 0.427822359375 0.28194808984375 0.426712033203125 0.25551555078125
0 0.782807076171875 0.130593638671875 0.77976706640625 0.143556224609375 0.802444234375 0.201690375 0.8245226484375 0.196022134765625 0.849333287109375 0.205849119140625 0.855812478515625 0.222458876953125 0.8500360390625 0.25010573828125 0.86563105859375 0.258007244140625 0.903000912109375 0.25851881640625 0.96700288671875 0.279187525390625 0.968743552734375 0.27899155078125 0.9515912421875 0.1817159609375 0.94969878515625 0.181051087890625 0.89136505078125 0.18246079296875 0.861393537109375 0.143365044921875 0.83121403515625 0.14336084375 0.81096130859375 0.129179732421875 0.782807076171875 0.130593638671875
0 0.261320556640625 1 0.28189344921875 0.964511193359375 0.31085862890625 0.95762862890625 0.35116869921875 0.934543884765625 0.3610996796875 0.890187470703125 0.329909642578125 0.8743844609375 0.3210018046875 0.844001169921875 0.323434654296875 0.82759519921875 0.336197654296875 0.80936774609375 0.353921943359375 0.799141591796875 0.363748927734375 0.77433094921875 0.363852923828125 0.754785177734375 0.35230844921875 0.749719896484375 0.310883849609375 0.77655160546875 0.27462852734375 0.772293068359375 0.2729026328125 0.80277615234375 0.25618887890625 0.828801115234375 0.280080369140625 0.89382203515625 0.218095259765625 0.934930443359375 0.1747493828125 0.94079826953125 0.1513526484375 0.959125517578125 0.146894529296875 0.974113375 0.17095428125 1 0.171563951171875 1 0.18851451171875 0.9987286328125 0.201884673828125 0.983944564453125 0.224266666015625 0.979998015625 0.239558103515625 0.986177828125 0.25059633203125 1 0.261320556640625 1
0 0.5708298984375 0.941967443359375 0.5664799765625 0.907230025390625 0.574893052734375 0.85426515234375 0.590696064453125 0.823075115234375 0.615307119140625 0.811634634765625 0.6434613515625 0.810220728515625 0.67272591015625 0.835239359375 0.704930685546875 0.836661673828125 0.7220478125 0.822992134765625 0.729142572265625 0.782686267578125 0.75172835546875 0.769827677734375 0.749807078125 0.748863794921875 0.731176251953125 0.723745369140625 0.713859541015625 0.7161474453125 0.68631246875 0.72100473828125 0.607314228515625 0.756236916015625 0.566193208984375 0.78479031640625 0.50278578515625 0.85810350390625 0.41153191015625 0.904372787109375 0.39785816796875 0.9174351640625 0.39623626953125 0.9283724765625 0.459735080078125 0.926052029296875 0.51877576953125 0.93871944140625 0.551687501953125 0.95421887109375 0.56373934375 0.952093806640625 0.5708298984375 0.941967443359375
0 0.723207642578125 0.285909970703125 0.69770692578125 0.288514080078125 0.698053671875 0.290480578125 0.6625283515625 0.319048126953125 0.65476765234375 0.367051146484375 0.611374431640625 0.397006095703125 0.647120302734375 0.42719976953125 0.6600758125 0.443163720703125 0.79002224609375 0.36347802734375 0.754389720703125 0.345429962890625 0.787254455078125 0.313276271484375 0.781126810546875 0.290025701171875 0.723207642578125 0.285909970703125
0 0.89611244140625 0.40154409375 0.8137391953125 0.371461685546875 0.7040426015625 0.439466310546875 0.748795162109375 0.431024 0.78133453125 0.41772733984375 0.80100425 0.414259037109375 0.81257280078125 0.422357146484375 0.860006990234375 0.438324337890625 0.845771748046875 0.461110310546875 0.869135822265625 0.50159755078125 0.870749763671875 0.533754482421875 0.92778541015625 0.558166634765625 0.95798988671875 0.52242689453125 0.911255595703125 0.47592241796875 0.89611244140625 0.40154409375
0 0.724199564453125 0.4353608671875 0.646300638671875 0.48006165234375 0.6766121953125 0.490937703125 0.724199564453125 0.4353608671875
0 0.169764650390625 0.68528453125 0.133588958984375 0.712397978515625 0.067052365234375 0.760626888671875 0.11980755859375 0.783766314453125 0.151972533203125 0.782149806640625 0.190044775390625 0.745022765625 0.169764650390625 0.68528453125