1 0.6484375 0.4658203125 0.21484375 0.140625
1 0.1611328125 0.5341796875 0.224609375 0.15625
1 0.6552734375 0.3310546875 0.1875 0.12890625
1 0.55078125 0.2568359375 0.10546875 0.0703125
0 0.795733955078125 0.23237013671875 0.796562869140625 0.221682650390625 0.803343953125 0.22435894140625 0.802532720703125 0.207093177734375 0.7863031015625 0.194545048828125 0.770046955078125 0.22392680078125 0.774971822265625 0.23667331640625 0.795733955078125 0.23237013671875
0 0.759967892578125 0.236047208984375 0.760589580078125 0.22803159375 0.737786103515625 0.21013530078125 0.7016055859375 0.2191561171875 0.690287568359375 0.2403194453125 0.699533296875 0.24587483984375 0.74742860546875 0.238300203125 0.759967892578125 0.236047208984375
0 0.744800939453125 0.168209841796875 0.746657158203125 0.158139619140625 0.72920184765625 0.13366947265625 0.6889121171875 0.140221224609375 0.675759984375 0.13651320703125 0.63649313671875 0.150670541015625 0.64223365625 0.173694505859375 0.658873314453125 0.187887203125 0.692589189453125 0.175987287109375 0.6954727109375 0.166534330078125 0.720965740234375 0.15668459765625 0.7388399296875 0.1688226875 0.744800939453125 0.168209841796875
0 0 0.548298626953125 0.004828330078125 0.54572744140625 0.005454439453125 0.53072351171875 0.011618255859375 0.53442710546875 0.013677283203125 0.528673326171875 0.079667271484375 0.50959996875 0.061171396484375 0.50547749609375 0.053984697265625 0.4941683203125 0 0.506523728515625 0 0.548298626953125
0 0.924184130859375 0.13452687890625 0.91352659375 0.091781830078125 0.896533431640625 0.097189431640625 0.84720078125 0.10250223046875 0.835873923828125 0.137642185546875 0.8510718203125 0.156561359375 0.92158548046875 0.134613322265625 0.924184130859375 0.13452687890625
0 0.509226373046875 0.211223955078125 0.512519931640625 0.20341556640625 0.53389491015625 0.205073396484375 0.59145482421875 0.19072209765625 0.5933243046875 0.159686935546875 0.435661748046875 0.182402 0.438324779296875 0.19658585546875 0.430300322265625 0.209940796875 0.342110859375 0.23105549609375 0.36696894140625 0.2501863203125 0.405406875 0.2467164765625 0.509226373046875 0.211223955078125
0 0 0.359149982421875 0.014197833984375 0.3556100625 0.0664051640625 0.354820935546875 0.115535005859375 0.34519169140625 0.130547779296875 0.331841173828125 0.1720764609375 0.316246501953125 0.2962436328125 0.28179454296875 0.310864048828125 0.238846201171875 0.299973751953125 0.233700845703125 0.292160943359375 0.237395599609375 0.281477876953125 0.22957837109375 0.20335863671875 0.252549291015625 0.180740287109375 0.266922693359375 0.090500640625 0.279814546875 0.08825648828125 0.253298634765625 0.112929443359375 0.240159765625 0.162266515625 0.22785865234375 0.176869248046875 0.212863564453125 0.1725572265625 0.20607805859375 0.15118225 0.2044202265625 0.042235078125 0.222849794921875 0 0.22425474609375 0 0.359149982421875
0 1 0.43860771875 0.9449642265625 0.217871287109375 0.93427452734375 0.220536529296875 0.93098980859375 0.214368291015625 0.91741880078125 0.22299233203125 0.91413408203125 0.216824091796875 0.90714134765625 0.223807984375 0.884121802734375 0.22256019140625 0.875497763671875 0.2089891796875 0.84877462109375 0.213905205078125 0.845079865234375 0.206092396484375 0.82903537109375 0.22581396484375 0.814027021484375 0.232176169921875 0.82099765234375 0.26013384375 0.806994501953125 0.3020548828125 0.813330185546875 0.358993111328125 0.802854345703125 0.348504009765625 0.799582890625 0.32137083203125 0.7699806484375 0.3287515 0.77120633984375 0.34067351953125 0.77655008203125 0.341087978515625 0.76708828515625 0.352181083984375 0.779411501953125 0.366576587890625 0.776527978515625 0.376029544921875 0.79088812109375 0.41961283203125 0.799521001953125 0.419207216796875 0.803859544921875 0.38406284375 0.81062294921875 0.414692388671875 0.79722822265625 0.46956275 0.778723505859375 0.47941690234375 0.775835564453125 0.495858171875 0.768437212890625 0.494209181640625 0.757538076171875 0.503040451171875 0.785420599609375 0.614871146484375 0.77554434375 0.63130799609375 0.779225837890625 0.6600857421875 0.767502203125 0.672616189453125 0.736255392578125 0.68040689453125 0.69432993359375 0.6733920546875 0.65714421484375 0.646854041015625 0.64749287109375 0.632665763671875 0.60186381640625 0.63181474609375 0.593028125 0.627903921875 0.589747828125 0.61474737109375 0.594077533203125 0.59357962109375 0.67836058984375 0.574312296875 0.7289189296875 0.580921517578125 0.76466730859375 0.60519769921875 0.753420021484375 0.514548015625 0.746643359375 0.504883408203125 0.732049466796875 0.505901869140625 0.749941337890625 0.49008670703125 0.75138751953125 0.478371916015625 0.6964950546875 0.4999187578125 0.602344583984375 0.521646302734375 0.554255306640625 0.510927873046875 0.538845759765625 0.5016688828125 0.536385537109375 0.491801466796875 0.540508009765625 0.473305591796875 0.553258947265625 0.461392412109375 0.549577453125 0.432614666015625 0.56623479296875 0.418854107421875 0.577746775390625 0.41598384765625 0.603222125 0.43408737109375 0.633234404296875 0.428351271484375 0.638181373046875 0.406156220703125 0.650914625 0.422196294921875 0.724920232421875 0.403744625 0.740942625 0.418964625 0.771774978515625 0.4165176640625 0.769530826171875 0.39000175 0.75762648828125 0.3632741875 0.745087201171875 0.365527181640625 0.739747876953125 0.35812441015625 0.6706759765625 0.37534596875 0.652784107421875 0.391161130859375 0.6562716328125 0.4016458125 0.650310623046875 0.402258658203125 0.6402492421875 0.3864258125 0.633049279296875 0.396081576171875 0.619288720703125 0.379424236328125 0.57735 0.39337433984375 0.575286552734375 0.406116435546875 0.560904310546875 0.3974747109375 0.519380048828125 0.4060810703125 0.495112708984375 0.427852822265625 0.44577563671875 0.440153935546875 0.482908310546875 0.550551708984375 0.494821490234375 0.563302646484375 0.4892128671875 0.582543736328125 0.479195873046875 0.570692154296875 0.458279560546875 0.493807447265625 0.4451274296875 0.490099431640625 0.436309419921875 0.458235353515625 0.420273765625 0.46398029296875 0.41738582421875 0.480421564453125 0.404022044921875 0.486373732421875 0.40463046875 0.4993230546875 0.391883953125 0.504247921875 0.39023496484375 0.5116462734375 0.385715712890625 0.507532640625 0.37665953515625 0.527258626953125 0.364940322265625 0.532800759765625 0.385076345703125 0.5435015078125 0.38445023828125 0.5585054375 0.352378931640625 0.5699953203125 0.336356541015625 0.554775318359375 0.339019572265625 0.568959173828125 0.332644103515625 0.574915763671875 0.32586301953125 0.572239470703125 0.324637328125 0.560317451171875 0.337189876953125 0.537099517578125 0.34726451953125 0.531967421875 0.345831599609375 0.522717275390625 0.384084408203125 0.486977736328125 0.38573781640625 0.472591072265625 0.40321523046875 0.462119654296875 0.399727705078125 0.451634974609375 0.3721800703125 0.46025017578125 0.3429701796875 0.4972286640625 0.2991708203125 0.528237302734375 0.2997925078125 0.5202216875 0.352859697265625 0.459826875 0.371774451171875 0.45161729296875 0.371174869140625 0.424691341796875 0.386809326171875 0.40332520703125 0.344667796875 0.412958869140625 0.333371884765625 0.39918062890625 0.323530994140625 0.359710974609375 0.3101716328125 0.358674830078125 0.2943387890625 0.3687362109375 0.317763951171875 0.37861688671875 0.31220413671875 0.394850927734375 0.282178595703125 0.421551966796875 0.21535526953125 0.458301125 0.2196672890625 0.46508662890625 0.251932564453125 0.47188981640625 0.249049041015625 0.4813427734375 0.259308810546875 0.508480373046875 0.274511126953125 0.520411232421875 0.271623185546875 0.53685250390625 0.278814306640625 0.541173365234375 0.29341262109375 0.53316658984375 0.293200970703125 0.542826775390625 0.266874603515625 0.57035230859375 0.247342583984375 0.5795891953125 0.242638208984375 0.543205869140625 0.21468053515625 0.5501765 0.176017689453125 0.584271466796875 0.072414263671875 0.6031154921875 0.0572163671875 0.584196318359375 0.033363484375 0.600624326171875 0.030479962890625 0.610077283203125 0.012570759765625 0.611810845703125 0.03944436328125 0.719594978515625 0.057132375 0.71697426953125 0.11015978125 0.71947427734375 0.167309658203125 0.703478408203125 0.182719205078125 0.7127373984375 0.1812730234375 0.724452189453125 0.166467482421875 0.7351308359375 0.0495841875 0.76026359375 0.109357185546875 1 0.561392279296875 1 1 0.890642814453125 1 0.43860771875