1 0.486328125 0.4462890625 0.27734375 0.201171875
1 0.7783203125 0.7509765625 0.109375 0.1328125
1 0.18359375 0.4814453125 0.091796875 0.087890625
1 0.05859375 0.736328125 0.1171875 0.1640625
1 0.2001953125 0.39453125 0.173828125 0.119140625
1 0.8701171875 0.6669921875 0.080078125 0.060546875
1 0.375 0.94140625 0.078125 0.087890625
1 0.28515625 0.9560546875 0.064453125 0.037109375
1 0.1796875 0.9326171875 0.091796875 0.05078125
1 0.2451171875 0.330078125 0.115234375 0.060546875
0 0.084879447265625 0 0.110591169921875 0.01431451171875 0.130355189453125 0.01520174609375 0.16548674609375 0.022262251953125 0.17285284375 0.0443421953125 0.15711256640625 0.056588703125 0.11895905078125 0.086250216796875 0.10462559375 0.088921271484375 0.06638579296875 0.079763130859375 0.033080326171875 0.268647810546875 0.0367377734375 0.26755990625 0.08043231640625 0.27526443359375 0.097436828125 0.286926837890625 0.09931630859375 0.2959222890625 0.0902234453125 0.308181453125 0.07954743359375 0.309764603515625 0.02812225390625 0.2967664375 0 0.4562556640625 0 0.530262576171875 0.00642722265625 0.5377321171875 0.118728369140625 0.5592666484375 0.143039568359375 0.50983626171875 0.148174552734375 0.4708870703125 0.14303136328125 0.45091927734375 0.114559263671875 0.435502017578125 0.11781887109375 0.4170158671875 0.15853782421875 0.353150509765625 0.190959595703125 0.3363408125 0.193626546875 0.321215779296875 0.206673181640625 0.306188154296875 0.26410852734375 0.31458274609375 0.29623807421875 0.3289121015625 0.29920545703125 0.341565 0.27015178515625 0.422093625 0.246749125 0.470906236328125 0.241591705078125 0.471763744140625 0.219257392578125 0.519809900390625 0.214223921875 0.577837900390625 0.188426978515625 0.606212591796875 0.18991682421875 0.65672678125 0.2069213359375 0.66838918359375 0.2240232578125 0.669671904296875 0.247051736328125 0.6373434375 0.26029729296875 0.6310149375 0.273741765625 0.633385560546875 0.28333808203125 0.687061947265625 0.270985611328125 0.71780726171875 0.2819620546875 0.74400204296875 0.265059052734375 0.751418447265625 0.22858199609375 0.751917798828125 0.207924140625 0.7708017890625 0.189933234375 0.774560748046875 0.207238177734375 0.814001083984375 0.2782195078125 0.843845107421875 0.3455392890625 0.845318541015625 0.38152109765625 0.837800625 0.39367875 0.827814677734375 0.406826896484375 0.831865861328125 0.438566810546875 0.887713951171875 0.5005567890625 0.9488959453125 0.545534052734375 0.93949855078125 0.584483244140625 0.94463353515625 0.623428333984375 0.920310025390625 0.6728546171875 0.915162734375 0.77467046484375 0.88806255859375 0.88794158984375 0.7763417578125 0.94388708984375 0.734222162109375 0.97453953515625 0.688137806640625 1 0.54374433203125 1 0.373166474609375 0.9241622890625 0.354724396484375 0.9066666328125 0.365501919921875 0.93533765234375 0.389618302734375 0.9393929375 0.405928646484375 0.933860115234375 0.42747958984375 0.918243935546875 0.44725256640625 0.88206320703125 0.446071357421875 0.876128443359375 0.420765560546875 0.88699516796875 0.368964548828125 0.856148341796875 0.337533271484375 0.843783564453125 0.279903111328125 0.83270971484375 0.264088013671875 0.676214677734375 0.1983718984375 0.43905689453125 0.14789053125 0.198140154296875 0.07941826171875 0.190922671875 0.07121438671875 0.19378854296875 0.0647884765625 0.23559950390625 0.03403905859375 0.25190574609375 0.00052528125 0.2519983671875 0 0.229744240234375 0 0.22126194140625 0.00725162109375 0.123336412109375 0.000975966796875 0.11859976171875 0 0.084879447265625 0
0 1 0.080450185546875 0.87027842578125 0.057576771484375 0.8741023203125 0.06864788671875 0.89555585546875 0.084560392578125 0.90484763671875 0.081000353515625 0.942018861328125 0.096218693359375 0.971477353515625 0.096214591796875 0.985120748046875 0.107284337890625 1 0.11126280078125 1 0.080450185546875
0 0.931079564453125 0.258296287109375 0.96215933203125 0.26377648828125 0.990715208984375 0.262274275390625 0.9323610859375 0.241204685546875 0.899897638671875 0.23374873828125 0.883937732421875 0.230934576171875 0.90059222265625 0.249457021484375 0.931079564453125 0.258296287109375
0 0.44960312109375 0.100665189453125 0.489330416015625 0.1111337109375 0.50944175 0.119875138671875 0.528564962890625 0.129308234375 0.5473894140625 0.125700470703125 0.578172904296875 0.1328601953125 0.616764013671875 0.14486010546875 0.6310438984375 0.14737803515625 0.665386583984375 0.16382412890625 0.723741794921875 0.176711353515625 0.78219648828125 0.193945513671875 0.819059236328125 0.210835962890625 0.838675203125 0.212563021484375 0.738958462890625 0.1690039140625 0.723787455078125 0.156804205078125 0.742660310546875 0.148009685546875 0.738904576171875 0.1447498203125 0.70337742578125 0.1350219140625 0.650309771484375 0.12653051953125 0.6108274765625 0.10484880078125 0.55311309375 0.083415765625 0.506813982421875 0.070922591796875 0.434030939453125 0.056357228515625 0.387831435546875 0.048211009765625 0.34182840625 0.034038279296875 0.313072224609375 0.035028943359375 0.2907966015625 0.03055912109375 0.297117796875 0.0616556484375 0.310557640625 0.064025455078125 0.32770749609375 0.08956225 0.3595275703125 0.090843595703125 0.371632005859375 0.086050912109375 0.381711935546875 0.087828275390625 0.393770646484375 0.102942728515625 0.4106673984375 0.09553153515625 0.42010650390625 0.105854689453125 0.426874919921875 0.101852884765625 0.44960312109375 0.100665189453125