1 0.33203125 0.658203125 0.291015625 0.259765625
1 0.1357421875 0.9287109375 0.134765625 0.142578125
1 0.783203125 0.828125 0.43359375 0.31640625
1 0.140625 0.5556640625 0.12890625 0.150390625
1 0.1240234375 0.4375 0.115234375 0.103515625
1 0.0546875 0.3583984375 0.109375 0.123046875
1 0.96484375 0.7431640625 0.0703125 0.205078125
0 0.11319168359375 0.6506495078125 0.13790076171875 0.627259130859375 0.09505638671875 0.61575427734375 0.102384375 0.646350927734375 0.11319168359375 0.6506495078125
0 0.17795621875 0.4860056953125 0.19124396484375 0.59118663671875 0.196647619140625 0.593335927734375 0.24999082421875 0.557263431640625 0.200725435546875 0.511671275390625 0.194552048828125 0.498143041015625 0.196937630859375 0.4860934140625 0.17795621875 0.4860056953125
0 0.335652712890625 0.630571408203125 0.347801390625 0.641180619140625 0.359801490234375 0.63945438671875 0.380833146484375 0.6259148203125 0.388572857421875 0.611902669921875 0.304983875 0.579377494140625 0.268834994140625 0.572220748046875 0.223281029296875 0.598392908203125 0.177540298828125 0.6353228515625 0.199204443359375 0.648031828125 0.211825703125 0.645349095703125 0.229976525390625 0.60274101171875 0.24063526171875 0.59470415234375 0.3080628046875 0.62489326953125 0.335652712890625 0.630571408203125
0 0 0.494494947265625 0.027446271484375 0.49161458984375 0.03389414453125 0.475403625 0.05057769140625 0.4685595546875 0.0832359140625 0.474809326171875 0.09385645703125 0.489865693359375 0.041458419921875 0.499354302734375 0.075172193359375 0.514448861328125 0.112178521484375 0.51400313671875 0.121495890625 0.499655646484375 0.16419169140625 0.498825056640625 0.16280080078125 0.488402611328125 0.148453310546875 0.4790852421875 0.1165648203125 0.484214412109375 0.099347830078125 0.473033568359375 0.08543473046875 0.473517486328125 0.073087953125 0.446461017578125 0.080492326171875 0.4308712109375 0.11533803125 0.408624099609375 0.149139517578125 0.4047372421875 0.158841755859375 0.396079224609375 0.170704615234375 0.409222591796875 0.18123744140625 0.443260373046875 0.194578908203125 0.44784476953125 0.20188423046875 0.424031333984375 0.19198389453125 0.416242095703125 0.181885458984375 0.3920056015625 0.165003810546875 0.3824024140625 0.16389873828125 0.369445814453125 0.17857023828125 0.353135798828125 0.17095643359375 0.325073306640625 0.136434736328125 0.321693033203125 0.108036904296875 0.3277291796875 0.0582607421875 0.318522193359375 0.060657654296875 0.333677609375 0.09083124609375 0.343753376953125 0.095625076171875 0.3740642109375 0.07153715625 0.39649808984375 0.013499173828125 0.41048337890625 0.003088060546875 0.4390793125 0 0.4403659921875 0 0.494494947265625
0 0.447447880859375 0 0.43163425 0.003361291015625 0.25094143359375 0.084641083984375 0.236742517578125 0.08765915625 0.231289337890625 0.08139805078125 0.372195232421875 0.0159954453125 0 0.095107982421875 0 0.127409810546875 0.0278210546875 0.12876891015625 0.08964684375 0.14036148046875 0.1297589609375 0.135133259765625 0.142441078125 0.163767384765625 0.182553197265625 0.158539162109375 0.189968900390625 0.1701543984375 0.21712441796875 0.166031251953125 0.22544709765625 0.174155830078125 0.2868384921875 0.17594711328125 0.291335173828125 0.181587060546875 0.2982174375 0.175177380859375 0.334267267578125 0.174110498046875 0.340341603515625 0.179415103515625 0.351286158203125 0.1688440859375 0.357794884765625 0.1839499765625 0.3726149609375 0.179975404296875 0.357932126953125 0.169080376953125 0.4157338203125 0.161741056640625 0.420565841796875 0.168958662109375 0.442416751953125 0.170909853515625 0.448254798828125 0.1828604296875 0.451311064453125 0.173966119140625 0.457819794921875 0.1890720078125 0.476317291015625 0.175246626953125 0.472106427734375 0.167072521484375 0.477460556640625 0.16511 0.487696236328125 0.174476892578125 0.500317494140625 0.171794162109375 0.51437916796875 0.183645689453125 0.5181061171875 0.177906693359375 0.584901169921875 0.181847267578125 0.59666498046875 0.186767005859375 0.59068969140625 0.18968602734375 0.591459423828125 0.201064970703125 0.605037181640625 0.1990033984375 0.61149638671875 0.2099974765625 0.62990616796875 0.2151535078125 0.6402790859375 0.209650802734375 0.6480301328125 0.2228436953125 0.67078801953125 0.221304228515625 0.73007965234375 0.23261098046875 0.730464515625 0.238300455078125 0.717507916015625 0.23940552734375 0.69622863671875 0.2323860234375 0.617719298828125 0.2276375234375 0.577073740234375 0.214840830078125 0.464092232421875 0.210823873046875 0.13589415625 0.171754720703125 0.01875130859375 0.16367547265625 0.02851440234375 0.186334310546875 0 0.2073907265625 0 0.272717568359375 0.161578205078125 0.308103943359375 0.1669323359375 0.306141419921875 0.165827263671875 0.293184818359375 0.15130853125 0.217121919921875 0.1579049765625 0.2132463984375 0.182632525390625 0.3489744609375 0.190570337890625 0.35140956640625 0.19740307421875 0.34088807421875 0.1932799296875 0.313732556640625 0.19819966796875 0.30196874609375 0.2127452578125 0.327733373046875 0.25459494140625 0.361710296875 0.2562716484375 0.36959858203125 0.2404568828125 0.396045224609375 0.2401823984375 0.42578442578125 0.258405412109375 0.4416982421875 0.270081505859375 0.46559939453125 0.29820485546875 0.489302447265625 0.296253666015625 0.511153359375 0.277519875 0.53162471484375 0.273655685546875 0.552233310546875 0.412759828125 0.597692421875 0.423803431640625 0.59534503125 0.47326691796875 0.6573844453125 0.535938822265625 0.634169501953125 0.549604296875 0.613126513671875 0.571592453125 0.60020810546875 0.600996310546875 0.598904931640625 0.62423811328125 0.61127856640625 0.630076158203125 0.623229142578125 0.6227213125 0.642930765625 0.627416091796875 0.665017970703125 0.6228316953125 0.678359435546875 0.610881119140625 0.684197482421875 0.59721564453125 0.705240470703125 0.56418388671875 0.720506267578125 0.538666884765625 0.7556109296875 0.514430388671875 0.7657093671875 0.47544601171875 0.838304271484375 0.44681188671875 0.850986390625 0.429979763671875 0.84549501953125 0.42352055859375 0.834500939453125 0.395557115234375 0.850338373046875 0.390675568359375 0.839008953125 0.409074017578125 0.816959943359375 0.400789529296875 0.785742134765625 0.401734697265625 0.75915825 0.381175625 0.759405875 0.348418353515625 0.744932474609375 0.3045792890625 0.755899693359375 0.25871683984375 0.730195921875 0.25034463671875 0.717959529296875 0.210083943359375 0.71085230859375 0.19438375390625 0.668019265625 0.158756984375 0.651682392578125 0.100010125 0.685605595703125 0.09748730078125 0.712524822265625 0.071810392578125 0.708088998046875 0.051053220703125 0.691889365234375 0.013875232421875 0.617829951171875 0.07244499609375 0.8933790234375 0.077480142578125 0.88991580078125 0.1165367109375 0.875842794921875 0.10734525 0.848115642578125 0.117074345703125 0.7891593515625 0.16124875390625 0.77976979296875 0.172726748046875 0.7872236875 0.201459921875 0.78276519921875 0.214900439453125 0.795573224609375 0.2327117265625 0.85609583984375 0.220959251953125 0.878381142578125 0.2317892265625 0.937089810546875 0.245614609375 0.95558730859375 0.249303365234375 0.9729415390625 0.24000553125 1 0.4183609375 1 0.41563941015625 0.968091044921875 0.42311976171875 1 0.55255212109375 1 0.645606 0.980220787109375 0.613292310546875 0.963179693359375 0.604870583984375 0.946831486328125 0.604474384765625 0.91393697265625 0.762854146484375 0.747532931640625 0.785177640625 0.7361921796875 0.88429557421875 0.744804869140625 0.9520584609375 0.77657164453125 0.954867099609375 0.74711826171875 0.94419703125 0.727950080078125 0.961303638671875 0.70370225390625 1 0.66347044921875 1 0.50520162890625 0.9905291171875 0.503740154296875 0.9971368984375 0.527069673828125 0.988875076171875 0.550261951171875 0.99491122265625 0.57865978515625 0.987842193359375 0.595827251953125 0.975220931640625 0.598509982421875 0.969767751953125 0.59224887890625 0.968898970703125 0.5726463046875 0.97860120703125 0.56398828515625 0.97290040234375 0.537168109375 0.9754232265625 0.5102488828125 0.98727475390625 0.49618720703125 0.984256681640625 0.481988291015625 0.991946869140625 0.463864328125 0.9891650859375 0.443019439453125 0.99863103125 0.441007390625 0.904892017578125 0 0.447447880859375 0