1 0.630859375 0.392578125 0.380859375 0.3408203125
1 0.3076171875 0.2802734375 0.109375 0.3017578125
1 0.193359375 0.2958984375 0.1484375 0.0888671875
1 0.9375 0.3193359375 0.125 0.4296875
1 0.01953125 0.251953125 0.037109375 0.138671875
1 0.1318359375 0.4462890625 0.263671875 0.2421875
0 1 0.98828125 0.990625 0.98515625 0.99375 0.95703125 1 0.94921875 0.99921875 0.5421875 0.92421875 0.540625 0.90546875 0.5421875 0.89375 0.55078125 0.89375 0.63203125 0.8875 0.64765625 0.88984375 0.7796875 0.884375 0.77890625 0.88125 0.76484375 0.88125 0.67421875 0.8859375 0.66328125 0.875 0.63671875 0.8765625 0.59609375 0.86875 0.58203125 0.87109375 0.5453125 0.76875 0.54921875 0.76875 0.72734375 0.75703125 0.7375 0.72109375 0.7375 0.7109375 0.72421875 0.709375 0.68671875 0.709375 0.65546875 0.7171875 0.63828125 0.715625 0.55390625 0.70859375 0.5515625 0.70234375 0.559375 0.69296875 0.559375 0.68515625 0.5703125 0.64609375 0.5703125 0.63203125 0.58125 0.60390625 0.5734375 0.46328125 0.575 0.45 0.56171875 0.45 0.52109375 0.4421875 0.51015625 0.43984375 0.4234375 0.43896326171875 0.36345319140625 0.408204630859375 0.366336083984375 0.40859375 0.4234375 0.38515625 0.475 0.375 0.47109375 0.36796875 0.4546875 0.35234375 0.45625 0.33828125 0.44375 0.265945798828125 0.4451343046875 0.268829451171875 0.485494390625 0.26791685546875 0.57033844921875 0.24609375 0.58125 0.23046875 0.609375 0.17109375 0.6421875 0.12890625 0.64375 0.09609375 0.65625 0.06484375 0.6546875 0.03984375 0.6609375 0 0.65390625 0.00078125 1 0.24140625 1 0.27265625 0.98125 0.30234375 1 0.32890625 0.9890625 0.35546875 0.9875 0.37578125 1 0.79453125 1 0.8 0.97265625 0.81640625 0.9609375 0.8359375 0.96640625 0.84140625 1 0.86015625 1 0.8640625 0.97890625 0.884375 0.95078125 0.88515625 0.7828125 0.890625 0.78359375 0.8921875 0.92734375 0.91953125 0.9328125 0.93515625 0.946875 0.95390625 0.9421875 0.9890625 0.98359375 0.9890625 0.99921875 1 0.99921875 1 0.98828125
0 0.375 0.19765625 0.36953125 0.184375 0.3640625 0.32734375 0.371875 0.33671875 0.38828125 0.334375 0.3921875 0.32734375 0.39375 0.21484375 0.375 0.19765625
0 0.509375 0.23203125 0.4984375 0.20390625 0.48359375 0.1875 0.43984375 0.19375 0.43515625 0.2015625 0.4015625 0.21796875 0.4015625 0.33203125 0.43125 0.33359375 0.446875 0.32265625 0.4484375 0.24453125 0.525 0.23671875 0.509375 0.23203125
0 0.8546875 0.21953125 0.8453125 0.20546875 0.8453125 0.19296875 0.8546875 0.18828125 0.8484375 0.14453125 0.8390625 0.12890625 0.8453125 0.09609375 0.83125 0.08828125 0.83125 0.06484375 0.81875 0.04921875 0.8234375 0.00078125 0.70625 0.00078125 0.7203125 0.02421875 0.7203125 0.07578125 0.70625 0.09765625 0.7046875 0.13828125 0.69921875 0.1421875 0.690625 0.13515625 0.6875 0.11015625 0.675 0.10859375 0.665625 0.04140625 0.65 0.01796875 0.64140625 0.015625 0.6234375 0.03203125 0.61875 0.04453125 0.621875 0.06484375 0.6125 0.09765625 0.6125 0.14453125 0.56875 0.16796875 0.5421875 0.20859375 0.5359375 0.23203125 0.528125 0.23671875 0.70234375 0.234375 0.80390625 0.2515625 0.8140625 0.32890625 0.815625 0.46796875 0.828125 0.48671875 0.8296875 0.50859375 0.8484375 0.51015625 0.85625 0.50703125 0.8625 0.48984375 0.8578125 0.48203125 0.8546875 0.21953125
0 0.00078125 0 0 0.19140625 0.01015625 0.19375 0.0375 0.22109375 0.028125 0.26796875 0 0.29921875 0 0.33046875 0.021875 0.33359375 0.10078125 0.33125 0.1 0.27890625 0.12109375 0.2625 0.13671875 0.2609375 0.13984375 0.2515625 0.14609375 0.2609375 0.22109375 0.259375 0.23125 0.22578125 0.2484375 0.21328125 0.2484375 0.19453125 0.23984375 0.178125 0.20078125 0.190625 0.1953125 0.18515625 0.184375 0.15703125 0.1859375 0.13046875 0.20859375 0.115625 0.22734375 0.1203125 0.253125 0.07890625 0.27734375 0.06875 0.28984375 0.0703125 0.31484375 0.0875 0.34921875 0.0875 0.35859375 0.115625 0.3703125 0.09765625 0.3625 0.03984375 0.3734375 0.01171875 0.35390625 0.0015625 0.28515625 0.0015625 0.26796875 0.0125 0.25390625 0.0125 0.24453125 0 0.15703125 0 0.14921875 0.0140625 0.13984375 0.015625 0.12265625 0 0.08359375 0 0.07109375 0.0171875 0.05859375 0.01875 0.04765625 0 0.00078125 0
0 0.96484375 0 0.95703125 0.009375 0.92578125 0.015625 0.9171875 0.02421875 0.95 0.02578125 0.953125 0.08359375 0.965625 0.08515625 1 0.08203125 0.99921875 0 0.96484375 0
0 0.85234375 0 0.8546875 0.17109375 0.85625 0.18671875 0.865625 0.19921875 0.8640625 0.20859375 0.8546875 0.21484375 0.8609375 0.45390625 0.8625 0.48203125 0.875 0.48359375 0.8765625 0.47265625 0.8890625 0.45859375 0.8890625 0.41640625 0.8734375 0.03984375 0.9109375 0.02734375 0.8890625 0.01484375 0.88828125 0 0.85234375 0