1 0.3212890625 0.685546875 0.1875 0.126953125
1 0.4677734375 0.6962890625 0.15234375 0.1328125
1 0.80078125 0.7294921875 0.19140625 0.12109375
1 0.7060546875 0.841796875 0.21484375 0.150390625
1 0.4990234375 0.4482421875 0.107421875 0.0859375
1 0.6083984375 0.451171875 0.109375 0.087890625
1 0.314453125 0.453125 0.107421875 0.078125
1 0.4091796875 0.4560546875 0.1015625 0.08984375
1 0.142578125 0.44140625 0.111328125 0.0859375
1 0.0712890625 0.5595703125 0.125 0.1015625
1 0.2587890625 0.55859375 0.11328125 0.0859375
1 0.84375 0.4541015625 0.107421875 0.08203125
1 0.9833984375 0.4560546875 0.033203125 0.068359375
1 0.88671875 0.849609375 0.12109375 0.1015625
1 0.55859375 0.818359375 0.140625 0.125
1 0.3642578125 0.7978515625 0.1953125 0.1171875
1 0.14453125 0.7021484375 0.15234375 0.119140625
1 0.794921875 0.5634765625 0.123046875 0.099609375
1 0.47265625 0.5419921875 0.09765625 0.078125
1 0.64453125 0.7060546875 0.15625 0.09765625
0 0.47147505859375 0.61523100390625 0.478502095703125 0.606094685546875 0.491971556640625 0.604336955078125 0.48117229296875 0.601362603515625 0.477751609375 0.591945830078125 0.46360275390625 0.592696314453125 0.457839724609375 0.586324978515625 0.4491971328125 0.6082750546875 0.455615859375 0.6112731015625 0.47147505859375 0.61523100390625
0 0.915848794921875 0.53532313671875 0.92587387890625 0.519768091796875 0.967921513671875 0.506061669921875 0.952718017578125 0.49873048046875 0.93486801953125 0.500511908203125 0.91322209765625 0.4858021328125 0.892164681640625 0.517591619140625 0.890900673828125 0.533099271484375 0.915848794921875 0.53532313671875
0 1 0.490995341796875 0.986450908203125 0.505287490234375 0.974668091796875 0.507373072265625 1 0.521267568359375 1 0.490995341796875
0 0.1653867109375 0.40695180859375 0.172390052734375 0.393434955078125 0.153390630859375 0.369612560546875 0.0963725625 0.356778998046875 0.084123615234375 0.3972821640625 0.1653867109375 0.40695180859375
0 0.624726654296875 0.66427419140625 0.65105726953125 0.67289308984375 0.658060609375 0.659376236328125 0.654991474609375 0.652653353515625 0.628333009765625 0.6457211015625 0.56667764453125 0.647739490234375 0.522449640625 0.632140947265625 0.51066682421875 0.63422653125 0.50401503125 0.65043727734375 0.517579275390625 0.66620169140625 0.56178358203125 0.677419697265625 0.624726654296875 0.66427419140625
0 0.463176224609375 0.513846650390625 0.5500838671875 0.5079849453125 0.57908467578125 0.511871759765625 0.6043132578125 0.50364790625 0.608575314453125 0.48172152734375 0.57955080859375 0.47345417578125 0.528015310546875 0.47743966796875 0.51086840625 0.484608880859375 0.468374439453125 0.47809926171875 0.451930626953125 0.490656259765625 0.43002794140625 0.490774740234375 0.433496017578125 0.50895258984375 0.463176224609375 0.513846650390625
0 0.87260823828125 0.5776788203125 0.878932181640625 0.563154720703125 0.88371165625 0.574585990234375 0.892425337890625 0.5657775234375 0.92173030078125 0.563597158203125 0.90783820703125 0.549519388671875 0.894345048828125 0.546896583984375 0.892283162109375 0.539494302734375 0.882538537109375 0.544601630859375 0.87237127734375 0.533873453125 0.849133494140625 0.536357974609375 0.841660126953125 0.52527825 0.849623322265625 0.50232092578125 0.844820150390625 0.48650912109375 0.80940061328125 0.479624259765625 0.7744037109375 0.48857490234375 0.70764101953125 0.480848666015625 0.694546798828125 0.489680828125 0.699302578125 0.496731560546875 0.72558580078125 0.496589384765625 0.783962662109375 0.51143744140625 0.807390013671875 0.54399721484375 0.853960361328125 0.556550318359375 0.860122326171875 0.57437662109375 0.87260823828125 0.5776788203125
0 0.72634796875 0.6997807265625 0.788659037109375 0.694389046875 0.80732671484375 0.65688392578125 0.854386890625 0.63539998046875 0.869471908203125 0.62082848828125 0.89177353125 0.632164974609375 0.91098232421875 0.632398041015625 0.912364814453125 0.638793072265625 0.89788810546875 0.641230203125 0.895921001953125 0.6513500703125 0.911780201171875 0.65530797265625 0.916464892578125 0.64921709375 0.958583615234375 0.64865228515625 0.962541517578125 0.6327930859375 0.948041115234375 0.630849677734375 0.94729062890625 0.6167008203125 0.934453171875 0.6107047265625 0.929768482421875 0.61679560546875 0.9048440546875 0.618952275390625 0.845858884765625 0.61623858203125 0.824165568359375 0.592767732421875 0.82020766796875 0.608626931640625 0.826602701171875 0.60724444140625 0.826298544921875 0.613311623046875 0.813907419921875 0.627531568359375 0.726624533203125 0.626318845703125 0.703667208984375 0.618355650390625 0.68631093359375 0.64911419140625 0.690434708984375 0.663918751953125 0.68317460546875 0.692263859375 0.70786596484375 0.70931598046875 0.72634796875 0.6997807265625
0 0 0.52354551171875 0.016361462890625 0.5162636484375 0.04334777734375 0.521509255859375 0.11474776953125 0.514383541015625 0.127585224609375 0.520379634765625 0.213509318359375 0.51957786328125 0.25052071484375 0.50926842578125 0.27282233984375 0.520604912109375 0.32937037890625 0.508841896484375 0.4001857578125 0.51823108203125 0.360571357421875 0.483400052734375 0.28373619140625 0.48246778515625 0.2622324453125 0.494041232421875 0.2413370078125 0.49348031640625 0.18328799609375 0.476945615234375 0.169889623046875 0.49184495703125 0.136204123046875 0.494049021484375 0.12233572265625 0.4843517890625 0.105564060546875 0.498595431640625 0.03912921875 0.48918255078125 0.02575454296875 0.5084624296875 0.013643875 0.512234658203125 0.003500310546875 0.50588701953125 0.0044127734375 0.48768547265625 0 0.4887403203125 0 0.52354551171875
0 0.912168193359375 1 0.9134590859375 0.9933589296875 0.90076733984375 0.98661321875 0.907510025390625 0.924910458984375 0.922571345703125 0.9059584296875 0.87740718359375 0.90418089453125 0.856369572265625 0.8773367578125 0.825377962890625 0.8791892734375 0.815471359375 0.916647001953125 0.80225866015625 0.90357648046875 0.771922751953125 0.902055708984375 0.760258416015625 0.9260439765625 0.76100890234375 0.940192833984375 0.74154334765625 0.9547880234375 0.715540583984375 0.94448248046875 0.709027072265625 0.923962287109375 0.6685476015625 0.916093875 0.649619267578125 0.90541308984375 0.646526435546875 0.894309669921875 0.614432796875 0.8793194375 0.499413109375 0.858712248046875 0.478308302734375 0.881740658203125 0.48594754296875 0.923484140625 0.461516837890625 0.95461792578125 0.403890462890625 0.9539187265625 0.316465400390625 0.926422783203125 0.305290890625 0.916374001953125 0.303884705078125 0.90559843359375 0.320233732421875 0.8755192890625 0.322785447265625 0.848884521484375 0.276542951171875 0.8346447734375 0.198676837890625 0.8300113671875 0.18984467578125 0.8169171484375 0.202445171875 0.779107873046875 0.194643953125 0.769714794921875 0.172717572265625 0.76545273828125 0.146667419921875 0.74638612109375 0.095037134765625 0.732849466796875 0.08056042578125 0.73528659765625 0.07039316796875 0.724558419921875 0.00395832421875 0.7151455390625 0 0.712232947265625 0 0.908988591796875 0.003829994140625 0.91291266796875 0.451855478515625 1 0.912168193359375 1
0 1 0.12708271484375 0.90111176171875 0.11586993359375 0.877546126953125 0.120041099609375 0.85561974609375 0.11577904296875 0.84681128125 0.107065361328125 0.804317314453125 0.1005557421875 0.775691748046875 0.103743359375 0.68292629296875 0.08571158203125 0.66273394921875 0.090538447265625 0.568281849609375 0.0721788203125 0.450639357421875 0.065064787109375 0.3322463828125 0.043801896484375 0.318425375 0.042865736328125 0.298983515625 0.061841462890625 0.165785982421875 0.04470234765625 0.16077344140625 0.052479869140625 0.12268370703125 0.050327091796875 0.106895595703125 0.059510798828125 0.077379314453125 0.053773416015625 0.02820173828125 0.30677011328125 0.05434473046875 0.311851794921875 0.073928765625 0.319159291015625 0.091920939453125 0.343661083984375 0.101712955078125 0.347314830078125 0.1097709375 0.341879654296875 0.16641376171875 0.3476387890625 0.19189910546875 0.324586677734375 0.222867017578125 0.318353625 0.23973346484375 0.321632130859375 0.249924419921875 0.33674084375 0.244023111328125 0.367100447265625 0.2659968828125 0.380123578125 0.257377986328125 0.40645419140625 0.280311615234375 0.4100368515625 0.286236619140625 0.38405778515625 0.304390771484375 0.376209173828125 0.317907625 0.383212515625 0.312286775390625 0.403124400390625 0.317370404296875 0.40848848828125 0.3746689296875 0.41087433203125 0.4344045859375 0.427736884765625 0.463638462890625 0.41241490625 0.533446591796875 0.42248348828125 0.5495625546875 0.411613134765625 0.57889121484375 0.4138133046875 0.59467932421875 0.40462959375 0.63682174609375 0.408445322265625 0.640779646484375 0.39258612109375 0.593881447265625 0.381719662109375 0.583034791015625 0.36998423828125 0.59945490625 0.353046705078125 0.62845571484375 0.35693351953125 0.634266134765625 0.372065927734375 0.6528192265625 0.375672283203125 0.665561896484375 0.36414623046875 0.704259939453125 0.35416464453125 0.715434447265625 0.364213423828125 0.713139494140625 0.376019935546875 0.696039982421875 0.39195022265625 0.694752275390625 0.403077337890625 0.797637599609375 0.42307621875 0.81914134375 0.4115027734375 0.84172342578125 0.4123915390625 0.8531073046875 0.3988509921875 0.86489012109375 0.396765408203125 0.876578154296875 0.37715767578125 0.915651439453125 0.374250521484375 0.93235201171875 0.346865267578125 0.942120333984375 0.346138478515625 0.95697228515625 0.35077577734375 0.96107236328125 0.361199798828125 0.95882480078125 0.381767384765625 0.94879971875 0.3973224296875 0.968150685546875 0.423838716796875 0.968549625 0.43529368359375 0.9809644453125 0.425454275390625 0.996120552734375 0.424024392578125 1 0.414569990234375 1 0.12708271484375