1 0.7138671875 0.5615234375 0.3720703125 0.349609375
1 0.3486328125 0.783203125 0.078125 0.248046875
1 0.236328125 0.509765625 0.400390625 0.373046875
0 0.91875 0.89921875 0.93125 0.86328125 0.9171875 0.82890625 0.909375 0.76796875 0.9375 0.71796875 0.925 0.69609375 0.95 0.67421875 0.94921875 0.6546875 0.93828125 0.65 0.91328125 0.6546875 0.84296875 0.7 0.80078125 0.7046875 0.80078125 0.709375 0.828125 0.72109375 0.80703125 0.7375 0.67421875 0.7375 0.65703125 0.7421875 0.6328125 0.73359375 0.63125 0.70234375 0.61796875 0.6859375 0.52265625 0.684375 0.50625 0.69453125 0.50703125 1 0.934375 0.99921875 0.940625 0.97890625 0.9671875 0.94140625 0.95703125 0.9390625 0.91875 0.89921875
0 0.40390625 0.6890625 0.3734375 0.69453125 0.3734375 0.89296875 0.35859375 0.9046875 0.32109375 0.903125 0.3125 0.89140625 0.3125 0.80859375 0.31875 0.76953125 0.315625 0.70078125 0.29296875 0.7078125 0.28359375 0.7171875 0.23984375 0.7171875 0.22734375 0.73125 0.21171875 0.7296875 0.19453125 0.71875 0.04453125 0.7203125 0.0328125 0.70703125 0.0328125 0.66328125 0.025 0.65390625 0.028125 0.49921875 0.01640625 0.4875 0.00078125 0.4859375 0 0.99921875 0.4921875 0.99921875 0.4875 0.76171875 0.4796875 0.72890625 0.4859375 0.69453125 0.40390625 0.6890625
0 0.88984375 0.1234375 0.8921875 0.11484375 0.8859375 0.10390625 0.7328125 0.10703125 0.7296875 0.13046875 0.73515625 0.1609375 0.81875 0.16171875 0.83671875 0.15625 0.84765625 0.1375 0.87890625 0.13125 0.88984375 0.1234375
0 0.9578125 0.40546875 0.934375 0.27265625 0.89609375 0.225 0.86171875 0.2265625 0.8546875 0.22109375 0.84296875 0.16875 0.73828125 0.1703125 0.7328125 0.18671875 0.7296875 0.26171875 0.7359375 0.41171875 0.79921875 0.415625 0.8078125 0.39140625 0.82265625 0.3875 0.828125 0.39296875 0.82890625 0.4125 0.88203125 0.4125 0.89375 0.57734375 0.9046875 0.58046875 0.921875 0.56015625 0.9265625 0.49609375 0.953125 0.43515625 0.9578125 0.40546875
0 0 0.46640625 0.01015625 0.465625 0.028125 0.43984375 0.025 0.41953125 0.03359375 0.3515625 0.29609375 0.34375 0.40546875 0.3609375 0.415625 0.37109375 0.415625 0.40859375 0.421875 0.42421875 0.4234375 0.58828125 0.425 0.61328125 0.4328125 0.62421875 0.4265625 0.64609375 0.43359375 0.6546875 0.4484375 0.65390625 0.46484375 0.653125 0.471875 0.63203125 0.465625 0.32734375 0.453125 0.30859375 0.4578125 0.28984375 0.4484375 0.27421875 0.44375 0.18359375 0.425 0.14296875 0.4296875 0.07421875 0.40234375 0.0625 0.36015625 0.0625 0.34296875 0.0765625 0.31328125 0.071875 0.3046875 0.08203125 0.3140625 0.11015625 0.31015625 0.1875 0.28984375 0.19375 0.2671875 0.17421875 0.2703125 0.16171875 0.2640625 0.13046875 0.24609375 0.1078125 0.23984375 0.1046875 0.21875 0.11796875 0.215625 0.16484375 0.2046875 0.18515625 0.2078125 0.23828125 0.20078125 0.2484375 0.15625 0.27421875 0.12734375 0.328125 0.09453125 0.328125 0.06640625 0.29375 0.0125 0.29921875 0 0.31640625 0 0.46640625
0 0.45078125 0 0.45 0.04140625 0.46796875 0.0265625 0.50234375 0.028125 0.5015625 0.00703125 0.49296875 0.003125 0.48984375 0.0109375 0.47265625 0.0140625 0.4671875 0.01015625 0.46796875 0 0.45078125 0
0 0.3828125 0.02578125 0.4109375 0.03359375 0.4328125 0.03203125 0.4359375 0.00078125 0.37890625 0 0.3828125 0.02578125
0 0.5828125 0 0.5859375 0.0671875 0.5703125 0.1234375 0.56875 0.171875 0.5734375 0.1765625 0.721875 0.175 0.721875 0.103125 0.7265625 0.096875 0.859375 0.0921875 0.8640625 0.0875 0.8515625 0.0546875 0.846875 0 0.5828125 0