1 0.529296875 0.734375 0.318359375 0.251953125
1 0.3642578125 0.3046875 0.232421875 0.166015625
1 0.255859375 0.453125 0.314453125 0.154296875
1 0.3583984375 0.7744140625 0.15625 0.201171875
1 0.181640625 0.912109375 0.1015625 0.1171875
1 0.5927734375 0.412109375 0.140625 0.080078125
1 0.439453125 0.240234375 0.0859375 0.041015625
1 0.09765625 0.7470703125 0.056640625 0.0625
1 0.1845703125 0.779296875 0.05859375 0.048828125
1 0.0869140625 0.6552734375 0.046875 0.046875
1 0.033203125 0.6533203125 0.046875 0.052734375
1 0.0712890625 0.541015625 0.037109375 0.037109375
1 0.6416015625 0.478515625 0.072265625 0.041015625
1 0.701171875 0.4755859375 0.048828125 0.03515625
1 0.744140625 0.4755859375 0.04296875 0.03515625
1 0.873046875 0.482421875 0.041015625 0.037109375
1 0.93359375 0.537109375 0.087890625 0.0703125
1 0.73046875 0.2958984375 0.109375 0.064453125
1 0.0283203125 0.59765625 0.044921875 0.044921875
1 0.119140625 0.8271484375 0.064453125 0.072265625
1 0.5947265625 0.5234375 0.15625 0.0703125
1 0.8837890625 0.7998046875 0.1875 0.16015625
0 0.97562705859375 0.7580969375 0.974736361328125 0.758978681640625 0.95350813671875 0.755949484375 0.959324806640625 0.761348974609375 0.9594101484375 0.775722349609375 0.97253913671875 0.787476552734375 0.97562705859375 0.7580969375
0 0.654231412109375 0.156302251953125 0.64596387109375 0.1514431875 0.63740716796875 0.156928021484375 0.62702059765625 0.14945216796875 0.6214551875 0.1568474453125 0.5960315703125 0.155771359375 0.591504341796875 0.160881685546875 0.625238169921875 0.1740035234375 0.6676519453125 0.172875234375 0.670183390625 0.156382828125 0.6863012890625 0.154884798828125 0.674999783203125 0.1409286015625 0.686173275390625 0.133324736328125 0.7002148125 0.136396607421875 0.701916666015625 0.12779723046875 0.68575609765625 0.12210857421875 0.62842851953125 0.120871337890625 0.626935255859375 0.135078794921875 0.6590478046875 0.14084802734375 0.654231412109375 0.156302251953125
0 0.75312933203125 0.6048111640625 0.745113052734375 0.612746865234375 0.75059788671875 0.6213035703125 0.748440951171875 0.641825451171875 0.717949677734375 0.643408822265625 0.733489248046875 0.662598591796875 0.729668361328125 0.6685811796875 0.714256806640625 0.67095147265625 0.703870236328125 0.66347562109375 0.6771619453125 0.682215072265625 0.71928655859375 0.691430681640625 0.758045369140625 0.694706373046875 0.77216748046875 0.681826265625 0.7931871171875 0.679247380859375 0.7799325 0.661095794921875 0.78076208984375 0.653202763671875 0.765639701171875 0.64522915625 0.790191056640625 0.6470115859375 0.80073877734375 0.622583478515625 0.84228029296875 0.62216153125 0.84921571875 0.60932409375 0.81253326953125 0.601478501953125 0.75312933203125 0.6048111640625
0 1 0.22057478125 0.980467232421875 0.2185218046875 0.944239865234375 0.198753705078125 0.957489716796875 0.18657994140625 0.95108994921875 0.171542892578125 0.936299396484375 0.16041207421875 0.935009955078125 0.1499022578125 0.882915951171875 0.14442695703125 0.8789291484375 0.151988150390625 0.86156448046875 0.15016305078125 0.855828384765625 0.128811578125 0.849016205078125 0.132883724609375 0.816609724609375 0.1071330390625 0.807844431640625 0.107009791015625 0.816818314453125 0.1127411171875 0.815993490234375 0.15095950390625 0.862313494140625 0.158222 0.86128008203125 0.190832302734375 0.87199848828125 0.195150943359375 0.868718029296875 0.2035843984375 0.82792076171875 0.18173994140625 0.814960076171875 0.18356980859375 0.804407587890625 0.177672560546875 0.79775655859375 0.14984074609375 0.72767688671875 0.156041458984375 0.763861580078125 0.168622869140625 0.76918049609375 0.1787581796875 0.786213328125 0.1837404921875 0.795604388671875 0.200687982421875 0.85733594921875 0.20558018359375 0.864773896484375 0.21833228125 0.858833978515625 0.22169808203125 0.8683056171875 0.222693591796875 0.888742154296875 0.21047715625 0.8904061015625 0.225016447265625 0.91500012890625 0.2339855625 0.937769056640625 0.260319345703125 0.96128223046875 0.2643867265625 0.961201654296875 0.28033870703125 0.793788822265625 0.278703357421875 0.78294716796875 0.283150009765625 0.78336434765625 0.294366171875 0.8139836328125 0.314342859375 0.86117590234375 0.32089901171875 0.874430517578125 0.339050599609375 0.875554041015625 0.3511390234375 0.901394837890625 0.36343126953125 0.920669947265625 0.362265076171875 0.931890876953125 0.39217325 0.95714857421875 0.39482794140625 1 0.423555734375 1 0.22057478125
0 0.0497979765625 0 0.042421154296875 0.0701857890625 0.04546775390625 0.07157003125 0.1541829921875 0.0774103046875 0.16116108984375 0.071759552734375 0.1978008671875 0.072418458984375 0.223181814453125 0.06630785546875 0.21869248828125 0.048279515625 0.228453291015625 0.038931125 0.22874722265625 0.058912580078125 0.248230923828125 0.063354466796875 0.259034671875 0.08204648046875 0.268672228515625 0.081463384765625 0.27598216015625 0.072655419921875 0.29035553515625 0.072570076171875 0.297087138671875 0.084449912109375 0.30797146484375 0.087189943359375 0.357240091796875 0.089176197265625 0.362430994140625 0.077751447265625 0.345895916015625 0.068033314453125 0.351129490234375 0.06379525 0.33200394921875 0.050245630859375 0.36044609375 0.04587313671875 0.373318748046875 0.041701267578125 0.387280193359375 0.05212908203125 0.372866515625 0.049141751953125 0.368471826171875 0.053587775390625 0.36272252734375 0.056909853515625 0.360392537109375 0.0591826796875 0.374222869140625 0.059590943359375 0.393002841796875 0.060216091796875 0.391381564453125 0.05286348828125 0.388402650390625 0.04144961328125 0.379496962890625 0.02926973828125 0.510189439453125 0.04619816015625 0.51438483203125 0.044245046875 0.507155474609375 0.03710103125 0.50831690234375 0.026050787109375 0.535110537109375 0.021684708984375 0.540969876953125 0.03427088671875 0.522984208984375 0.045946900390625 0.557879462890625 0.048018494140625 0.56710460546875 0.06654458984375 0.578401341796875 0.050175431640625 0.594187404296875 0.05183461328125 0.602165779296875 0.067037576171875 0.630414771484375 0.0716027109375 0.6282151640625 0.084937904296875 0.61367587109375 0.086601853515625 0.6149653125 0.097111671875 0.62269242578125 0.0995198671875 0.624228359375 0.09249909765625 0.63332548828125 0.0894651328125 0.639891173828125 0.10292357421875 0.645665173828125 0.10113637890625 0.647907453125 0.09498787109375 0.637520880859375 0.08751201953125 0.641630931640625 0.07118553125 0.663565501953125 0.075086994140625 0.668718498046875 0.08680091015625 0.682176939453125 0.080235224609375 0.703613751953125 0.088872501953125 0.7284542734375 0.080311033203125 0.74399383984375 0.09950080078125 0.767672931640625 0.10198957421875 0.80090900390625 0.11984723046875 0.805682728515625 0.097206318359375 0.79949155078125 0.0877773515625 0.79022850390625 0.092389923828125 0.790811599609375 0.102027478515625 0.781880388671875 0.103482837890625 0.7767700625 0.098955609375 0.780216439453125 0.088943544921875 0.752299283203125 0.08122119921875 0.736968306640625 0.06763951171875 0.80306117578125 0.068999994140625 0.804891041015625 0.081960681640625 0.822089791015625 0.08536438671875 0.8325569375 0.076888259765625 0.86354596484375 0.070569068359375 0.8802469609375 0.07870859375 0.89104594140625 0.067075251953125 0.950701140625 0.07653735546875 0.98726034375 0.093148244140625 1 0.0937758125 1 0.06831782421875 0.999386671875 0.068886052734375 0.970308087890625 0.072213951171875 0.942139669921875 0.0516968359375 0.921949626953125 0.0463826875 0.9186587265625 0.041248666015625 0.810366341796875 0.029866677734375 0.808621818359375 0.031279365234375 0.79984230078125 0.028760556640625 0.5893614765625 0.006638130859375 0.587616951171875 0.00805081640625 0.580942244140625 0.005753232421875 0.526203892578125 0 0.0497979765625 0
0 1 0.4950945 0.926671603515625 0.487387376953125 0.894269888671875 0.49196204296875 0.8902830859375 0.49952323828125 0.861868171875 0.496536708984375 0.843171392578125 0.477015107421875 0.8235644453125 0.48133851171875 0.798970421875 0.472369396484375 0.80083819140625 0.462191416015625 0.805782599609375 0.46829725 0.807318533203125 0.461276482421875 0.79834465234375 0.455545154296875 0.800710177734375 0.440631353515625 0.740723142578125 0.434326462890625 0.738186931640625 0.420493515625 0.73133208203125 0.41737897265625 0.71450783984375 0.4180047421875 0.710483130859375 0.448704603515625 0.675919712890625 0.443475798828125 0.673217583984375 0.43122145703125 0.68260387890625 0.417843591796875 0.68861960546875 0.368200455078125 0.69493403125 0.36886412890625 0.704491009765625 0.38423301171875 0.738471330078125 0.37982426171875 0.741799228515625 0.408902845703125 0.81507878515625 0.410220658203125 0.824133244140625 0.400000005859375 0.836221666015625 0.398876484375 0.76796709375 0.38771252734375 0.77872340625 0.3688925 0.804891271484375 0.347702177734375 0.788730701171875 0.342013521484375 0.736304861328125 0.33969543359375 0.723344173828125 0.34152530078125 0.71586832421875 0.351911873046875 0.6465755703125 0.343032865234375 0.646698814453125 0.334267572265625 0.6543832578125 0.32948908203125 0.693639822265625 0.328028955078125 0.6851210234375 0.310375123046875 0.66347562109375 0.296129763671875 0.67900565625 0.25466882421875 0.6621387421875 0.248107904296875 0.659517189453125 0.21990158203125 0.638497552734375 0.22248046484375 0.63505117578125 0.23249252734375 0.659896462890625 0.254256412109375 0.6556631640625 0.279348193359375 0.64374066015625 0.278893109375 0.641744875 0.267511029296875 0.63651130078125 0.271749091796875 0.61806578125 0.265022255859375 0.612125865234375 0.26838805859375 0.61154753515625 0.28907585546875 0.589987474609375 0.289203869140625 0.587365919921875 0.260997548828125 0.575941169921875 0.255806646484375 0.5690009765625 0.23831873046875 0.5847016953125 0.2256045390625 0.58233140234375 0.210192986328125 0.573025685546875 0.207618869140625 0.565052078125 0.222741259765625 0.49858469921875 0.21735130078125 0.490397736328125 0.196540255859375 0.46305891015625 0.168130109375 0.457863244140625 0.149229505859375 0.426039857421875 0.133116375 0.413951435546875 0.1342398984375 0.41827483984375 0.153846845703125 0.437260787109375 0.163024552734375 0.44632001171875 0.18312925390625 0.469501349609375 0.19035384375 0.4719143125 0.2129520859375 0.362990486328125 0.20150373046875 0.353770109375 0.21330298828125 0.343881294921875 0.201091318359375 0.319287267578125 0.192122201171875 0.315011298828125 0.210027294921875 0.29523843359375 0.21592930859375 0.311484345703125 0.235991337890625 0.334248505859375 0.231999767578125 0.389499720703125 0.237806904296875 0.419332087890625 0.272863310546875 0.44218158984375 0.283245115234375 0.447794435546875 0.31336187890625 0.475133263671875 0.341772025390625 0.4711085546875 0.37247188671875 0.3744817421875 0.365508087890625 0.365095447265625 0.378885951171875 0.355040712890625 0.368252888671875 0.313831033203125 0.36551762109375 0.285866439453125 0.320283234375 0.285449259765625 0.309067072265625 0.273318166015625 0.303003908203125 0.26508853125 0.27500617578125 0.2440262265625 0.270398373046875 0.205476005859375 0.272730759765625 0.1773929296875 0.26658701953125 0.16007093359375 0.27194860546875 0.176606009765625 0.281666736328125 0.191192740234375 0.317514830078125 0.21520366796875 0.316846388671875 0.21703353515625 0.329807076171875 0.1900313125 0.328565072265625 0.186793525390625 0.344185216796875 0.111020427734375 0.336221142578125 0.106986185546875 0.306270296875 0.096433697265625 0.30037305078125 0.099671486328125 0.28475290625 0.11030455078125 0.274698171875 0.06872036328125 0.267933431640625 0.053887140625 0.24961592578125 0.055460978515625 0.219456490234375 0.04324454296875 0.199019953125 0.0433251171875 0.183067970703125 0.0462310703125 0.170605041015625 0.05462185546875 0.1666988125 0.05295790625 0.152159521484375 0.064254642578125 0.13579036328125 0.066743416015625 0.11211126953125 0.0617990078125 0.10600543359375 0.03852118359375 0.1072915234375 0.038369984375 0.10873008984375 0.048549158203125 0.118179201171875 0.036773021484375 0.12392417578125 0.036650888671875 0.125086203125 0.04913225390625 0.127816755859375 0.036355921875 0.1278926171875 0.01906691015625 0.292386568359375 0.060500263671875 0.30058640625 0.0614626328125 0.344578791015625 0.013141052734375 0.348767345703125 0.003180609375 0.443534640625 0.02645843359375 0.44224855078125 0.032611705078125 0.47481618359375 0.040130228515625 0.47161630078125 0.050137525390625 0.44473732421875 0.084866861328125 0.448387525390625 0.10841794140625 0.429316236328125 0.11842523828125 0.402437259765625 0.178744107421875 0.405584939453125 0.22111521484375 0.397269962890625 0.249696044921875 0.398677884765625 0.255218783203125 0.384095921875 0.251933556640625 0.3622040234375 0.263026470703125 0.370552138671875 0.259167681640625 0.39967339453125 0.279149134765625 0.3993794609375 0.2810548125 0.3660628125 0.2885733359375 0.3628629296875 0.2893271171875 0.401247232421875 0.359117625 0.405390419921875 0.377567912109375 0.442442611328125 0.41811391796875 0.4514923046875 0.4283772421875 0.46773344921875 0.41670599609375 0.4800731328125 0.244391427734375 0.47951863671875 0.176596705078125 0.48675752734375 0.13065120703125 0.483524505859375 0.1176051796875 0.470981 0.095836529296875 0.465500931640625 0.087327263671875 0.508497806640625 0.066516216796875 0.51668476953125 0.04196486328125 0.51490233984375 0.042173451171875 0.520510421875 0.08708076953125 0.526028392578125 0.088995978515625 0.553362453125 0.100714662109375 0.57853480859375 0.09399258984375 0.627305681640625 0.107370455078125 0.6366919765625 0.10945158203125 0.662447431640625 0.098197517578125 0.686003275390625 0.055575150390625 0.681523484375 0.0521714453125 0.698722236328125 0.023922451171875 0.6941571015625 0.0227989296875 0.682068677734375 0.0097955703125 0.676711857421875 0.0033626640625 0.71513883203125 0 0.71617966015625 0 0.950202021484375 0.14177696484375 0.965103380859375 0.14015644140625 0.962538990234375 0.135411087890625 0.901390529296875 0.127475384765625 0.89337425 0.082070314453125 0.89259209765625 0.089617208984375 0.805602837890625 0.09273175 0.79874798828125 0.1147495546875 0.79198794140625 0.114534595703125 0.792428904296875 0.132860576171875 0.79658151953125 0.1482768984375 0.824536578125 0.150358025390625 0.850292033203125 0.157378794921875 0.851827966796875 0.165726908203125 0.840735052734375 0.152680880859375 0.828191544921875 0.1582367578125 0.7601455625 0.199403763671875 0.755694142578125 0.21822855859375 0.796775806640625 0.21582512890625 0.8348282734375 0.2299520078125 0.852273517578125 0.227463234375 0.875952611328125 0.2124261875 0.88235237890625 0.211264759765625 0.893402623046875 0.21695818359375 0.90756740625 0.231374228515625 0.914668751953125 0.234782701171875 0.92779535546875 0.22415440234375 0.968175443359375 0.21634853125 0.972941169921875 0.473796103515625 1 0.950202021484375 1 0.961620001953125 0.891365169921875 0.952906201171875 0.89075201171875 0.927899763671875 0.900892087890625 0.901063458984375 0.898071478515625 0.896242296875 0.883200349609375 0.86957191015625 0.878801134765625 0.85777265234375 0.8695807578125 0.853823751953125 0.85400328515625 0.840611806640625 0.8430383828125 0.837909677734375 0.830784041015625 0.82648492578125 0.825593140625 0.825029568359375 0.8166619296875 0.7654597109375 0.82157319921875 0.75349930078125 0.844256783203125 0.737547322265625 0.844176208984375 0.729445701171875 0.83773853515625 0.713820791015625 0.80417539453125 0.7023960390625 0.7989844921875 0.699859828125 0.78515154296875 0.687728734375 0.77908837890625 0.679499099609375 0.751090646484375 0.658436794921875 0.746482841796875 0.656981435546875 0.737551630859375 0.638118736328125 0.7196086328125 0.633629412109375 0.701580291015625 0.638113970703125 0.68928327734375 0.654729623046875 0.6830494296875 0.64941070703125 0.67291412109375 0.652482578125 0.65887258203125 0.685130787109375 0.636767328125 0.685045443359375 0.622393955078125 0.676735234375 0.610348203125 0.697503609375 0.594974552734375 0.6916869375 0.5895750625 0.693512037109375 0.572210392578125 0.699992380859375 0.5712954609375 0.707425560546875 0.553722203125 0.664305439453125 0.553978228515625 0.658782701171875 0.568560193359375 0.6482728828125 0.569849634765625 0.563734494140625 0.5617623125 0.564151673828125 0.572978474609375 0.58517607421875 0.600724947265625 0.573879337890625 0.61709410546875 0.571556482421875 0.639194591796875 0.581236708984375 0.645798181640625 0.59174652734375 0.6445087421875 0.60158790625 0.61920837109375 0.622773458984375 0.6150508828125 0.6269261796875 0.60591108203125 0.63785317578125 0.615837802734375 0.644537341796875 0.590205595703125 0.65608533984375 0.586631205078125 0.663855123046875 0.596226087890625 0.653056140625 0.6078594296875 0.656962369140625 0.61625021484375 0.648159169921875 0.639265634765625 0.630130830078125 0.6437549609375 0.632709712890625 0.664774595703125 0.593495818359375 0.67342140625 0.66197328125 0.781169505859375 0.66122903125 0.803435912109375 0.652923587890625 0.821715513671875 0.4733417578125 0.83715566796875 0.44168429296875 0.8194639296875 0.435990869140625 0.805299146484375 0.4282637578125 0.802890947265625 0.4281784140625 0.78851757421875 0.41579605859375 0.769659642578125 0.41861666796875 0.742823337890625 0.411136048828125 0.722884552734375 0.390239662109375 0.716698142578125 0.390694744140625 0.70477563671875 0.3757382734375 0.695223423828125 0.375120771484375 0.672936767578125 0.379234400390625 0.672439658203125 0.37481857421875 0.6584177265625 0.39799514453125 0.63531696484375 0.390016771484375 0.620114 0.392173708984375 0.59959212109375 0.4421486796875 0.6024506328125 0.4500843828125 0.610466912109375 0.44672334765625 0.63485234765625 0.56482487890625 0.6273147578125 0.513934974609375 0.61797590234375 0.50861605859375 0.607840591796875 0.4880515078125 0.59849696875 0.496276375 0.59616934765625 0.500595013671875 0.585450939453125 0.502002935546875 0.556870111328125 0.493029052734375 0.55113878125 0.50241534765625 0.53776091796875 0.50946925390625 0.48583283203125 0.437393794921875 0.48065146484375 0.43485281640625 0.43649316015625 0.43161026171875 0.421787951171875 0.4196450859375 0.414146181640625 0.4195597421875 0.399772806640625 0.4353031328125 0.39424530078125 0.47028373046875 0.410690271484375 0.514982458984375 0.41060016015625 0.533764580078125 0.444495140625 0.551878263671875 0.454379189453125 0.5614731484375 0.44660940625 0.56246865625 0.437137767578125 0.52457734375 0.402830376953125 0.528312884765625 0.382474416015625 0.52249621484375 0.377074923828125 0.52822754296875 0.368101041015625 0.583104251953125 0.369878703125 0.592661232421875 0.385247587890625 0.629632845703125 0.382749279296875 0.66549047265625 0.4288132578125 0.640194869140625 0.449297234375 0.615520267578125 0.456280099609375 0.75859033203125 0.46174109765625 0.766360115234375 0.471335982421875 0.760055224609375 0.531323017578125 0.768697271484375 0.54021155859375 0.770901646484375 0.557201716796875 0.857473724609375 0.553532451171875 0.880783076171875 0.582317103515625 0.8797069921875 0.607740720703125 0.89063398828125 0.61766744140625 0.90941134375 0.621237064453125 0.92353345703125 0.60835695703125 0.93142648828125 0.609186546875 0.923708908203125 0.667429056640625 0.936005919921875 0.671913615234375 0.969734982421875 0.65471009765625 0.977628013671875 0.655539689453125 0.982240583984375 0.66480273828125 0.9657956171875 0.699783333984375 0.968165908203125 0.715194888671875 0.980269416015625 0.713927857421875 0.996372099609375 0.56072105078125 0.994229365234375 0.558329779296875 0.9833450390625 0.555589744140625 0.9598366328125 0.581847720703125 0.940893357421875 0.579856703125 0.9311704609375 0.566066423828125 0.920286134765625 0.563326390625 0.916877662109375 0.5501997890625 0.904291484375 0.55605912890625 0.88941558984375 0.530554935546875 0.8894961640625 0.514602955078125 0.896099755859375 0.50492273046875 0.912383572265625 0.501846091796875 0.970796767578125 0.538310419921875 0.98034898046875 0.52335394921875 1 0.521350423828125 1 0.4950945