1 0.4482421875 0.83203125 0.1845703125 0.162109375
1 0.8671875 0.1123046875 0.1279296875 0.1826171875
1 0.119140625 0.228515625 0.1923828125 0.1875
1 0.21875 0.8701171875 0.1826171875 0.1748046875
1 0.330078125 0.2724609375 0.189453125 0.130859375
1 0.7802734375 0.3984375 0.158203125 0.1328125
1 0.6328125 0.8984375 0.1357421875 0.1689453125
1 0.537109375 0.333984375 0.2060546875 0.1640625
1 0.84375 0.8798828125 0.150390625 0.2060546875
1 0.9599609375 0.5419921875 0.078125 0.1455078125
1 0.052734375 0.9697265625 0.09765625 0.060546875
1 0.533203125 0.638671875 0.083984375 0.0986328125
1 0.982421875 0.91015625 0.0341796875 0.111328125
1 0.431640625 0.0615234375 0.087890625 0.1123046875
0 0.34375 0.43828125 0.3671875 0.44453125 0.365625 0.42421875 0.35390625 0.4109375 0.34375 0.42265625 0.34375 0.43828125
0 0.878125 0.49453125 0.9 0.51015625 0.9140625 0.49765625 0.9078125 0.47890625 0.87734375 0.4703125 0.878125 0.49453125
0 1 0.69140625 0.98359375 0.6890625 0.9734375 0.70234375 0.9765625 0.74296875 0.98515625 0.7515625 0.9890625 0.73359375 0.9953125 0.73671875 1 0.78203125 1 0.69140625
0 0.75625 0.33671875 0.73046875 0.3296875 0.68828125 0.3296875 0.678125 0.37265625 0.6875 0.37734375 0.69375 0.39453125 0.7046875 0.38828125 0.72578125 0.35 0.75546875 0.3421875 0.75625 0.33671875
0 0.83984375 0.4609375 0.83359375 0.45625 0.82578125 0.4625 0.81796875 0.459375 0.809375 0.46796875 0.8140625 0.47109375 0.81171875 0.4828125 0.784375 0.48671875 0.78515625 0.4984375 0.8125 0.50390625 0.8140625 0.54765625 0.8265625 0.54765625 0.834375 0.50546875 0.853125 0.47265625 0.85234375 0.4546875 0.83984375 0.4609375
0 0.51484375 0.5671875 0.50390625 0.5640625 0.53046875 0.5640625 0.534375 0.55703125 0.48359375 0.5390625 0.4796875 0.55703125 0.4734375 0.56015625 0.46875 0.60390625 0.4515625 0.62109375 0.47890625 0.634375 0.4890625 0.65390625 0.5 0.59921875 0.4875 0.58984375 0.521875 0.57734375 0.51484375 0.5671875
0 0.73515625 0.1109375 0.76171875 0.1078125 0.76484375 0.0859375 0.72890625 0.084375 0.71015625 0.0984375 0.69140625 0.0875 0.6859375 0.08984375 0.68125 0.10546875 0.6890625 0.12421875 0.6890625 0.14765625 0.675 0.17890625 0.67734375 0.1859375 0.6875 0.18515625 0.7078125 0.16796875 0.70625 0.12578125 0.71796875 0.125 0.73515625 0.1109375
0 0.89453125 0.6484375 0.8671875 0.66328125 0.8640625 0.77109375 0.87890625 0.784375 0.9078125 0.78359375 0.909375 0.70546875 0.9171875 0.66328125 0.90234375 0.6484375 0.89453125 0.6484375
0 0.50390625 0.7375 0.534375 0.73046875 0.53671875 0.709375 0.49375 0.70390625 0.48671875 0.659375 0.4703125 0.67578125 0.4703125 0.68671875 0.45546875 0.6921875 0.4484375 0.68671875 0.45 0.67578125 0.43984375 0.6734375 0.43359375 0.659375 0.4078125 0.65859375 0.396875 0.71640625 0.4015625 0.74453125 0.3890625 0.75234375 0.3890625 0.75859375 0.39296875 0.7640625 0.4421875 0.76640625 0.45 0.76484375 0.45390625 0.753125 0.49921875 0.75 0.50390625 0.7375
0 0.784375 0.46796875 0.77109375 0.465625 0.76171875 0.4546875 0.70390625 0.45 0.68671875 0.4140625 0.67109375 0.4140625 0.66328125 0.4078125 0.65234375 0.4125 0.65 0.43515625 0.64375 0.44140625 0.65625 0.44765625 0.65625 0.46484375 0.63203125 0.4671875 0.6265625 0.48828125 0.66171875 0.5140625 0.70390625 0.525 0.715625 0.51796875 0.7203125 0.48671875 0.73203125 0.484375 0.7375 0.48828125 0.7421875 0.51484375 0.7546875 0.52734375 0.76875 0.49765625 0.76875 0.48515625 0.784375 0.48515625 0.784375 0.46796875
0 0.2828125 0.47421875 0.28125 0.43984375 0.29453125 0.428125 0.32578125 0.4296875 0.325 0.41171875 0.30234375 0.3984375 0.28671875 0.4125 0.27890625 0.40625 0.23515625 0.3984375 0.234375 0.40703125 0.2578125 0.42734375 0.2609375 0.45078125 0.2546875 0.46953125 0.24765625 0.4703125 0.24140625 0.45625 0.19609375 0.453125 0.171875 0.48359375 0.23203125 0.4796875 0.24765625 0.4859375 0.2640625 0.51484375 0.265625 0.56484375 0.31171875 0.5796875 0.315625 0.58828125 0.325 0.57734375 0.321875 0.53359375 0.328125 0.49296875 0.2828125 0.47421875
0 0.6890625 0.71015625 0.7015625 0.67578125 0.68828125 0.659375 0.62734375 0.6640625 0.61875 0.65234375 0.62421875 0.6421875 0.66953125 0.64375 0.6796875 0.59921875 0.69765625 0.5875 0.71796875 0.5890625 0.71875 0.58046875 0.68671875 0.5625 0.62734375 0.546875 0.62421875 0.5375 0.59609375 0.53125 0.57890625 0.5171875 0.54921875 0.5078125 0.5484375 0.54609375 0.57734375 0.5484375 0.6078125 0.56796875 0.60625 0.59140625 0.59375 0.61484375 0.596875 0.72578125 0.5875 0.77265625 0.6015625 0.79296875 0.60390625 0.8140625 0.6421875 0.81484375 0.67734375 0.8125 0.70625 0.80234375 0.7 0.72265625 0.6890625 0.71015625
0 0.45234375 0.9125 0.44140625 0.9375 0.40859375 0.9390625 0.403125 0.93046875 0.40390625 0.9109375 0.3578125 0.90546875 0.353125 0.88203125 0.3390625 0.86015625 0.340625 0.82578125 0.32734375 0.8140625 0.3203125 0.81640625 0.3203125 0.82421875 0.328125 0.88984375 0.3125 0.89296875 0.2890625 0.94453125 0.26796875 0.9734375 0.24765625 0.975 0.21640625 0.990625 0.14140625 0.990625 0.12890625 0.9859375 0.1234375 0.97734375 0.121875 0.91796875 0.109375 0.89921875 0.1515625 0.80390625 0.19765625 0.7828125 0.24453125 0.784375 0.25859375 0.790625 0.27109375 0.80625 0.29453125 0.8015625 0.2984375 0.75703125 0.3109375 0.74921875 0.3140625 0.70546875 0.33125 0.69453125 0.26171875 0.6875 0.25 0.67265625 0.24765625 0.628125 0.2359375 0.63359375 0.234375 0.64140625 0.2421875 0.64453125 0.23359375 0.65625 0.20546875 0.6609375 0.17890625 0.64375 0.15859375 0.6390625 0.1546875 0.62890625 0.13828125 0.6171875 0.1171875 0.63203125 0.10703125 0.6546875 0.07109375 0.671875 0.03203125 0.665625 0.015625 0.68828125 0.0125 0.72421875 0 0.74609375 0.00078125 1 0.51875 0.99921875 0.5234375 0.91640625 0.51484375 0.8953125 0.50390625 0.9125 0.45234375 0.9125