1 0.580078125 0.705078125 0.208984375 0.248046875
1 0.15234375 0.76171875 0.22265625 0.296875
1 0.462890625 0.8828125 0.166015625 0.19921875
1 0.66796875 0.5224609375 0.13671875 0.126953125
1 0.8759765625 0.32421875 0.158203125 0.193359375
1 0.7998046875 0.482421875 0.1640625 0.1484375
1 0.83984375 0.978515625 0.15625 0.04296875
1 0.9228515625 0.177734375 0.1328125 0.13671875
1 0.0439453125 0.9248046875 0.087890625 0.080078125
1 0.35546875 0.4873046875 0.228515625 0.26953125
1 0.4990234375 0.287109375 0.216796875 0.203125
1 0.6279296875 0.109375 0.154296875 0.2109375
1 0.9521484375 0.087890625 0.095703125 0.109375
0 0.32444115234375 0.32738634765625 0.302214193359375 0.274110044921875 0.279381701171875 0.302259646484375 0.304529662109375 0.350087982421875 0.32021634765625 0.33842376953125 0.32444115234375 0.32738634765625
0 0.679380453125 0.759315615234375 0.70272867578125 0.753210431640625 0.7040020546875 0.738655640625 0.690063423828125 0.702400248046875 0.6865764765625 0.71431701171875 0.67060681640625 0.729215623046875 0.66102531640625 0.764228060546875 0.641740619140625 0.798391576171875 0.647845802734375 0.821739798828125 0.66634242578125 0.815210154296875 0.679380453125 0.759315615234375
0 0.06893577734375 0.48184169921875 0.05356248828125 0.49923685546875 0.052632927734375 0.528487923828125 0.06759238671875 0.56238826171875 0.08467414453125 0.572030609375 0.1016342109375 0.545811603515625 0.104807763671875 0.5281638984375 0.083803966796875 0.48884601953125 0.06893577734375 0.48184169921875
0 0.79375078515625 1 0.7968927734375 0.999367060546875 0.798216369140625 0.956299052734375 0.77086546875 0.95227658203125 0.76067696875 0.93834858203125 0.742008435546875 0.9375300859375 0.733336697265625 0.98077000390625 0.74394966015625 0.98984640625 0.739826150390625 1 0.746863923828125 1 0.74573876953125 0.997336033203125 0.7526984609375 1 0.79375078515625 1
0 0.612644794921875 1 0.61667623046875 0.991748046875 0.604759466796875 0.988261095703125 0.5877887734375 0.9680362109375 0.58449352734375 0.949822560546875 0.598016861328125 0.9070071015625 0.578549623046875 0.887378583984375 0.58046958984375 0.8468071171875 0.571787224609375 0.843603142578125 0.563792498046875 0.8697917265625 0.5355120390625 0.895020328125 0.531833388671875 0.9370675078125 0.501086810546875 0.97185781640625 0.5062518046875 0.978013216796875 0.5350784140625 0.983794373046875 0.53808005859375 0.95879852734375 0.553089734375 0.9641856484375 0.552554208984375 0.97961978515625 0.541294662109375 0.9965600546875 0.528937578125 1 0.568150494140625 1 0.569666392578125 0.99822747265625 0.579369587890625 0.999076392578125 0.580606021484375 1 0.612644794921875 1
0 1 0.3061612890625 0.97173465625 0.332685494140625 0.95261123828125 0.3277532578125 0.946455837890625 0.332918251953125 0.933781423828125 0.366030513671875 0.939179173828125 0.39746473046875 0.935095857421875 0.406884953125 0.920430001953125 0.416194111328125 0.870468736328125 0.419156166015625 0.86817452734375 0.436066015625 0.884063546875 0.44071528125 0.906482208984375 0.46386116796875 0.927222826171875 0.468934892578125 0.95347225390625 0.494860294921875 0.967985994140625 0.440724443359375 0.9966102734375 0.43019212109375 0.997398345703125 0.402558248046875 1 0.40227056640625 1 0.394718765625 0.993709064453125 0.39816153515625 0.98201442578125 0.373509509765625 0.98963491015625 0.32365930859375 1 0.316453888671875 1 0.3061612890625
0 0.71212176953125 0.142940599609375 0.7224213359375 0.1462860625 0.7307096640625 0.16330697265625 0.75320896484375 0.166904984375 0.771675166015625 0.151410001953125 0.77456574609375 0.136996697265625 0.797742056640625 0.123543373046875 0.822940234375 0.1428584921875 0.82274853125 0.172988908203125 0.846268662109375 0.17423186328125 0.853303404296875 0.168329013671875 0.86177280859375 0.1087756171875 0.853484478515625 0.091754705078125 0.85461637109375 0.078817111328125 0.87302444921875 0.0307254921875 0.798641736328125 0.02421784765625 0.76526575 0.038408392578125 0.7636287578125 0.0757454609375 0.77163411328125 0.096000771484375 0.7680361015625 0.118500072265625 0.73444916015625 0.13919047265625 0.71212176953125 0.142940599609375
0 0.26592508203125 0.884471146484375 0.259436490234375 0.921383755859375 0.271555587890625 0.9411841796875 0.296015908203125 0.959619958984375 0.32812713671875 0.937170873046875 0.341852802734375 0.91066889453125 0.36253257421875 0.897811939453125 0.367040349609375 0.88354012109375 0.365958673828125 0.867964498046875 0.328166724609375 0.862213763671875 0.319221177734375 0.8247656328125 0.295307009765625 0.83733961328125 0.27280770703125 0.8337416015625 0.2565140234375 0.796465380859375 0.223836849609375 0.82538326171875 0.221229244140625 0.836562169921875 0.207725703125 0.84189907421875 0.1993977890625 0.899835271484375 0.1677414453125 0.92639809765625 0.181366677734375 0.956922548828125 0.178466017578125 0.97377933984375 0.208306453125 0.976390041015625 0.20451256640625 0.934503888671875 0.213023021484375 0.93035972265625 0.20904013671875 0.882753513671875 0.22350366015625 0.857130875 0.25320961328125 0.862174177734375 0.26592508203125 0.884471146484375
0 0.4483264921875 0 0.457997904296875 0.011525939453125 0.455451146484375 0.040635525390625 0.44004743359375 0.049065341796875 0.432649078125 0.077750466796875 0.440068693359375 0.141953126953125 0.428950630859375 0.15727619921875 0.427455125 0.192996068359375 0.41886403125 0.216688109375 0.42264458203125 0.24798083984375 0.43368200390625 0.252205646484375 0.442788830078125 0.250558021484375 0.462103947265625 0.225359845703125 0.472231603515625 0.221357166015625 0.467177673828125 0.204619228515625 0.47281734375 0.17740981640625 0.46248735546875 0.165099015625 0.46446816796875 0.1424582265625 0.480609736328125 0.13490775390625 0.508415517578125 0.143043966796875 0.4987321171875 0.1047164921875 0.48417732421875 0.103443111328125 0.486299623046875 0.079185125 0.502299705078125 0.0732518515625 0.5164300390625 0.079376830078125 0.52093781640625 0.0651050078125 0.537251294921875 0.06490267578125 0.554979638671875 0.048528349609375 0.566300033203125 0.049518755859375 0.571343333984375 0.019812802734375 0.593637537109375 0.0062823046875 0.521830470703125 0 0.4483264921875 0
0 0.834309013671875 0.8510898359375 0.822200546875 0.877733302734375 0.804724751953125 0.881907890625 0.78911870703125 0.874024228515625 0.78443901953125 0.880947908203125 0.7837315859375 0.889033904296875 0.80365370703125 0.912776162109375 0.8674729609375 0.965617375 0.87717615625 0.966466294921875 0.886394044921875 0.9542361328125 0.915159810546875 0.94208661328125 0.9562774296875 0.975016337890625 0.960603400390625 0.972135654296875 0.973907302734375 0.8200713671875 0.94736083984375 0.816167203125 0.9406592890625 0.790322439453125 0.92389092578125 0.78641103125 0.87992378125 0.82330384765625 0.832600544921875 0.82405233203125 0.834309013671875 0.8510898359375
0 0.50977540625 0.63040666015625 0.52710971484375 0.627849271484375 0.552469171875 0.608068638671875 0.570733037109375 0.576260177734375 0.604239337890625 0.57511765625 0.597709693359375 0.556621033203125 0.578100970703125 0.538609712890625 0.576847384765625 0.515685953125 0.57094453515625 0.508651208984375 0.591796212890625 0.503142396484375 0.6091609453125 0.509550345703125 0.612647892578125 0.49763358203125 0.63216534765625 0.488748880859375 0.67568823828125 0.49418621875 0.69600439453125 0.504111541015625 0.72465909765625 0.50254455859375 0.7250227109375 0.47976228515625 0.7158854609375 0.47244456640625 0.731308966796875 0.426536197265625 0.72055451953125 0.419076994140625 0.726992892578125 0.4106776015625 0.735078888671875 0.411385033203125 0.73820222265625 0.422250546875 0.74688458984375 0.425454521484375 0.766826501953125 0.411718224609375 0.77028302734375 0.39083612109375 0.79391422265625 0.3814965390625 0.801454064453125 0.35119421484375 0.814189326171875 0.33601262890625 0.818070310546875 0.3102789296875 0.841560017578125 0.302556546875 0.844581453125 0.2400821484375 0.8274190546875 0.24998767578125 0.78094473828125 0.241032966796875 0.759759869140625 0.27828939453125 0.748126078125 0.271568046875 0.736572927734375 0.245298826171875 0.599676943359375 0.22680366796875 0.615232771484375 0.263200544921875 0.6141617265625 0.29406881640625 0.581514974609375 0.3319520390625 0.579109703125 0.359444423828125 0.562968134765625 0.366994896484375 0.543986203125 0.3604454609375 0.505436603515625 0.3912939375 0.47794421875 0.388888666015625 0.455647248046875 0.4016041328125 0.4418303125 0.401210095703125 0.4472280625 0.432644314453125 0.478551216796875 0.4378291015625 0.4872944296875 0.45896375390625 0.480886478515625 0.476328486328125 0.45070584765625 0.504649998046875 0.43902183984375 0.5264418671875 0.41507725 0.5300505078125 0.39675253515625 0.543928291015625 0.395509580078125 0.567448421875 0.40824483984375 0.552266837890625 0.4304003203125 0.541168568359375 0.435706802734375 0.54570676953125 0.42479107421875 0.577343322265625 0.43251345703125 0.600833029296875 0.42269919921875 0.6105666484375 0.406385720703125 0.610768982421875 0.3994620390625 0.60608929296875 0.392022630859375 0.579365185546875 0.3783471796875 0.577353951171875 0.344285564453125 0.6314091640625 0.3057557578125 0.6247790859375 0.298862501953125 0.62906473828125 0.290463109375 0.622626365234375 0.2898971640625 0.629095162109375 0.278010822265625 0.634573552734375 0.283913671875 0.641608294921875 0.267863373046875 0.67605478515625 0.270420763671875 0.69338909375 0.309940974609375 0.688698775390625 0.3192197109375 0.694399291015625 0.33842376953125 0.67978365234375 0.363591521484375 0.69013343359375 0.371707939453125 0.69980620703125 0.37154666015625 0.7389019609375 0.35427319921875 0.759390025390625 0.339010974609375 0.766202642578125 0.31443958984375 0.75834940234375 0.313943654296875 0.6988264296875 0.300126716796875 0.698432392578125 0.29644806640625 0.740479572265625 0.317734833984375 0.776563052734375 0.321484962890625 0.7988904453125 0.334078736328125 0.785326060546875 0.355385298828125 0.783930986328125 0.386627814453125 0.808663650390625 0.391742591796875 0.843332267578125 0.3998285859375 0.84403969921875 0.425925900390625 0.82513841015625 0.42356021484375 0.7776736875 0.433061078125 0.76220912890625 0.444209560546875 0.75585139453125 0.483932109375 0.7674745546875 0.49332190625 0.762592533203125 0.49425146484375 0.7333414609375 0.50389381640625 0.716259705078125 0.500113263671875 0.68496697265625 0.511089837890625 0.6712611015625 0.5050455 0.665843556640625 0.50977540625 0.63040666015625
0 0.067401634765625 0 0.065847626953125 0.004920056640625 0.040696041015625 0.013011646484375 0.012942609375 0.330234822265625 0.049750046875 0.328612443359375 0.079203451171875 0.34585548046875 0.099408544921875 0.366363341796875 0.108889615234375 0.388377337890625 0.107191775390625 0.407783724609375 0.1234854609375 0.445059947265625 0.12207059375 0.461231939453125 0.106242421875 0.474513353515625 0.1103059453125 0.502571685546875 0.12094933203125 0.52061342578125 0.1628550234375 0.52590927734375 0.181079302734375 0.569057923828125 0.177622779296875 0.58994002734375 0.1428431015625 0.60563734375 0.118302138671875 0.60674944140625 0.09696515234375 0.599179177734375 0.09581346875 0.64959532421875 0.063277779296875 0.6768960078125 0.01595454296875 0.677644494140625 0 0.66766303515625 0 0.72517653515625 0.01642005859375 0.72820212890625 0.031975884765625 0.7645990078125 0.0298535859375 0.788856994140625 0 0.816871607421875 0 0.818547591796875 0.003251171875 0.832157759765625 0.03466559765625 0.864238564453125 0.03409965234375 0.870707359375 0.01327839453125 0.88518151171875 0.07184138671875 0.904971310546875 0.077683388671875 0.894075375 0.04939230078125 0.87286008203125 0.0405076015625 0.85334262890625 0.057265333984375 0.810810142578125 0.056780025390625 0.797731064453125 0.076064724609375 0.763567546875 0.080248474609375 0.697120892578125 0.089749337890625 0.6816563359375 0.129258919921875 0.630522125 0.156751306640625 0.632927396484375 0.1798971953125 0.610508734375 0.223278599609375 0.61756326953125 0.2327794609375 0.6020987109375 0.266285759765625 0.600956189453125 0.260493974609375 0.583338908203125 0.23805551953125 0.59767157421875 0.213939017578125 0.593932076171875 0.212857341796875 0.578356455078125 0.245878333984375 0.5641348515625 0.248940822265625 0.55706968359375 0.21023910546875 0.54309146875 0.203962013671875 0.512395107421875 0.181604197265625 0.507179896484375 0.184211802734375 0.49600098828125 0.20415371484375 0.48226469140625 0.238397873046875 0.48200151171875 0.2735411640625 0.443521921875 0.278351708984375 0.388537150390625 0.29179440234375 0.365269568359375 0.268061306640625 0.301269240234375 0.256114119140625 0.288816953125 0.251626134765625 0.26561021875 0.24350971484375 0.255937447265625 0.226913263671875 0.259374177734375 0.217260287109375 0.23001204296875 0.19736858984375 0.215235123046875 0.19767135546875 0.174522169921875 0.189807486328125 0.152649662109375 0.204756314453125 0.14010610546875 0.228842392578125 0.134880263671875 0.240354490234375 0.10574025390625 0.269464076171875 0.108287013671875 0.3077717578125 0.136082166015625 0.316656455078125 0.15559962109375 0.343502255859375 0.18402156640625 0.33030294921875 0.279011857421875 0.33745938671875 0.30897036328125 0.3565325859375 0.34241581640625 0.367761708984375 0.316510205078125 0.376272166015625 0.312366041015625 0.36749853125 0.28226605078125 0.37257225390625 0.26152543359375 0.398245107421875 0.247475740234375 0.397274494140625 0.221317580078125 0.377402591796875 0.169062107421875 0.35013233203125 0.145491759765625 0.350637431640625 0.121092283203125 0.333555673828125 0.111449935546875 0.33743666015625 0.085716236328125 0.323245478515625 0.061660580078125 0.319181955078125 0.033602248046875 0.327207103515625 0.01637900390625 0.340852130859375 0.009424900390625 0.345334021484375 0 0.29062712890625 0 0.28850538671875 0.0024007890625 0.27840125 0 0.067401634765625 0