1 0.7236328125 0.748046875 0.115234375 0.162109375
1 0.705078125 0.888671875 0.134765625 0.197265625
1 0.943359375 0.71484375 0.1123046875 0.1279296875
1 0.8017578125 0.5048828125 0.0361328125 0.0888671875
1 0.7607421875 0.4501953125 0.041015625 0.068359375
1 0.162109375 0.6474609375 0.107421875 0.0654296875
1 0.6787109375 0.32421875 0.0673828125 0.048828125
1 0.55078125 0.353515625 0.046875 0.060546875
1 0.744140625 0.384765625 0.0859375 0.03125
1 0.8759765625 0.3466796875 0.0810546875 0.044921875
1 0.630859375 0.18359375 0.0361328125 0.0390625
1 0.6376953125 0.3056640625 0.0419921875 0.0517578125
1 0.486328125 0.24609375 0.041015625 0.03125
1 0.546875 0.1875 0.0341796875 0.041015625
1 0.470703125 0.1787109375 0.033203125 0.0361328125
0 0.428125 0.3234375 0.434375 0.390625 0.4421875 0.403125 0.4515625 0.4578125 0.4625 0.54375 0.46875 0.6859375 0.4578125 0.6875 0.4453125 0.6640625 0.446875 0.6 0.44375 0.590625 0.43125 0.584375 0.4140625 0.5890625 0.409375 0.6046875 0.4140625 0.6375 0.39375 0.65 0.3765625 0.6390625 0.35625 0.6359375 0.353125 0.5984375 0.25625 0.590625 0.2296875 0.590625 0.2203125 0.596875 0.2125 0.621875 0.2078125 0.684375 0.2109375 0.6953125 0.2421875 0.7125 0.2421875 0.7359375 0.2109375 0.7734375 0.1984375 0.8171875 0.21875 0.8546875 0.2296875 0.9140625 0.246875 0.9171875 0.2453125 0.9265625 0.2359375 0.925 0.2328125 0.93125 0.2359375 0.959375 0.2296875 0.96875 0.2296875 0.9890625 0.2390625 0.996875 0.375 0.9984375 0.3828125 0.8140625 0.3734375 0.7921875 0.353125 0.7765625 0.3640625 0.7671875 0.3765625 0.7734375 0.3875 0.8046875 0.390625 0.9890625 0.3953125 1 0.634375 0.9953125 0.6453125 0.98125 0.64375 0.9390625 0.6359375 0.9296875 0.65 0.86875 0.64375 0.8171875 0.6609375 0.7984375 0.653125 0.696875 0.6328125 0.671875 0.621875 0.6734375 0.609375 0.7234375 0.6046875 0.80625 0.56875 0.8515625 0.559375 0.8515625 0.5453125 0.796875 0.55 0.7109375 0.525 0.6625 0.5 0.5921875 0.4953125 0.5375 0.503125 0.4890625 0.4953125 0.4484375 0.4703125 0.3890625 0.46875 0.3640625 0.453125 0.3328125 0.4484375 0.30625 0.4328125 0.296875 0.4234375 0.303125 0.4203125 0.315625 0.428125 0.3234375
0 0.09545150390625 0.591871302734375 0.1256494765625 0.605404654296875 0.156888740234375 0.605404654296875 0.17459095703125 0.60124054296875 0.18396275390625 0.583542962890625 0.176673623046875 0.574173642578125 0.13085601953125 0.565845458984375 0.086197892578125 0.534114583984375 0.056923111328125 0.561681228515625 0.0350555625 0.577296736328125 0.070460078125 0.579378810546875 0.09545150390625 0.591871302734375
0 0.581742685546875 0.348269302734375 0.58694923046875 0.3680489609375 0.60673411328125 0.36284379296875 0.60673411328125 0.380541375 0.599444982421875 0.38886963671875 0.6275602890625 0.420100650390625 0.64838646484375 0.45965992578125 0.669212640625 0.4773575078125 0.693162775390625 0.45653683203125 0.708782408203125 0.440921326171875 0.68587364453125 0.402403068359375 0.67546055859375 0.386787560546875 0.669212640625 0.402403068359375 0.66608868359375 0.42114166796875 0.651510423828125 0.416977556640625 0.653593009765625 0.394074806640625 0.658799552734375 0.38366446875 0.667130056640625 0.380541375 0.655675595703125 0.36596688671875 0.6410973359375 0.34410519140625 0.635890791015625 0.349310361328125 0.62235374609375 0.3451462109375 0.579660099609375 0.30871002734375 0.57341226171875 0.288201048828125 0.56145830859375 0.27369475390625 0.54321429296875 0.29757034765625 0.57132959765625 0.310792103515625 0.56716442578125 0.3360885859375 0.581742685546875 0.348269302734375
0 1 1 0.998266287109375 0.849768361328125 0.981605283203125 0.815414173828125 0.988894412109375 0.78106006640625 0.96182048046875 0.78730633203125 0.93058121484375 0.78730633203125 0.94411826171875 0.836234849609375 0.940994302734375 0.87058903515625 0.9003831640625 0.820619341796875 0.87122664453125 0.78106006640625 0.907672453125 0.76440350390625 0.91496158203125 0.76128041015625 0.884763533203125 0.723803208984375 0.885804904296875 0.6665463515625 0.874350443359375 0.64572567578125 0.8566482265625 0.62074084765625 0.838946009765625 0.643643599609375 0.838946009765625 0.65717703125 0.8587308125 0.672792537109375 0.83790463671875 0.680079783203125 0.823326376953125 0.664464275390625 0.828532919921875 0.62802809375 0.80666537109375 0.5863867421875 0.80250019921875 0.54578641015625 0.771260935546875 0.505186134765625 0.74522821484375 0.51455539453125 0.73273254296875 0.493734720703125 0.719010392578125 0.49635416796875 0.70774103515625 0.516234888671875 0.720236869140625 0.520399041015625 0.722319455078125 0.539137640625 0.724402041015625 0.55683522265625 0.726484625 0.565163484375 0.69212140234375 0.549547978515625 0.68899760546875 0.578696916015625 0.711906365234375 0.59847657421875 0.727525998046875 0.61929725 0.750434759765625 0.633512654296875 0.761889220703125 0.66162049609375 0.750434759765625 0.6730718515625 0.74626958984375 0.6855643046875 0.763971806640625 0.720959388671875 0.773343521484375 0.742821162109375 0.781674025390625 0.7761342109375 0.771260935546875 0.83831692578125 0.75355871875 0.84872726171875 0.7514761328125 0.856014466796875 0.77230230859375 0.94762543359375 0.76084784765625 0.97677441015625 0.768136978515625 1 0.826450333984375 0.9975950859375 0.811871916015625 0.948666529296875 0.819161205078125 0.9330510234375 0.82957429296875 0.924722720703125 0.85144168359375 0.949707546875 0.86289614453125 0.99343093359375 0.864978728515625 1 0.896217994140625 1 0.8701852734375 0.942420263671875 0.882680947265625 0.93200992578125 0.903507123046875 0.96740508984375 0.90454849609375 0.985102712890625 0.91496158203125 1 0.958696521484375 0.99551305078125 0.953489978515625 0.963240939453125 0.943076888671875 0.942420263671875 0.92953984375 0.91639441796875 0.956613935546875 0.930968908203125 0.97223356640625 0.963240939453125 0.97744011328125 1 1 1