1 0.611328125 0.62109375 0.111328125 0.076171875
1 0.240234375 0.6904296875 0.048828125 0.05078125
1 0.818359375 0.6083984375 0.072265625 0.05859375
1 0.474609375 0.6416015625 0.111328125 0.080078125
1 0.3564453125 0.6611328125 0.10546875 0.08203125
1 0.2880859375 0.4443359375 0.0703125 0.0625
1 0.8046875 0.5048828125 0.0703125 0.064453125
1 0.763671875 0.4775390625 0.052734375 0.04296875
1 0.5498046875 0.5126953125 0.044921875 0.041015625
1 0.3056640625 0.5732421875 0.11328125 0.0625
1 0.037109375 0.5966796875 0.05078125 0.048828125
1 0.087890625 0.7099609375 0.126953125 0.09765625
1 0.966796875 0.4306640625 0.0625 0.05078125
1 0.3876953125 0.5234375 0.076171875 0.04296875
1 0.4677734375 0.5263671875 0.072265625 0.0546875
1 0.1806640625 0.587890625 0.1171875 0.05859375
1 0.962890625 0.560546875 0.07421875 0.09375
1 0.6787109375 0.267578125 0.06640625 0.0546875
0 0 0.543744326171875 0.00333208984375 0.562641546875 0.04234764453125 0.556844154296875 0.04536303125 0.540126970703125 0.061499521484375 0.52535551953125 0.07511159765625 0.491436228515625 0.1094240703125 0.473459861328125 0.12983916015625 0.444304091796875 0.146167197265625 0.449943697265625 0.16949584765625 0.437311546875 0.188350318359375 0.447616884765625 0.213718458984375 0.446551267578125 0.220325890625 0.459867955078125 0.216530193359375 0.496315693359375 0.242287482421875 0.492625857421875 0.244716123046875 0.501568169921875 0.252297427734375 0.501083248046875 0.260860677734375 0.428868275390625 0.315390642578125 0.404771416015625 0.34853365625 0.40914982421875 0.372247419921875 0.422857673828125 0.362133630859375 0.46212319921875 0.366795328125 0.4885609921875 0.37554205859375 0.49468551953125 0.629516853515625 0.471199609375 0.66237052734375 0.45944354296875 0.669079783203125 0.43951942578125 0.702805509765625 0.44720255859375 0.735561392578125 0.439723076171875 0.751889431640625 0.445362681640625 0.7835756640625 0.441479279296875 0.835481408203125 0.4169932734375 0.846660810546875 0.403095892578125 0.85987970703125 0.400765044921875 0.8803865390625 0.4107790234375 0.960673791015625 0.382992328125 0.969031373046875 0.391741076171875 0.989499421875 0.396703927734375 0.955558880859375 0.204217556640625 0.907239697265625 0.2152256640625 0.835792755859375 0.247325416015625 0.834005560546875 0.21891358203125 0.85039425390625 0.21169988671875 0.86700702734375 0.21597714453125 0.888514703125 0.21326573828125 0.904455287109375 0.18307014453125 0.909205640625 0.17934991015625 0.920949564453125 0.1770297890625 0.94884413671875 0.18062990234375 0.951832552734375 0.183084501953125 0.9459365859375 0.149646806640625 0.80217508203125 0.189454255859375 0.794011064453125 0.186634451171875 0.79517850390625 0.1787617890625 0.83201740625 0.165451154296875 0.832019423828125 0.150969041015625 0.84105952734375 0.1442638203125 0.783811587890625 0.14328389453125 0.77642586328125 0.135215646484375 0.785272400390625 0.122581482421875 0.818319640625 0.116754361328125 0.829203654296875 0.130168837890625 0.870804060546875 0.12453730078125 0.880522650390625 0.13134233203125 0.9011292890625 0.1225976171875 0.918818333984375 0.12629350390625 0.93765465625 0.102677650390625 0.933776015625 0.080680791015625 0.84816196484375 0.0927512578125 0.7276353125 0.124225775390625 0.712570490234375 0.120919033203125 0.723069390625 0.10799351171875 0.77234889453125 0.09760046875 0.771183470703125 0.090991021484375 0.790720458984375 0.08584238671875 0.800830212890625 0.075541083984375 0.8289203671875 0.070588033203125 0.845539759765625 0.077880001953125 0.88626609765625 0.067291376953125 0.8874335390625 0.059418712890625 0.17915900390625 0.144268830078125 0.163705033203125 0.143586310546875 0.14980765234375 0.13240690625 0.109568251953125 0.1360947265625 0.078077599609375 0.1314249609375 0 0.147733279296875 0 0.346527216796875 0.001068849609375 0.346896390625 0 0.348132220703125 0 0.543744326171875
0 1 0.62419251953125 0.963926861328125 0.628402248046875 0.87887628125 0.63384479296875 0.91185755078125 0.66405467578125 0.909801392578125 0.664560251953125 0.919713546875 0.6772942265625 0.9024116328125 0.68545623046875 0.912321771484375 0.712672314453125 0.903281666015625 0.719377537109375 0.907460458984375 0.72375191015625 0.9030860859375 0.727930703125 0.912609091796875 0.743288900390625 0.907165068359375 0.75106376953125 0.909008978515625 0.771183470703125 0.92407178515625 0.788972322265625 0.929507740234375 0.83912589453125 0.921922400390625 0.8685750390625 0.9034550625 0.870127591796875 0.896360693359375 0.86371170703125 0.88635478125 0.82629009375 0.853894287109375 0.806457716796875 0.84466666796875 0.763787662109375 0.819206787109375 0.72568352734375 0.788787802734375 0.702935572265625 0.775666697265625 0.7009898359375 0.72707778125 0.63800046484375 0.711128421875 0.61871061328125 0.6770954765625 0.57380201171875 0.643575205078125 0.57623155078125 0.72513002734375 0.665603681640625 0.723962587890625 0.67347634375 0.708313037109375 0.681346990234375 0.53637161328125 0.701442486328125 0.493410201171875 0.7090177421875 0.45521029296875 0.724272095703125 0.393977126953125 0.724846740234375 0.33098775390625 0.773435658203125 0.21327888671875 0.811228265625 0.162055666015625 0.82026030078125 0.1486411875 0.83114431640625 0.0902258046875 0.83803705078125 0.049769904296875 0.82600348828125 0.080450185546875 1 0.543744328125 1 1 0.919549814453125 1 0.62419251953125
0 1 0.491855 0.990934994140625 0.491806767578125 0.976159509765625 0.5046345 0.90841266796875 0.516580095703125 0.9077301484375 0.53203406640625 0.91774009375 0.54049145703125 0.932611353515625 0.53786925390625 0.94962191015625 0.528054888671875 1 0.51641234765625 1 0.491855
0 0.488321556640625 0.6076908515625 0.495805072265625 0.611482513671875 0.56569121484375 0.5923447578125 0.858742 0.54407946875 0.86554703125 0.53436087890625 0.86272924609375 0.528042787109375 0.6327595703125 0.566888908203125 0.6254113046875 0.547884064453125 0.594032439453125 0.5454164296875 0.56825237890625 0.55049551171875 0.565298716796875 0.557950154296875 0.56630205078125 0.563640341796875 0.570348564453125 0.571460771484375 0.611621568359375 0.56044962109375 0.615362876953125 0.572590900390625 0.563164783203125 0.58767902734375 0.488808494140625 0.600790046875 0.488321556640625 0.6076908515625
0 0.27837580859375 0.634487537109375 0.2890682734375 0.62749095703125 0.296356208984375 0.639835787109375 0.38937541796875 0.616619046875 0.38782286328125 0.598151708984375 0.34758346484375 0.601839529296875 0.3350430546875 0.61768062890625 0.265935205078125 0.63156994140625 0.27837580859375 0.634487537109375
0 0.147986904296875 0.64384873046875 0.061870515625 0.653070298828125 0.073530806640625 0.6757184453125 0.140888501953125 0.666397068359375 0.150998255859375 0.656095767578125 0.147986904296875 0.64384873046875
0 0.519189677734375 0.54602468359375 0.438030373046875 0.55437218359375 0.44638594140625 0.57760304296875 0.51627006640625 0.572947396484375 0.52861489453125 0.565659462890625 0.519189677734375 0.54602468359375