1 0.65625 0.9658203125 0.11328125 0.068359375
1 0.3388671875 0.9306640625 0.123046875 0.115234375
1 0.4736328125 0.1123046875 0.10546875 0.115234375
1 0.435546875 0.6767578125 0.111328125 0.099609375
1 0.642578125 0.74609375 0.138671875 0.169921875
1 0.0703125 0.33203125 0.103515625 0.107421875
1 0.111328125 0.244140625 0.0859375 0.083984375
1 0.4921875 0.275390625 0.109375 0.083984375
1 0.205078125 0.7724609375 0.109375 0.109375
1 0.609375 0.583984375 0.0703125 0.07421875
1 0.611328125 0.521484375 0.078125 0.068359375
1 0.85546875 0.732421875 0.099609375 0.103515625
1 0.787109375 0.744140625 0.09375 0.099609375
1 0.623046875 0.16796875 0.08984375 0.091796875
1 0.244140625 0.5791015625 0.1171875 0.09375
0 0.2273221015625 0.289587626953125 0.234656736328125 0.28712423046875 0.235365197265625 0.27586760546875 0.22337233203125 0.2741821171875 0.21800563671875 0.281289857421875 0.217778744140625 0.28911994921875 0.2273221015625 0.289587626953125
0 0.150493669921875 0.289272736328125 0.165644505859375 0.28091940625 0.15804130859375 0.272862419921875 0.159175779296875 0.233711962890625 0.13871380859375 0.27364033203125 0.137509890625 0.2822066640625 0.150493669921875 0.289272736328125
0 0.41722603125 0.629008951171875 0.42237972265625 0.63584812890625 0.4404894140625 0.637519728515625 0.473027587890625 0.635977796875 0.476440232421875 0.630342541015625 0.456080146484375 0.607389392578125 0.44114231640625 0.601795802734375 0.41722603125 0.629008951171875
0 0.90251570703125 0.78107308203125 0.894898619140625 0.766899271484375 0.814953884765625 0.79497366796875 0.816963494140625 0.817968486328125 0.84172713671875 0.840666958984375 0.849260884765625 0.818139822265625 0.888879021484375 0.809730935546875 0.899626298828125 0.801632279296875 0.90251570703125 0.78107308203125
0 0.028222005859375 0.26422659375 0.01614616796875 0.35015063671875 0.022915484375 0.35170969140625 0.03683462109375 0.339689044921875 0.0548470859375 0.298542869140625 0.0421040859375 0.28976353125 0.04107150390625 0.266032474609375 0.028222005859375 0.26422659375
0 0.69348795703125 0.639881330078125 0.680249501953125 0.628411701171875 0.675873724609375 0.6409000234375 0.656092435546875 0.6573381171875 0.65320302734375 0.67789731640625 0.667585181640625 0.762032603515625 0.675188380859375 0.770089587890625 0.688042494140625 0.827803525390625 0.70081326953125 0.84881651171875 0.68989465625 0.889212556640625 0.6585742890625 0.88830498046875 0.6735676796875 0.918365869140625 0.6706782734375 0.938925068359375 0.677531337890625 0.939888203125 0.69483533984375 0.90999865234375 0.70998617578125 0.90164532421875 0.727614298828125 0.906743453125 0.729753576171875 0.879090404296875 0.72185403515625 0.84827938671875 0.733550560546875 0.827210841796875 0.72593347265625 0.813037029296875 0.708064564453125 0.8096521640625 0.710444625 0.780285849609375 0.682273 0.65752334375 0.68395848828125 0.6455304765625 0.69348795703125 0.639881330078125
0 0 0.63133062890625 0.009125919921875 0.6362971640625 0.02720783203125 0.625735111328125 0.049239513671875 0.6305785703125 0.065608158203125 0.619775734375 0.0704516171875 0.597744052734375 0.062848419921875 0.58968706640625 0.064237564453125 0.554940166015625 0.08496809765625 0.52553218359375 0.1097039609375 0.535997009765625 0.12445656640625 0.567771162109375 0.1405566484375 0.546447943359375 0.142455140625 0.520508162109375 0.122775740234375 0.474064740234375 0.123400865234375 0.4261071640625 0.112144240234375 0.425398703125 0.104624380859375 0.454042666015625 0.08923276171875 0.464109259765625 0.080282087890625 0.5091496484375 0.070146044921875 0.46317390625 0.04266433203125 0.428737236328125 0.028133958984375 0.49483228125 0.0243971953125 0.46547985546875 0.0106910625 0.463553583984375 0.00485669140625 0.480204681640625 0.012941455078125 0.484835134765625 0.01200609765625 0.5039218515625 0.0250454375 0.535455220703125 0.02020198046875 0.55748690234375 0.009709376953125 0.569989115234375 0.013700814453125 0.603745099609375 0 0.616674251953125 0 0.63133062890625
0 0 0.91569866015625 0.030650681640625 0.930605236328125 0.01959065234375 0.934775994140625 0.019443634765625 0.937375994140625 0.15543416796875 0.956488216796875 0.161296318359375 0.95207076953125 0.21049948046875 0.96248003515625 0.232461712890625 0.9367393671875 0.234147201171875 0.924746501953125 0.2204132890625 0.91058658203125 0.238453533203125 0.8816740546875 0.23011409375 0.87264004296875 0.2002662109375 0.873686515625 0.174113423828125 0.88573494140625 0.16547764453125 0.8539468984375 0.147849521484375 0.848848765625 0.135870544921875 0.853280103515625 0.1278552265625 0.879233775390625 0.114899224609375 0.884401353515625 0.0994659375 0.87611747265625 0.0947521484375 0.8475012890625 0.10721269140625 0.839643419921875 0.121655064453125 0.84254671484375 0.131767990234375 0.77058951953125 0.126132732421875 0.767176876953125 0.10755536328125 0.77504863671875 0.09186740234375 0.762361197265625 0.069650494140625 0.783698306640625 0.047887375 0.789375232421875 0.043187474609375 0.766875873046875 0.062954875 0.744320955078125 0.089658677734375 0.759430123046875 0.09519670703125 0.7200249921875 0.108861171875 0.7036007890625 0.07288257421875 0.698544326171875 0.049674751953125 0.7145008515625 0 0.70614522265625 0 0.91569866015625
0 0.537321458984375 0.39605103125 0.56910950390625 0.387415251953125 0.588237888671875 0.406701080078125 0.58826566796875 0.418934732421875 0.574587314453125 0.429242111328125 0.58292675390625 0.43827612109375 0.598586935546875 0.43872991015625 0.60546778125 0.4519266953125 0.62674933203125 0.449676302734375 0.647762318359375 0.43690552734375 0.672016615234375 0.450796884765625 0.684250263671875 0.45076910546875 0.689107609375 0.43485425 0.672910302734375 0.413359693359375 0.684379931640625 0.40012123828125 0.716237421875 0.422069583984375 0.77962828515625 0.430978587890625 0.801817412109375 0.397407830078125 0.865138828125 0.3757327109375 0.86824123828125 0.341226595703125 0.83883325390625 0.320496060546875 0.787972384765625 0.33431330859375 0.729452759765625 0.3156062734375 0.71435748046875 0.34842690234375 0.633593169921875 0.33882332421875 0.626568765625 0.370157578125 0.612154173828125 0.379487931640625 0.594016701171875 0.36558268359375 0.59738767578125 0.341596953125 0.583412982421875 0.329150298828125 0.576518248046875 0.3098366875 0.563080677734375 0.31843080078125 0.535159064453125 0.305771140625 0.530301716796875 0.32168599609375 0.517345716796875 0.326853576171875 0.516410361328125 0.345940291015625 0.504190599609375 0.35208489453125 0.492438517578125 0.348686140625 0.486053130859375 0.3381796484375 0.4877247265625 0.32006995703125 0.440984962890625 0.31699532421875 0.38693834375 0.328617740234375 0.373699888671875 0.317148109375 0.380173275390625 0.258656263671875 0.391897580078125 0.2498213671875 0.38549830078125 0.233198048828125 0.390554763671875 0.197219451171875 0.386364208984375 0.18352720703125 0.373181314453125 0.19652487890625 0.362772046875 0.245728041015625 0.3444632421875 0.26412018359375 0.3435556640625 0.29544055078125 0.291717767578125 0.309994041015625 0.27781251953125 0.32813151171875 0.259971392578125 0.336980296875 0.232573017578125 0.339244578125 0.23064674609375 0.3529507109375 0.208642845703125 0.36034090234375 0.19898370703125 0.416637916015625 0.180165556640625 0.426222943359375 0.179202419921875 0.433076009765625 0.1993495 0.46997607421875 0.22823424609375 0.475782666015625 0.2568504296875 0.471068875 0.2675699296875 0.450736572265625 0.28883758984375 0.44236935546875 0.298890294921875 0.451644150390625 0.30235849609375 0.47047619140625 0.35793315625 0.485275126953125 0.36457321875 0.5001851796875 0.380728859375 0.503329259765625 0.395384236328125 0.492285640625 0.41716124609375 0.4927255390625 0.422486271484375 0.46726732421875 0.443499259765625 0.454496546875 0.443953044921875 0.438836365234375 0.457163720703125 0.43807234375 0.473277693359375 0.422865951171875 0.48869709375 0.425033005859375 0.506635447265625 0.459001994140625 0.51858664453125 0.442337005859375 0.517808734375 0.4230095078125 0.537321458984375 0.39605103125
0 0.5542255703125 1 0.554342822265625 0.99595366015625 0.526675884765625 0.98769755859375 0.5148682421875 0.959831505859375 0.487455978515625 0.955978962890625 0.482515294921875 0.93519287109375 0.495698189453125 0.92219519921875 0.519952484375 0.936086556640625 0.531903681640625 0.9194215703125 0.530884986328125 0.9018073359375 0.5440678828125 0.88880966796875 0.565831001953125 0.883132740234375 0.589575951171875 0.888216982421875 0.600082443359375 0.88183159375 0.60444433203125 0.8632264453125 0.59365538671875 0.852974625 0.6101953671875 0.809874400390625 0.600383447265625 0.7988863359375 0.53819650390625 0.781411 0.535223759765625 0.765269248046875 0.49453137109375 0.731596603515625 0.484691669921875 0.708374890625 0.510362890625 0.699753 0.509089521484375 0.677735208984375 0.497337439453125 0.674336455078125 0.482441279296875 0.687093341796875 0.4822282734375 0.7010402578125 0.45314441015625 0.71529740625 0.390022111328125 0.71690878515625 0.373991478515625 0.768816126953125 0.32821484765625 0.758888427734375 0.3150180625 0.765769275390625 0.305715490234375 0.763588328125 0.339730806640625 0.65830116015625 0.355108537109375 0.642117740234375 0.37738100390625 0.645247931640625 0.382011455078125 0.637163166015625 0.364878791015625 0.634755326171875 0.355803111328125 0.6247442890625 0.343087892578125 0.628198603515625 0.313638240234375 0.58911759375 0.303372529296875 0.59378971484375 0.304659787109375 0.62192433203125 0.28663343359375 0.65695368359375 0.247228302734375 0.65141565234375 0.243009970703125 0.625489759765625 0.2290491640625 0.6191599296875 0.189431029296875 0.627568818359375 0.1522901796875 0.649429162109375 0.143807185546875 0.684926193359375 0.1271838671875 0.69132546875 0.1259938359375 0.706008626953125 0.136273435546875 0.707453330078125 0.15956459375 0.728197755859375 0.194978287109375 0.699979802734375 0.23928243359375 0.70795344921875 0.25253477734375 0.72553990234375 0.272371625 0.733569111328125 0.279747927734375 0.7494561875 0.273191203125 0.771247083984375 0.2563271015625 0.77935962890625 0.25468328125 0.80970296875 0.2796321484375 0.80622087890625 0.310739509765625 0.821075373046875 0.35271915625 0.882882634765625 0.357349609375 0.87479787109375 0.387169712890625 0.86151774609375 0.404316267578125 0.87004241015625 0.417864953125 0.910382896484375 0.395222037109375 0.95961383984375 0.408474380859375 0.97720029296875 0.405571083984375 0.99164266796875 0.465036591796875 1 0.5542255703125 1
0 0.645247837890625 0.94583369140625 0.62437840625 0.914073427734375 0.588441478515625 0.927367439453125 0.6051759140625 0.969902759765625 0.611987310546875 0.952515421875 0.645247837890625 0.94583369140625
0 0.60003620703125 0.64596571484375 0.606139142578125 0.639835 0.601721693359375 0.633972849609375 0.610260248046875 0.622943119140625 0.60510655859375 0.616103943359375 0.577935076171875 0.6105381328125 0.5676693671875 0.615210255859375 0.5552782734375 0.65365225 0.580509591796875 0.666807365234375 0.588622134765625 0.68367146875 0.598165494140625 0.684139146484375 0.60003620703125 0.64596571484375
0 0.6358064609375 0.559269802734375 0.637376169921875 0.60404162890625 0.643988453125 0.60671803125 0.663556736328125 0.604226853515625 0.662241701171875 0.563858587890625 0.688635271484375 0.5500968984375 0.678980796875 0.500694619140625 0.65475428125 0.49903691015625 0.645974943359375 0.511779908203125 0.641302822265625 0.501514197265625 0.6464981796875 0.526703849609375 0.641117595703125 0.527694763671875 0.63920521484375 0.547517720703125 0.594192607421875 0.55080069921875 0.6358064609375 0.559269802734375