1 0.109375 0.904296875 0.11328125 0.19140625
1 0.1396484375 0.7578125 0.208984375 0.1328125
1 0.1005859375 0.5869140625 0.201171875 0.158203125
1 0.8583984375 0.8837890625 0.283203125 0.150390625
1 0.1796875 0.361328125 0.1328125 0.099609375
1 0.931640625 0.3818359375 0.130859375 0.146484375
1 0.822265625 0.6015625 0.255859375 0.134765625
1 0.8515625 0.689453125 0.263671875 0.142578125
1 0.1708984375 0.2392578125 0.14453125 0.140625
1 0.0234375 0.1826171875 0.046875 0.095703125
1 0.5859375 0.0224609375 0.11328125 0.044921875
1 0.220703125 0.0693359375 0.171875 0.076171875
1 0.044921875 0.0927734375 0.08984375 0.044921875
0 0.650424107421875 0.780914361328125 0.646418134765625 0.803546701171875 0.6716604375 0.80368324609375 0.690154 0.79504530859375 0.68565858203125 0.72867710546875 0.6302916796875 0.733555662109375 0.625724248046875 0.74032716015625 0.650424107421875 0.780914361328125
0 0.20889612890625 0.619624259765625 0.031050599609375 0.651672353515625 0.020862701171875 0.655473818359375 0.039571009765625 0.751719716796875 0.04119085546875 0.7514048515625 0.088549552734375 0.731272423828125 0.096379435546875 0.71966414453125 0.2133232734375 0.6986136171875 0.217981736328125 0.67501391796875 0.20889612890625 0.619624259765625
0 0.451855478515625 0 0.3908268046875 0.011862771484375 0.386259373046875 0.01863426953125 0.38598628125 0.06911887109375 0.40051938671875 0.07469917578125 0.406186982421875 0.10385641796875 0.380178400390625 0.125722478515625 0.3764835546875 0.21049321875 0.367257662109375 0.24086441015625 0.353578125 0.256971849609375 0.353441580078125 0.282214150390625 0.34205713671875 0.29283231640625 0.346533537109375 0.30288901953125 0.361427025390625 0.3016750703125 0.38012166796875 0.315692232421875 0.38803883984375 0.34777430078125 0.379533708984375 0.36455698828125 0.378407048828125 0.393353849609375 0.35926099609375 0.402959142578125 0.35629065234375 0.41362282421875 0.35116176171875 0.404533474609375 0.346279462890625 0.409685123046875 0.35707594921875 0.44793171484375 0.376737947265625 0.4626013671875 0.379886609375 0.4787998359375 0.373945923828125 0.5001271953125 0.361594125 0.510092869140625 0.3291971875 0.516390197265625 0.31943259375 0.52669349609375 0.2922100625 0.5336660703125 0.28309795703125 0.54300201171875 0.28678532421875 0.579268375 0.29969858203125 0.58516354296875 0.289956744140625 0.59125979296875 0.29056371875 0.598706537109375 0.3096415 0.60172239453125 0.32887484375 0.635807451171875 0.349617984375 0.630094341796875 0.3525655703125 0.623637712890625 0.356389482421875 0.6346617734375 0.377986193359375 0.65063640625 0.382348806640625 0.681728361328125 0.37656368359375 0.734124919921875 0.344436099609375 0.7504561953125 0.3218037578125 0.746450224609375 0.311747052734375 0.750926623046875 0.318674111328125 0.78656325390625 0.35073342578125 0.782853130859375 0.3652437734375 0.792640484375 0.376085775390625 0.8224729765625 0.367895509765625 0.840875509765625 0.370729306640625 0.855454130859375 0.304968078125 0.86739629296875 0.29810555078125 0.8796570625 0.308071224609375 0.892008861328125 0.330749080078125 0.887600734375 0.358218205078125 0.89486915625 0.366810625 0.9217768203125 0.353354923828125 0.9563323046875 0.412746814453125 0.985132908203125 0.41563668359375 1 0.51500936328125 1 0.503325431640625 0.93222414453125 0.51543063671875 0.908017470703125 0.520157373046875 0.871796623046875 0.553320587890625 0.843496689453125 0.5341137421875 0.744686033203125 0.522236111328125 0.726822201171875 0.523002388671875 0.704819595703125 0.514273423828125 0.703154232421875 0.5311243828125 0.699038212890625 0.532630439453125 0.71975859765625 0.544913966796875 0.72241407421875 0.53676921875 0.732402505859375 0.545361640625 0.759310169921875 0.559287771484375 0.757443728515625 0.574450609375 0.7662637265625 0.5953075390625 0.739515365234375 0.5980312890625 0.714610689453125 0.61553473828125 0.709527310546875 0.62271212890625 0.698886390625 0.618080166015625 0.657760486328125 0.624650583984375 0.6396728203125 0.5942111171875 0.643068076171875 0.591085212890625 0.62266255859375 0.66240398828125 0.600394337890625 0.65376605078125 0.581900775390625 0.650146958984375 0.53301326171875 0.827025130859375 0.5003126796875 0.837779841796875 0.4864548203125 0.884440533203125 0.4757038515625 0.888378232421875 0.46569266015625 0.878750181640625 0.45075365625 0.896299146484375 0.4372561796875 0.88289269921875 0.402879013671875 0.871891396484375 0.402495876953125 0.827412009765625 0.42879282421875 0.83793914453125 0.45700546875 0.83238159765625 0.4673315234375 0.774381978515625 0.480286560546875 0.761783583984375 0.476011236328125 0.7322659609375 0.488473083984375 0.653299361328125 0.4886931796875 0.651634 0.497422146484375 0.606908021484375 0.50947809765625 0.602002966796875 0.518836796875 0.588729326171875 0.519735880859375 0.576377525390625 0.5297015546875 0.57516357421875 0.514808068359375 0.591722423828125 0.50486515234375 0.5842984375 0.501265076171875 0.5760208828125 0.4759772578125 0.592962873046875 0.455033037109375 0.6194418828125 0.465856021484375 0.637100892578125 0.491841841796875 0.671208708984375 0.468401447265625 0.68479721484375 0.4691222109375 0.682031689453125 0.441922439453125 0.66324601953125 0.444733478515625 0.647184095703125 0.422639841796875 0.611278115234375 0.419532953125 0.584169373046875 0.405470275390625 0.575485921875 0.395390814453125 0.56869540625 0.3345118828125 0.5098004453125 0.273674724609375 0.50197430078125 0.224764453125 0.506879357421875 0.21540575390625 0.488571595703125 0.12986873828125 0.457817263671875 0.1316441484375 0.45239626171875 0.11672790234375 0.459550896484375 0.110294029296875 0.458336947265625 0.095400541015625 0.471341236328125 0.08446751171875 0.463333033203125 0.069213642578125 0.46540429296875 0.0452763203125 0.479038314453125 0.037582982421875 0.474630185546875 0.01490512890625 0.460726810546875 0.012564517578125 0.46061529296875 0 0.451855478515625 0