1 0.6650390625 0.6298828125 0.078125 0.072265625
1 0.49609375 0.6044921875 0.0751953125 0.064453125
1 0.943359375 0.60546875 0.109375 0.091796875
1 0.5810546875 0.4892578125 0.0751953125 0.0517578125
1 0.623046875 0.5517578125 0.080078125 0.068359375
1 0.330078125 0.59375 0.119140625 0.080078125
1 0.435546875 0.6064453125 0.072265625 0.0654296875
1 0.7822265625 0.470703125 0.0810546875 0.0595703125
1 0.552734375 0.5595703125 0.064453125 0.060546875
1 0.830078125 0.6474609375 0.115234375 0.068359375
1 0.7353515625 0.6328125 0.0546875 0.060546875
1 0.9091796875 0.478515625 0.052734375 0.0595703125
1 0.88671875 0.5439453125 0.1123046875 0.0576171875
1 0.470703125 0.4736328125 0.1201171875 0.0673828125
1 0.7294921875 0.4912109375 0.0546875 0.0498046875
1 0.201171875 0.541015625 0.2001953125 0.072265625
1 0.05078125 0.515625 0.1015625 0.052734375
1 0.4912109375 0.552734375 0.068359375 0.0595703125
1 0.44921875 0.548828125 0.0546875 0.0546875
1 0.4091796875 0.5400390625 0.0751953125 0.0498046875
1 0.74609375 0.578125 0.115234375 0.052734375
1 0.111328125 0.4736328125 0.080078125 0.0439453125
1 0.3193359375 0.521484375 0.1142578125 0.056640625
1 0.341796875 0.4501953125 0.1064453125 0.0517578125
1 0.115234375 0.423828125 0.099609375 0.0390625
1 0.029296875 0.427734375 0.0576171875 0.0390625
1 0.255859375 0.431640625 0.099609375 0.044921875
0 0.953125 0.44921875 0.95390625 0.4546875 0.9734375 0.45546875 0.9796875 0.42421875 0.97421875 0.4078125 0.9734375 0.43671875 0.953125 0.44921875
0 0.984375 0.45234375 0.9890625 0.45390625 1 0.43046875 0.99921875 0.40625 0.9875 0.41796875 0.984375 0.45234375
0 0.51015625 0.6453125 0.48359375 0.646875 0.46875 0.66171875 0.471875 0.67734375 0.4984375 0.70390625 0.5125 0.68828125 0.5046875 0.68359375 0.5140625 0.66484375 0.51015625 0.6453125
0 0.68359375 0.6640625 0.66171875 0.665625 0.646875 0.69921875 0.665625 0.71953125 0.67578125 0.7046875 0.703125 0.70078125 0.703125 0.69140625 0.68359375 0.6640625
0 0.0921875 0.45546875 0.07109375 0.453125 0.06484375 0.4640625 0.05234375 0.446875 0.04140625 0.453125 0.00078125 0.4546875 0.0015625 0.51484375 0.04453125 0.4890625 0.06015625 0.4859375 0.08046875 0.459375 0.0921875 0.45546875
0 1 0.56171875 0.9875 0.55859375 0.9859375 0.48984375 0.9734375 0.50703125 0.9734375 0.53828125 0.96328125 0.5421875 0.9578125 0.53828125 0.9578125 0.52578125 0.971875 0.47265625 0.95390625 0.45625 0.94609375 0.4625 0.94140625 0.4546875 0.9296875 0.46484375 0.934375 0.49140625 0.9171875 0.49921875 0.92265625 0.5109375 0.9234375 0.50234375 0.93125 0.50234375 0.928125 0.52890625 0.9390625 0.53359375 0.94140625 0.546875 0.953125 0.55078125 0.9390625 0.56328125 0.98515625 0.5640625 1 0.57734375 1 0.56171875
0 0.628125 0.65546875 0.628125 0.64453125 0.640625 0.62578125 0.6453125 0.60078125 0.54609375 0.59375 0.5171875 0.63984375 0.51796875 0.6453125 0.53125 0.64921875 0.534375 0.65859375 0.5265625 0.68203125 0.515625 0.69140625 0.6296875 0.70703125 0.6421875 0.70078125 0.6328125 0.68984375 0.634375 0.66015625 0.628125 0.65546875
0 0.82890625 0.7375 0.83984375 0.728125 0.85703125 0.7296875 0.87578125 0.75 0.90625 0.72578125 0.9015625 0.71640625 0.91171875 0.7046875 0.92265625 0.7046875 0.9359375 0.71484375 0.925 0.72578125 0.92578125 0.7390625 0.96796875 0.753125 0.9859375 0.74296875 0.984375 0.68984375 0.96484375 0.6859375 0.95625 0.70234375 0.9546875 0.68671875 0.9625 0.68203125 0.9609375 0.66640625 0.96875 0.66015625 0.94296875 0.6546875 0.92109375 0.63125 0.90546875 0.625 0.878125 0.59296875 0.87578125 0.5796875 0.86328125 0.578125 0.84609375 0.5640625 0.83046875 0.5625 0.8078125 0.53515625 0.81875 0.52265625 0.81171875 0.5078125 0.80078125 0.5078125 0.78828125 0.5171875 0.76953125 0.509375 0.75859375 0.5171875 0.64765625 0.521875 0.6421875 0.52890625 0.6578125 0.56171875 0.67734375 0.571875 0.75390625 0.553125 0.77265625 0.5578125 0.80859375 0.5921875 0.82421875 0.590625 0.83125 0.60546875 0.8921875 0.66015625 0.896875 0.67890625 0.8765625 0.69609375 0.871875 0.71796875 0.86328125 0.7265625 0.8515625 0.71796875 0.84296875 0.69375 0.80703125 0.69375 0.7953125 0.68671875 0.78984375 0.6734375 0.7671875 0.67734375 0.7671875 0.70234375 0.75390625 0.7171875 0.74375 0.70546875 0.75 0.67109375 0.72578125 0.66875 0.728125 0.69765625 0.7203125 0.70859375 0.7375 0.73046875 0.7359375 0.76015625 0.7859375 0.76640625 0.80078125 0.7546875 0.81328125 0.753125 0.81796875 0.7375 0.82890625 0.7375
0 0.87734375 0.49375 0.871875 0.49140625 0.8609375 0.46796875 0.8609375 0.43203125 0.88359375 0.4265625 0.89140625 0.4359375 0.89921875 0.4234375 0.915625 0.41640625 0.92578125 0.4 0.93984375 0.4 0.95859375 0.384375 0.97421875 0.390625 0.98984375 0.3765625 1 0.38828125 0.99921875 0.2875 0.97421875 0.2890625 0.96796875 0.28125 0.89609375 0.2671875 0.86171875 0.2671875 0.8609375 0.27578125 0.89296875 0.2828125 0.903125 0.29453125 0.89921875 0.296875 0.83203125 0.29375 0.78671875 0.2796875 0.78203125 0.271875 0.77265625 0.2734375 0.76796875 0.2828125 0.75390625 0.2828125 0.73359375 0.2734375 0.67421875 0.2734375 0.62734375 0.2625 0.515625 0.26640625 0.546875 0.29921875 0.54921875 0.3109375 0.57578125 0.2828125 0.59765625 0.2890625 0.60859375 0.2859375 0.62578125 0.2984375 0.65546875 0.2984375 0.66015625 0.2828125 0.67890625 0.2828125 0.70703125 0.3109375 0.77890625 0.3140625 0.78515625 0.321875 0.80078125 0.3109375 0.81171875 0.3140625 0.82265625 0.328125 0.8296875 0.32578125 0.83046875 0.3140625 0.83828125 0.3140625 0.87109375 0.328125 0.86953125 0.3359375 0.83203125 0.340625 0.81953125 0.334375 0.815625 0.33984375 0.84453125 0.3515625 0.84765625 0.365625 0.85859375 0.3546875 0.86796875 0.3546875 0.88125 0.37734375 0.87421875 0.3890625 0.85703125 0.3921875 0.8515625 0.37734375 0.8453125 0.37578125 0.84375 0.39765625 0.85859375 0.3984375 0.86875 0.40859375 0.85546875 0.4171875 0.8359375 0.41640625 0.84375 0.42734375 0.84375 0.43984375 0.825 0.46796875 0.83125 0.48359375 0.85078125 0.503125 0.86015625 0.503125 0.86796875 0.515625 0.9046875 0.51640625 0.909375 0.51328125 0.89140625 0.4890625 0.88359375 0.4859375 0.87734375 0.49375
0 0 0.29609375 0.01796875 0.284375 0.03203125 0.3 0.07421875 0.2953125 0.0734375 0.28515625 0.0609375 0.27578125 0.0609375 0.26640625 0.07578125 0.265625 0.08984375 0.275 0.11171875 0.2546875 0.14453125 0.265625 0.17421903515625 0.26130580078125 0.24562306640625 0.25952119921875 0.2453125 0.27890625 0.25 0.29140625 0.26484375 0.2953125 0.26796875 0.2671875 0.31171875 0.2640625 0.31484375 0.25625 0.32578125 0.253125 0.34375 0.26796875 0.3453125 0.29140625 0.3765625 0.31953125 0.3671875 0.34140625 0.37734375 0.35625 0.38828125 0.3609375 0.40546875 0.359375 0.409375 0.34453125 0.3765625 0.31328125 0.3765625 0.28671875 0.38671875 0.2671875 0.41953125 0.2671875 0.421875 0.27734375 0.4359375 0.28828125 0.4359375 0.31640625 0.4515625 0.32890625 0.453125 0.33828125 0.44921875 0.35 0.43125 0.35703125 0.43203125 0.378125 0.39296875 0.371875 0.3765625 0.38515625 0.3765625 0.40390625 0.36171875 0.4046875 0.35390625 0.4140625 0.34921875 0.4078125 0.32265625 0.4109375 0.31015625 0.3953125 0.26796875 0.4 0.25078125 0.39375 0.2515625 0.37890625 0.2671875 0.37265625 0.26328125 0.3671875 0.17578125 0.3609375 0.15390625 0.3515625 0.03515625 0.34375 0.00078125 0.309375 0 0.35703125 0.0125 0.36640625 0.0109375 0.37578125 0 0.38203125 0.00078125 0.4140625 0.02109375 0.4078125 0.06484375 0.409375 0.08203125 0.4 0.11328125 0.4078125 0.13984375 0.403125 0.17421875 0.4078125 0.23984375 0.3984375 0.25078125 0.4078125 0.29453125 0.40625 0.31328125 0.421875 0.38984375 0.4234375 0.39296875 0.434375 0.40859375 0.440625 0.42109375 0.4375 0.425 0.42421875 0.43359375 0.4234375 0.45546875 0.4484375 0.4828125 0.44296875 0.47734375 0.4234375 0.56171875 0.425 0.61953125 0.4390625 0.6265625 0.44921875 0.59921875 0.453125 0.5953125 0.46328125 0.615625 0.47890625 0.62734375 0.4671875 0.65078125 0.46875 0.66015625 0.475 0.73828125 0.4703125 0.74453125 0.45625 0.76171875 0.4515625 0.78046875 0.4546875 0.79921875 0.4671875 0.8046875 0.46171875 0.796875 0.44609375 0.7984375 0.42734375 0.79140625 0.415625 0.67421875 0.40625 0.65625 0.43671875 0.671875 0.45859375 0.65078125 0.465625 0.628125 0.45859375 0.6328125 0.45546875 0.6328125 0.43671875 0.62890625 0.43125 0.61640625 0.43125 0.609375 0.42109375 0.609375 0.40859375 0.6015625 0.40390625 0.6140625 0.39296875 0.60859375 0.3796875 0.59921875 0.390625 0.56015625 0.3984375 0.54609375 0.4078125 0.53515625 0.4078125 0.52265625 0.3953125 0.47265625 0.3921875 0.45703125 0.3859375 0.4515625 0.35859375 0.46015625 0.35 0.47890625 0.359375 0.48984375 0.346875 0.50234375 0.353125 0.51640625 0.3515625 0.53046875 0.3609375 0.54765625 0.359375 0.5421875 0.33828125 0.546875 0.31953125 0.53125 0.33203125 0.53046875 0.3421875 0.51953125 0.3421875 0.5140625 0.29609375 0.5015625 0.28359375 0.5046875 0.27109375 0.5125 0.26640625 0.43359375 0.25625 0.43125 0.24765625 0.41953125 0.240625 0.40859375 0.240625 0.4046875 0.25703125 0.39921875 0.2578125 0.3921875 0.25390625 0.3953125 0.24765625 0.38984375 0.2421875 0.34140625 0.2359375 0 0.23671875 0 0.29609375
0 1 0.86484375 0.92734375 0.859375 0.9078125 0.81796875 0.87890625 0.80625 0.86796875 0.78125 0.82890625 0.7828125 0.79140625 0.8125 0.74453125 0.8140625 0.72421875 0.80625 0.70390625 0.7828125 0.66015625 0.7796875 0.65390625 0.7921875 0.63984375 0.7984375 0.53203125 0.7921875 0.50390625 0.778125 0.48828125 0.75625 0.46171875 0.765625 0.40859375 0.765625 0.38359375 0.78125 0.34921875 0.7828125 0.33828125 0.7671875 0.31484375 0.7640625 0.30703125 0.753125 0.29140625 0.7515625 0.28203125 0.765625 0.24765625 0.775 0.21953125 0.775 0.18984375 0.765625 0.1859375 0.75234375 0.18984375 0.74375 0.209375 0.73359375 0.21875 0.71484375 0.2203125 0.67578125 0.22734375 0.671875 0.2359375 0.67578125 0.228125 0.70234375 0.25078125 0.70625 0.2640625 0.70078125 0.27578125 0.678125 0.29765625 0.665625 0.31328125 0.665625 0.32421875 0.6734375 0.33984375 0.6984375 0.37421875 0.6703125 0.38828125 0.6765625 0.39296875 0.6890625 0.41640625 0.6765625 0.44296875 0.6734375 0.4546875 0.65703125 0.45234375 0.6484375 0.43984375 0.65 0.42734375 0.6390625 0.40546875 0.640625 0.3921875 0.63515625 0.3921875 0.61953125 0.4203125 0.58046875 0.40546875 0.5734375 0.39296875 0.5765625 0.33984375 0.628125 0.31796875 0.634375 0.30390625 0.6265625 0.28203125 0.628125 0.27109375 0.6109375 0.22421875 0.609375 0.22578125 0.5953125 0.15703125 0.578125 0.14609375 0.56875 0.13046875 0.5734375 0.09296875 0.5625 0.0859375 0.55546875 0.0859375 0.53828125 0.11328125 0.51875 0.13515625 0.515625 0.1390625 0.50859375 0.13203125 0.5015625 0.11015625 0.5078125 0.04921875 0.546875 0.01796875 0.546875 0.00859375 0.5390625 0 0.54453125 0 0.59140625 0.0109375 0.59765625 0.0140625 0.60859375 0.0046875 0.61953125 0.00859375 0.634375 0.0296875 0.63359375 0.03203125 0.60625 0.03984375 0.6109375 0.05390625 0.60625 0.09140625 0.6265625 0.11171875 0.653125 0.12578125 0.64375 0.15390625 0.640625 0.178125 0.66328125 0.1640625 0.69140625 0.1609375 0.72109375 0.13203125 0.75 0.07734375 0.7671875 0.05234375 0.7828125 0 0.77421875 0 0.86953125 0.06875 0.89140625 0.0640625 0.90234375 0.0703125 0.91484375 0.0671875 0.99296875 0.07265625 1 0.09921875 1 0.1078125 0.98984375 0.109375 0.97109375 0.1390625 0.93359375 0.15703125 0.9234375 0.21328125 0.9171875 0.24765625 0.93125 0.25234375 0.940625 0.28046875 0.9296875 0.2875 0.91640625 0.265625 0.90078125 0.2703125 0.87578125 0.30390625 0.859375 0.31484375 0.84375 0.34921875 0.83125 0.4046875 0.84453125 0.4078125 0.86640625 0.4296875 0.87890625 0.4265625 0.90546875 0.43515625 0.9390625 0.50234375 0.928125 0.56953125 0.9375 0.61875 0.96484375 0.625 0.97265625 0.62109375 1 1 1 1 0.86484375