1 0.296875 0.109375 0.4375 0.21875
1 0.818359375 0.8515625 0.265625 0.296875
1 0.2841796875 0.25390625 0.501953125 0.32421875
1 0.5322265625 0.732421875 0.201171875 0.248046875
1 0.6640625 0.8046875 0.15234375 0.216796875
1 0.73046875 0.62109375 0.224609375 0.1640625
1 0.7802734375 0.580078125 0.2109375 0.15234375
1 0.82421875 0.53515625 0.220703125 0.15234375
1 0.9091796875 0.4921875 0.181640625 0.1484375
1 0.94921875 0.6474609375 0.091796875 0.16796875
0 0.49445182421875 0.148695501953125 0.454702453125 0.13356216796875 0.38096889453125 0.14999635546875 0.3324357109375 0.17358415234375 0.45659645703125 0.21324541015625 0.48834848046875 0.215068923828125 0.503490626953125 0.189248958984375 0.54916765234375 0.184098958984375 0.49445182421875 0.148695501953125
0 0.556129408203125 1 0.55398497265625 0.999171455078125 0.514217978515625 0.9561793046875 0.508483634765625 0.958231375 0.449874599609375 0.920986783203125 0.429384734375 0.912396283203125 0.3892355234375 0.912831369140625 0.37407134765625 0.903827810546875 0.37283658203125 0.89481544140625 0.343738591796875 0.8788559921875 0.32837669921875 0.881118998046875 0.325722666015625 0.89525493359375 0.31998391796875 0.890342298828125 0.30503508203125 0.89793099609375 0.308317513671875 0.90571300390625 0.299313955078125 0.920877177734375 0.28374994140625 0.92744204296875 0.288262734375 0.937271712890625 0.276385396484375 0.943014869140625 0.275981150390625 0.9516185859375 0.263605705078125 0.95636709765625 0.43860771875 1 0.556129408203125 1
0 1 0.2105178046875 0.984072828125 0.21680378515625 0.925103603515625 0.257809953125 0.85711319921875 0.286121478515625 0.82966303515625 0.2845000859375 0.814920728515625 0.29475162890625 0.74239109765625 0.27144525390625 0.72353583984375 0.256298703125 0.673952388671875 0.23871345703125 0.66411390625 0.229296841796875 0.65940780078125 0.237698435546875 0.674365447265625 0.244039146484375 0.673556955078125 0.26124658203125 0.701833234375 0.273519353515625 0.705937375 0.284988041015625 0.7163866328125 0.288463783203125 0.7135260703125 0.299936875 0.7030768125 0.2964611328125 0.699381322265625 0.28335343359375 0.6694704375 0.277636712890625 0.636703392578125 0.290357787109375 0.61252684765625 0.28258899609375 0.548820677734375 0.283243828125 0.54984891796875 0.2895933515625 0.555991912109375 0.285902267578125 0.55927875 0.30064898046875 0.611318513671875 0.3153648515625 0.62197870703125 0.328468146484375 0.632221439453125 0.32928104296875 0.63202372265625 0.34054760546875 0.62199192578125 0.3493622578125 0.52282502734375 0.314191763671875 0.518118921875 0.322593359375 0.500915892578125 0.3287495703125 0.471848744140625 0.361543048828125 0.4861956171875 0.3738246328125 0.4788398828125 0.4033268671875 0.463271462890625 0.402927025390625 0.461030484375 0.422388654296875 0.475372951171875 0.427705533203125 0.540080923828125 0.391612 0.5564666484375 0.38873381640625 0.566507255859375 0.393848572265625 0.46411519921875 0.441437224609375 0.436085099609375 0.4945096328125 0.4000268125 0.48551929296875 0.315197974609375 0.448700974609375 0.293468935546875 0.42413340234375 0.26273193359375 0.40776530078125 0.25125003125 0.390975330078125 0.218874017578125 0.37419857421875 0.2198846328125 0.352689283203125 0.20203998828125 0.3160334375 0.169663974609375 0.29925668359375 0.1440593515625 0.3007067890625 0.14981572265625 0.333478240234375 0.137534138671875 0.347825111328125 0.101555154296875 0.464199443359375 0.078209130859375 0.47404673828125 0.064701591796875 0.493310650390625 0.005121591796875 0.540257685546875 0 0.541478537109375 0 0.8906428125 0.003495423828125 0.8915143203125 0.035845912109375 0.860409921875 0.051409927734375 0.853845056640625 0.083342044921875 0.816543193359375 0.12265192578125 0.78456261328125 0.13840925390625 0.759766482421875 0.143541630859375 0.77758469140625 0.13453807421875 0.7927488671875 0.09400223828125 0.829646486328125 0.064530845703125 0.871043681640625 0.02547543359375 0.896994552734375 0.232399142578125 0.948586427734375 0.29764410546875 0.871715599609375 0.316068681640625 0.853677642578125 0.3418710234375 0.840960974609375 0.34799639453125 0.80941107421875 0.369685783203125 0.771296310546875 0.407163337890625 0.757138345703125 0.415960365234375 0.73931132421875 0.430707078125 0.73602448828125 0.4429754453125 0.700783505859375 0.450142271484375 0.696477240234375 0.461821890625 0.7020006484375 0.489636650390625 0.632335986328125 0.487162712890625 0.60734654296875 0.46687496875 0.594454185546875 0.4670726875 0.58318762109375 0.474239513671875 0.578881357421875 0.49062964453125 0.582967876953125 0.54939233984375 0.53929886328125 0.5612608671875 0.519626302734375 0.55468719140625 0.49013287890625 0.572698712890625 0.466769232421875 0.59296883203125 0.45180277734375 0.631483435546875 0.4579237421875 0.643778236328125 0.464470984375 0.66530515234375 0.4933404140625 0.66449666015625 0.510547849609375 0.621495697265625 0.53638543359375 0.62110026171875 0.55891855859375 0.631149681640625 0.57796272265625 0.68950812890625 0.5428974296875 0.703832974609375 0.520355494140625 0.722881544921875 0.517270779296875 0.752568279296875 0.492465837890625 0.7687298515625 0.459065990234375 0.745581546875 0.457646724609375 0.741903681640625 0.47239783984375 0.715494970703125 0.4980200859375 0.67103508984375 0.484323640625 0.67389565234375 0.472850548828125 0.690685625 0.461368646484375 0.748846357421875 0.4375699140625 0.7592823984375 0.420151544921875 0.80660284375 0.422374900390625 0.816423703125 0.40393269921875 0.80351372265625 0.396361626953125 0.801250716796875 0.380999734375 0.817008044921875 0.356203603515625 0.86084393359375 0.35494680859375 0.89035057421875 0.36926724609375 0.92845652734375 0.3770272265625 1 0.35490137890625 1 0.2105178046875
0 0.6091474921875 0.121583498046875 0.644801533203125 0.13917755859375 0.648905673828125 0.150646244140625 0.66918901171875 0.156573896484375 0.700317041015625 0.143444169921875 0.711161736328125 0.1243867890625 0.760521033203125 0.111450375 0.757440724609375 0.0993665078125 0.6898193203125 0.06335668359375 0.575492654296875 0.0261473359375 0.563619720703125 0.038855193359375 0.5365782109375 0.035594791015625 0.51467348046875 0.05711730078125 0.497470455078125 0.06327351171875 0.496864083984375 0.076179087890625 0.6091474921875 0.121583498046875
0 0.772793806640625 0.08317409375 0.7873207734375 0.05633030078125 0.580997953125 0.004888244140625 0.581218185546875 0.010165859375 0.772793806640625 0.08317409375
0 0.5579690859375 0.173236640625 0.60775466015625 0.186520029296875 0.621055669921875 0.1645932734375 0.635398134765625 0.16991015234375 0.6397132109375 0.191006388671875 0.64852345703125 0.194073482421875 0.682116615234375 0.192003787109375 0.687226966796875 0.1749984765625 0.599726470703125 0.124457279296875 0.4585560078125 0.072720966796875 0.44751800390625 0.110009615234375 0.46289311328125 0.12864072265625 0.539113828125 0.15809008984375 0.5579690859375 0.173236640625