1 0.1640625 0.9091796875 0.171875 0.181640625
1 0.3564453125 0.03515625 0.0390625 0.056640625
1 0.59765625 0.3095703125 0.091796875 0.111328125
1 0.908203125 0.494140625 0.134765625 0.1640625
1 0.845703125 0.791015625 0.1015625 0.1767578125
1 0.451171875 0.5869140625 0.130859375 0.185546875
1 0.3994140625 0.333984375 0.0986328125 0.1376953125
1 0.501953125 0.125 0.0625 0.095703125
1 0.115234375 0.185546875 0.060546875 0.060546875
1 0.513671875 0.0390625 0.037109375 0.0703125
1 0.705078125 0.3037109375 0.078125 0.095703125
1 0.9736328125 0.34765625 0.052734375 0.1279296875
1 0.9619140625 0.74609375 0.076171875 0.119140625
1 0.8544921875 0.3994140625 0.076171875 0.072265625
1 0.6943359375 0.509765625 0.1376953125 0.095703125
1 0.7822265625 0.162109375 0.048828125 0.068359375
1 0.9306640625 0.28125 0.076171875 0.0888671875
1 0.2509765625 0.435546875 0.0751953125 0.0673828125
1 0.2392578125 0.376953125 0.046875 0.052734375
1 0.2548828125 0.328125 0.078125 0.0517578125
1 0.240234375 0.263671875 0.0439453125 0.068359375
1 0.0712890625 0.2373046875 0.052734375 0.0439453125
1 0.2529296875 0.2138671875 0.0341796875 0.033203125
1 0.396484375 0.185546875 0.025390625 0.0439453125
1 0.3779296875 0.158203125 0.0390625 0.0390625
1 0.5439453125 0.193359375 0.052734375 0.0439453125
1 0.087890625 0.041015625 0.0439453125 0.033203125
1 0.591796875 0.0927734375 0.037109375 0.0361328125
1 0.619140625 0.1357421875 0.0517578125 0.046875
1 0.9130859375 0.9267578125 0.173828125 0.146484375
1 0.3193359375 0.029296875 0.03125 0.052734375
1 0.03515625 0.3974609375 0.0703125 0.0732421875
1 0.017578125 0.4638671875 0.03515625 0.064453125
1 0.392578125 0.052734375 0.0234375 0.0498046875
0 0.778125 1 0.7828125 0.9578125 0.79375 0.9375 0.8125 0.925 0.8125 0.9109375 0.7984375 0.89375 0.7828125 0.89375 0.7671875 0.909375 0.75 0.89375 0.7296875 0.89375 0.7109375 0.8828125 0.7078125 0.834375 0.73125 0.7875 0.73125 0.7296875 0.7390625 0.7140625 0.759375 0.7 0.7734375 0.6578125 0.790625 0.6515625 0.8359375 0.6578125 0.8421875 0.6921875 0.8296875 0.7171875 0.8328125 0.725 0.853125 0.7265625 0.890625 0.7171875 0.896875 0.7078125 0.8984375 0.6671875 0.8890625 0.6390625 0.8890625 0.6140625 0.88125 0.609375 0.784375 0.6296875 0.7640625 0.6546875 0.7203125 0.659375 0.7 0.6046875 0.646875 0.525 0.6328125 0.4796875 0.6046875 0.4609375 0.596875 0.36875 0.58125 0.3578125 0.55625 0.3046875 0.5375 0.28125 0.5234375 0.2328125 0.496875 0.1890625 0.4796875 0.1375 0.46875 0.125 0.4453125 0.1234375 0.4390625 0.1578125 0.459375 0.1984375 0.4546875 0.2328125 0.4671875 0.25625 0.4671875 0.26875 0.4484375 0.29375 0.4515625 0.38125 0.44375 0.421875 0.4453125 0.4296875 0.4875 0.46875 0.5203125 0.64375 0.515625 0.6953125 0.4453125 0.7140625 0.43125 0.7109375 0.41875 0.640625 0.3734375 0.6515625 0.315625 0.65 0.2515625 0.6578125 0.1984375 0.6703125 0.1859375 0.709375 0.1546875 0.7203125 0.1640625 0.759375 0.1375 0.790625 0.0765625 0.8171875 0.025 0.8265625 0.0125 0.875 0.0109375 0.9703125 0.01875 0.9828125 0.0390625 0.990625 0.0421875 1 0.0875 1 0.0953125 0.9203125 0.1109375 0.8578125 0.228125 0.828125 0.25625 0.8328125 0.2671875 0.81875 0.2953125 0.8125 0.3125 0.828125 0.3421875 0.825 0.3515625 0.83125 0.3546875 0.90625 0.365625 0.928125 0.45 0.940625 0.5359375 0.93125 0.546875 0.9375 0.5609375 0.990625 0.621875 0.9796875 0.6328125 0.9859375 0.628125 1 0.778125 1
0 0.696875 0.578125 0.7203125 0.6375 0.75 0.6359375 0.7671875 0.609375 0.7765625 0.6125 0.7796875 0.6265625 0.7875 0.625 0.79375 0.590625 0.7921875 0.5546875 0.734375 0.5515625 0.73125 0.5578125 0.740625 0.5625 0.7375 0.565625 0.721875 0.5609375 0.7234375 0.5515625 0.7171875 0.5515625 0.7109375 0.5578125 0.7203125 0.5609375 0.696875 0.578125
0 1 0.615625 0.99375 0.5984375 0.978125 0.5890625 0.9640625 0.6 0.9375 0.60625 0.934375 0.64375 0.925 0.65625 0.9390625 0.665625 0.95 0.6890625 0.959375 0.6953125 1 0.690625 1 0.615625
0 0.109955431640625 0.3933683984375 0.10460007421875 0.3933683984375 0.06532791015625 0.41835316796875 0.05283226171875 0.45761502734375 0.043906755859375 0.482599865234375 0.08853427734375 0.45939969921875 0.109955431640625 0.45583042578125 0.126021365234375 0.434414859375 0.143872375 0.41656856640625 0.14565744921875 0.41299929296875 0.154582951171875 0.41299929296875 0.165293529296875 0.429060986328125 0.17064888671875 0.44690727734375 0.17778931640625 0.45761502734375 0.19921047265625 0.45761502734375 0.200995544921875 0.45761502734375 0.20278062109375 0.443338005859375 0.2081359765625 0.402291544921875 0.21349133203125 0.361245083984375 0.186714822265625 0.33269097265625 0.15993830859375 0.3576758125 0.14208730078125 0.37195283203125 0.133161796875 0.38266058203125 0.109955431640625 0.3933683984375
0 0.354514189453125 0.445122609375 0.390216205078125 0.44690727734375 0.431273578125 0.441553404296875 0.4598351640625 0.430845587890625 0.45447994140625 0.3987222734375 0.3920014140625 0.41299929296875 0.3562993984375 0.41299929296875 0.2928571015625 0.42455357421875 0.284895365234375 0.45404575390625 0.30988666796875 0.45404575390625 0.354514189453125 0.445122609375