1 0.2041015625 0.7041015625 0.1640625 0.125
1 0.056640625 0.724609375 0.1064453125 0.119140625
1 0.3603515625 0.6962890625 0.1220703125 0.103515625
1 0.435546875 0.34375 0.0859375 0.056640625
1 0.0224609375 0.5869140625 0.0419921875 0.1044921875
1 0.763671875 0.6923828125 0.1279296875 0.1298828125
1 0.74609375 0.568359375 0.173828125 0.0888671875
1 0.916015625 0.7099609375 0.134765625 0.1064453125
1 0.353515625 0.4619140625 0.072265625 0.0673828125
1 0.4248046875 0.5615234375 0.1796875 0.0703125
1 0.482421875 0.458984375 0.146484375 0.0546875
1 0.955078125 0.3076171875 0.0888671875 0.0390625
1 0.8916015625 0.37109375 0.123046875 0.0546875
1 0.9326171875 0.5712890625 0.134765625 0.0966796875
1 0.748046875 0.376953125 0.0888671875 0.056640625
1 0.4990234375 0.416015625 0.1328125 0.0439453125
1 0.154296875 0.44921875 0.078125 0.068359375
0 1 0.773052318359375 0.76709551171875 0.7597271875 0.67578125 0.7671875 0.54609375 0.7671875 0.54375 0.77265625 0.5578125 0.79296875 0.57265625 0.8375 0.57890625 0.8296875 0.59609375 0.83125 0.60546875 0.8234375 0.615625 0.83203125 0.61190587109375 0.85517858984375 0.60546875 0.8796875 0.59765625 0.878125 0.59296875 0.8671875 0.57421875 0.8609375 0.56796875 0.8484375 0.55078125 0.8515625 0.51796875 0.871875 0.49921875 0.859375 0.47890625 0.8734375 0.41328125 0.86875 0.38515625 0.8546875 0.3671875 0.83515625 0.3671875 0.81640625 0.375 0.79921875 0.38058575 0.77509946484375 0.37945023828125 0.7512431328125 0.41578712109375 0.747835060546875 0.41351609765625 0.73533902734375 0.310183009765625 0.731930912109375 0.30336985546875 0.695578591796875 0.2829303046875 0.69330647265625 0.307911900390625 0.77282734375 0.304505365234375 0.76941940234375 0.2954211015625 0.7512431328125 0.222747251953125 0.760331224609375 0.14326024609375 0.76601128515625 0.142124736328125 0.785323505859375 0.120591447265625 0.765347322265625 0 0.79190168359375 0.00078125 1 1 0.99921875 1 0.773052318359375
0 0.93828125 0.65 0.9921875 0.65078125 1 0.64921875 0.99921875 0.621875 0.93125 0.62421875 0.93828125 0.65
0 0.0390625 0.24453125 0.059375 0.21796875 0.059375 0.20390625 0.03828125 0.2015625 0.01796875 0.2265625 0.00078125 0.2203125 0 0.29453125 0.0671875 0.29609375 0.0734375 0.29453125 0.071875 0.28359375 0.04375 0.26328125 0.0390625 0.24453125
0 0 0.67421875 0.02421875 0.6703125 0.04453125 0.6765625 0.09140625 0.675 0.1140625 0.68515625 0.121875 0.68203125 0.12734375 0.6671875 0.17265625 0.646875 0.20234375 0.65625 0.22421875 0.65 0.27109375 0.6578125 0.325 0.63984375 0.3296875 0.60390625 0.29921875 0.6 0.28671875 0.5796875 0.16484375 0.578125 0.13515625 0.571875 0.11484375 0.55625 0.07890625 0.5609375 0.071875 0.54921875 0.078125 0.53515625 0.09296875 0.5234375 0.11015625 0.53125 0.1109375 0.52109375 0.13046875 0.5109375 0.134375 0.50234375 0.09375 0.48671875 0.078125 0.46328125 0.0765625 0.44140625 0.12578125 0.4109375 0.17578125 0.40625 0.23671875 0.4125 0.26015625 0.434375 0.28671875 0.4296875 0.29765625 0.4390625 0.31640625 0.440625 0.37265625 0.43125 0.38359375 0.4390625 0.40859375 0.4390625 0.4265625 0.40390625 0.425 0.39296875 0.44453125 0.3859375 0.4484375 0.37734375 0.37734375 0.35 0.37734375 0.3453125 0.390625 0.34609375 0.3921875 0.32734375 0.35390625 0.3234375 0.34375 0.31015625 0.3453125 0.28828125 0.38046875 0.2765625 0.44609375 0.275 0.4796875 0.26328125 0.46953125 0.253125 0.39765625 0.2546875 0.37578125 0.2484375 0.37265625 0.2390625 0.36953125 0.2484375 0.35234375 0.2453125 0.3484375 0.23671875 0.35390625 0.2328125 0.3875 0.23203125 0.3828125 0.20859375 0.3953125 0.18203125 0.38984375 0.175 0.35703125 0.175 0.346875 0.18046875 0.3578125 0.18984375 0.35703125 0.21875 0.31484375 0.21875 0.30234375 0.190625 0.29453125 0.1984375 0.28671875 0.19375 0.26328125 0.21875 0.18671875 0.2234375 0.16484375 0.2015625 0.13515625 0.225 0.12109375 0.2171875 0.1015625 0.22109375 0.109375 0.24765625 0.0859375 0.27109375 0.08359375 0.2953125 0.10546875 0.296875 0.12890625 0.2875 0.14609375 0.296875 0.19296875 0.3015625 0.21328125 0.284375 0.23203125 0.2890625 0.26796875 0.278125 0.28984375 0.284375 0.2984375 0.29921875 0.2953125 0.32734375 0.28515625 0.334375 0.24140625 0.34375 0.20078125 0.334375 0.18046875 0.3375 0.16953125 0.3296875 0.16640625 0.3359375 0.15703125 0.3296875 0.15078125 0.3359375 0.11796875 0.3421875 0 0.33984375 0 0.54765625 0.02890625 0.55 0.021875 0.52578125 0.02578125 0.5171875 0.03203125 0.5171875 0.0375 0.52578125 0.0296875 0.53046875 0.0296875 0.54609375 0.04375 0.55078125 0.0578125 0.57109375 0.059375 0.58515625 0.0921875 0.61328125 0.08515625 0.625 0.03203125 0.625 0.00078125 0.63125 0 0.63828125 0.00625 0.63984375 0 0.64140625 0 0.67421875
0 0.72265625 0.6390625 0.73828125 0.628125 0.74921875 0.628125 0.75859375 0.6421875 0.77578125 0.6484375 0.81953125 0.6453125 0.83203125 0.675 0.85078125 0.675 0.85859375 0.659375 0.8796875 0.65546875 0.8734375 0.64296875 0.8765625 0.62421875 0.87109375 0.621875 0.81953125 0.6203125 0.80078125 0.6359375 0.78515625 0.6109375 0.78359375 0.6171875 0.76328125 0.6171875 0.73671875 0.6140625 0.73359375 0.6078125 0.71484375 0.6265625 0.70234375 0.625 0.69921875 0.6125 0.6734375 0.60234375 0.6671875 0.51328125 0.659375 0.50078125 0.6765625 0.50078125 0.6796875 0.45078125 0.675 0.41640625 0.6921875 0.40390625 0.678125 0.39609375 0.6765625 0.37265625 0.703125 0.34921875 0.70703125 0.3359375 0.71484375 0.3359375 0.72109375 0.35 0.73671875 0.35 0.75859375 0.3296875 0.79765625 0.328125 0.80390625 0.3078125 0.81171875 0.3078125 0.83515625 0.3265625 0.87109375 0.328125 0.878125 0.32421875 0.87265625 0.3046875 0.88515625 0.303125 0.89609375 0.3125 0.90078125 0.2984375 0.93984375 0.2921875 0.95078125 0.2828125 0.99921875 0.296875 0.99921875 0.23125 0.95859375 0.2296875 0.9546875 0.24296875 0.94453125 0.246875 0.91484375 0.2359375 0.87890625 0.2375 0.84921875 0.2203125 0.8203125 0.18046875 0.83359375 0.15625 0.85546875 0.1546875 0.88359375 0.1625 0.8921875 0.18515625 0.91328125 0.2 0.95390625 0.2046875 0.96171875 0.225 0.99921875 0.2234375 0.99921875 0.1140625 0.60078125 0.1171875 0.5375 0.12265625 0.68671875 0.1265625 0.6890625 0.13671875 0.50234375 0.1421875 0.39140625 0.153125 0.37734375 0.153125 0.371875 0.14296875 0.43515625 0.1375 0.4375 0.12734375 0.41328125 0.1171875 0.28046875 0.1234375 0.26640625 0.121875 0.25546875 0.1109375 0.23203125 0.1234375 0.20234375 0.128125 0.15390625 0.121875 0.10546875 0.125 0.08203125 0.1171875 0.06328125 0.11875 0.05546875 0.13125 0.02890625 0.121875 0 0.12578125 0.00078125 0.171875 0.02421875 0.1609375 0.07734375 0.165625 0.09453125 0.1734375 0.16640625 0.16875 0.1765625 0.17578125 0.16796875 0.184375 0.15625 0.18515625 0.16953125 0.1953125 0.18515625 0.1921875 0.20859375 0.2 0.2265625 0.18359375 0.2203125 0.17421875 0.2234375 0.16015625 0.24296875 0.1484375 0.27265625 0.1484375 0.28671875 0.1625 0.32265625 0.1546875 0.35546875 0.1625 0.37265625 0.1546875 0.43359375 0.15625 0.4765625 0.19140625 0.48046875 0.2125 0.50234375 0.2125 0.5109375 0.18984375 0.52109375 0.1796875 0.53515625 0.178125 0.5484375 0.18828125 0.56015625 0.2109375 0.58203125 0.21875 0.5875 0.23515625 0.56875 0.25390625 0.57734375 0.2921875 0.49296875 0.3109375 0.43125 0.31484375 0.45703125 0.334375 0.48984375 0.346875 0.4953125 0.35859375 0.484375 0.36953125 0.48828125 0.371875 0.51484375 0.3734375 0.5171875 0.35546875 0.53046875 0.3515625 0.5359375 0.35703125 0.53359375 0.3734375 0.56796875 0.3765625 0.5734375 0.38203125 0.578125 0.42421875 0.5671875 0.42890625 0.5578125 0.44609375 0.5578125 0.45390625 0.5703125 0.46328125 0.565625 0.47890625 0.51640625 0.484375 0.39609375 0.471875 0.3796875 0.48046875 0.36953125 0.5 0.33828125 0.5 0.33125 0.50859375 0.33125 0.52109375 0.33671875 0.528125 0.34453125 0.521875 0.35078125 0.53125 0.36171875 0.5328125 0.47421875 0.5359375 0.509375 0.54453125 0.5171875 0.58046875 0.51328125 0.590625 0.42734375 0.5953125 0.41640625 0.609375 0.409375 0.60390625 0.41171875 0.596875 0.3734375 0.60703125 0.37734375 0.6421875 0.41875 0.64609375 0.43125 0.73359375 0.43671875 0.7390625 0.46328125 0.7375 0.48671875 0.75 0.52265625 0.7546875 0.54296875 0.7640625 0.6875 0.76484375 0.703125 0.65546875 0.7109375 0.64765625 0.71171875 0.63125 0.72265625 0.6390625