1 0.8017578125 0.9423828125 0.083984375 0.115234375
1 0.5546875 0.33984375 0.1484375 0.2265625
1 0.896484375 0.9345703125 0.0966796875 0.130859375
1 0.357421875 0.662109375 0.1513671875 0.1142578125
1 0.708984375 0.416015625 0.1171875 0.1298828125
1 0.9267578125 0.248046875 0.109375 0.173828125
1 0.83203125 0.185546875 0.0986328125 0.169921875
1 0.4794921875 0.1337890625 0.1064453125 0.1328125
1 0.3896484375 0.201171875 0.1123046875 0.2314453125
0 0.67109375 0.7421875 0.6375 0.76796875 0.6328125 0.78359375 0.625 0.99921875 0.7203125 0.99921875 0.7125 0.88671875 0.6890625 0.81484375 0.696875 0.76171875 0.67109375 0.7421875
0 0.54609375 1 0.528125 0.98671875 0.53359375 0.9796875 0.53671875 0.9859375 0.54609375 0.9859375 0.546875 0.97421875 0.5375 0.97265625 0.54765625 0.96875 0.5546875 0.98046875 0.55078125 1 0.58125 0.99921875 0.5734375 0.96953125 0.584375 0.94921875 0.5828125 0.91640625 0.565625 0.88359375 0.58125 0.77421875 0.590625 0.75390625 0.56640625 0.759375 0.55625 0.77890625 0.559375 0.82578125 0.53515625 0.8421875 0.52421875 0.840625 0.5171875 0.83515625 0.5203125 0.81640625 0.5140625 0.80234375 0.50234375 0.803125 0.4921875 0.79609375 0.4953125 0.76953125 0.51875 0.72265625 0.50390625 0.721875 0.49921875 0.715625 0.48125 0.74609375 0.484375 0.75078125 0.4765625 0.75390625 0.4859375 0.75859375 0.4859375 0.77109375 0.4921875 0.77265625 0.47578125 0.7859375 0.4625 0.78046875 0.459375 0.79921875 0.4375 0.82890625 0.359375 0.99921875 0.43515625 1 0.4203125 0.98515625 0.4203125 0.97421875 0.4515625 0.90703125 0.46484375 0.89375 0.484375 0.90390625 0.4875 0.93359375 0.5 0.93984375 0.5015625 0.95390625 0.4890625 0.98203125 0.47578125 0.9875 0.4671875 0.94921875 0.45859375 0.946875 0.4421875 0.98203125 0.45390625 1 0.54609375 1
0 0.4484375 0.78515625 0.4390625 0.75703125 0.42890625 0.746875 0.41484375 0.7484375 0.40625 0.73984375 0.40859375 0.7140625 0.3828125 0.73046875 0.38359375 0.7421875 0.37421875 0.7359375 0.36015625 0.740625 0.35625 0.75390625 0.37421875 0.759375 0.3984375 0.78828125 0.4015625 0.80390625 0.3953125 0.83046875 0.31875 0.93515625 0.309375 0.97265625 0.278125 0.99609375 0.353125 0.99921875 0.396875 0.90234375 0.403125 0.86640625 0.4234375 0.84296875 0.4484375 0.78515625
0 0.24765625 0.21875 0.2359375 0.22578125 0.23515625 0.2328125 0.21875 0.23671875 0.2359375 0.26953125 0.2484375 0.27578125 0.2609375 0.24765625 0.2578125 0.23671875 0.2484375 0.23203125 0.24765625 0.21875
0 0.24765625 0.2125 0.25 0.20078125 0.234375 0.18828125 0.23046875 0.1453125 0.20390625 0.146875 0.17421875 0.1265625 0.16875 0.13046875 0.165625 0.16953125 0.2015625 0.21796875 0.20546875 0.203125 0.21953125 0.1984375 0.23671875 0.2015625 0.24765625 0.2125
0 0.8921875 0.51015625 0.89375 0.45546875 0.90390625 0.44375 0.92265625 0.44375 0.9296875 0.43515625 0.928125 0.42421875 0.94140625 0.4125 0.95859375 0.4390625 1 0.43359375 0.99921875 0.321875 0.96953125 0.3578125 0.9390625 0.37734375 0.93203125 0.4078125 0.91015625 0.4109375 0.909375 0.37890625 0.8921875 0.37890625 0.890625 0.40546875 0.87890625 0.4078125 0.878125 0.41640625 0.90078125 0.4109375 0.9015625 0.41796875 0.88984375 0.4375 0.8765625 0.43984375 0.875 0.46640625 0.86328125 0.4828125 0.85234375 0.46875 0.8296875 0.46796875 0.8296875 0.45546875 0.84140625 0.4515625 0.846875 0.44140625 0.84296875 0.43125 0.815625 0.44609375 0.815625 0.48515625 0.83125 0.51015625 0.81796875 0.51875 0.79921875 0.515625 0.79375 0.53359375 0.81796875 0.540625 0.8421875 0.56015625 0.8515625 0.53359375 0.85859375 0.5265625 0.87578125 0.525 0.8921875 0.51015625
0 0.6875 0.67109375 0.6890625 0.66171875 0.7171875 0.63984375 0.721875 0.61328125 0.78125 0.54453125 0.7828125 0.51953125 0.76875 0.51328125 0.7671875 0.47890625 0.73828125 0.4875 0.7359375 0.49765625 0.72265625 0.5015625 0.71875 0.51484375 0.70625 0.51953125 0.7046875 0.53046875 0.690625 0.53671875 0.68125 0.55234375 0.68203125 0.5625 0.6875 0.56015625 0.6875 0.54921875 0.70234375 0.546875 0.70859375 0.5359375 0.7203125 0.53984375 0.721875 0.56171875 0.70390625 0.578125 0.67734375 0.578125 0.66328125 0.609375 0.62890625 0.6109375 0.62421875 0.596875 0.58046875 0.59375 0.5640625 0.57734375 0.56171875 0.5625 0.53359375 0.5671875 0.5171875 0.56015625 0.5171875 0.53203125 0.53125 0.51171875 0.53046875 0.5 0.51953125 0.4984375 0.49921875 0.5109375 0.48671875 0.5109375 0.484375 0.50234375 0.45546875 0.4828125 0.4328125 0.45546875 0.4296875 0.43515625 0.4625 0.40546875 0.4546875 0.38984375 0.453125 0.34609375 0.38671875 0.34375 0.37265625 0.3578125 0.36171875 0.35625 0.359375 0.33828125 0.3453125 0.32890625 0.3375 0.30234375 0.3203125 0.27890625 0.3265625 0.25859375 0.31328125 0.25 0.3109375 0.26328125 0.3 0.27578125 0.2796875 0.28359375 0.28125 0.32109375 0.29453125 0.3421875 0.30078125 0.3265625 0.321875 0.33046875 0.31640625 0.3484375 0.2984375 0.34921875 0.3140625 0.38203125 0.3421875 0.40859375 0.3453125 0.42734375 0.36875 0.46015625 0.3734375 0.45859375 0.3734375 0.49921875 0.37890625 0.5015625 0.40078125 0.4734375 0.41953125 0.471875 0.434375 0.48984375 0.4390625 0.50703125 0.4515625 0.51796875 0.4546875 0.53203125 0.5 0.58046875 0.5203125 0.61484375 0.5109375 0.67265625 0.4984375 0.71484375 0.4875 0.73046875 0.4859375 0.75078125 0.50703125 0.7515625 0.51640625 0.7375 0.52890625 0.7375 0.53359375 0.753125 0.54609375 0.7515625 0.5421875 0.69921875 0.546875 0.69296875 0.56171875 0.690625 0.58203125 0.696875 0.59765625 0.675 0.60859375 0.675 0.6140625 0.69609375 0.60703125 0.7046875 0.59453125 0.70625 0.5921875 0.71796875 0.5828125 0.72421875 0.58125 0.75234375 0.6109375 0.75390625 0.65078125 0.734375 0.671875 0.71640625 0.675 0.68203125 0.6875 0.67109375
0 0.38671875 0.53125 0.35859375 0.546875 0.34765625 0.5625 0.33046875 0.5578125 0.30390625 0.5703125 0.29765625 0.5796875 0.27890625 0.584375 0.271875 0.60546875 0.2796875 0.61171875 0.41640625 0.5625 0.40625 0.53671875 0.39609375 0.5296875 0.38671875 0.53125
0 0.3671875 0.52578125 0.35234375 0.51875 0.31015625 0.5359375 0.2953125 0.54765625 0.2953125 0.56015625 0.3046875 0.56640625 0.33828125 0.55 0.34296875 0.5421875 0.36796875 0.540625 0.3671875 0.52578125
0 0.2421875 0.67578125 0.2515625 0.71640625 0.2609375 0.71953125 0.2890625 0.69921875 0.27265625 0.659375 0.24921875 0.6671875 0.2421875 0.67578125
0 0.425 0.64609375 0.41875 0.66484375 0.421875 0.68203125 0.4765625 0.64765625 0.45703125 0.625 0.44296875 0.640625 0.425 0.64609375
0 0.14453125 0.68125 0.109375 0.69765625 0.11640625 0.703125 0.15078125 0.69375 0.1625 0.70390625 0.184375 0.69609375 0.19375 0.68203125 0.19296875 0.671875 0.14453125 0.68125
0 0.02109375 0.6828125 0 0.70234375 0.003125 0.73828125 0.0375 0.72109375 0.04375 0.69453125 0.03984375 0.6796875 0.02109375 0.6828125