1 0.9150390625 0.7060546875 0.169921875 0.083984375
1 0.3603515625 0.4365234375 0.099609375 0.0654296875
1 0.1083984375 0.7919921875 0.091796875 0.0986328125
1 0.806640625 0.861328125 0.216796875 0.166015625
1 0.5810546875 0.9375 0.208984375 0.125
1 0.44921875 0.9755859375 0.1279296875 0.048828125
1 0.521484375 0.521484375 0.146484375 0.095703125
1 0.1875 0.6787109375 0.1201171875 0.111328125
1 0.443359375 0.595703125 0.1298828125 0.0703125
1 0.251953125 0.3173828125 0.0654296875 0.041015625
1 0.755859375 0.3037109375 0.0546875 0.044921875
1 0.08984375 0.51171875 0.1015625 0.091796875
0 0.15859375 0 0.15390625 0.0234375 0.13359375 0.021875 0.1359375 0.00078125 0.12109375 0 0.121875 0.02421875 0.11484375 0.0296875 0.08984375 0.0234375 0.07890625 0.0265625 0.0703125 0.01484375 0.07421875 0 0.0015625 0.00078125 0.0015625 0.01953125 0.00859375 0.028125 0.02578125 0.00625 0.03203125 0.00625 0.040625 0.02890625 0.03203125 0.0390625 0.01953125 0.0375 0 0.05546875 0.00078125 0.0890625 0.01640625 0.0921875 0.03046875 0.078125 0.05859375 0.075 0.040625 0.05703125 0.046875 0.03984375 0.05546875 0.0359375 0.07578125 0.0375 0.084375 0.04765625 0.0859375 0.06015625 0.0703125 0.07109375 0.07265625 0.0765625 0.10234375 0.0765625 0.11015625 0.084375 0.109375 0.07578125 0.0953125 0.06796875 0.0953125 0.05546875 0.10390625 0.046875 0.12265625 0.046875 0.13203125 0.053125 0.13125 0.06796875 0.1171875 0.07734375 0.11953125 0.09375 0.13984375 0.09375 0.1375 0.08203125 0.15078125 0.0671875 0.17734375 0.0703125 0.1859375 0.06328125 0.18828125 0.046875 0.21015625 0.0375 0.23203125 0.0375 0.246875 0.04765625 0.246875 0.07265625 0.2640625 0.08046875 0.26640625 0.09375 0.29765625 0.09375 0.309375 0.10234375 0.3078125 0.11328125 0.29453125 0.1234375 0.31953125 0.13125 0.32421875 0.109375 0.35234375 0.109375 0.359375 0.11640625 0.35625 0.12890625 0.3390625 0.13828125 0.3453125 0.15703125 0.35703125 0.1421875 0.37890625 0.140625 0.3875 0.14765625 0.3890625 0.16640625 0.39765625 0.1765625 0.4109375 0.15546875 0.425 0.14921875 0.415625 0.14609375 0.41953125 0.140625 0.40078125 0.134375 0.39140625 0.1171875 0.44296875 0.0921875 0.45078125 0.0984375 0.49296875 0.0953125 0.5203125 0.11953125 0.5171875 0.12890625 0.5015625 0.13828125 0.51015625 0.15625 0.52421875 0.15625 0.5390625 0.16640625 0.5390625 0.19296875 0.54453125 0.1984375 0.57734375 0.2015625 0.58515625 0.2078125 0.59296875 0.1953125 0.60234375 0.1953125 0.62265625 0.2171875 0.65859375 0.228125 0.66484375 0.228125 0.67890625 0.2109375 0.69453125 0.209375 0.70078125 0.2 0.74140625 0.203125 0.75546875 0.209375 0.7578125 0.21640625 0.71015625 0.2125 0.7125 0.23828125 0.69765625 0.24375 0.69140625 0.2375 0.6890625 0.24765625 0.74453125 0.2421875 0.75546875 0.2609375 0.77265625 0.265625 0.78125 0.26328125 0.76875 0.24453125 0.77734375 0.2359375 0.79609375 0.23125 0.80859375 0.2359375 0.815625 0.24765625 0.803125 0.26640625 0.8078125 0.27890625 0.81640625 0.2890625 0.840625 0.29140625 0.86328125 0.2828125 0.87890625 0.2875 0.8859375 0.27890625 0.89375 0.23984375 0.88671875 0.234375 0.86796875 0.2359375 0.8640625 0.22890625 0.87421875 0.2109375 0.93359375 0.190625 0.946875 0.17578125 0.95390625 0.1390625 0.97421875 0.140625 1 0.15390625 1 0.12734375 0.9921875 0.12421875 1 0.11171875 0.99921875 0.059375 0.96953125 0.0609375 0.95078125 0.071875 0.93359375 0.0703125 0.91015625 0.0828125 0.90078125 0.08125 0.89375 0.06796875 0.89375 0.05546875 0.9140625 0.04453125 0.9140625 0.03203125 0.92109375 0.025 0.96953125 0.0109375 0.99765625 0.0171875 0.99921875 0 0.86796875 0 0.8671875 0.01328125 0.85546875 0.021875 0.79609375 0.034375 0.75703125 0.0078125 0.73203125 0.0078125 0.71953125 0 0.50390625 0 0.49609375 0.0046875 0.48828125 0 0.31953125 0 0.3296875 0.03203125 0.32578125 0.0390625 0.31015625 0.04375 0.29140625 0.0390625 0.28125 0.02890625 0.275 0.01015625 0.28203125 0 0.20703125 0 0.19765625 0.0140625 0.18359375 0.0125 0.17890625 0 0.15859375 0
0 0.959375 0.26953125 0.9859375 0.30078125 0.9859375 0.30859375 0.9828125 0.31953125 0.959375 0.33671875 0.95859375 0.346875 0.93671875 0.35625 0.90390625 0.3546875 0.87109375 0.36875 0.86328125 0.378125 0.85234375 0.35625 0.82734375 0.353125 0.821875 0.36171875 0.83046875 0.378125 0.86328125 0.3875 0.87890625 0.4046875 0.89921875 0.403125 0.90546875 0.4125 0.93828125 0.4125 0.984375 0.44609375 0.9828125 0.46640625 0.95625 0.48984375 0.95234375 0.5015625 0.9453125 0.50234375 0.940625 0.51484375 0.9609375 0.53203125 0.96484375 0.54375 1 0.54609375 0.99921875 0.2546875 0.99296875 0.259375 0.97734375 0.25625 0.959375 0.26953125
0 0.7515625 0.57578125 0.77734375 0.590625 0.803125 0.59296875 0.8234375 0.58828125 0.80546875 0.559375 0.77734375 0.5609375 0.7515625 0.57578125
0 0.13203125 1 0.140625 0.98046875 0.16796875 0.9609375 0.21015625 0.9671875 0.24140625 1 0.24765625 0.9953125 0.25390625 1 0.3671875 0.99921875 0.37578125 0.9859375 0.41640625 0.9578125 0.43359375 0.9546875 0.46328125 0.965625 0.4640625 0.95390625 0.4796875 0.93828125 0.46875 0.92578125 0.4703125 0.91640625 0.49453125 0.890625 0.51015625 0.8859375 0.51953125 0.871875 0.52890625 0.86875 0.54921875 0.871875 0.56484375 0.896875 0.60078125 0.921875 0.67890625 0.9546875 0.6890625 0.95078125 0.6984375 0.93828125 0.69140625 0.9296875 0.5875 0.87421875 0.584375 0.86015625 0.590625 0.84453125 0.565625 0.82421875 0.578125 0.81015625 0.5765625 0.80078125 0.546875 0.76640625 0.546875 0.75859375 0.56171875 0.7265625 0.63671875 0.7125 0.69609375 0.7375 0.71953125 0.7671875 0.74140625 0.771875 0.78515625 0.7953125 0.8046875 0.79609375 0.80625 0.78515625 0.76640625 0.7609375 0.7640625 0.74765625 0.77109375 0.7359375 0.79765625 0.7203125 0.84140625 0.7203125 0.8328125 0.70234375 0.80078125 0.7 0.76171875 0.7078125 0.72265625 0.7015625 0.70625 0.66796875 0.6875 0.65234375 0.7046875 0.60078125 0.7484375 0.57734375 0.74296875 0.5609375 0.71484375 0.5640625 0.70546875 0.5921875 0.665625 0.59140625 0.678125 0.62265625 0.67109375 0.6375 0.64140625 0.64375 0.58984375 0.6203125 0.584375 0.64296875 0.60546875 0.6453125 0.6171875 0.65546875 0.61328125 0.6640625 0.58515625 0.65 0.55078125 0.6640625 0.51484375 0.6578125 0.5109375 0.67109375 0.51875 0.71953125 0.48984375 0.7234375 0.42890625 0.71875 0.4140625 0.74140625 0.428125 0.75546875 0.428125 0.78828125 0.37890625 0.8125 0.33671875 0.8171875 0.321875 0.79921875 0.31875 0.78203125 0.29453125 0.7671875 0.2984375 0.79765625 0.2859375 0.81328125 0.284375 0.84609375 0.25390625 0.8703125 0.20078125 0.8703125 0.16796875 0.853125 0.14921875 0.83125 0.11328125 0.8390625 0.07890625 0.8140625 0.05859375 0.815625 0 0.84609375 0.00390625 1 0.13203125 1
0 0.14609375 0.4078125 0.09765625 0.4125 0.07265625 0.4015625 0.04453125 0.4046875 0.02734375 0.396875 0 0.40078125 0.00078125 0.4484375 0.03671875 0.4359375 0.04375 0.44140625 0.0421875 0.45703125 0.05234375 0.46875 0.08203125 0.459375 0.115625 0.47421875 0.14765625 0.4625 0.1609375 0.44453125 0.1484375 0.42421875 0.14609375 0.4078125
0 0 0.62421875 0.0140625 0.62890625 0.03984375 0.625 0.0484375 0.59296875 0.06640625 0.5859375 0.07890625 0.59375 0.0921875 0.57265625 0.08671875 0.5625 0.06328125 0.5640625 0.0515625 0.53515625 0.03671875 0.5265625 0.0265625 0.55859375 0 0.56484375 0 0.62421875
0 0.58515625 0.26875 0.54296875 0.265625 0.5171875 0.27109375 0.51953125 0.2796875 0.53125 0.28359375 0.5390625 0.30703125 0.56171875 0.321875 0.5671875 0.31796875 0.55625 0.30703125 0.58203125 0.3015625 0.5890625 0.30703125 0.58671875 0.315625 0.6265625 0.33046875 0.628125 0.31484375 0.60625 0.29765625 0.6015625 0.28046875 0.58515625 0.26875
0 0.38359375 0.3109375 0.41015625 0.296875 0.36484375 0.2984375 0.34609375 0.3171875 0.29765625 0.3125 0.290625 0.32265625 0.29140625 0.3390625 0.32890625 0.3296875 0.34453125 0.34375 0.35546875 0.3453125 0.359375 0.38203125 0.4203125 0.36953125 0.40078125 0.34375 0.371875 0.33046875 0.38359375 0.3109375
0 0.24765625 0.3921875 0.24375 0.37890625 0.25625 0.35390625 0.2796875 0.34140625 0.23203125 0.3265625 0.21328125 0.3265625 0.20625 0.33359375 0.2046875 0.34609375 0.225 0.35546875 0.22421875 0.3734375 0.18828125 0.3625 0.18671875 0.353125 0.17578125 0.3515625 0.1734375 0.36953125 0.159375 0.38359375 0.16171875 0.3921875 0.19140625 0.3765625 0.20703125 0.378125 0.24140625 0.3890625 0.26015625 0.415625 0.271875 0.41484375 0.275 0.40078125 0.2671875 0.39921875 0.26484375 0.3890625 0.24765625 0.3921875