1 0.3095703125 0.287109375 0.109375 0.140625
0 0.63671875 0.015625 0.6640625 0.03359375 0.66796875 0 0.6015625 0.00078125 0.61484375 0.0125 0.63671875 0.015625
0 0.0515625 0.20859375 0.046875 0.16953125 0.00078125 0.15 0 0.18671875 0.0515625 0.20859375
0 0.0578125 0.20546875 0.06328125 0.21875 0.09609375 0.2328125 0.12734375 0.228125 0.1515625 0.23203125 0.15 0.22109375 0.13984375 0.2125 0.059375 0.17734375 0.0578125 0.20546875
0 0.69921875 0.0453125 0.71015625 0.053125 0.71875 0.04921875 0.7265625 0.00078125 0.67734375 0 0.6765625 0.08984375 0.71875 0.09765625 0.7171875 0.06484375 0.69140625 0.0546875 0.6890625 0.04609375 0.69921875 0.0453125
0 0.31015625 0 0.3046875 0.00859375 0.30859375 0.0140625 0.31484375 0.003125 0.33828125 0.0015625 0.45390625 0.015625 0.46796875 0.0125 0.48515625 0.021875 0.49921875 0.0140625 0.50546875 0.0265625 0.54140625 0.03125 0.59296875 0.0484375 0.6640625 0.08359375 0.6671875 0.05390625 0.66015625 0.0375 0.54609375 0 0.31015625 0
0 0.5453125 0.18671875 0.55234375 0.1875 0.58984375 0.1578125 0.60390625 0.1546875 0.63671875 0.128125 0.65390625 0.121875 0.6703125 0.10546875 0.66875 0.09921875 0.66328125 0.09375 0.64296875 0.09375 0.62421875 0.103125 0.61171875 0.1 0.56640625 0.1265625 0.54140625 0.153125 0.53359375 0.1484375 0.453125 0.20390625 0.45546875 0.2125 0.48203125 0.209375 0.5 0.21953125 0.51015625 0.2078125 0.5390625 0.19296875 0.54140625 0.1546875 0.5453125 0.18671875
0 0 0.13671875 0.0453125 0.15546875 0.0484375 0.08984375 0.046875 0.07734375 0.034375 0.07265625 0.03984375 0.0609375 0.06015625 0.059375 0.15078125 0.0265625 0.27109375 0.009375 0.275 0.00078125 0.13203125 0 0.11484375 0.0140625 0.11015625 0.0109375 0.00390625 0.0625 0.00078125 0.0828125 0.02734375 0.0703125 0.03125 0.07578125 0.02734375 0.0828125 0 0.09453125 0 0.13671875
0 0.73359375 0.065625 0.73984375 0.0609375 0.84765625 0.1 0.8515625 0.06328125 0.846875 0.04921875 0.85859375 0.046875 0.865625 0.05546875 0.8609375 0.09140625 0.86796875 0.1109375 0.93828125 0.1359375 0.9421875 0.10234375 0.95546875 0.0890625 0.9578125 0.11171875 0.95 0.15390625 0.95625 0.15546875 0.95703125 0.14375 1 0.16328125 0.99921875 0 0.7375 0.00078125 0.73125 0.02890625 0.73359375 0.065625
0 0.02421875 0.459375 0.0359375 0.46171875 0.0421875 0.44140625 0.0390625 0.36328125 0.025 0.34609375 0.028125 0.33828125 0.03828125 0.3296875 0.053125 0.33203125 0.0421875 0.35703125 0.0484375 0.43671875 0.05234375 0.45 0.0609375 0.44765625 0.0515625 0.46171875 0.053125 0.49921875 0.06015625 0.5015625 0.12265625 0.4546875 0.146875 0.41484375 0.12578125 0.4234375 0.11796875 0.4375 0.08515625 0.4359375 0.0625 0.44453125 0.096875 0.42109375 0.1046875 0.39609375 0.12734375 0.378125 0.14453125 0.36875 0.17421875 0.3640625 0.20078125 0.3484375 0.209375 0.33359375 0.203125 0.32734375 0.203125 0.31484375 0.209375 0.30859375 0.16953125 0.2828125 0.11796875 0.2625 0.10703125 0.25 0.00078125 0.203125 0 0.48046875 0.01171875 0.471875 0.0125 0.48359375 0.028125 0.49453125 0.03125 0.51640625 0.0375 0.51796875 0.046875 0.51484375 0.0421875 0.46796875 0.0203125 0.46796875 0.02421875 0.459375
0 0.30859375 0.21875 0.32734375 0.2328125 0.35234375 0.234375 0.36015625 0.2484375 0.38984375 0.2296875 0.4125 0.19140625 0.4109375 0.12734375 0.40625 0.12265625 0.41171875 0.109375 0.42109375 0.109375 0.425 0.11640625 0.41875 0.12578125 0.41875 0.19140625 0.45234375 0.190625 0.46484375 0.1765625 0.54140625 0.13125 0.56171875 0.125 0.57421875 0.1109375 0.61015625 0.0921875 0.61875 0.07890625 0.57890625 0.0609375 0.54140625 0.0546875 0.53046875 0.0453125 0.46328125 0.0296875 0.36484375 0.0234375 0.30078125 0.021875 0.18828125 0.0328125 0.12265625 0.046875 0.08984375 0.0609375 0.06328125 0.0625 0.0546875 0.07890625 0.059375 0.16328125 0.14140625 0.2046875 0.18203125 0.20625 0.18515625 0.1984375 0.1921875 0.21484375 0.2015625 0.21796875 0.22109375 0.246875 0.2515625 0.25859375 0.25859375 0.2390625 0.27890625 0.2359375 0.29921875 0.21875 0.30859375 0.21875
0 1 0.17578125 0.98828125 0.16875 0.95546875 0.1578125 0.94140625 0.1703125 0.93046875 0.146875 0.8625 0.12890625 0.8609375 0.19296875 0.88828125 0.203125 0.9078125 0.22109375 0.9203125 0.25390625 0.91875 0.26953125 0.91015625 0.2734375 0.8921875 0.22734375 0.8484375 0.19453125 0.846875 0.11796875 0.77265625 0.090625 0.73828125 0.075 0.73359375 0.0671875 0.728125 0.11171875 0.73828125 0.1078125 0.75234375 0.115625 0.765625 0.12578125 0.76953125 0.140625 0.73203125 0.121875 0.72734375 0.1125 0.70703125 0.11875 0.69609375 0.109375 0.68046875 0.1109375 0.57421875 0.184375 0.53515625 0.203125 0.48203125 0.246875 0.4078125 0.29296875 0.4078125 0.31171875 0.4203125 0.31796875 0.4078125 0.32109375 0.41171875 0.334375 0.43359375 0.3359375 0.49921875 0.3609375 0.515625 0.37265625 0.52109375 0.3859375 0.57109375 0.409375 0.578125 0.40703125 0.5796875 0.39765625 0.5796875 0.32890625 0.565625 0.31015625 0.57421875 0.303125 0.58984375 0.30625 0.6015625 0.31484375 0.5890625 0.33046875 0.5875 0.40546875 0.59296875 0.4234375 0.62265625 0.4328125 0.65078125 0.4578125 0.67109375 0.4546875 0.80234375 0.525 0.815625 0.52578125 0.8703125 0.47890625 0.88203125 0.4578125 0.88828125 0.4578125 0.89921875 0.4734375 0.9265625 0.45234375 0.93125 0.39140625 0.9234375 0.38203125 0.925 0.31953125 0.9328125 0.30859375 0.9328125 0.26796875 0.94140625 0.2515625 0.9546875 0.26640625 0.9546875 0.29609375 0.940625 0.33046875 0.9453125 0.34609375 0.9390625 0.43046875 0.94609375 0.434375 1 0.40546875 1 0.17578125
0 0 0.69140625 0.01796875 0.7015625 0.06796875 0.7140625 0.07109375 0.640625 0.08046875 0.7203125 0.16171875 0.7359375 0.2890625 0.74140625 0.33359375 0.7296875 0.35859375 0.7375 0.43828125 0.728125 0.56796875 0.690625 0.5765625 0.65546875 0.5765625 0.56796875 0.5640625 0.55703125 0.58203125 0.54375 0.5921875 0.54921875 0.5828125 0.56640625 0.58515625 0.6828125 0.64921875 0.6546875 0.69765625 0.6234375 0.7359375 0.59296875 0.7359375 0.58203125 0.72421875 0.578125 0.72578125 0.5734375 0.75546875 0.571875 0.77421875 0.5625 0.7984375 0.54296875 0.7984375 0.53671875 0.72890625 0.5125 0.68046875 0.4875 0.67109375 0.475 0.65859375 0.475 0.64921875 0.459375 0.61328125 0.453125 0.60078125 0.4453125 0.59296875 0.4453125 0.5890625 0.45390625 0.5890625 0.49453125 0.61015625 0.4921875 0.63046875 0.503125 0.6515625 0.52109375 0.6515625 0.53046875 0.64765625 0.5375 0.62421875 0.5171875 0.60078125 0.5125 0.59140625 0.5140625 0.5875 0.52890625 0.58046875 0.5328125 0.578125 0.43828125 0.56171875 0.421875 0.54921875 0.4203125 0.53203125 0.4078125 0.47890625 0.3984375 0.4875 0.43515625 0.5125 0.45703125 0.51328125 0.46875 0.47578125 0.4375 0.36640625 0.3890625 0.34921875 0.375 0.27109375 0.378125 0 0.55859375 0 0.69140625
0 0.95703125 0.609375 0.98359375 0.625 1 0.62734375 0.99921875 0.5328125 0.94609375 0.571875 0.9390625 0.58671875 0.95703125 0.609375
0 1 0.65234375 0.96015625 0.634375 0.9078125 0.58671875 0.91171875 0.503125 0.9234375 0.50234375 0.91875 0.51484375 0.9234375 0.51796875 0.92578125 0.55625 0.93359375 0.546875 0.93671875 0.5515625 0.94609375 0.5484375 0.97578125 0.5234375 1 0.51171875 0.99921875 0.409375 0.95234375 0.434375 0.93046875 0.4765625 0.92265625 0.4625 0.89453125 0.471875 0.85859375 0.5140625 0.72734375 0.6234375 0.65859375 0.671875 0.51484375 0.734375 0.35234375 0.7640625 0.34140625 0.78125 0.23515625 0.7765625 0.2203125 0.78515625 0.225 0.81484375 0.21328125 0.834375 0.13984375 0.828125 0.08984375 0.8140625 0.06171875 0.8125 0.04296875 0.8015625 0.00859375 0.79375 0.0296875 0.78359375 0.0296875 0.77421875 0.01640625 0.7703125 0.01796875 0.7640625 0.13359375 0.78125 0.2171875 0.78046875 0.21015625 0.771875 0.15859375 0.7671875 0.12578125 0.753125 0.07890625 0.7484375 0.06484375 0.7390625 0 0.72109375 0.00078125 1 0.66690683203125 1 0.69189826953125 0.98586528515625 0.732955642578125 0.97337293359375 0.815625 0.99921875 0.81328125 0.9875 0.7984375 0.98515625 0.79609375 0.971875 0.78515625 0.975 0.76875 0.96484375 0.76875 0.94765625 0.79453125 0.940625 0.81484375 0.9546875 0.83515625 0.9578125 0.84140625 0.946875 0.85546875 0.9421875 0.87421875 0.959375 0.8859375 0.94296875 0.8953125 0.91171875 0.8640625 0.88359375 0.8546875 0.86484375 0.9078125 0.82890625 0.9265625 0.77265625 0.94609375 0.753125 0.96953125 0.7484375 1 0.76796875 1 0.65234375