1 0.3486328125 0.125 0.318359375 0.205078125
1 0.5380859375 0.6953125 0.396484375 0.349609375
1 0.326171875 0.7470703125 0.24609375 0.302734375
1 0.201171875 0.32421875 0.3828125 0.232421875
1 0.861328125 0.771484375 0.22265625 0.162109375
1 0.6533203125 0.2734375 0.17578125 0.111328125
1 0.783203125 0.298828125 0.046875 0.044921875
1 0.8349609375 0.130859375 0.13671875 0.087890625
1 0.6357421875 0.169921875 0.08203125 0.0625
1 0.638671875 0.41796875 0.212890625 0.126953125
1 0.0908203125 0.9072265625 0.14453125 0.107421875
1 0.078125 0.123046875 0.080078125 0.099609375
1 0.1435546875 0.4453125 0.224609375 0.123046875
1 0.751953125 0.6748046875 0.123046875 0.08984375
0 1 0.382868267578125 0.995086888671875 0.380531677734375 0.97978745703125 0.360949296875 0.940761171875 0.364204673828125 0.930441130859375 0.35649976953125 0.92610198046875 0.365623634765625 0.9099405390625 0.35961565625 0.91344476953125 0.331075990234375 0.934195228515625 0.3062633359375 0.93249830078125 0.3004219375 0.865933849609375 0.305124375 0.83814480078125 0.282399021484375 0.826962751953125 0.288268521484375 0.824237240234375 0.3104660390625 0.8150300859375 0.31335914453125 0.807686439453125 0.30762913671875 0.797617283203125 0.324096646484375 0.75817353515625 0.31764412109375 0.744070283203125 0.30142749609375 0.736949416015625 0.306990923828125 0.716142755859375 0.30604562890625 0.704682740234375 0.320732923828125 0.634446462890625 0.32257035546875 0.652416220703125 0.340066451171875 0.7144187421875 0.3331944375 0.861650900390625 0.340006189453125 0.8742800078125 0.361674857421875 0.858175787109375 0.42729401171875 0.87169500390625 0.44826725 0.861514453125 0.459088041015625 0.827244779296875 0.46292745703125 0.81745358984375 0.470577173828125 0.820736052734375 0.47661325 0.853336900390625 0.479811412109375 0.864713626953125 0.472356375 0.922766357421875 0.471437150390625 0.93681341015625 0.461895828125 0.9580094296875 0.45967005078125 0.994476779296875 0.464147677734375 1 0.469727126953125 1 0.382868267578125
0 0.277977671875 0 0.277193806640625 0.00107673828125 0.26164450390625 0.003191126953125 0.265733787109375 0.01576403125 0.368599013671875 0.030003734375 0.38209012890625 0.03809799609375 0.415081349609375 0.083994265625 0.441840798828125 0.088889353515625 0.451493513671875 0.108583125 0.453135251953125 0.134535755859375 0.48690519140625 0.174089875 0.492302044921875 0.19567525390625 0.48014659765625 0.2094724375 0.350355345703125 0.204802162109375 0.340091505859375 0.22285520703125 0.329548685546875 0.203856865234375 0.302010517578125 0.205303923828125 0.272664033203125 0.1952628671875 0.20860028515625 0.074735986328125 0.144984125 0.06853434375 0.1327172890625 0.07668480859375 0.097028658203125 0.065865033203125 0.049376966796875 0.06727555859375 0.04797478515625 0.078695421875 0.083399064453125 0.085114259765625 0.10000606640625 0.113709111328125 0.107405916015625 0.1451970703125 0.102872083984375 0.155906470703125 0.0901045 0.161581291015625 0.03794879296875 0.160350578125 0.02732485546875 0.246875595703125 0.100009111328125 0.251316658203125 0.16379184765625 0.243053787109375 0.225238431640625 0.253817361328125 0.322122765625 0.251228294921875 0.340092521484375 0.268724388671875 0.354335267578125 0.303466712890625 0.363264451171875 0.309391400390625 0.396950087890625 0.31030859375 0.41491984375 0.327804689453125 0.41792433984375 0.34265855859375 0.411304224609375 0.350697634765625 0.390108205078125 0.3529234140625 0.34234741796875 0.34866856640625 0.108550962890625 0.352150783203125 0.026909859375 0.348564279296875 0.0172084765625 0.329266890625 0 0.4694186875 0 0.6787183203125 0.00722319140625 0.679301267578125 0.01328737109375 0.68889777734375 0.01334357421875 0.714655728515625 0.005778162109375 0.74350146484375 0 0.74393693359375 0 0.7716424609375 0.023275271484375 0.771400890625 0.0331226640625 0.789509123046875 0.03537654296875 0.823584119140625 0.04194147265625 0.835656275390625 0.03801978125 0.8544880390625 0.049424609375 0.8599119765625 0.06038387890625 0.8427490390625 0.08413883203125 0.832790255859375 0.059910216796875 0.807283185546875 0.056765212890625 0.728034439453125 0.068141939453125 0.72057940234375 0.10360779296875 0.72010573828125 0.12116008984375 0.727893931640625 0.129422958984375 0.791676669921875 0.127114908203125 0.823582087890625 0.1401052734375 0.82920070703125 0.14678159375 0.84691958203125 0.14466821875 0.87723946484375 0.127338703125 0.880744708984375 0.123889662109375 0.88917314453125 0.133765154296875 0.920160353515625 0.154683205078125 0.9267523671875 0.154999923828125 0.96139423046875 0.469418685546875 1 0.9423626328125 1 0.963227712890625 0.8300675625 0.9409378984375 0.808431982421875 0.874568125 0.811548884765625 0.855263712890625 0.8180305234375 0.8510640546875 0.845680080078125 0.82372056640625 0.84554160546875 0.807920384765625 0.823483578125 0.79993649609375 0.79675223046875 0.75423287890625 0.73641955078125 0.754594134765625 0.7203695 0.730505009765625 0.713388126953125 0.6974023984375 0.661845138671875 0.702603556640625 0.639146873046875 0.734592263671875 0.63422266796875 0.72009965234375 0.621177115234375 0.717484513671875 0.603152169921875 0.73759574609375 0.603207357421875 0.747080865234375 0.591496458984375 0.77261603515625 0.580146818359375 0.789278224609375 0.588630439453125 0.796399091796875 0.583067009765625 0.813645318359375 0.586794021484375 0.817762703125 0.61224590234375 0.80240808203125 0.61277475390625 0.803965517578125 0.60009045703125 0.77167073828125 0.600953478515625 0.769807234375 0.609576591796875 0.753868576171875 0.614862052734375 0.75003017578125 0.6264615625 0.739042806640625 0.630745525390625 0.770753544921875 0.634639115234375 0.794954060546875 0.64726720703125 0.826636697265625 0.638281822265625 0.861323833984375 0.644150306640625 0.89200497265625 0.63021362890625 0.91222759375 0.635915537109375 0.91687281640625 0.63085285546875 0.890669302734375 0.60832218359375 0.89261609765625 0.5924668125 0.904882931640625 0.58431634765625 0.912559736328125 0.561117330078125 0.930667970703125 0.5512699375 0.966745962890625 0.558918638671875 0.9795968359375 0.5460115625 0.99839021484375 0.54369195703125 0.999683783203125 0.533156685546875 0.960931650390625 0.527625359375 0.9557294765625 0.504454443359375 0.936703033203125 0.502118291015625 0.92988823828125 0.51174290234375 0.94922075 0.51814023828125 0.95400546484375 0.531603251953125 0.934172201171875 0.522730271484375 0.91695407421875 0.531882236328125 0.873143078125 0.521674599609375 0.8307510390625 0.52612615625 0.82710731640625 0.536140126953125 0.846189962890625 0.564234232421875 0.83620409375 0.573469484375 0.802518458984375 0.5725522890625 0.790612880859375 0.56465270703125 0.77887387890625 0.542288609375 0.75689914453125 0.55085653515625 0.721627970703125 0.549744662109375 0.71539721484375 0.554612662109375 0.71414584765625 0.571358140625 0.67817924609375 0.56935616015625 0.67484159375 0.5834313125 0.686246421875 0.58885525 0.690530384765625 0.599842619140625 0.675982583984375 0.606908296875 0.6573455 0.601401068359375 0.652477498046875 0.595170310546875 0.658596865234375 0.584655591796875 0.643714892578125 0.57478111328125 0.64969476953125 0.5457406953125 0.67247632421875 0.54370959765625 0.686774259765625 0.558340689453125 0.691224798828125 0.554863544921875 0.681683474609375 0.540816494140625 0.686300595703125 0.5228748359375 0.751502291015625 0.529271158203125 0.7844643984375 0.51641926953125 0.78654966796875 0.473220412109375 0.8015701171875 0.455751404296875 0.785603357421875 0.448157890625 0.73330873828125 0.454612443359375 0.705158431640625 0.447937138671875 0.70399035546875 0.457450359375 0.640402296875 0.4641276953125 0.5926415078125 0.45987284765625 0.590778001953125 0.4684959609375 0.626745619140625 0.516367126953125 0.6090829453125 0.54880139453125 0.55973662109375 0.544351869140625 0.54165547265625 0.5212090546875 0.5018223671875 0.51792760546875 0.49033425 0.519735923828125 0.4844095625 0.528665107421875 0.465577798828125 0.524743416015625 0.46109915625 0.515341583984375 0.46521552734375 0.494924283203125 0.491446125 0.484464751953125 0.492781794921875 0.50635619921875 0.49962469140625 0.509610560546875 0.5210986796875 0.4985669921875 0.5277458828125 0.457537708984375 0.55230765625 0.454115751953125 0.549025189453125 0.44807967578125 0.534560677734375 0.447913095703125 0.522543708984375 0.434366794921875 0.5278000546875 0.391557294921875 0.545129572265625 0.38805205078125 0.548578615234375 0.379623615234375 0.542096974609375 0.360319203125 0.50779919921875 0.35127964453125 0.485824462890625 0.3598475703125 0.44262560546875 0.357762298828125 0.434753107421875 0.33667766796875 0.43745051953125 0.30160117578125 0.429661310546875 0.273284291015625 0.409215908203125 0.2562889453125 0.410383986328125 0.246775724609375 0.427101361328125 0.235148115234375 0.45564102734375 0.238652345703125 0.456948595703125 0.247664818359375 0.474918353515625 0.265160912109375 0.5373383359375 0.26799680078125 0.561678341796875 0.299150587890625 0.56498890625 0.318065642578125 0.589578779296875 0.32752266015625 0.6015114453125 0.3024320390625 0.554250390625 0.254783654296875 0.559117376953125 0.21514523046875 0.568713888671875 0.209081048828125 0.62320618359375 0.210943541015625 0.651384591796875 0.2304978203125 0.683484689453125 0.231220333984375 0.691106306640625 0.22813255078125 0.68921469921875 0.2238766875 0.6971423828125 0.2248500859375 0.714166845703125 0.26315283984375 0.7454330390625 0.290328736328125 0.761761056640625 0.28187219921875 0.768964197265625 0.223207333984375 0.77817134765625 0.2203142265625 0.788185318359375 0.22395794921875 0.791885244140625 0.239701927734375 0.8053482578125 0.234917216796875 0.814694900390625 0.2505498046875 0.82534809765625 0.229325685546875 0.842594326171875 0.2330526953125 0.842678630859375 0.27168962109375 0.930856560546875 0.274469306640625 0.9487701171875 0.266207451171875 0.949048083984375 0.257389658203125 0.896725365234375 0.250965236328125 0.87956242578125 0.24000596875 0.908796505859375 0.198531125 0.907655515625 0.175054140625 0.883288421875 0.17689055859375 0.85038150390625 0.16963121484375 0.839894884765625 0.17639082421875 0.8173080078125 0.17683638671875 0.809408423828125 0.18874196484375 0.797920306640625 0.190550283203125 0.729352859375 0.185350138671875 0.71872674609375 0.17358405078125 0.724150685546875 0.16217922265625 0.775471908203125 0.16365235546875 0.78487373828125 0.159173712890625 0.76787737890625 0.13374993359375 0.74526240234375 0.12131651953125 0.73483096875 0.107964896484375 0.7346914765625 0.089439201171875 0.721033783203125 0.095809451171875 0.71566503515625 0.087103048828125 0.6879040859375 0.077256669921875 0.672160107421875 0.08095659375 0.6769448203125 0.094419607421875 0.671520880859375 0.1058244375 0.641395677734375 0.10212552734375 0.639642546875 0.070526177734375 0.63179815234375 0.062320525390625 0.62665218359375 0.064907560546875 0.6181956484375 0.048579541015625 0.622117337890625 0.029747779296875 0.6415050390625 0.0160338828125 0.636491607421875 0.0130041484375 0.6128610078125 0.01010267578125 0.60870951171875 0.0144212578125 0.558973826171875 0.013142806640625 0.55115753125 0.01781612890625 0.549600095703125 0.030500423828125 0.56289653125 0.040180224609375 0.560949736328125 0.05603559375 0.55471898046875 0.06090359375 0.53015720703125 0.06432555078125 0.418390900390625 0.05704013671875 0.37499634765625 0.01067121875 0.373800794921875 0 0.33859703515625 0 0.3364427109375 0.003523267578125 0.32236755859375 0.000185615234375 0.32211540625 0 0.277977671875 0