1 0.83984375 0.8896484375 0.17578125 0.1484375
1 0.314453125 0.501953125 0.291015625 0.294921875
1 0.46484375 0.8037109375 0.3828125 0.392578125
1 0.6591796875 0.259765625 0.197265625 0.15234375
1 0.1669921875 0.767578125 0.333984375 0.375
1 0.2158203125 0.2919921875 0.0625 0.076171875
1 0.2763671875 0.1376953125 0.068359375 0.08203125
1 0.5009765625 0.0341796875 0.095703125 0.068359375
1 0.0947265625 0.5078125 0.189453125 0.30859375
1 0.6416015625 0.5322265625 0.091796875 0.095703125
1 0.0986328125 0.3212890625 0.111328125 0.083984375
1 0.4052734375 0.3037109375 0.064453125 0.0625
1 0.072265625 0.26171875 0.064453125 0.0625
1 0.35546875 0.248046875 0.04296875 0.0390625
1 0.6396484375 0.0439453125 0.056640625 0.0546875
1 0.2958984375 0.0302734375 0.068359375 0.060546875
1 0.0888671875 0.1328125 0.03515625 0.048828125
1 0.1533203125 0.134765625 0.05078125 0.046875
1 0.2392578125 0.14453125 0.060546875 0.068359375
1 0.6201171875 0.1455078125 0.138671875 0.125
0 0.855443814453125 0.271126607421875 0.853895646484375 0.2973370859375 0.8871464921875 0.2973160546875 0.889294677734375 0.29203367578125 0.82018309375 0.185870240234375 0.79317539453125 0.1608513828125 0.77789883203125 0.128783748046875 0.750500935546875 0.105329884765625 0.714892083984375 0.088140201171875 0.625502896484375 0.083306912109375 0.622968720703125 0.096804453125 0.6397892421875 0.09601144140625 0.67070311328125 0.112030533203125 0.68165806640625 0.11476191015625 0.6929990078125 0.109278125 0.697698193359375 0.117098884765625 0.72508346875 0.120602240234375 0.785971478515625 0.21307934765625 0.780697515625 0.224231501953125 0.76544198828125 0.2254147109375 0.81552597265625 0.244551169921875 0.814561 0.265089076171875 0.840007912109375 0.29636790625 0.855443814453125 0.271126607421875
0 1 0.1239937578125 0.982476458984375 0.108312638671875 0.98247435546875 0.104987552734375 0.847102451171875 0.071235546875 0.85981959765625 0.07689970703125 0.858850416015625 0.0907874453125 0.871567564453125 0.096451603515625 0.870988578125 0.10877434765625 0.893280265625 0.09937176953125 0.930449904296875 0.11030148046875 0.924613779296875 0.160377052734375 0.94887327734375 0.169750185546875 0.95202008984375 0.19713125390625 1 0.240520546875 1 0.1239937578125
0 1 0.28037551171875 0.988490751953125 0.270867771484375 0.982427982421875 0.27184957421875 0.978928833984375 0.305885017578125 0.963484517578125 0.31782598046875 0.93688383984375 0.3178428046875 0.91378651953125 0.29047435546875 0.908122361328125 0.303191501953125 0.890324244140625 0.3045719140625 0.88133289453125 0.313966080078125 0.852970025390625 0.31105012109375 0.844771689453125 0.33726480859375 0.830103560546875 0.339425611328125 0.8211122109375 0.348819779296875 0.800377103515625 0.34531221484375 0.74013538671875 0.346915068359375 0.714729724609375 0.346943271484375 0.714849533203125 0.34638958203125 0.715962392578125 0.340021962890625 0.82132017578125 0.3382863515625 0.813823568359375 0.322652419921875 0.837061638671875 0.320851962890625 0.8133449140625 0.27696683203125 0.80306288671875 0.272504623046875 0.804844248046875 0.263455794921875 0.795348724609375 0.2653601484375 0.7868441171875 0.24615233984375 0.741702345703125 0.240593021484375 0.749872736328125 0.26114144140625 0.74451812890625 0.273096525390625 0.76130323828125 0.31050693359375 0.708682021484375 0.31399969140625 0.604255326171875 0.313905107421875 0.57113474609375 0.2429936015625 0.539182384765625 0.245469255859375 0.547355392578125 0.2698155390625 0.559764890625 0.280978568359375 0.568046693359375 0.301080134765625 0.56471603515625 0.331576490234375 0.581481357421875 0.3405030390625 0.6391348515625 0.343486095703125 0.63869173828125 0.349071404296875 0.544842951171875 0.352252603515625 0.162430599609375 0.362247451171875 0.166250443359375 0.383779259765625 0.189046787109375 0.38946302734375 0.2038013515625 0.3988375390625 0.214965466796875 0.386432306640625 0.230047650390625 0.384971591796875 0.2420128203125 0.399821056640625 0.27608604296875 0.394551650390625 0.312942033203125 0.3743126640625 0.33731009375 0.390830576171875 0.362777822265625 0.381991634765625 0.387802505859375 0.378738017578125 0.40915702734375 0.399725697265625 0.428820724609375 0.411105408203125 0.4354022734375 0.396133671875 0.4531544921875 0.378251328125 0.472367052734375 0.371649984375 0.4862260546875 0.37557862109375 0.505789994140625 0.392322673828125 0.51496310546875 0.40884924609375 0.520110736328125 0.420574966796875 0.527591490234375 0.41342181640625 0.551468056640625 0.405657708984375 0.562949259765625 0.367225861328125 0.5648512890625 0.3710226328125 0.563313865234375 0.4095605 0.577402552734375 0.425414060546875 0.577188939453125 0.439600259765625 0.569596767578125 0.447200291015625 0.573738986328125 0.459149974609375 0.577982052734375 0.455461404296875 0.59038104296875 0.45143308984375 0.603027802734375 0.482590556640625 0.607830681640625 0.480465505859375 0.618342146484375 0.49352858203125 0.660351015625 0.49261099609375 0.672207390625 0.5117051796875 0.70315302734375 0.507554578125 0.71767944140625 0.51022712109375 0.723272740234375 0.520165357421875 0.695119123046875 0.52263884375 0.693003509765625 0.533028294921875 0.7081984609375 0.5330196171875 0.715134013671875 0.545191119140625 0.711124314453125 0.56317733203125 0.701815505859375 0.5636285 0.61596382421875 0.570280271484375 0.614936232421875 0.59217433203125 0.631801154296875 0.601547685546875 0.628508171875 0.61475511328125 0.600528494140625 0.617377439453125 0.615505443359375 0.660982078125 0.64767546875 0.685984859375 0.649951125 0.709440873046875 0.666991470703125 0.7210729296875 0.684042021484375 0.74747437890625 0.685969021484375 0.769366712890625 0.697958552734375 0.765711005859375 0.701445380859375 0.781347212890625 0.717431443359375 0.776472845703125 0.72613930078125 0.793072205078125 0.740241064453125 0.823184650390625 0.739863490234375 0.844700150390625 0.74848146875 0.863471654296875 0.76940536328125 0.856221466796875 0.902794734375 0.847922171875 0.912184693359375 0.8502633515625 0.922455611328125 0.872405837890625 0.9364918828125 0.816109423828125 0.921742404296875 0.808595935546875 0.924859771484375 0.7894258203125 0.946060275390625 0.777732697265625 1 0.56139228125 1 0.28037551171875
0 0.604429095703125 0.781197083984375 0.6016766875 0.75890119140625 0.618098599609375 0.746372833984375 0.621220171875 0.733852888671875 0.58405473828125 0.72957334765625 0.585993103515625 0.701797873046875 0.574047935546875 0.679703388671875 0.556048412109375 0.67189104296875 0.5531030078125 0.65370273046875 0.539790048828125 0.633760638671875 0.5542609765625 0.629057244140625 0.5550371640625 0.61927708984375 0.52118630078125 0.59837001953125 0.497488962890625 0.550073470703125 0.497476341796875 0.5301229609375 0.4865045625 0.50079091015625 0.461242232421875 0.452104162109375 0.452242470703125 0.44819798828125 0.444404884765625 0.4262965 0.434230326171875 0.42043513671875 0.457936076171875 0.482032025390625 0.45991230078125 0.514108076171875 0.45131535546875 0.528587416015625 0.454848158203125 0.547753322265625 0.4816502421875 0.55692925390625 0.490851412109375 0.57002818359375 0.485783064453125 0.59702326171875 0.469755556640625 0.614636796875 0.470544361328125 0.6248071484375 0.481696515625 0.63008111328125 0.497359068359375 0.6539335859375 0.5067448203125 0.649624595703125 0.52747992578125 0.65313216015625 0.527693955078125 0.682275423828125 0.545697685546875 0.6967379375 0.536332966796875 0.734297771484375 0.572520802734375 0.739164712890625 0.5805513828125 0.75695862109375 0.57508442578125 0.772218357421875 0.5805682109375 0.783559298828125 0.604429095703125 0.781197083984375
0 0.8906428125 1 0.89422178515625 0.985645525390625 0.884449794921875 0.9815030703125 0.87700240625 0.958036587890625 0.853540130859375 0.97213414453125 0.8304554296875 0.964716203125 0.817163505859375 0.978024955078125 0.77530730078125 0.9792249921875 0.73147908203125 0.9549991484375 0.72227791015625 0.94190021875 0.72168209765625 0.92762228515625 0.698215615234375 0.93506967578125 0.697422603515625 0.91824915234375 0.674132287109375 0.894988287109375 0.67039387109375 0.859979451171875 0.647510578125 0.861754267578125 0.658054298828125 0.832799791015625 0.645727349609375 0.825570638671875 0.641808556640625 0.814619892578125 0.623813240234375 0.813457716796875 0.62634320703125 0.793310005859375 0.612451263671875 0.78569065625 0.590365193359375 0.81093616015625 0.614037291015625 0.81933169921875 0.617175689453125 0.8334124296875 0.63419762109375 0.841812173828125 0.631474658203125 0.86606746484375 0.643617025390625 0.89070453515625 0.64597923828125 0.914565423828125 0.64246746875 0.928650361328125 0.625659568359375 0.9493938828125 0.61040824609375 0.957227259765625 0.59830373828125 0.99244170703125 0.5840258046875 0.99303751953125 0.5796013203125 1 0.788469931640625 1 0.799961201171875 0.993683298828125 0.821924447265625 1 0.8906428125 1
0 0.387393599609375 0.2782684453125 0.355896537109375 0.26792192578125 0.3506183671875 0.27242391015625 0.365890720703125 0.297841376953125 0.387393599609375 0.2782684453125
0 0.426782423828125 0.086953296875 0.42345103125 0.076980146484375 0.395872759765625 0.07758437109375 0.392163787109375 0.08912672265625 0.407029119140625 0.089508505859375 0.416624693359375 0.107692611328125 0.426782423828125 0.086953296875
0 0.63509846875 0.10149101953125 0.639587833984375 0.086818681640625 0.626480490234375 0.082719515625 0.620224724609375 0.0878088984375 0.594790431640625 0.076480578125 0.58873607421875 0.090762716796875 0.601650421875 0.09896946484375 0.63509846875 0.10149101953125
0 0.03723269921875 0.289275517578125 0.040028232421875 0.291397333984375 0.068391103515625 0.29431329296875 0.082274630859375 0.2886323046875 0.079727837890625 0.282179337890625 0.04080961328125 0.27492930078125 0.03723269921875 0.289275517578125
0 0.191005896484375 0.259224533203125 0.189428283203125 0.238883828125 0.20467960546875 0.231050451171875 0.193133046875 0.220691310546875 0.166926775390625 0.2257933125 0.14853284765625 0.212895791015625 0.12466775390625 0.208607833984375 0.100232087890625 0.2299429609375 0.112168841796875 0.238737107421875 0.1403303046875 0.23246030859375 0.15872002734375 0.23870766015625 0.182400537109375 0.26040353515625 0.191005896484375 0.259224533203125
0 0.578452654296875 0.222012314453125 0.59116138671875 0.21437613671875 0.58997397265625 0.19247044140625 0.561388658203125 0.147110880859375 0.563327021484375 0.119335408203125 0.55393285546875 0.11034405859375 0.5633101953125 0.092734732421875 0.5474546484375 0.07298983984375 0.4930785 0.0710683046875 0.47335884765625 0.12682486328125 0.47610705078125 0.142470587890625 0.491563986328125 0.15048013671875 0.510528484375 0.137754576171875 0.506609693359375 0.126803830078125 0.50875787890625 0.121521455078125 0.51306266015625 0.124257037109375 0.5353795859375 0.15475547265625 0.547899533203125 0.157877044921875 0.550064544921875 0.179195341796875 0.565328484375 0.19131247265625 0.55908533984375 0.216352361328125 0.578452654296875 0.222012314453125
0 0.297824037109375 0.297493248046875 0.310528564453125 0.283206900390625 0.334783853515625 0.28592986328125 0.343972404296875 0.279078287109375 0.347878576171875 0.2700785234375 0.3351614296875 0.26441436328125 0.333785224609375 0.253266416015625 0.340615767578125 0.22920412109375 0.364480861328125 0.233492078125 0.377403623046875 0.2549991640625 0.395793345703125 0.261246515625 0.427260962890625 0.225041853515625 0.385597751953125 0.22213430859375 0.37424419140625 0.207667587890625 0.357620873046875 0.211003189453125 0.348826724609375 0.22293994140625 0.28036563671875 0.21750663671875 0.239294033203125 0.22222685546875 0.223065119140625 0.230647634765625 0.234611673828125 0.2410067734375 0.250651802734375 0.24334374609375 0.287653685546875 0.2982820546875 0.297824037109375 0.297493248046875
0 0.2130120390625 0.10762581640625 0.249397080078125 0.11503534375 0.250966279296875 0.1220757109375 0.25428084765625 0.10544818359375 0.275989341796875 0.1017181796875 0.28811908984375 0.10640474609375 0.30378584765625 0.136907388671875 0.322943341796875 0.120074248046875 0.344853244140625 0.125537 0.3573605703125 0.108708064453125 0.363817744140625 0.112811439453125 0.365982755859375 0.13412973828125 0.376547509765625 0.138426107421875 0.386516453125 0.128444544921875 0.379073271484375 0.11162823046875 0.38962119921875 0.089323923828125 0.3663477109375 0.09266373046875 0.33426325 0.081339615234375 0.332303853515625 0.075864244140625 0.28613866015625 0.067678529296875 0.269716748046875 0.08020688671875 0.24859565234375 0.084914486328125 0.089168912109375 0.080970744140625 0.081336064453125 0.112386583984375 0.130088439453125 0.1201962421875 0.135169408203125 0.113151669921875 0.157469509765625 0.117049427734375 0.193057328125 0.100988267578125 0.20871146484375 0.11154040234375 0.2130120390625 0.10762581640625