1 0.291015625 0.248046875 0.173828125 0.064453125
1 0.7939453125 0.8916015625 0.201171875 0.169921875
1 0.3544921875 0.4853515625 0.130859375 0.087890625
1 0.197265625 0.1455078125 0.09765625 0.103515625
1 0.5537109375 0.740234375 0.109375 0.107421875
1 0.517578125 0.6025390625 0.177734375 0.08203125
1 0.4833984375 0.2333984375 0.16796875 0.07421875
1 0.0966796875 0.01171875 0.052734375 0.0234375
1 0.6728515625 0.2119140625 0.140625 0.11328125
1 0.869140625 0.4853515625 0.103515625 0.05859375
1 0.86328125 0.552734375 0.08203125 0.07421875
1 0.7841796875 0.0693359375 0.408203125 0.134765625
1 0.251953125 0.3359375 0.052734375 0.046875
1 0.3037109375 0.3310546875 0.052734375 0.04296875
1 0.98046875 0.3896484375 0.0390625 0.056640625
1 0.8037109375 0.44921875 0.095703125 0.048828125
1 0.169921875 0.076171875 0.056640625 0.0390625
0 0.9391611875 0.083087935546875 0.969373236328125 0.073061732421875 0.97683314453125 0.064262015625 0.93061645703125 0.06101986328125 0.913417771484375 0.06964958984375 0.930219810546875 0.083743673828125 0.9391611875 0.083087935546875
0 0.947144232421875 0.8349651484375 0.920858404296875 0.80609291015625 0.883554759765625 0.8038181484375 0.87441505859375 0.81583579296875 0.88959396875 0.829901544921875 0.910779646484375 0.82540047265625 0.947144232421875 0.8349651484375
0 0.5893991875 0.168717568359375 0.57635748828125 0.171737169921875 0.572172171875 0.178970423828125 0.570124064453125 0.20328903125 0.577956392578125 0.219661986328125 0.572176279296875 0.22524377734375 0.56078604296875 0.226668583984375 0.554095201171875 0.237917162109375 0.531144736328125 0.25050555078125 0.4962332890625 0.25070798046875 0.56682525 0.25275198046875 0.58371228515625 0.26197667578125 0.599486162109375 0.241956712890625 0.617283921875 0.24551462109375 0.62087016015625 0.226093732421875 0.628730822265625 0.2408435546875 0.6653220625 0.237423197265625 0.664666322265625 0.228481822265625 0.637158119140625 0.223130791015625 0.639890296875 0.2061304296875 0.622861603515625 0.2050213828125 0.615911671875 0.1846047734375 0.59725984765625 0.183467390625 0.5893991875 0.168717568359375
0 0.21188347265625 0 0.191975154296875 0.008348044921875 0.197471951171875 0.018997546875 0.239616650390625 0.02298043359375 0.265218408203125 0.04453442578125 0.274042349609375 0.004097849609375 0.27734937890625 0.047181607421875 0.2977943203125 0.038608544921875 0.306480712890625 0.052560970703125 0.315875400390625 0.02593516015625 0.379602421875 0.00269316015625 0.3813830390625 0 0.21188347265625 0
0 0.67929460546875 0.134566970703125 0.64694534375 0.127507818359375 0.6402828359375 0.137133265625 0.632337177734375 0.127252830078125 0.602323451171875 0.12591712890625 0.607791916015625 0.138189759765625 0.62712780859375 0.146645388671875 0.64184930078125 0.140407857421875 0.665884591796875 0.1586872578125 0.68054941796875 0.155695984375 0.683937337890625 0.147637001953125 0.71452180859375 0.162783470703125 0.751938779296875 0.15856571484375 0.764640498046875 0.175023662109375 0.78107011328125 0.163945076171875 0.817293041015625 0.181625400390625 0.828739939453125 0.1769543359375 0.833038583984375 0.16322856640625 0.8541959296875 0.16035062109375 0.87156460546875 0.141982115234375 0.87674564453125 0.124212689453125 0.891552130859375 0.11310576953125 0.89781388671875 0.07993077734375 0.750485640625 0.148798607421875 0.708482599609375 0.13670007421875 0.692279638671875 0.134793625 0.68402233203125 0.14276761328125 0.67929460546875 0.134566970703125
0 0.405421296875 0 0.407794697265625 0.0153624375 0.401018861328125 0.031480404296875 0.383848509765625 0.038487001953125 0.37988984765625 0.032735220703125 0.388090490234375 0.028007490234375 0.371915859375 0.0244779140625 0.368244625 0.048768189453125 0.404637541015625 0.05670973828125 0.415687796875 0.074762484375 0.449830177734375 0.072111193359375 0.447579640625 0.06151835546875 0.4533880859375 0.05431343359375 0.46961937890625 0.054596751953125 0.466915533203125 0.069973984375 0.47565858984375 0.08068015234375 0.48568068359375 0.06461884765625 0.489611013671875 0.071993759765625 0.491375802734375 0.0639064453125 0.491489130859375 0.057413927734375 0.478617421875 0.05069475390625 0.4803822109375 0.042607439453125 0.4990906953125 0.0404985625 0.501001251953125 0.070568953125 0.512249828125 0.07725979296875 0.50396419140625 0.08685691015625 0.503567544921875 0.109580720703125 0.512367263671875 0.11704062890625 0.528655220703125 0.1140776875 0.536629208984375 0.122334994140625 0.545570587890625 0.121679255859375 0.542607646484375 0.105391298828125 0.5264896796875 0.0986154609375 0.54283430078125 0.09240626171875 0.544910740234375 0.066464525390625 0.5557868984375 0.047982693359375 0.583351765625 0.050087462890625 0.606415556640625 0.031006556640625 0.65029671484375 0.0285252578125 0.651264103515625 0.019612212890625 0.660290478515625 0.014087083984375 0.67310551953125 0.024052515625 0.6837550234375 0.01855571875 0.68876870703125 0.003218806640625 0.634518728515625 0.002271869140625 0.629621009765625 0.00381000390625 0.6276204296875 0.002151458984375 0.614500134765625 0.001922443359375 0.600263021484375 0.011415677734375 0.59177632421875 0.001525796875 0.5867523515625 0.001438103515625 0.5838900703125 0.019248005859375 0.56281771875 0.0172565625 0.55271062890625 0.03818725390625 0.516860125 0.045679599609375 0.50803207421875 0.039842822265625 0.510679255859375 0.027711849609375 0.53345973046875 0.024862236328125 0.543425162109375 0.012047193359375 0.559599791015625 0.015576767578125 0.5678854296875 0.005979650390625 0.575972744140625 0.007744439453125 0.5778567578125 0.001282830078125 0.504363478515625 0 0.50303323828125 0 0.50136545703125 0.00319491796875 0.497767099609375 0 0.487143685546875 0 0.48510583203125 0.004534728515625 0.470469333984375 0.00590287109375 0.461381578125 0 0.4572339140625 0 0.454893783203125 0.014560931640625 0.441054685546875 0.0167548046875 0.439117673828125 0 0.43612358984375 0 0.430433513671875 0.020628470703125 0.416509419921875 0.027691732421875 0.412607421875 0.01869369140625 0.41695577734375 0 0.405421296875 0
0 0.492096419921875 0.16214826953125 0.46609801953125 0.16331808984375 0.428907703125 0.154550810546875 0.4146111875 0.13644140234375 0.3739762890625 0.13897936328125 0.36899357421875 0.14538688671875 0.32858533203125 0.134939814453125 0.324829099609375 0.16409948046875 0.30751298046875 0.13294837109375 0.29751921875 0.14738654296875 0.2511325390625 0.153883169921875 0.242620244140625 0.176465322265625 0.245554853515625 0.194376408203125 0.238094947265625 0.203176125 0.14785544140625 0.210530921875 0.167163001953125 0.2206096796875 0.16702134375 0.228725326171875 0.15557444140625 0.233396392578125 0.15472448828125 0.2820902734375 0.184738216796875 0.2834259765625 0.206947947265625 0.26676559765625 0.21013343359375 0.22379516796875 0.2897801015625 0.21869091015625 0.296499271484375 0.205819201171875 0.315891830078125 0.211028572265625 0.321072869140625 0.19325914453125 0.327225404296875 0.212850025390625 0.354733607421875 0.218201052734375 0.36461404296875 0.2102553984375 0.385743056640625 0.20900058203125 0.3945427734375 0.216460490234375 0.388677666015625 0.22691166796875 0.35698414453125 0.228793890625 0.37116733203125 0.253395818359375 0.368949234375 0.287453203125 0.38677532421875 0.289387982421875 0.45252623046875 0.289723859375 0.46821511328125 0.27457328125 0.46943748828125 0.251052072265625 0.449874939453125 0.2555814765625 0.420715275390625 0.25182524609375 0.403941568359375 0.236108033203125 0.40524894140625 0.20771743359375 0.53683574609375 0.203519794921875 0.534726869140625 0.18481130859375 0.512885453125 0.180371005859375 0.50043872265625 0.149304892578125 0.492096419921875 0.16214826953125
0 0.008651369140625 0 0.002781841796875 0.33626494140625 0.00154657421875 0.4070333828125 0.010504951171875 0.405403765625 0.013435453125 0.377041498046875 0.01995630078125 0.375531697265625 0.02890178515625 0.421149310546875 0.02363575390625 0.443788125 0.037705611328125 0.4748825703125 0.04052689453125 0.49928617578125 0.0298207265625 0.508029228515625 0.00638451171875 0.50193746484375 0.00049101171875 0.467506546875 0 0.495636587890625 0 0.578853810546875 0.036718107421875 0.577965451171875 0.04172915234375 0.56993480078125 0.053119390625 0.568509994140625 0.068326630859375 0.580952615234375 0.07903690625 0.6184829140625 0.06705169921875 0.653993439453125 0.066683384765625 0.67509412109375 0.051848564453125 0.68782416796875 0.050431974609375 0.768980638671875 0.0584059609375 0.777237943359375 0.06131223828125 0.79677216015625 0.043117833984375 0.8159380625 0.0404423203125 0.8296921640625 0.00632826953125 0.830720326171875 0.001369779296875 0.789231365234375 0.035795478515625 0.77034878125 0.047035841796875 0.6844929140625 0 0.6805999140625 0 0.733782357421875 0.002304728515625 0.735668095703125 0 0.747004830078125 0 0.991348630859375 0.07518285546875 0.992660953125 0.08125953125 0.956235484375 0.115029490234375 0.9284115234375 0.145099880859375 0.92650096875 0.145893171875 0.88105334375 0.138174171875 0.858187875 0.145917396484375 0.83315686328125 0.159416513671875 0.850440541015625 0.156433455078125 0.92832241796875 0.175656021484375 0.94327056640625 0.18796109375 0.982452326171875 0.187072298828125 0.994613990234375 0.390922455078125 0.998172208984375 0.392957033203125 0.9584289375 0.3971423515625 0.95119568359375 0.404403935546875 0.95375787109375 0.4081885 0.922975076171875 0.420489462890625 0.915883484375 0.439027958984375 0.923513380859375 0.440424431640625 0.936526748046875 0.45309781640625 0.954607826171875 0.45272950390625 0.9757085078125 0.437923017578125 0.986815427734375 0.43771052734375 0.998988896484375 0.495636587890625 1 0.54687714453125 1 0.553420189453125 0.974218822265625 0.57417678125 0.9477913359375 0.584712955078125 0.948787056640625 0.58804831640625 0.990247685546875 0.610942119140625 0.9809055546875 0.621415470703125 1 0.631591259765625 1 0.6399034609375 0.996023693359375 0.6504113046875 0.99864254296875 0.650538193359375 1 0.6823453515625 1 0.674956568359375 0.987705615234375 0.680765015625 0.980500693359375 0.715511294921875 1 0.7308502109375 1 0.742217275390625 0.994562337890625 0.771348609375 0.999941701171875 0.78609843359375 0.9920810390625 0.807199115234375 0.992449353515625 0.812863146484375 1 0.876304490234375 1 0.8801832734375 0.996970544921875 0.901283955078125 0.997338857421875 0.904349833984375 1 0.977050521484375 1 0.97680196875 0.99622159375 0.991880876953125 0.969507662109375 0.99407332421875 0.843902419921875 0.9527260234375 0.840745263671875 0.94273226171875 0.8551834375 0.9297472265625 0.854956783203125 0.8924719140625 0.851058890625 0.850497203125 0.83733723046875 0.81800628515625 0.838393720703125 0.873710873046875 0.902687380859375 0.89808614453125 0.901489228515625 0.905291064453125 0.90729767578125 0.914434873046875 0.9415533828125 0.89376327734375 0.963111482421875 0.812408484375 0.973056794921875 0.747454978515625 0.97354665234375 0.69200537890625 0.894644828125 0.6504880859375 0.90122644921875 0.647387591796875 0.9393274921875 0.6100556171875 0.938675859375 0.602964025390625 0.92637489453125 0.603360669921875 0.9036510859375 0.6182238203125 0.88929790625 0.61696900390625 0.868168892578125 0.6271327578125 0.843991943359375 0.624141486328125 0.829327115234375 0.605546328125 0.824943474609375 0.600421953125 0.83946664453125 0.564656443359375 0.842089603515625 0.561240193359375 0.851771716796875 0.5577065078125 0.8216729921875 0.585866345703125 0.789692046875 0.560807001953125 0.783571951171875 0.52330503515625 0.792659095703125 0.492522240234375 0.78887453125 0.4903283671875 0.77503543359375 0.483892513671875 0.77167584765625 0.4904416953125 0.76854291796875 0.499152310546875 0.734598857421875 0.481581205078125 0.7180559140625 0.489041111328125 0.7092561953125 0.50364927734375 0.709511181640625 0.5103401171875 0.698262603515625 0.5396697734375 0.692280060546875 0.54465248828125 0.6858725390625 0.573585498046875 0.7026138046875 0.588193662109375 0.702868791015625 0.5885619765625 0.681768109375 0.5689994296875 0.686297515625 0.565894828125 0.678125205078125 0.54806873828125 0.67619042578125 0.547412998046875 0.667249046875 0.55974229296875 0.658534326171875 0.569169419921875 0.676558740234375 0.5806163203125 0.671887673828125 0.5849999609375 0.653292515625 0.59573445703125 0.642926330078125 0.602684392578125 0.66334294140625 0.59892816015625 0.692502607421875 0.609294345703125 0.70323710546875 0.629625958984375 0.70115655859375 0.616952576171875 0.68307548046875 0.628456138671875 0.675158158203125 0.62879612109375 0.65568060546875 0.637879158203125 0.646909216796875 0.649840138671875 0.65929517578125 0.64969848046875 0.667410822265625 0.638166583984375 0.676951275390625 0.64841944140625 0.69417829296875 0.65340215625 0.687770771484375 0.661376142578125 0.696028076171875 0.6794855546875 0.681731560546875 0.7035775078125 0.696764703125 0.730255873046875 0.656639779296875 0.74483570703125 0.65851789453125 0.755914294921875 0.674947509765625 0.799710455078125 0.677335599609375 0.808736828125 0.67181047265625 0.813687103515625 0.6207527265625 0.815229345703125 0.671923798828125 0.836929103515625 0.684479748046875 0.869675009765625 0.668815091796875 0.928022671875 0.674704427734375 0.95085980859375 0.668608552734375 0.963674853515625 0.678573984375 0.9712156484375 0.61863152734375 0.966038716796875 0.6826743046875 0.9735877265625 0.715278552734375 0.97922618359375 0.717812408203125 0.992065453125 0.679881357421875 0.9970198359375 0.675096962890625 0.999771169921875 0.517473068359375 0.993506267578125 0.55082840625 0.918813984375 0.55114826953125 0.910014265625 0.54368836328125 0.904885783203125 0.511938177734375 0.863425154296875 0.51527354296875 0.900218826171875 0.546764630859375 0.906456357421875 0.561486123046875 0.90358251953125 0.586602130859375 0.846716328125 0.588856775390625 0.837062546875 0.583817396484375 0.822025296875 0.561635998046875 0.82259193359375 0.52917341015625 0.836657685546875 0.513994501953125 0.758662482421875 0.517503962890625 0.740520630859375 0.487150251953125 0.73323071484375 0.4862111953125 0.732263326171875 0.49512423828125 0.75120257421875 0.5263036796875 0.7538821953125 0.558822931640625 0.771538296875 0.57049648828125 0.77928562890625 0.591738826171875 0.77165573046875 0.610277322265625 0.740787939453125 0.611362146484375 0.725467373046875 0.60541204296875 0.718659099609375 0.576879783203125 0.664666744140625 0.554018421875 0.660562314453125 0.51010893359375 0.64455767578125 0.496840580078125 0.625019353515625 0.45347350390625 0.5740466015625 0.443653837890625 0.55530567578125 0.401112494140625 0.578936107421875 0.349568998046875 0.579219423828125 0.333337705078125 0.566291052734375 0.329864791015625 0.56412551171875 0.314402564453125 0.38045690625 0.325809232421875 0.36399895703125 0.338510951171875 0.35263705078125 0.33831262890625 0.341048490234375 0.35109933984375 0.298818796875 0.351985841796875 0.296228275390625 0.360870556640625 0.3040889375 0.37562037890625 0.335956556640625 0.410272732421875 0.329095724609375 0.4312600859375 0.34025930859375 0.442820314453125 0.333625130859375 0.450822634765625 0.360024287109375 0.473202357421875 0.39567646875 0.4770719140625 0.41239351171875 0.49603538671875 0.416153849609375 0.51314907421875 0.436372138671875 0.517561046875 0.436999546875 0.528125552734375 0.408410625 0.5381800859375 0.422848798828125 0.548173849609375 0.42507100390625 0.560389818359375 0.47866260546875 0.559701638671875 0.48202219140625 0.55326578515625 0.48842971484375 0.5582485 0.537151927734375 0.557475326171875 0.57277577734375 0.562968015625 0.5823445625 0.572876783203125 0.60999442578125 0.5701121640625 0.623606869140625 0.58090332421875 0.62158709375 0.6035988046875 0.586363994140625 0.62165566015625 0.51967403125 0.628609701171875 0.518564984375 0.645638392578125 0.532578177734375 0.679979095703125 0.526798064453125 0.685560888671875 0.508943640625 0.68524923828125 0.498577458984375 0.67451473828125 0.499601509765625 0.662355435546875 0.491400869140625 0.6670831640625 0.48664480859375 0.660505650390625 0.453441486328125 0.655867025390625 0.426669908203125 0.6083146328125 0.421484763671875 0.57981070703125 0.338588259765625 0.581574712890625 0.3254893671875 0.5448508125 0.36370373828125 0.54145878515625 0.364699458984375 0.530922609375 0.316887970703125 0.526028998046875 0.3018790546875 0.502224470703125 0.29902944140625 0.479443994140625 0.28612940234375 0.474347953125 0.2815716640625 0.456408533203125 0.255686587890625 0.4510858359375 0.25901784375 0.446273111328125 0.252610322265625 0.441290396484375 0.24503298046875 0.41030927734375 0.250695658203125 0.36494665234375 0.235346759765625 0.36061967578125 0.22056860546875 0.370103466796875 0.183208296875 0.371074962890625 0.156667482421875 0.356810888671875 0.15535600390625 0.338928134765625 0.168567693359375 0.32616975390625 0.1721256015625 0.308371994140625 0.1592255625 0.30327594921875 0.155436892578125 0.287785390625 0.149717546875 0.33639427734375 0.14902526171875 0.236529322265625 0.13532782421875 0.230607548828125 0.12855198828125 0.246725517578125 0.109928498046875 0.243965005859375 0.11177828125 0.2310083046875 0.126443109375 0.22801703125 0.128632875 0.195582775390625 0.127264732421875 0.180946279296875 0.1129115546875 0.16608312890625 0.1178659375 0.161298736328125 0.103569423828125 0.143189326171875 0.110430255859375 0.122201970703125 0.097501884765625 0.118729056640625 0.088022201171875 0.150224255859375 0.080873943359375 0.14116955078125 0.0796474609375 0.118417408203125 0.09513801953125 0.114628736328125 0.09616207421875 0.102469431640625 0.0689371875 0.080887109375 0.0619022578125 0.06533988671875 0.0621613515625 0.097005076171875 0.0492046484375 0.09515529296875 0.04823315234375 0.057794984375 0.062100580078125 0.053977982421875 0.0828005078125 0.03079675390625 0.0750815078125 0.007931283203125 0.06888691796875 0 0.05118591796875 0 0.04085823828125 0.061725314453125 0.026050966796875 0 0.008651369140625 0
0 0.860652322265625 0.39507697265625 0.867343162109375 0.383828392578125 0.85031446875 0.382719345703125 0.860652322265625 0.39507697265625
0 0.8660965625 0.4552460859375 0.8727590703125 0.44562063671875 0.852625779296875 0.43633927734375 0.8547913203125 0.45180150390625 0.8660965625 0.4552460859375
0 0.785620056640625 0.414874390625 0.80486684765625 0.3819260546875 0.7683039375 0.38372328125 0.7677656328125 0.414562740234375 0.785620056640625 0.414874390625
0 0.923496951171875 0.375878630859375 0.893171572265625 0.392397349609375 0.897615984375 0.41682928515625 0.892123294921875 0.45245313671875 0.912341583984375 0.456865107421875 0.925296841796875 0.483555525390625 0.93087604296875 0.482725669921875 0.940390576171875 0.468983423828125 0.931474693359375 0.448428955078125 0.937910900390625 0.433768875 0.95274571875 0.421038828125 0.933409826171875 0.412583197265625 0.9336648125 0.397975033203125 0.951033486328125 0.379606529296875 0.95809675 0.393530623046875 0.95448217578125 0.414574640625 0.963395220703125 0.41554203125 0.965754978515625 0.373368998046875 0.923496951171875 0.375878630859375