1 0.1953125 0.2509765625 0.162109375 0.158203125
1 0.15234375 0.861328125 0.21875 0.162109375
1 0.6298828125 0.197265625 0.0888671875 0.0986328125
1 0.4833984375 0.203125 0.119140625 0.119140625
1 0.5712890625 0.66796875 0.1298828125 0.1123046875
1 0.5859375 0.0556640625 0.15625 0.099609375
1 0.486328125 0.48828125 0.140625 0.123046875
1 0.419921875 0.60546875 0.0966796875 0.1328125
1 0.603515625 0.44921875 0.0673828125 0.0732421875
1 0.6357421875 0.5146484375 0.091796875 0.095703125
1 0.6884765625 0.5712890625 0.0859375 0.0703125
1 0.7470703125 0.412109375 0.1328125 0.109375
1 0.818359375 0.0546875 0.126953125 0.109375
1 0.9580078125 0.044921875 0.083984375 0.08984375
1 0.37109375 0.9580078125 0.140625 0.083984375
1 0.31640625 0.8388671875 0.1123046875 0.126953125
1 0.4619140625 0.310546875 0.1044921875 0.125
0 0.94609375 1 1 0.99921875 0.99765625 0.9765625 0.96640625 0.978125 0.9453125 0.99296875 0.94609375 1
0 0 0.99921875 0.0109375 0.99921875 0.0078125 0.95234375 0.04765625 0.9125 0.065625 0.91015625 0.05546875 0.890625 0.01640625 0.903125 0 0.89609375 0 0.99921875
0 0.5234375 0.92109375 0.5359375 0.93828125 0.5375 0.95234375 0.50625 0.97421875 0.5015625 0.99453125 0.50234375 1 0.6515625 0.99921875 0.634375 0.96953125 0.59296875 0.9265625 0.53984375 0.915625 0.5234375 0.92109375
0 0.3609375 0.03046875 0.3640625 0.00546875 0.35859375 0 0.1453125 0.00078125 0.18203125 0.03125 0.21015625 0.0390625 0.2484375 0.07421875 0.29296875 0.046875 0.30546875 0.03125 0.34921875 0.04375 0.3609375 0.03046875
0 0.46171875 0 0.484375 0.02578125 0.484375 0.04453125 0.490625 0.05390625 0.484375 0.06640625 0.38828125 0.109375 0.35703125 0.10625 0.33984375 0.1140625 0.29921875 0.1171875 0.2953125 0.13046875 0.2734375 0.14921875 0.2765625 0.16953125 0.25625 0.18203125 0.275 0.21484375 0.28125 0.25546875 0.16171875 0.325 0.14609375 0.31875 0.13203125 0.3 0.0984375 0.27578125 0.1 0.25546875 0.1609375 0.20859375 0.153125 0.17734375 0.140625 0.16640625 0.1390625 0.12421875 0.0296875 0.17578125 0.075 0.22265625 0.090625 0.28203125 0.08203125 0.2890625 0.02734375 0.2984375 0.01328125 0.3125 0 0.31484375 0 0.32734375 0.0375 0.36015625 0.01875 0.37578125 0.0109375 0.39921875 0 0.40859375 0 0.49140625 0.07265625 0.484375 0.08984375 0.4921875 0.0953125 0.50234375 0.0953125 0.53828125 0.07734375 0.55 0.10703125 0.546875 0.14140625 0.534375 0.1546875 0.53671875 0.15234375 0.50625 0.10703125 0.4921875 0.0859375 0.46953125 0.0859375 0.44140625 0.10703125 0.44375 0.1125 0.43828125 0.1078125 0.38515625 0.1125 0.36953125 0.12421875 0.3609375 0.1359375 0.36796875 0.1546875 0.39453125 0.16875 0.43515625 0.1671875 0.44296875 0.1484375 0.45859375 0.17890625 0.471875 0.18984375 0.4859375 0.21171875 0.4859375 0.23203125 0.49375 0.2421875 0.50234375 0.24375 0.52578125 0.22109375 0.5703125 0.19765625 0.5703125 0.17109375 0.553125 0.1765625 0.58203125 0.16640625 0.59375 0.09921875 0.6171875 0.07109375 0.6171875 0.053125 0.60859375 0.046875 0.57421875 0.05703125 0.5546875 0 0.57109375 0 0.86484375 0.04765625 0.8546875 0.05859375 0.834375 0.08203125 0.8234375 0.18984375 0.7890625 0.21484375 0.7875 0.2328125 0.83359375 0.240625 0.88203125 0.10234375 0.9359375 0.1078125 0.96953125 0.12265625 1 0.2890625 0.99921875 0.31640625 0.9703125 0.3546875 0.94296875 0.32421875 0.9109375 0.259375 0.86015625 0.2546875 0.82734375 0.28203125 0.775 0.29921875 0.7765625 0.32265625 0.790625 0.38515625 0.8453125 0.41796875 0.8453125 0.46953125 0.8625 0.51328125 0.8625 0.51875 0.84765625 0.51484375 0.8421875 0.4703125 0.82734375 0.47265625 0.7609375 0.58046875 0.759375 0.59765625 0.765625 0.62890625 0.728125 0.63984375 0.725 0.65546875 0.7328125 0.67578125 0.7140625 0.6875 0.72421875 0.70703125 0.7640625 0.74765625 0.7671875 0.75 0.72109375 0.7421875 0.70390625 0.76953125 0.665625 0.78671875 0.675 0.84296875 0.675 0.87421875 0.6921875 0.8875 0.70546875 0.8890625 0.71796875 0.9078125 0.72578125 0.92265625 0.75625 0.9703125 0.77890625 0.9734375 0.79140625 0.9859375 0.80390625 0.9859375 0.82421875 1 0.85703125 1 0.46015625 0.95859375 0.4515625 0.95625 0.48203125 0.94765625 0.490625 0.91953125 0.496875 0.89921875 0.4890625 0.8921875 0.48046875 0.8875 0.44609375 0.90625 0.40234375 0.8921875 0.38203125 0.84921875 0.34375 0.83515625 0.3421875 0.83203125 0.328125 0.821875 0.37265625 0.80625 0.39296875 0.8109375 0.41953125 0.81796875 0.4328125 0.83046875 0.421875 0.84453125 0.421875 0.853125 0.43671875 0.84765625 0.4421875 0.825 0.44296875 0.825 0.45078125 0.8109375 0.46171875 0.7984375 0.48515625 0.7921875 0.51640625 0.803125 0.55859375 0.8140625 0.57421875 0.828125 0.58046875 0.8296875 0.58984375 0.84375 0.59765625 0.84765625 0.609375 0.86015625 0.6125 0.86796875 0.625 0.9015625 0.64609375 0.9015625 0.66953125 0.88671875 0.678125 0.8625 0.67265625 0.846875 0.65390625 0.8515625 0.62890625 0.8453125 0.61796875 0.82265625 0.5953125 0.81171875 0.5921875 0.76796875 0.61875 0.74765625 0.6484375 0.72421875 0.6546875 0.71015625 0.6796875 0.67734375 0.671875 0.6734375 0.66171875 0.64296875 0.6421875 0.63515625 0.628125 0.63125 0.63671875 0.64375 0.68359375 0.63828125 0.7015625 0.56328125 0.721875 0.51953125 0.7140625 0.5046875 0.70078125 0.503125 0.68984375 0.521875 0.67109375 0.5171875 0.65390625 0.52109375 0.64375 0.60703125 0.60625 0.61953125 0.609375 0.62890625 0.6234375 0.634375 0.61953125 0.63125 0.59765625 0.57578125 0.5078125 0.5765625 0.53046875 0.55703125 0.546875 0.49765625 0.56875 0.46640625 0.5609375 0.446875 0.56953125 0.4828125 0.62109375 0.4921875 0.64453125 0.484375 0.68359375 0.4796875 0.68203125 0.48125 0.66953125 0.47421875 0.6703125 0.478125 0.68359375 0.46640625 0.69375 0.44765625 0.6984375 0.409375 0.67109375 0.3765625 0.62578125 0.36875 0.57421875 0.3265625 0.51484375 0.3203125 0.49140625 0.32734375 0.4765625 0.41484375 0.45625 0.44453125 0.4359375 0.46484375 0.440625 0.51953125 0.421875 0.53671875 0.421875 0.5453125 0.42890625 0.56171875 0.4671875 0.578125 0.42421875 0.60078125 0.4078125 0.61484375 0.4109375 0.625 0.42265625 0.6390625 0.47109375 0.66171875 0.490625 0.66953125 0.490625 0.684375 0.47109375 0.671875 0.45234375 0.671875 0.41484375 0.63984375 0.4015625 0.62890625 0.403125 0.60390625 0.3859375 0.5953125 0.36640625 0.5796875 0.35703125 0.576687271484375 0.35351410546875 0.57848864453125 0.319297359375 0.60859375 0.328125 0.62578125 0.3140625 0.64453125 0.3453125 0.67109375 0.35 0.7046875 0.29296875 0.7078125 0.26953125 0.703125 0.25234375 0.7234375 0.23671875 0.71875 0.20546875 0.73046875 0.19375 0.74609375 0.1921875 0.76484375 0.2046875 0.7671875 0.22890625 0.78671875 0.234375 0.80703125 0.25 0.8140625 0.24140625 0.8171875 0.20546875 0.83359375 0.184375 0.84765625 0.1765625 0.91640625 0.165625 0.93984375 0.1875 0.96640625 0.1875 0.99921875 0.1734375 1 0.13671875 0.97578125 0.125 0.96796875 0.10625 0.92734375 0.0859375 0.9203125 0.07578125 0.9140625 0.04921875 0.9328125 0.02734375 0.92421875 0 0.8140625 0.00078125 0.884375 0.04921875 0.890625 0.08828125 0.8875 0.10859375 0.87578125 0.128125 0.84921875 0.1234375 0.76796875 0.075 0.759375 0.06484375 0.7515625 0.02578125 0.71796875 0 0.67109375 0 0.6703125 0.02265625 0.66484375 0.028125 0.56171875 0.096875 0.51953125 0.075 0.5109375 0.06484375 0.5078125 0.02734375 0.53515625 0 0.46171875 0
0 0.0234375 0.05078125 0.0203125 0.00078125 0.00078125 0 0 0.05078125 0.0234375 0.05078125