1 0.765625 0.82421875 0.228515625 0.166015625
1 0.8251953125 0.427734375 0.125 0.10546875
1 0.9599609375 0.390625 0.080078125 0.1015625
1 0.767578125 0.96875 0.1015625 0.0625
1 0.939453125 0.5126953125 0.12109375 0.123046875
1 0.376953125 0.3427734375 0.125 0.078125
1 0.5654296875 0.51953125 0.13671875 0.1171875
1 0.87890625 0.232421875 0.15234375 0.06640625
1 0.5908203125 0.6689453125 0.23828125 0.150390625
1 0.74609375 0.2236328125 0.09765625 0.068359375
1 0.486328125 0.4169921875 0.13671875 0.107421875
1 0.70703125 0.287109375 0.1015625 0.06640625
1 0.3564453125 0.2138671875 0.111328125 0.080078125
1 0.994140625 0.3447265625 0.01171875 0.064453125
1 0.46875 0.08203125 0.076171875 0.046875
1 0.5986328125 0.1787109375 0.068359375 0.068359375
0 0.33073746875 0.0349487265625 0.28912752734375 0.023107185546875 0.295526814453125 0.03432853515625 0.315660310546875 0.038550330078125 0.33073746875 0.0349487265625
0 0.976739703125 0.24400784765625 0.9698519375 0.21962193359375 0.95763370703125 0.23741560546875 0.9603196015625 0.24421150390625 0.976739703125 0.24400784765625
0 0.270408919921875 0.08707866015625 0.26943196484375 0.06074953125 0.279137333984375 0.043556126953125 0.276848052734375 0.022852984375 0.264599201171875 0.031622720703125 0.241210166015625 0.0271161015625 0.260234994140625 0.053383986328125 0.252361048828125 0.08713990234375 0.270408919921875 0.08707866015625
0 0.68978230859375 0.036836966796875 0.678072478515625 0.030071689453125 0.66936398828125 0.035870708984375 0.6311422734375 0.00956354296875 0.6226134609375 0.008817369140625 0.61984948046875 0.048761150390625 0.6440424375 0.07220073046875 0.664714958984375 0.060887513671875 0.673250416015625 0.047692326171875 0.68641498046875 0.04720384765625 0.68978230859375 0.036836966796875
0 0.512458041015625 0.095133384765625 0.52979385546875 0.103210986328125 0.53807511328125 0.1022952734375 0.531930025390625 0.07879444921875 0.54008879296875 0.041782994140625 0.56104613671875 0.027214240234375 0.544168177734375 0.023277265625 0.536425943359375 0.008657966796875 0.53889803515625 0.00149321875 0.527613212890625 0.000505923828125 0.52694415234375 0.004547958984375 0.5098119921875 0.0128904609375 0.51319001953125 0.04927102734375 0.503199828125 0.06971996875 0.51211197265625 0.080341052734375 0.512458041015625 0.095133384765625
0 0.0868384765625 0.17927340625 0.11173279296875 0.147826693359375 0.14782853515625 0.147704205078125 0.15933470703125 0.13804937890625 0.14399265234375 0.10718301171875 0.127226484375 0.09259433203125 0.13807114453125 0.062378775390625 0.136524541015625 0.042560724609375 0.129698021484375 0.036222681640625 0.076612529296875 0.043059900390625 0.05654027734375 0.056885978515625 0.0672026796875 0.10374521484375 0.039876673828125 0.1161165546875 0.03865621484375 0.148814349609375 0.028547814453125 0.15186652734375 0.0175802421875 0.277226451171875 0.072810220703125 0.2739994609375 0.0927400625 0.261801154296875 0.0846823828125 0.24141345703125 0.092129095703125 0.212540845703125 0.084213828125 0.19052537890625 0.0868384765625 0.17927340625
0 1 0.094450390625 0.9742253671875 0.11338970703125 0.919593275390625 0.100408875 0.89525790625 0.07859706640625 0.880607984375 0.07731536328125 0.86886753125 0.061526150390625 0.86284493359375 0.074121068359375 0.83311785546875 0.076440970703125 0.820034458984375 0.057253810546875 0.815639630859375 0.069991138671875 0.7946516640625 0.075535958984375 0.796310056640625 0.0847023046875 0.778689419921875 0.079880244140625 0.78162951171875 0.07439666796875 0.76991968359375 0.067631392578125 0.764181908203125 0.076970771484375 0.751159755859375 0.07583148046875 0.747130916015625 0.0656376328125 0.72137143359375 0.060103513671875 0.730883845703125 0.073237455078125 0.712266330078125 0.079809775390625 0.717414537109375 0.114704984375 0.7075361328125 0.124502220703125 0.673699048828125 0.136303916015625 0.64051277734375 0.12191889453125 0.631946697265625 0.12609014453125 0.634347767578125 0.13614158203125 0.6426290234375 0.135225869140625 0.667391626953125 0.152154373046875 0.67898966796875 0.16957135546875 0.699265576171875 0.172165380859375 0.696213693359375 0.188300662109375 0.705553072265625 0.1940384375 0.693731455078125 0.197924865234375 0.6945047578125 0.207833890625 0.7072727109375 0.221252654296875 0.736206564453125 0.24674723828125 0.76567944140625 0.256706810546875 0.7612034453125 0.28911978125 0.752810400390625 0.30068719921875 0.74098878125 0.304573625 0.689531060546875 0.3115532578125 0.6673119375 0.303048421875 0.63134790625 0.254795693359375 0.65848095703125 0.27275169921875 0.67858383203125 0.26794955859375 0.686376611328125 0.25386928125 0.70768001953125 0.254092861328125 0.7262975390625 0.2475205390625 0.725097001953125 0.2424948203125 0.715757623046875 0.236757044921875 0.702939125 0.252037857421875 0.692541619140625 0.23964659375 0.6623260625 0.22880193359375 0.61646370703125 0.228069953125 0.624521384765625 0.248457650390625 0.588872796875 0.205973318359375 0.567538767578125 0.196725806640625 0.567446900390625 0.169653998046875 0.540914115234375 0.154210853515625 0.51415775390625 0.1600711171875 0.490310861328125 0.151423869140625 0.478997646484375 0.130751349609375 0.454581109375 0.1286151796875 0.455974599609375 0.103313552734375 0.43623771484375 0.085184513671875 0.431608607421875 0.072477806640625 0.3981987578125 0.079396193359375 0.3958895546875 0.096416564453125 0.420825189453125 0.120741232421875 0.45252610546875 0.133356076171875 0.46161128515625 0.151373326171875 0.46032958203125 0.166023248046875 0.449311888671875 0.18884263671875 0.409991228515625 0.19770423828125 0.4047725546875 0.229232119140625 0.313251494140625 0.24418826171875 0.302488 0.254728177734375 0.27735940625 0.260730853515625 0.254428228515625 0.26036486328125 0.24760170703125 0.254026822265625 0.248110107421875 0.229467873046875 0.25590288671875 0.215387595703125 0.278345587890625 0.202589021484375 0.2662085234375 0.200707052734375 0.235342154296875 0.216049107421875 0.212380353515625 0.206659181640625 0.197649265625 0.22505312109375 0.20477130859375 0.27488307421875 0.24138615234375 0.2969490859375 0.267003224609375 0.304110974609375 0.27506090234375 0.324498671875 0.413578015625 0.277709630859375 0.4170532421875 0.28082377734375 0.412799939453125 0.297312345703125 0.416473169921875 0.3088741484375 0.428026951171875 0.326745654296875 0.447762234375 0.3153583984375 0.463569458984375 0.3167413515625 0.4701948046875 0.326688033203125 0.4777961640625 0.325479669921875 0.4783302578125 0.308665716796875 0.461964646484375 0.29224666015625 0.45424675390625 0.2840777890625 0.453607041015625 0.269971263671875 0.473260994140625 0.259513615234375 0.489591326171875 0.265625853515625 0.498843544921875 0.2776757734375 0.495763978515625 0.29145690625 0.4827814921875 0.300624814453125 0.473239166015625 0.302600091796875 0.4920798359375 0.301438314453125 0.5106413125 0.292758505859375 0.537164669921875 0.28945876953125 0.5520772109375 0.3010671953125 0.5686054765625 0.315627083984375 0.574254955078125 0.33672882421875 0.5731515625 0.360049890625 0.536353921875 0.373691177734375 0.507529072265625 0.371169330078125 0.522883533203125 0.38843664453125 0.53447251953125 0.416614978515625 0.542386296875 0.410655919921875 0.542399125 0.41168822265625 0.545223861328125 0.42223912109375 0.542469607421875 0.432301884765625 0.543713828125 0.45020812890625 0.510031033203125 0.460375099609375 0.538332701171875 0.45816765625 0.57503809765625 0.466999208984375 0.58525541796875 0.4894372890625 0.603155349609375 0.50973741015625 0.61685887890625 0.513746419921875 0.628285208984375 0.543783939453125 0.62435708203125 0.556554103515625 0.636398826171875 0.5688481484375 0.507490623046875 0.607215373046875 0.5169868984375 0.6164765390625 0.524170703125 0.641459328125 0.53399222265625 0.647002119140625 0.573254009765625 0.63732325 0.609411869140625 0.609575390625 0.642723228515625 0.614363173828125 0.672849400390625 0.60201162109375 0.654670201171875 0.574193443359375 0.651612396484375 0.544888076171875 0.656109822265625 0.52561078125 0.682516576171875 0.5129337890625 0.70641305859375 0.5075308359375 0.732727638671875 0.517326689453125 0.746094939453125 0.54659729296875 0.728894287109375 0.58256058984375 0.697222943359375 0.612574345703125 0.71365896484375 0.649607091796875 0.690448310546875 0.657880220703125 0.712626056640625 0.693541814453125 0.70995305859375 0.702674998046875 0.67028462890625 0.717001849609375 0.672946712890625 0.729411861328125 0.685557763671875 0.735198705078125 0.72612080859375 0.710646392578125 0.73703480078125 0.7144113828125 0.74123128125 0.730702466796875 0.761327083984375 0.72590372265625 0.7844806953125 0.750410310546875 0.802996052734375 0.752966884765625 0.837180271484375 0.790615634765625 0.823023978515625 0.802490990234375 0.8693312734375 0.851504169921875 0.794795330078125 0.90024859765625 0.755438763671875 0.857463806640625 0.735296837890625 0.873499005859375 0.725440107421875 0.857649404296875 0.697254974609375 0.869234083984375 0.65814239453125 0.8236605 0.769845009765625 0.76192390234375 0.75542141796875 0.742779470703125 0.74461530859375 0.74362230859375 0.727907576171875 0.764215697265625 0.701421923828125 0.787530123046875 0.681976490234375 0.778079775390625 0.680156525390625 0.76480669140625 0.668551693359375 0.767963994140625 0.66059373828125 0.783958119140625 0.647620884765625 0.795937001953125 0.62816855078125 0.800195986328125 0.604943384765625 0.78624236328125 0.606680630859375 0.759570556640625 0.623388365234375 0.73897716796875 0.624074478515625 0.72431990234375 0.59641070703125 0.686134552734375 0.5063753984375 0.713426490234375 0.486054857421875 0.6761145078125 0.48991846875 0.676632896484375 0.484221615234375 0.666781984375 0.4700677109375 0.658184962890625 0.45716740234375 0.628444310546875 0.43697500390625 0.620716861328125 0.428904890625 0.60391653515625 0.44522108203125 0.594614484375 0.4570553359375 0.595649845703125 0.468261634765625 0.6174932421875 0.4997328359375 0.605344486328125 0.5410337109375 0.589883162109375 0.550892734375 0.579420150390625 0.550307978515625 0.565659009765625 0.52382761328125 0.527577216796875 0.500669705078125 0.53330025390625 0.4840638671875 0.50502363671875 0.484869490234375 0.488999837890625 0.490179455078125 0.469197546875 0.47788262890625 0.4744231796875 0.36047001953125 0.50017141796875 0.358776013671875 0.492274123046875 0.47133854296875 0.46354687890625 0.456309396484375 0.442561232421875 0.4432104453125 0.44235191015625 0.419579703125 0.401879640625 0.373727705078125 0.411918671875 0.363697408203125 0.419471447265625 0.352016177734375 0.413765953125 0.3289329765625 0.4098730546875 0.43600213671875 0.385519029296875 0.42614555078125 0.369669439453125 0.37140178125 0.374247021484375 0.3644159140625 0.35771186328125 0.320179572265625 0.370702345703125 0.309335919921875 0.3545611171875 0.306772515625 0.383860962890625 0.28432981640625 0.396659537109375 0.284086314453125 0.455686458984375 0.304627123046875 0.492748458984375 0.3323298203125 0.50419338671875 0.333734009765625 0.525639208984375 0.34752946484375 0.536687525390625 0.342422578125 0.557563701171875 0.326175509765625 0.5651635234375 0.31623586328125 0.556912888671875 0.30786273828125 0.530756794921875 0.25683225 0.532853119140625 0.246953845703125 0.54265035546875 0.25706652734375 0.55829715625 0.254584291015625 0.567921359375 0.230198376953125 0.574809125 0.214347919921875 0.56850170703125 0.211407826171875 0.573985279296875 0.215497908203125 0.602227 0.237127462890625 0.65496642578125 0.2405054921875 0.6913469921875 0.202273578125 0.715886015625 0.181519888671875 0.746874873046875 0.18099156640625 0.809157333984375 0.1612347578125 0.82875180859375 0.1710626171875 0.847654146484375 0.171327517578125 0.88212212109375 0.182355912109375 0.9060501796875 0.1802197421875 0.93046671484375 0.16200953515625 0.9698792421875 0.161698251953125 0.9723123515625 0.23105009765625 0.9783798515625 0.230375837890625 0.975860517578125 0.221178869140625 0.968494974609375 0.211717 0.926661455078125 0.22278523828125 0.87514248828125 0.201359341796875 0.83882316796875 0.204411224609375 0.822687888671875 0.1979813125 0.8024426015625 0.201033197265625 0.786307322265625 0.225530900390625 0.7687678515625 0.25202236328125 0.72843961328125 0.308383314453125 0.684163703125 0.30472046484375 0.65103867578125 0.30925770703125 0.636673576171875 0.34055130859375 0.616448212890625 0.360562318359375 0.584574263671875 0.378752599609375 0.582885251953125 0.39343314453125 0.593190890625 0.4044615390625 0.617118947265625 0.406069384765625 0.65498487109375 0.401593388671875 0.687397841796875 0.38035122265625 0.705222134765625 0.377645408203125 0.736149748046875 0.3861303203125 0.75165413671875 0.382081556640625 0.779183802734375 0.3737191328125 0.79977515625 0.349363841796875 0.815686857421875 0.343341244140625 0.82828177734375 0.33900766015625 0.8590669765625 0.36097258203125 0.87985128515625 0.41824924609375 0.8438566328125 0.461486955078125 0.855840583984375 0.469045455078125 0.81631626953125 0.4966256640625 0.79166545703125 0.529465869140625 0.79125814453125 0.56102437109375 0.80550075390625 0.580618845703125 0.8252575625 0.61268575 0.814941224609375 0.6300521875 0.832042763671875 0.629340130859375 0.840181607421875 0.58714062109375 0.87257465625 0.579124265625 0.90795834375 0.5911189140625 0.91146808203125 0.60882071875 0.896614501953125 0.623897875 0.8930128984375 0.646116998046875 0.901517734375 0.667227451171875 0.932068658203125 0.678459501953125 0.972416818359375 0.6764657421875 0.9952055859375 0.6728521875 1 0.828055841796875 1 0.837065162109375 0.978091875 0.85111481640625 0.976860716796875 0.90864568359375 0.928586587890625 0.908014791015625 0.91704979296875 0.89139103515625 0.900833345703125 0.893873271484375 0.891209142578125 0.899784080078125 0.889265927734375 0.90989676171875 0.90491273046875 0.928544900390625 0.907364345703125 0.9074849921875 0.848113845703125 0.9298970703125 0.826291333984375 0.94674440625 0.821204373046875 0.961282541015625 0.83313777734375 0.962829140625 0.852955830078125 0.9417906328125 0.8872002265625 0.938453927734375 0.90659104296875 0.964931646484375 0.922663595703125 0.9940328125 0.59003573046875 0.9591740390625 0.60414143359375 0.941838224609375 0.596063833984375 0.9259265234375 0.5717085390625 0.891224271484375 0.54652940234375 0.889250435546875 0.531594658203125 0.89513062109375 0.5206275078125 0.879076509765625 0.497899984375 0.89069447265625 0.477593455078125 0.922018697265625 0.46639202734375 0.9488562265625 0.440856123046875 0.9741884765625 0.451273548828125 0.974727498046875 0.435738537109375 0.9854909921875 0.42519862109375 0.978949294921875 0.4156050390625 0.93982158984375 0.394139294921875 0.93665791796875 0.42092628125 0.912017802734375 0.440093521484375 0.9071957421875 0.457714158203125 0.896686447265625 0.455974599609375 0.8874083125 0.468284697265625 0.842919521484375 0.4799746015625 0.869940783203125 0.508582310546875 0.860866302734375 0.53731251171875 0.868608537109375 0.551931810546875 0.886544619140625 0.562522271484375 0.89191640625 0.576114068359375 0.884754517578125 0.601731140625 0.851802521484375 0.61279015625 0.81324446484375 0.584813337890625 0.810385537109375 0.570621271484375 0.820599310546875 0.528868919921875 0.817424939453125 0.50890845703125 0.83124031640625 0.48223326171875 0.76651546484375 0.415882115234375 0.763341091796875 0.39592165234375 0.788581474609375 0.379267271484375 0.801603626953125 0.3804065625 0.8389611484375 0.4033576640625 0.851983302734375 0.404496955078125 0.859806705078125 0.399440615234375 0.86003028125 0.378137205078125 0.87727423046875 0.359142998046875 0.907713365234375 0.34868425 0.929790076171875 0.35881685546875 0.947064646484375 0.34884658203125 0.9336658046875 0.3238910234375 0.92526205859375 0.2887109921875 0.934621361328125 0.256725255859375 0.9276524296875 0.252014982421875 0.85757719140625 0.26556693359375 0.815336359375 0.242188599609375 0.792405181640625 0.241822609375 0.78392026953125 0.22631821875 0.75879167578125 0.23232089453125 0.72040665234375 0.2117402421875 0.72140353125 0.200345857421875 0.740906138671875 0.193030859375 0.78574099609375 0.19613328515625 0.802669498046875 0.171370681640625 0.80272004296875 0.142671103515625 0.824023453125 0.14289468359375 0.852041595703125 0.160108009765625 0.857321513671875 0.146628 0.8534350859375 0.134806380859375 0.8637101015625 0.11110190234375 0.873161271484375 0.10618797265625 0.89244030078125 0.1201763828125 0.89441413671875 0.13511112890625 0.91252325390625 0.153097755859375 0.916786369140625 0.188735642578125 0.967166044921875 0.21282603515625 0.99142947265625 0.16984252734375 1 0.166455259765625 1 0.094450390625