1 0.8076171875 0.6015625 0.111328125 0.107421875
1 0.701171875 0.482421875 0.072265625 0.0673828125
1 0.30078125 0.328125 0.0283203125 0.0341796875
1 0.607421875 0.4814453125 0.0439453125 0.072265625
1 0.9384765625 0.9697265625 0.068359375 0.060546875
1 0.9296875 0.52734375 0.087890625 0.0673828125
1 0.025390625 0.4931640625 0.0498046875 0.0673828125
1 0.1181640625 0.4609375 0.0595703125 0.0439453125
1 0.06640625 0.4931640625 0.0283203125 0.029296875
1 0.1640625 0.439453125 0.037109375 0.0439453125
1 0.3701171875 0.248046875 0.0390625 0.029296875
1 0.68359375 0.302734375 0.0361328125 0.048828125
1 0.755859375 0.3251953125 0.0546875 0.0498046875
1 0.8818359375 0.31640625 0.060546875 0.0419921875
1 0.9052734375 0.3974609375 0.0830078125 0.0654296875
1 0.9833984375 0.3662109375 0.033203125 0.0576171875
1 0.861328125 0.4912109375 0.0595703125 0.072265625
1 0.787109375 0.4736328125 0.048828125 0.052734375
1 0.951171875 0.4794921875 0.0595703125 0.0439453125
1 0.34375 0.2900390625 0.044921875 0.0283203125
1 0.6279296875 0.3076171875 0.025390625 0.0263671875
0 1 0.62109375 0.85859375 0.5625 0.83671875 0.5609375 0.85 0.59609375 0.846875 0.61640625 0.8609375 0.63828125 0.8609375 0.65078125 0.84296875 0.6578125 0.83828125 0.6734375 0.80390625 0.678125 0.79375 0.66796875 0.796875 0.64453125 0.7609375 0.56484375 0.76796875 0.55625 0.81640625 0.5546875 0.81875 0.54921875 0.80546875 0.540625 0.76953125 0.5296875 0.71015625 0.553125 0.68828125 0.540625 0.67578125 0.5453125 0.61484375 0.534375 0.60859375 0.525 0.59296875 0.521875 0.578125 0.56484375 0.56640625 0.5640625 0.5515625 0.55390625 0.5421875 0.53515625 0.546875 0.48671875 0.53671875 0.4875 0.5328125 0.48203125 0.5328125 0.42265625 0.5171875 0.40703125 0.5171875 0.37734375 0.53125 0.34296875 0.5296875 0.31328125 0.49140625 0.3109375 0.48125 0.38203125 0.4453125 0.45703125 0.403125 0.57421875 0.365625 0.64609375 0.3578125 0.69609375 0.24375 0.99921875 0.91328125 1 0.9234375 0.95546875 0.93515625 0.94375 0.95234375 0.946875 0.9609375 0.95703125 0.97265625 1 1 0.99921875 1 0.75546875 0.98125 0.75390625 1 0.75234375 1 0.62109375
0 0 0.90703125 0.0046875 0.91171875 0.1 0.78515625 0.1015625 0.77421875 0.090625 0.75703125 0.09375 0.74296875 0.10234375 0.734375 0.12265625 0.7421875 0.1375 0.72890625 0.1984375 0.64453125 0.19375 0.61484375 0.19921875 0.609375 0.21484375 0.6125 0.225 0.60703125 0.2390625 0.57734375 0.25 0.57109375 0.2609375 0.55078125 0.259375 0.52890625 0.27734375 0.5296875 0.3078125 0.48984375 0.3046875 0.47109375 0.3171875 0.45703125 0.31171875 0.4453125 0.28984375 0.44375 0.28046875 0.453125 0.24140625 0.453125 0.2171875 0.47265625 0.20703125 0.4890625 0.16171875 0.5234375 0.13828125 0.528125 0.09296875 0.565625 0.0515625 0.58046875 0.0546875 0.59921875 0.06875 0.60859375 0.075 0.64921875 0.09609375 0.6515625 0.11328125 0.6453125 0.115625 0.65859375 0.08046875 0.6859375 0.04921875 0.6890625 0.034375 0.70078125 0.040625 0.72109375 0.01875 0.74453125 0 0.78359375 0 0.90703125
0 0.33984375 0.359375 0.296875 0.38046875 0.3078125 0.38359375 0.38046875 0.3765625 0.3984375 0.34296875 0.35859375 0.3328125 0.33984375 0.359375
0 0.58828125 0.34375 0.57578125 0.3421875 0.5671875 0.33359375 0.5828125 0.29921875 0.57734375 0.2734375 0.5671875 0.27734375 0.5765625 0.28515625 0.553125 0.32265625 0.546875 0.37421875 0.534375 0.40859375 0.53828125 0.4265625 0.54921875 0.425 0.56171875 0.4375 0.571875 0.43671875 0.5765625 0.42421875 0.571875 0.37109375 0.5890625 0.35234375 0.58828125 0.34375
0 0.079608771484375 1 0.350944041015625 0.509369306640625 0.337499958984375 0.48928571484375 0 1 0.079608771484375 1
0 0.143872375 1 0.1617233828125 0.96980373046875 0.17778931640625 0.97158833203125 0.27061450390625 0.798479205078125 0.268829431640625 0.77170983203125 0.258118853515625 0.761002015625 0.272399578125 0.752078869140625 0.279540009765625 0.762786685546875 0.384860984375 0.52721559765625 0.36205353125 0.51830357421875 0.08853427734375 1 0.143872375 1