1 0.384765625 0.2138671875 0.109375 0.0517578125
1 0.455078125 0.9296875 0.1123046875 0.1064453125
1 0.6220703125 0.94921875 0.1142578125 0.095703125
1 0.8466796875 0.224609375 0.078125 0.0595703125
1 0.07421875 0.208984375 0.068359375 0.052734375
1 0.5478515625 0.697265625 0.080078125 0.0732421875
1 0.087890625 0.7470703125 0.080078125 0.107421875
1 0.529296875 0.484375 0.091796875 0.078125
1 0.9814453125 0.7119140625 0.037109375 0.0830078125
1 0.8232421875 0.0419921875 0.0576171875 0.0361328125
1 0.828125 0.083984375 0.052734375 0.048828125
1 0.884765625 0.1416015625 0.068359375 0.068359375
1 0.9375 0.2138671875 0.080078125 0.0498046875
1 0.890625 0.662109375 0.21875 0.068359375
1 0.4130859375 0.1455078125 0.060546875 0.046875
1 0.9013671875 0.1826171875 0.0810546875 0.033203125
1 0.828125 0.119140625 0.0439453125 0.037109375
1 0.6962890625 0.4189453125 0.068359375 0.0703125
1 0.97265625 0.05078125 0.0546875 0.029296875
1 0.619140625 0.2138671875 0.0341796875 0.048828125
1 0.4052734375 0.4072265625 0.048828125 0.0234375
1 0.400390625 0.478515625 0.0390625 0.0673828125
1 0.212890625 0.2998046875 0.060546875 0.044921875
0 1 0.12734375 0.9765625 0.11796875 0.97691940234375 0.0899105234375 0.99524641015625 0.0707555234375 0.9602584609375 0.069922662109375 0.9421875 0.04765625 0.93359375 0.0453125 0.93125 0.06171875 0.925 0.06171875 0.925 0.10078125 0.91875 0.11171875 0.921875 0.14609375 0.915625 0.15859375 0.91953125 0.1671875 0.9390625 0.17265625 0.94296875 0.1890625 0.975 0.19296875 0.978125 0.22890625 0.91484375 0.2328125 0.89375 0.21953125 0.89140625 0.2046875 0.87890625 0.2046875 0.87890625 0.2421875 0.81640625 0.2375 0.8078125 0.22734375 0.81640625 0.2046875 0.85859375 0.203125 0.8609375 0.19609375 0.83671875 0.1859375 0.8328125 0.16171875 0.8078125 0.14765625 0.80531178515625 0.07908379296875 0.81697439453125 0.060761578125 0.79281608203125 0.0640928828125 0.788650845703125 0.07825093359375 0.77532204296875 0.080749423828125 0.78948381640625 0.092408998046875 0.791982982421875 0.11073118359375 0.781986443359375 0.13654882421875 0.790625 0.15390625 0.78125 0.16640625 0.78125 0.18984375 0.781986443359375 0.20067651171875 0.7786541796875 0.26147287890625 0.753125 0.27578125 0.74140625 0.3125 0.71171875 0.3125 0.6953125 0.32265625 0.6921875 0.34140625 0.678125 0.34609375 0.6703125 0.37890625 0.67890625 0.3875 0.88046875 0.3890625 0.90390625 0.3546875 0.92890625 0.3421875 0.95546875 0.3734375 0.98046875 0.375 0.98125 0.39296875 0.990625 0.39453125 1 0.38984375 1 0.36953125 0.98984375 0.36875 0.98203125 0.35625 0.965625 0.34921875 0.9609375 0.32265625 0.9765625 0.26796875 1 0.26328125 1 0.12734375
0 0.11328125 0.615625 0.12734375 0.5921875 0.16640625 0.5703125 0.18203125 0.571875 0.18359375 0.578125 0.21640625 0.5921875 0.24921875 0.5546875 0.271875 0.54140625 0.271875 0.50390625 0.269662447265625 0.46692297265625 0.276326849609375 0.44693511328125 0.25799983984375 0.406126623046875 0.25216847265625 0.446102298828125 0.258832873046875 0.481913853515625 0.2484375 0.48359375 0.243004966796875 0.445269451171875 0.240625 0.42421875 0.23203125 0.4140625 0.221875 0.43359375 0.2109375 0.43984375 0.203125 0.47421875 0.1765625 0.50234375 0.16796875 0.525 0.140625 0.52265625 0.1328125 0.49921875 0.134375 0.47890625 0.125 0.46640625 0.1296875 0.43984375 0.1109375 0.43984375 0.1078125 0.48828125 0.121875 0.49609375 0.121875 0.52265625 0.059375 0.53046875 0.0546875 0.56484375 0.0625 0.57265625 0.065625 0.60234375 0.0625 0.61796875 0.0484375 0.63828125 0.0484375 0.66015625 0.0546875 0.67109375 0.042240611328125 0.70068916796875 0.083892994140625 0.699023509765625 0.0765625 0.68984375 0.0734375 0.63203125 0.08046875 0.61875 0.11328125 0.615625
0 0.74609375 0.4859375 0.76171875 0.5015625 0.78046875 0.5046875 0.79296875 0.5 0.82734375 0.4609375 0.84765625 0.4640625 0.86015625 0.484375 0.87421875 0.4875 0.890625 0.46796875 0.8859375 0.43984375 0.87578125 0.434375 0.80859375 0.43125 0.80390625 0.4375 0.77734375 0.43125 0.74453125 0.4390625 0.7421875 0.45234375 0.73515625 0.4546875 0.68046875 0.453125 0.65625 0.40234375 0.64609375 0.3921875 0.625 0.38828125 0.6265625 0.37109375 0.6109375 0.35703125 0.609375 0.33828125 0.6 0.33359375 0.59296875 0.309375 0.5875 0.32265625 0.59375 0.35703125 0.58515625 0.36875 0.5703125 0.36171875 0.5578125 0.39140625 0.553125 0.42421875 0.571875 0.49140625 0.60078125 0.50625 0.62109375 0.5328125 0.63984375 0.5375 0.66640625 0.5234375 0.709375 0.54609375 0.6859375 0.48203125 0.68984375 0.471875 0.71484375 0.5015625 0.74609375 0.4859375
0 0.083892994140625 1 0.0875 0.96171875 0.10234375 0.9390625 0.12265625 0.940625 0.138041052734375 0.96053120703125 0.15234375 0.9546875 0.18203125 0.940625 0.21640625 0.9515625 0.22109375 0.94375 0.24765625 0.9421875 0.25625 0.93359375 0.2625 0.90859375 0.2453125 0.88828125 0.24800323828125 0.84976521875 0.269662447265625 0.84976521875 0.268829412109375 0.81312081640625 0.24217193359375 0.810622341796875 0.232175330078125 0.830610171875 0.22109375 0.8765625 0.16171875 0.878125 0.13671875 0.859375 0.130543615234375 0.840604103515625 0.131376650390625 0.818117767578125 0.115548744140625 0.79729708984375 0.073063357421875 0.795631462890625 0.04473977734375 0.79313295703125 0.047238912109375 0.705686119140625 0.03671875 0.7125 0.010584830078125 0.73566791015625 0.00625 0.75078125 0.0109375 0.78203125 0.0222475 0.798962751953125 0.01891530078125 0.8206162734375 0.013917029296875 0.84976521875 0 0.87058589453125 0 0.897236333984375 0.0078125 0.92578125 0.0125 0.94296875 0.0078125 0.96953125 0.03671875 1 0.083892994140625 1
0 0.484375 0.43046875 0.50703125 0.41875 0.52578125 0.4265625 0.540625 0.41328125 0.5296875 0.34453125 0.51953125 0.375 0.49765625 0.375 0.47890625 0.3671875 0.4734375 0.35703125 0.475 0.30390625 0.446875 0.29609375 0.4515625 0.28359375 0.4375 0.25546875 0.4375 0.23046875 0.43203125 0.2390625 0.42109375 0.2328125 0.33828125 0.23125 0.33359375 0.2359375 0.328125 0.21484375 0.334375 0.18828125 0.3203125 0.17734375 0.31875 0.15390625 0.328125 0.14140625 0.31171875 0.1265625 0.30703125 0.134375 0.28359375 0.1328125 0.271875 0.16171875 0.284375 0.16640625 0.2953125 0.18828125 0.29375 0.23359375 0.3078125 0.26328125 0.309375 0.28671875 0.33671875 0.2890625 0.3578125 0.32265625 0.365625 0.35234375 0.3625 0.39609375 0.378125 0.41953125 0.3765625 0.44296875 0.4046875 0.44921875 0.4203125 0.47890625 0.4140625 0.49453125 0.41640625 0.509375 0.43828125 0.509375 0.45234375 0.51875 0.4859375 0.51796875 0.4890625 0.49453125 0.471875 0.48203125 0.484375 0.46015625 0.484375 0.43046875
0 0.57890625 1 0.5640625 0.95390625 0.5640625 0.92890625 0.58359375 0.915625 0.60546875 0.9109375 0.63984375 0.9171875 0.6515625 0.92578125 0.671875 0.96328125 0.68203125 1 0.809375 0.99921875 0.80625 0.97265625 0.784375 0.92265625 0.790625 0.90234375 0.81640625 0.890625 0.84296875 0.9 0.85 0.92109375 0.846875 0.93515625 0.85859375 0.9453125 0.86328125 0.934375 0.878125 0.92734375 0.8625 0.92421875 0.8609375 0.86953125 0.85546875 0.878125 0.8546875 0.87109375 0.846875 0.86796875 0.85546875 0.8546875 0.85859375 0.8671875 0.8625 0.86171875 0.8625 0.79296875 0.8671875 0.77265625 0.875 0.76640625 0.878125 0.73828125 0.875 0.72265625 0.865625 0.71796875 0.86796875 0.70625 0.7953125 0.70234375 0.7953125 0.69140625 0.784375 0.68671875 0.78125 0.63828125 0.78515625 0.6328125 0.81953125 0.628125 0.99921875 0.63125 0.99921875 0.5546875 0.97734375 0.5578125 0.93359375 0.55 0.92421875 0.55625 0.89453125 0.5578125 0.87421875 0.5484375 0.83828125 0.55625 0.78515625 0.55625 0.77734375 0.5515625 0.75390625 0.55625 0.740625 0.56640625 0.73515625 0.6046875 0.7328125 0.58515625 0.7390625 0.56796875 0.72265625 0.5546875 0.721875 0.58671875 0.7296875 0.63046875 0.7359375 0.62578125 0.7359375 0.65546875 0.721875 0.66796875 0.71015625 0.728125 0.64140625 0.7359375 0.63671875 0.74375 0.62109375 0.7453125 0.61640625 0.7515625 0.59609375 0.7515625 0.59296875 0.74375 0.58203125 0.74375 0.57788985546875 0.74287603515625 0.56484375 0.7453125 0.55456457421875 0.7370463046875 0.55625 0.75234375 0.55625 0.78828125 0.540625 0.81640625 0.540625 0.82890625 0.52265625 0.853125 0.50703125 0.8609375 0.46171875 0.859375 0.44375 0.84296875 0.440625 0.83203125 0.4296875 0.82734375 0.41377961328125 0.786183048828125 0.425442283203125 0.762031115234375 0.44376929296875 0.72372101953125 0.45209976171875 0.69707055078125 0.43627185546875 0.6862438046875 0.402949974609375 0.71039576953125 0.382123798828125 0.73954471484375 0.402949974609375 0.77452351953125 0.403783072265625 0.7953441953125 0.39296875 0.815625 0.36640625 0.8046875 0.35390625 0.7828125 0.3515625 0.79765625 0.3328125 0.81640625 0.3359375 0.82109375 0.3171875 0.83203125 0.3109375 0.84765625 0.3140625 0.90703125 0.30625 0.92265625 0.33828125 0.95 0.36484375 0.934375 0.39453125 0.934375 0.3984375 0.90390625 0.43828125 0.884375 0.45859375 0.884375 0.4984375 0.90390625 0.5125 0.96640625 0.50078125 0.978125 0.47109375 0.9796875 0.45859375 0.9875 0.44296875 0.9796875 0.42421875 0.9796875 0.42890625 1 0.57890625 1
0 0.4875 0.07109375 0.490625 0.05390625 0.5109375 0.02890625 0.49609375 0.0171875 0.45859375 0.01875 0.45625 0.03515625 0.46875 0.05234375 0.46875 0.06328125 0.459375 0.07109375 0.4609375 0.08359375 0.44921875 0.0828125 0.440625 0.09921875 0.41640625 0.1125 0.4140625 0.11953125 0.43671875 0.1234375 0.45859375 0.1515625 0.49921875 0.140625 0.51171875 0.1515625 0.51875 0.15078125 0.5265625 0.13515625 0.525 0.10859375 0.50078125 0.09375 0.4875 0.07109375
0 0.015625 0.15390625 0.0234375 0.10546875 0.015625 0.09609375 0.0140625 0.06328125 0.0234375 0.03828125 0.046875 0.02421875 0.04921875 0 0 0.00078125 0.0015625 0.26015625 0.0140625 0.24140625 0.0125 0.20859375 0.0203125 0.19140625 0.015625 0.15390625
0 1 0.88359375 0.96796875 0.884375 0.9609375 0.90546875 0.95546875 0.90625 0.94609375 0.884375 0.90546875 0.875 0.8859375 0.83984375 0.86484375 0.834375 0.83649154296875 0.85558742578125 0.8609375 0.89296875 0.865625 0.93203125 0.88828125 0.934375 0.90234375 0.9453125 0.91328125 0.94375 0.92734375 0.975 0.96171875 0.990625 0.96953125 1 0.990625 0.99921875 1 0.98046875 1 0.88359375
0 0.17578125 0 0.175 0.01328125 0.18203125 0.025 0.18984375 0.015625 0.20078125 0.0140625 0.2203125 0.03515625 0.225 0.04765625 0.221875 0.06328125 0.209375 0.08203125 0.22421875 0.1 0.253125 0.10859375 0.253125 0.08515625 0.2375 0.06953125 0.2390625 0.00234375 0.17578125 0
0 0.30964873046875 0.132384689453125 0.32714270703125 0.134050349609375 0.31964526953125 0.114895318359375 0.324643603515625 0.095740333984375 0.315625 0.07890625 0.3125 0.04765625 0.325 0.03515625 0.32265625 0.0125 0.31796875 0.021875 0.29453125 0.01875 0.28125 0.02734375 0.2890625 0.05546875 0.2765625 0.08203125 0.2625 0.09140625 0.2640625 0.11640625 0.26796875 0.10625 0.28046875 0.1015625 0.30381742578125 0.10490140234375 0.30964873046875 0.132384689453125
0 0.5796875 0.04765625 0.5796875 0.05546875 0.60078125 0.0625 0.61796875 0.0859375 0.6453125 0.09140625 0.6734375 0.05390625 0.67734375 0.0375 0.66015625 0.04375 0.5796875 0.04765625
0 0.38515625 0.1484375 0.365625 0.14921875 0.3625 0.18671875 0.35703125 0.1890625 0.42890625 0.1921875 0.4375 0.19765625 0.44375 0.19140625 0.44140625 0.1640625 0.38828125 0.1625 0.38515625 0.1484375
0 0.6078125 0.25703125 0.6171875 0.26328125 0.6453125 0.24296875 0.63359375 0.2359375 0.61171875 0.2359375 0.6078125 0.25703125
0 0.67578125 0.19375 0.67265625 0.1875 0.6578125 0.19296875 0.65859375 0.1984375 0.7046875 0.20234375 0.7328125 0.18046875 0.72265625 0.175 0.70390625 0.1765625 0.67578125 0.19375
0 0.70703125 0.21875 0.70625 0.23515625 0.68671875 0.2359375 0.6765625 0.25078125 0.68125 0.27109375 0.7015625 0.28046875 0.71796875 0.2703125 0.734375 0.27421875 0.709375 0.24765625 0.70703125 0.21875
0 0.29921875 0.73125 0.3078125 0.72109375 0.2890625 0.67578125 0.27890625 0.671875 0.26875 0.69453125 0.2640625 0.73046875 0.2546875 0.73203125 0.25625 0.74453125 0.2640625 0.74609375 0.2546875 0.74765625 0.2546875 0.76796875 0.26796875 0.775 0.3 0.77578125 0.3015625 0.75703125 0.2890625 0.72734375 0.29140625 0.7234375 0.29921875 0.73125
0 1 0.73828125 0.98515625 0.7359375 0.9796875 0.71953125 0.96171875 0.703125 0.95625 0.71640625 0.9640625 0.73359375 0.98046875 0.753125 1 0.75703125 1 0.73828125