1 0.2998046875 0.4150390625 0.08203125 0.1171875
1 0.5302734375 0.3701171875 0.15625 0.083984375
1 0.3447265625 0.6630859375 0.228515625 0.1171875
1 0.27734375 0.02734375 0.1015625 0.0546875
1 0.755859375 0.435546875 0.146484375 0.091796875
1 0.9404296875 0.166015625 0.1015625 0.068359375
1 0.56640625 0.1318359375 0.09375 0.0625
1 0.4580078125 0.1142578125 0.05078125 0.048828125
1 0.0654296875 0.11328125 0.119140625 0.068359375
1 0.7431640625 0.01171875 0.078125 0.017578125
1 0.916015625 0.0439453125 0.08984375 0.0546875
0 0.520316943359375 0.00027846875 0.51848924609375 0.004345552734375 0.525650591796875 0.016767509765625 0.543566189453125 0.023638603515625 0.6238246015625 0.028318705078125 0.641766046875 0.00239837109375 0.520316943359375 0.00027846875
0 0.109884908203125 0.2120001484375 0.11201037890625 0.18416415234375 0.1268480625 0.179504361328125 0.1199728203125 0.150691458984375 0.008600220703125 0.14382866015625 0.006118470703125 0.14510962890625 0.00581255859375 0.16263533203125 0.009895990234375 0.163526408203125 0.016971505859375 0.180865646484375 0.006074201171875 0.194611984375 0.005252486328125 0.194721853515625 0.00429984375 0.249298732421875 0.023131484375 0.2506559140625 0.04021323046875 0.25833225 0.046136029296875 0.247778271484375 0.082253330078125 0.245129513671875 0.0983254140625 0.216717158203125 0.109884908203125 0.2120001484375
0 1 0.12038778515625 0.997084546875 0.107795916015625 0.9788500859375 0.072226359375 0.95265318359375 0.070129498046875 0.91972823828125 0.077752759765625 0.887175232421875 0.06406779296875 0.877283443359375 0.0671743203125 0.870122095703125 0.05475236328125 0.870522642578125 0.0318050390625 0.887142474609375 0.018978388671875 0.884812578125 0.011559546875 0.872956435546875 0.006433814453125 0.79111878515625 0.005005333984375 0.818329111328125 0.01613765234375 0.825980984375 0.047423501953125 0.825179890625 0.093318150390625 0.838811783203125 0.11077183203125 0.876510958984375 0.111429875 0.89931523046875 0.12002589453125 0.90104015625 0.115137220703125 0.933936490234375 0.109153052734375 0.946072341796875 0.11838265234375 0.946705919921875 0.1290510703125 0.95651187890625 0.130861830078125 0.97327476171875 0.109839703125 0.985382001953125 0.1207083984375 0.98331375 0.14526620703125 1 0.146751193359375 1 0.12038778515625
0 1 0.19720467578125 0.99798391796875 0.197169484375 0.968337162109375 0.20484996875 0.955281626953125 0.201342896484375 0.94685726953125 0.214312599609375 0.87807251953125 0.209832771484375 0.867318267578125 0.215383630859375 0.865192794921875 0.243219630859375 0.855100732421875 0.257799818359375 0.875845046875 0.384410646484375 0.8758491953125 0.4311391484375 0.86566715234375 0.40390812109375 0.851193111328125 0.293802677734375 0.828417451171875 0.2835675625 0.849868732421875 0.27574402734375 0.84917378515625 0.221625294921875 0.818517365234375 0.193217087890625 0.82225332421875 0.167048796875 0.81195269140625 0.09964564453125 0.800045724609375 0.0773032890625 0.783797830078125 0.0688217109375 0.762346548828125 0.076645248046875 0.752225875 0.092864529296875 0.693218470703125 0.09183455078125 0.689077818359375 0.09422166796875 0.701818638671875 0.11575878125 0.676169484375 0.12924762109375 0.638556140625 0.123672296875 0.63689258203125 0.17201128125 0.65730973828125 0.176466650390625 0.664556916015625 0.183971322265625 0.664356642578125 0.195444984375 0.655155654296875 0.2059417421875 0.6254802890625 0.2152613203125 0.595976587890625 0.214746330078125 0.57320092578125 0.204511216796875 0.569289158203125 0.193785576171875 0.55629084375 0.187000314453125 0.552436294921875 0.172996484375 0.52951758203125 0.17095683984375 0.502282404296875 0.1344103828125 0.48425236328125 0.13409566796875 0.46599344140625 0.146893708984375 0.423376982421875 0.1461498359375 0.419955740234375 0.1542880859375 0.4092873203125 0.154921666015625 0.413284919921875 0.1607300234375 0.424615529296875 0.16912576953125 0.457311587890625 0.174615263671875 0.465850388671875 0.1550891796875 0.502687099609375 0.15819155859375 0.504125921875 0.169693830078125 0.4948677109375 0.18346877734375 0.470224072265625 0.18631780859375 0.46602619921875 0.19198311328125 0.45564803125 0.222954248046875 0.455104431640625 0.254097044921875 0.469770451171875 0.25927182421875 0.463385736328125 0.249322814453125 0.470056556640625 0.242880876953125 0.466058958984375 0.23707251953125 0.510285900390625 0.23948409765625 0.507727123046875 0.245178013671875 0.515031521484375 0.249404498046875 0.505111123046875 0.254150119140625 0.49211280859375 0.24736485546875 0.486938029296875 0.262030875 0.471323716796875 0.264217716796875 0.495047671875 0.267091212890625 0.498468912109375 0.258952958984375 0.502209017578125 0.27951316796875 0.481620197265625 0.284892369140625 0.467040009765625 0.274800306640625 0.43983759375 0.28334325390625 0.442081654296875 0.295679376953125 0.4471706015625 0.285930642578125 0.461893841796875 0.28782723046875 0.45433194921875 0.298352599609375 0.47152813671875 0.299472556640625 0.48590805078125 0.321038279296875 0.528495900390625 0.323421248046875 0.56596619140625 0.337192046875 0.57240398046875 0.297134365234375 0.57663046484375 0.289829966796875 0.58646503125 0.29000162890625 0.595208251953125 0.30573038671875 0.586469177734375 0.336730130859375 0.59871947265625 0.3394033515625 0.617930837890625 0.365972189453125 0.630957765625 0.371118357421875 0.63974991015625 0.290111923828125 0.604409240234375 0.29523362890625 0.592473662109375 0.2745303671875 0.588304400390625 0.278556576171875 0.58430680078125 0.27274821875 0.585684251953125 0.240800181640625 0.618466142578125 0.241372390625 0.619071111328125 0.25367990625 0.602451283203125 0.266506556640625 0.651481068359375 0.275560345703125 0.64726287890625 0.37632174609375 0.675299150390625 0.366973556640625 0.687201970703125 0.342587412109375 0.717596744140625 0.339018970703125 0.716325439453125 0.27095362890625 0.7344413125 0.266351060546875 0.7490215 0.276443125 0.776886107421875 0.276929501953125 0.77760551953125 0.28268063671875 0.768518970703125 0.286621015625 0.7464055 0.285415228515625 0.751899142578125 0.29944766796875 0.762538951171875 0.30045318359375 0.7599515625 0.3077861953125 0.7476154375 0.3100302578125 0.758774384765625 0.3282605703125 0.746986005859375 0.346090337890625 0.74655684765625 0.3706767578125 0.775198087890625 0.37363608203125 0.781435603515625 0.3450520625 0.8060506328125 0.343842126953125 0.81559909375 0.360404736328125 0.81839090625 0.388326564453125 0.841109345703125 0.4018398671875 0.819457791015625 0.42113706640625 0.837978357421875 0.44031567578125 0.857590271484375 0.443937189453125 0.86722456640625 0.455582515625 0.883615509765625 0.45586862109375 0.892473173828125 0.465040998046875 0.8943208359375 0.547052947265625 0.88609675390625 0.548548990234375 0.881461427734375 0.485343712890625 0.832979388671875 0.49187562890625 0.85216214453125 0.520083560546875 0.845147998046875 0.5461946328125 0.83111555859375 0.5516882734375 0.812337498046875 0.547261517578125 0.810293708984375 0.52345173046875 0.705448875 0.51834246875 0.69420409765625 0.505029439453125 0.681119951171875 0.5031614609375 0.66185136328125 0.479870810546875 0.63798435546875 0.4851927890625 0.630598271484375 0.53261208984375 0.610038064453125 0.5363521953125 0.607650947265625 0.53221154296875 0.627777849609375 0.50632935546875 0.63147690234375 0.38834315625 0.625468271484375 0.40381441796875 0.6041314296875 0.405081576171875 0.597403388671875 0.414801701171875 0.58112688671875 0.40795921875 0.54823055078125 0.41394338671875 0.469582623046875 0.41093098828125 0.4607535703125 0.400119515625 0.4599155703125 0.354196255859375 0.471847 0.328171017578125 0.46948849609375 0.32239126953125 0.444959298828125 0.318683921875 0.444268498046875 0.31129369140625 0.452578412109375 0.3048803671875 0.445274013671875 0.3006538828125 0.434548373046875 0.304565650390625 0.422445279296875 0.340425458984375 0.40151728125 0.41220229296875 0.399334587890625 0.44331648046875 0.385764064453125 0.469313109375 0.376624443359375 0.523260177734375 0.3691769921875 0.52722916796875 0.3604909921875 0.50822222265625 0.37348516015625 0.468278982421875 0.322701837890625 0.465752962890625 0.314391921875 0.4721662890625 0.271861294921875 0.4665051328125 0.256676138671875 0.444105556640625 0.279042955078125 0.3838309921875 0.293275671875 0.3668636875 0.330974845703125 0.36752173046875 0.334714951171875 0.388081939453125 0.361574044921875 0.399208126953125 0.37960408203125 0.399522841796875 0.38805705078125 0.384914044921875 0.400421787109375 0.38103088671875 0.421263953125 0.314171333984375 0.43048940234375 0.255306982421875 0.43713161328125 0.250504140625 0.43756076953125 0.225917720703125 0.433563171875 0.22010936328125 0.4204504140625 0.219880478515625 0.416252541015625 0.22554578515625 0.42922224609375 0.233970142578125 0.425052982421875 0.2379963515625 0.3905175546875 0.243951908203125 0.39068921875 0.23411734375 0.40630353125 0.2319305 0.40661824609375 0.213900458984375 0.35767429296875 0.19992938671875 0.341826947265625 0.168500484375 0.342084443359375 0.153748634765625 0.349589115234375 0.14650145703125 0.32505991796875 0.142794109375 0.313443203125 0.150789310546875 0.278188365234375 0.15099373046875 0.273471353515625 0.139434236328125 0.27726453125 0.109987755859375 0.29052033984375 0.102021166015625 0.29267442578125 0.07254607421875 0.3239316640625 0.066533294921875 0.315936462890625 0.054916580078125 0.317056421875 0.03772039453125 0.27418246875 0.05172837109375 0.2036727890625 0.05213721484375 0.189354244140625 0.074021802734375 0.190564181640625 0.09863683203125 0.175182900390625 0.134439416015625 0.158563068359375 0.1472660703125 0.107988318359375 0.226723388671875 0.09947812890625 0.244610376953125 0.10410930859375 0.261087154296875 0.065837921875 0.29321100390625 0.057270513671875 0.314376181640625 0.0262176953125 0.355643798828125 0.025841611328125 0.33022352734375 0.04228977734375 0.327231443359375 0.042661712890625 0.305923212890625 0.048384240234375 0.306842896484375 0.04936114453125 0.29784218359375 0.05841908203125 0.295540900390625 0.064341880859375 0.284986921875 0.043953333984375 0.278892458984375 0.039293546875 0.26405477734375 0.014707126953125 0.263625619140625 0.01272885546875 0.329994642578125 0.0035850859375 0.3372132109375 0.002763373046875 0.337323080078125 0 0.49563659765625 0 0.60713743359375 0.0562326640625 0.608665185546875 0.065147548828125 0.614559375 0.059224748046875 0.6251133515625 0 0.62684567578125 0 0.8391516484375 0.016915134765625 0.841621037109375 0.01617126171875 0.88423749609375 0 0.89049898828125 0 0.991348630859375 0.079293677734375 0.99273270703125 0.07990397265625 0.990283970703125 0.09566133984375 0.979901654296875 0.130110935546875 0.978863380859375 0.15673699609375 0.95637382421875 0.1974854765625 0.97020184375 0.217354884765625 0.9590715078125 0.23702401953125 0.959414833984375 0.25885138671875 0.977011568359375 0.262520763671875 0.99593094921875 0.495636541015625 1 0.635639287109375 1 0.557742958984375 0.9961652890625 0.50718851953125 0.98052651171875 0.4962870703125 0.94754434765625 0.443893263671875 0.94335062109375 0.441649201171875 0.93101449609375 0.418930759765625 0.917501193359375 0.414299580078125 0.901024416015625 0.4234719609375 0.89216675390625 0.43980568359375 0.895731046875 0.449439978515625 0.90737637109375 0.459503431640625 0.894435279296875 0.4874252578125 0.89164346875 0.49418191015625 0.880284248046875 0.506546646484375 0.87640108984375 0.5019726875 0.856646125 0.51212197265625 0.83878774609375 0.509559044921875 0.797753162109375 0.518212287109375 0.77167069921875 0.496184646484375 0.765547626953125 0.489313552734375 0.783463224609375 0.464784353515625 0.77975587890625 0.45977708984375 0.737858830078125 0.44436305078125 0.72857201171875 0.250949890625 0.72519597265625 0.230990501953125 0.69451508984375 0.22285225 0.69109384765625 0.239357638671875 0.68482357421875 0.24987885546875 0.64565696875 0.211403048828125 0.64252598046875 0.198519177734375 0.62918433984375 0.170711791015625 0.625419771484375 0.161625244140625 0.629360150390625 0.177186486328125 0.677179998046875 0.21963128125 0.687758439453125 0.213679873046875 0.69995151171875 0.19892801953125 0.699694017578125 0.197460587890625 0.689830837890625 0.19564983203125 0.699636796875 0.151422888671875 0.69722521875 0.145585919921875 0.70286191015625 0.149902384765625 0.73736873046875 0.214546482421875 0.74423567578125 0.237350755859375 0.7528316953125 0.24623702734375 0.760364978515625 0.254579701171875 0.799041060546875 0.267520794921875 0.809104509765625 0.326499587890625 0.81177358203125 0.331130767578125 0.828250361328125 0.354768892578125 0.836041138671875 0.349479671875 0.857263537109375 0.36081028125 0.865659283203125 0.358137060546875 0.877909576171875 0.32938137890625 0.881506630859375 0.331367947265625 0.90859460546875 0.278916921875 0.9076790703125 0.27371353125 0.92398418359375 0.239006439453125 0.93977430859375 0.198029076171875 0.939059046875 0.193369287109375 0.924221365234375 0.14862320703125 0.90458498828125 0.147699375 0.86357901171875 0.166101353515625 0.842585498046875 0.164748361328125 0.82616594140625 0.150339837890625 0.8062393125 0.150568720703125 0.793126556640625 0.1383756484375 0.787175146484375 0.130928197265625 0.79114413671875 0.130670703125 0.805895986328125 0.142058533203125 0.811013544921875 0.141053015625 0.8216533515625 0.102548599609375 0.820161458984375 0.106399 0.7874367890625 0.097598556640625 0.774986220703125 0.085376873046875 0.770673904296875 0.082298958984375 0.7591430234375 0.096527525390625 0.695447216796875 0.0695826015625 0.6892383125 0.068920412109375 0.68020898828125 0.05431161328125 0.671756021484375 0.052872791015625 0.660253748046875 0.06379870703125 0.644868318359375 0.07857916796875 0.64348671875 0.092211060546875 0.660940400390625 0.091176935546875 0.6732193046875 0.114124259765625 0.6736198515625 0.135628615234375 0.615789626953125 0.159495623046875 0.610467646484375 0.174104421875 0.61892061328125 0.182038251953125 0.587087017578125 0.194488818359375 0.57828657421875 0.2304916796875 0.5821941953125 0.242513087890625 0.597980171875 0.234922583984375 0.610144634765625 0.283923759765625 0.620837517578125 0.328436806640625 0.606858150390625 0.401623853515625 0.640927513671875 0.440847681640625 0.648170544921875 0.450338923828125 0.668011341796875 0.492755107421875 0.68022887890625 0.49735767578125 0.69834475 0.5130006015625 0.6945188125 0.51368725390625 0.65518054296875 0.5059209375 0.630451072265625 0.509542453125 0.610839158203125 0.517190177734375 0.595396505859375 0.53107956640625 0.598098337890625 0.533810009765625 0.58256985546875 0.540080283203125 0.599075244140625 0.54583141796875 0.59835583203125 0.548504638671875 0.5861055390625 0.560006912109375 0.584666716796875 0.6927449609375 0.588623263671875 0.695765658203125 0.6034323359375 0.7121279921875 0.605357533203125 0.715234517578125 0.61524932421875 0.725126306640625 0.612142796875 0.729871927734375 0.6220631953125 0.75468723046875 0.60937959765625 0.789194048828125 0.6050631328125 0.807452970703125 0.592265091796875 0.811855265625 0.621854626953125 0.8249680234375 0.62208351171875 0.839977369140625 0.607589154296875 0.844608546875 0.624065931640625 0.869137744140625 0.62777327734375 0.877161556640625 0.6377508984375 0.9721718203125 0.642688498046875 0.98861998828125 0.639696412109375 0.992127060546875 0.626640876953125 0.997876408203125 0.62602391015625 1 0.50436343359375 1 0.19720467578125