1 0.9658203125 0.787109375 0.0673828125 0.1298828125
1 0.3642578125 0.82421875 0.083984375 0.1171875
1 0.072265625 0.8095703125 0.09375 0.0703125
1 0.0498046875 0.87890625 0.080078125 0.087890625
1 0.330078125 0.9677734375 0.0595703125 0.064453125
1 0.359375 0.9208984375 0.0966796875 0.0810546875
1 0.3642578125 0.669921875 0.072265625 0.076171875
1 0.76953125 0.951171875 0.0810546875 0.0966796875
1 0.755859375 0.83984375 0.0751953125 0.103515625
1 0.482421875 0.572265625 0.044921875 0.0625
1 0.533203125 0.5771484375 0.0390625 0.0576171875
1 0.58203125 0.58203125 0.0419921875 0.052734375
1 0.4345703125 0.5625 0.0419921875 0.048828125
1 0.5126953125 0.4482421875 0.056640625 0.060546875
1 0.708984375 0.474609375 0.0732421875 0.080078125
1 0.09765625 0.751953125 0.080078125 0.0595703125
1 0.1181640625 0.6904296875 0.076171875 0.056640625
1 0.140625 0.638671875 0.0703125 0.0654296875
1 0.7451171875 0.7099609375 0.060546875 0.056640625
1 0.7470703125 0.763671875 0.068359375 0.046875
0 0.2328125 0.16953125 0.23828125 0.1546875 0.24765625 0.1546875 0.26484375 0.1703125 0.26640625 0.14375 0.25078125 0.153125 0.23671875 0.153125 0.22421875 0.1640625 0.18046875 0.165625 0.175 0.18046875 0.18125 0.20078125 0.1515625 0.24765625 0.1234375 0.25078125 0.1265625 0.26328125 0.13828125 0.2671875 0.15859375 0.271875 0.18671875 0.2671875 0.2015625 0.27265625 0.2140625 0.26015625 0.209375 0.23359375 0.2140625 0.18828125 0.2328125 0.16953125
0 1 0.37734375 0.9875 0.39453125 0.98046875 0.4203125 0.95234375 0.421875 0.92578125 0.4125 0.915625 0.40234375 0.9203125 0.37421875 0.915625 0.34453125 0.90703125 0.328125 0.88671875 0.328125 0.8796875 0.34609375 0.8625 0.35390625 0.8625 0.36328125 0.875 0.37109375 0.878125 0.38984375 0.890625 0.39765625 0.8921875 0.44296875 0.91171875 0.453125 0.92421875 0.41875 0.9328125 0.42265625 0.934375 0.43515625 0.95234375 0.4421875 0.95703125 0.4515625 0.98203125 0.4546875 1 0.46796875 1 0.37734375
0 1 0.00390625 0.86484375 0 0.86640625 0.0140625 0.88828125 0.015625 0.915625 0.04609375 0.915625 0.06015625 0.9015625 0.07421875 0.91875 0.10390625 0.92578125 0.109375 0.93671875 0.1015625 0.9421875 0.10546875 0.94375 0.15078125 0.925 0.16171875 0.94609375 0.1625 0.95859375 0.1421875 0.9703125 0.14453125 0.9703125 0.17109375 0.9578125 0.17734375 0.95390625 0.190625 0.92578125 0.1953125 0.9125 0.18359375 0.91328125 0.1640625 0.89296875 0.1640625 0.8859375 0.17421875 0.8921875 0.22109375 0.89921875 0.2234375 0.91796875 0.2109375 0.92578125 0.21875 0.96015625 0.2140625 0.97890625 0.2203125 0.990625 0.24453125 1 0.24765625 1 0.17578125 0.9921875 0.17109375 0.9921875 0.15703125 0.9828125 0.15390625 0.9828125 0.14140625 0.971875 0.13828125 0.95 0.08984375 0.9734375 0.06796875 0.9578125 0.05390625 0.96953125 0.034375 0.98671875 0.04375 1 0.04296875 1 0.00390625
0 0 0.99921875 0.1125 0.99921875 0.09453125 0.9953125 0.078125 0.96953125 0.078125 0.95703125 0.090625 0.93828125 0.08359375 0.9203125 0.07421875 0.9546875 0.04765625 0.9515625 0.0328125 0.93828125 0.0375 0.91953125 0.01015625 0.9078125 0.003125 0.89296875 0.015625 0.81640625 0.0375 0.77109375 0.03359375 0.7578125 0.015625 0.75078125 0.021875 0.73515625 0.015625 0.71484375 0.025 0.71171875 0.02734375 0.7328125 0.0296875 0.70546875 0.0046875 0.68671875 0.003125 0.66953125 0.0296875 0.64609375 0.03984375 0.628125 0.05859375 0.61875 0.075 0.62890625 0.08125 0.67265625 0.08828125 0.6734375 0.09375 0.66484375 0.0953125 0.63046875 0.103125 0.60859375 0.0984375 0.59296875 0.103125 0.58671875 0.11171875 0.578125 0.11796875 0.5796875 0.13984375 0.609375 0.16171875 0.6046875 0.1703125 0.58984375 0.12734375 0.58125 0.1234375 0.56640625 0.109375 0.56015625 0.109375 0.54765625 0.09140625 0.5328125 0.04140625 0.5265625 0.02109375 0.496875 0.0140625 0.50859375 0.028125 0.54296875 0.028125 0.56015625 0.01953125 0.5703125 0 0.57109375 0 0.99921875
0 0.31328125 0 0.3078125 0.00390625 0.29765625 0.0484375 0.2828125 0.04296875 0.28046875 0 0 0.00078125 0 0.02734375 0.02734375 0.03125 0.0421875 0.04765625 0.02421875 0.0734375 0 0.08203125 0 0.17890625 0.02734375 0.18125 0.03125 0.20078125 0.04453125 0.203125 0.0578125 0.22109375 0.06875 0.25859375 0.0625 0.28984375 0.06953125 0.296875 0.0828125 0.28359375 0.07890625 0.2671875 0.09140625 0.2671875 0.09453125 0.2828125 0.1015625 0.27890625 0.109375 0.24296875 0.121875 0.22421875 0.11953125 0.2171875 0.090625 0.20546875 0.09375 0.16484375 0.10703125 0.1546875 0.12109375 0.15625 0.13984375 0.1703125 0.15859375 0.1484375 0.17265625 0.1484375 0.1875 0.13359375 0.18671875 0.1234375 0.12890625 0.121875 0.11328125 0.09375 0.07890625 0.090625 0.078125 0.06015625 0.06875 0.04921875 0.07890625 0.0375 0.0921875 0.03671875 0.09453125 0.0640625 0.13359375 0.0671875 0.14296875 0.078125 0.18828125 0.078125 0.18984375 0.0609375 0.21640625 0.053125 0.215625 0.07265625 0.1984375 0.07578125 0.2078125 0.09453125 0.2046875 0.11953125 0.21640625 0.1234375 0.23984375 0.1046875 0.26328125 0.1078125 0.26953125 0.1390625 0.28359375 0.1234375 0.2953125 0.12109375 0.2953125 0.10234375 0.3109375 0.09140625 0.31484375 0.0625 0.328125 0.06328125 0.33046875 0.0890625 0.3421875 0.07421875 0.34765625 0.05 0.3578125 0.05234375 0.3609375 0.06484375 0.3578125 0.08984375 0.34375 0.09453125 0.3515625 0.11015625 0.35 0.12578125 0.3296875 0.13046875 0.328125 0.16640625 0.3140625 0.18359375 0.3140625 0.19140625 0.3265625 0.19765625 0.33125 0.21640625 0.321875 0.24765625 0.30078125 0.253125 0.29453125 0.2734375 0.25703125 0.275 0.25 0.26796875 0.2515625 0.25078125 0.2859375 0.23671875 0.26953125 0.234375 0.2640625 0.21953125 0.25546875 0.215625 0.23828125 0.2140625 0.234375 0.21953125 0.2234375 0.30390625 0.23984375 0.30625 0.24375 0.29453125 0.25859375 0.284375 0.26640625 0.2953125 0.29921875 0.303125 0.30625 0.31796875 0.2953125 0.35546875 0.27109375 0.3609375 0.25703125 0.3546875 0.2453125 0.38203125 0.25 0.41328125 0.25546875 0.415625 0.26484375 0.403125 0.265625 0.41796875 0.275 0.41640625 0.27265625 0.425 0.26015625 0.428125 0.25078125 0.421875 0.246875 0.43203125 0.23671875 0.4359375 0.23203125 0.4296875 0.19296875 0.425 0.1875 0.41953125 0.1875 0.39921875 0.2015625 0.36328125 0.2015625 0.34453125 0.17890625 0.346875 0.16953125 0.340625 0.15859375 0.35 0.14921875 0.35 0.12578125 0.33125 0.1125 0.34453125 0.1140625 0.37265625 0.11953125 0.375 0.13046875 0.3671875 0.14375 0.37578125 0.146875 0.40390625 0.13984375 0.409375 0.12578125 0.40625 0.11796875 0.415625 0.09609375 0.4140625 0.0890625 0.40703125 0.0953125 0.37421875 0.08359375 0.3578125 0.0640625 0.36328125 0.06875 0.38984375 0.05859375 0.4 0.02421875 0.39375 0.01875 0.38828125 0.0234375 0.37109375 0.0484375 0.35546875 0.03203125 0.3546875 0.0265625 0.33515625 0.01953125 0.328125 0.003125 0.32578125 0.0125 0.30703125 0.0140625 0.27421875 0 0.27109375 0 0.46015625 0.02109375 0.46875 0.02734375 0.4859375 0.05234375 0.465625 0.10234375 0.484375 0.11328125 0.4796875 0.13671875 0.484375 0.14921875 0.5 0.17734375 0.5015625 0.18671875 0.4921875 0.20234375 0.4921875 0.2296875 0.51796875 0.21875 0.56796875 0.2328125 0.57578125 0.24375 0.61484375 0.2375 0.64921875 0.22109375 0.6609375 0.20078125 0.6609375 0.18359375 0.6421875 0.1703125 0.64296875 0.165625 0.66328125 0.1546875 0.67578125 0.1484375 0.71328125 0.16328125 0.715625 0.16875 0.72265625 0.1640625 0.74921875 0.1390625 0.75859375 0.1328125 0.78203125 0.125 0.78515625 0.125 0.81640625 0.115625 0.81953125 0.1078125 0.84609375 0.1078125 0.85546875 0.11796875 0.8546875 0.12734375 0.8625 0.13125 0.87578125 0.12109375 0.8875 0.11015625 0.8875 0.09609375 0.875 0.09375 0.87890625 0.09453125 0.896875 0.09921875 0.8921875 0.13984375 0.8921875 0.15 0.90234375 0.1390625 0.93671875 0.1390625 0.98515625 0.11484375 1 0.2953125 0.99921875 0.2921875 0.96796875 0.303125 0.93359375 0.303125 0.90859375 0.31875 0.87734375 0.321875 0.85703125 0.321875 0.83203125 0.29921875 0.828125 0.29375 0.81953125 0.3 0.76171875 0.3125 0.75234375 0.3203125 0.73046875 0.33984375 0.721875 0.38828125 0.7359375 0.396875 0.74609375 0.4 0.77265625 0.41875 0.79453125 0.390625 0.89296875 0.390625 0.90703125 0.40625 0.91640625 0.4140625 0.94609375 0.40390625 0.9671875 0.38046875 0.9625 0.37265625 0.953125 0.36171875 0.9546875 0.359375 0.99921875 0.44140625 1 0.43515625 0.9859375 0.4234375 0.98359375 0.42109375 0.9640625 0.43515625 0.9640625 0.44140625 0.98125 0.46796875 0.978125 0.4765625 0.97109375 0.484375 0.94140625 0.46953125 0.9390625 0.4625 0.92421875 0.49296875 0.89375 0.51796875 0.9078125 0.5296875 0.90078125 0.53125 0.85078125 0.515625 0.84140625 0.515625 0.81640625 0.51875 0.80078125 0.5375 0.78828125 0.5484375 0.76953125 0.528125 0.71796875 0.534375 0.68359375 0.50390625 0.6796875 0.4921875 0.67109375 0.4875 0.65546875 0.5015625 0.62890625 0.5171875 0.61953125 0.509375 0.60859375 0.5140625 0.53515625 0.5171875 0.51953125 0.53515625 0.5046875 0.5625 0.51953125 0.56796875 0.5515625 0.57734375 0.5515625 0.58671875 0.5328125 0.62421875 0.525 0.64765625 0.54375 0.69609375 0.55 0.71796875 0.571875 0.74765625 0.5734375 0.7671875 0.58203125 0.778125 0.60859375 0.7671875 0.62109375 0.7671875 0.65078125 0.7546875 0.65859375 0.75 0.68046875 0.75390625 0.6875 0.76640625 0.690625 0.7765625 0.70703125 0.7734375 0.74453125 0.7890625 0.77578125 0.796875 0.84140625 0.809375 0.85703125 0.8171875 0.89453125 0.84375 0.93203125 0.8640625 0.97734375 0.8625 0.99921875 1 0.99921875 1 0.95390625 0.99296875 0.9484375 0.98515625 0.9890625 0.94453125 0.9875 0.9296875 0.96953125 0.9234375 0.88671875 0.9 0.86015625 0.9046875 0.83203125 0.925 0.81328125 0.903125 0.78984375 0.909375 0.76171875 0.9234375 0.74453125 0.9078125 0.73359375 0.90625 0.71953125 0.8921875 0.70234375 0.8953125 0.66953125 0.8703125 0.64765625 0.878125 0.61953125 0.90234375 0.59375 0.91953125 0.596875 0.93671875 0.5890625 0.95234375 0.59375 0.9703125 0.63359375 0.97890625 0.6328125 0.984375 0.61484375 1 0.61015625 1 0.55546875 0.99296875 0.553125 0.98984375 0.5609375 0.97734375 0.5625 0.96640625 0.553125 0.93359375 0.55 0.91640625 0.5390625 0.90390625 0.546875 0.88046875 0.5453125 0.8625 0.52734375 0.859375 0.50390625 0.8328125 0.48203125 0.8359375 0.44453125 0.846875 0.43359375 0.8453125 0.41484375 0.83515625 0.3984375 0.815625 0.39765625 0.8125 0.35703125 0.825 0.34140625 0.8234375 0.33046875 0.80390625 0.3171875 0.79609375 0.3234375 0.784375 0.31953125 0.784375 0.28984375 0.7921875 0.28203125 0.7921875 0.26796875 0.77890625 0.2640625 0.76875 0.24765625 0.76875 0.19921875 0.77890625 0.1890625 0.79921875 0.1890625 0.82734375 0.20625 0.8484375 0.19296875 0.85625 0.17421875 0.80546875 0.171875 0.79453125 0.1625 0.7578125 0.15234375 0.7515625 0.13203125 0.7375 0.12421875 0.7359375 0.07890625 0.70625 0.02734375 0.70546875 0 0.6609375 0.00078125 0.6640625 0.01953125 0.6578125 0.04609375 0.66875 0.05234375 0.671875 0.08828125 0.665625 0.09921875 0.671875 0.10859375 0.671875 0.12890625 0.66484375 0.1375 0.63671875 0.1359375 0.62421875 0.1078125 0.60859375 0.125 0.56328125 0.125 0.55390625 0.1109375 0.54765625 0.1171875 0.52578125 0.1203125 0.5171875 0.11015625 0.5203125 0.08203125 0.51171875 0.078125 0.46796875 0.0890625 0.4640625 0.10546875 0.49140625 0.1109375 0.50234375 0.1390625 0.51484375 0.140625 0.54921875 0.1625 0.57265625 0.153125 0.61328125 0.1765625 0.63203125 0.1640625 0.65546875 0.171875 0.66640625 0.1625 0.6875 0.17421875 0.6921875 0.18515625 0.6875 0.20078125 0.690625 0.29296875 0.69921875 0.315625 0.721875 0.31328125 0.728125 0.34140625 0.72265625 0.353125 0.7046875 0.34453125 0.7046875 0.37421875 0.71484375 0.390625 0.734375 0.39296875 0.7375 0.44765625 0.7484375 0.45546875 0.74375 0.51484375 0.73671875 0.5234375 0.67421875 0.515625 0.64140625 0.5 0.60859375 0.5046875 0.56484375 0.5 0.5625 0.48671875 0.55625 0.48359375 0.55390625 0.4328125 0.540625 0.43984375 0.54296875 0.484375 0.48671875 0.484375 0.46796875 0.45625 0.42890625 0.4546875 0.42421875 0.46875 0.390625 0.46484375 0.3921875 0.44765625 0.4203125 0.43515625 0.4234375 0.41484375 0.37734375 0.4046875 0.36875 0.39921875 0.3671875 0.38671875 0.37265625 0.3765625 0.38046875 0.3765625 0.39296875 0.39375 0.4 0.38828125 0.3921875 0.33046875 0.4015625 0.31484375 0.4046875 0.24765625 0.421875 0.22734375 0.41796875 0.21875 0.3921875 0.21015625 0.3921875 0.18046875 0.4125 0.17421875 0.4046875 0.13515625 0.40859375 0.1296875 0.41328125 0.134375 0.4234375 0.12265625 0.4234375 0.02265625 0.434375 0.01015625 0.43203125 0 0.37734375 0 0.3734375 0.02890625 0.34921875 0.03125 0.34375 0.02890625 0.34140625 0 0.31328125 0
0 0.65 0.67265625 0.65625 0.68046875 0.66796875 0.690625 0.6796875 0.68984375 0.7 0.67890625 0.68046875 0.659375 0.65234375 0.65625 0.65 0.67265625
0 0.61171875 0.8296875 0.6171875 0.87109375 0.6140625 0.90859375 0.625 0.90859375 0.653125 0.85859375 0.64765625 0.85 0.63046875 0.8484375 0.61171875 0.8296875
0 0.6953125 0.85546875 0.70546875 0.853125 0.7109375 0.84296875 0.7078125 0.80078125 0.690625 0.79296875 0.70625 0.76796875 0.69609375 0.7453125 0.678125 0.74609375 0.67421875 0.7921875 0.63515625 0.79375 0.60390625 0.7828125 0.59140625 0.8046875 0.575 0.80859375 0.58203125 0.821875 0.60546875 0.8296875 0.6125 0.80234375 0.62265625 0.7984375 0.65546875 0.8375 0.6703125 0.84296875 0.6734375 0.85546875 0.6640625 0.86015625 0.69453125 0.8890625 0.709375 0.89140625 0.7234375 0.88828125 0.725 0.87265625 0.72265625 0.8640625 0.6953125 0.85546875
0 0.640625 0.33046875 0.6171875 0.31328125 0.61875 0.28203125 0.6375 0.26484375 0.6421875 0.25078125 0.60078125 0.234375 0.6015625 0.26796875 0.5953125 0.28671875 0.60625 0.31640625 0.603125 0.34453125 0.6234375 0.34765625 0.6296875 0.34453125 0.63125 0.33359375 0.63828125 0.3375 0.640625 0.33046875
0 0.51796875 0.3515625 0.5546875 0.36953125 0.5609375 0.35078125 0.5609375 0.29453125 0.575 0.26484375 0.56875 0.25546875 0.571875 0.24296875 0.58203125 0.225 0.6 0.23203125 0.59140625 0.203125 0.55 0.20859375 0.5484375 0.25859375 0.559375 0.29921875 0.54609375 0.3328125 0.53046875 0.3296875 0.51484375 0.3359375 0.50625 0.32734375 0.509375 0.30703125 0.5171875 0.29921875 0.51484375 0.2734375 0.49140625 0.275 0.46796875 0.259375 0.453125 0.26640625 0.4625 0.31328125 0.4546875 0.35390625 0.45625 0.36328125 0.4671875 0.36640625 0.4578125 0.37265625 0.4625 0.39296875 0.4671875 0.39296875 0.4640625 0.38984375 0.47578125 0.3765625 0.50234375 0.378125 0.51796875 0.3515625