1 0.8046875 0.8427734375 0.265625 0.314453125
1 0.279296875 0.060546875 0.16015625 0.12109375
1 0.849609375 0.115234375 0.123046875 0.12109375
1 0.8837890625 0.595703125 0.1875 0.23046875
1 0.9326171875 0.4482421875 0.134765625 0.208984375
1 0.6884765625 0.1826171875 0.28125 0.2890625
1 0.5712890625 0.560546875 0.10546875 0.12109375
1 0.8603515625 0.24609375 0.119140625 0.146484375
1 0.517578125 0.060546875 0.21875 0.12109375
1 0.6943359375 0.5517578125 0.107421875 0.16015625
1 0.0771484375 0.7158203125 0.154296875 0.220703125
1 0.556640625 0.421875 0.126953125 0.126953125
1 0.947265625 0.1787109375 0.10546875 0.130859375
1 0.2705078125 0.7099609375 0.349609375 0.326171875
0 0 0.5770639140625 0.00813199609375 0.577890732421875 0.02125365625 0.5677073671875 0.035442123046875 0.58479102734375 0.049501296875 0.577973384765625 0.060579080078125 0.58649366796875 0.066373013671875 0.581252916015625 0.074979490234375 0.586109333984375 0.0841391484375 0.579931068359375 0.123676515625 0.581249373046875 0.129129212890625 0.5695753125 0.137778787109375 0.58239883203125 0.173056013671875 0.58925603125 0.19674183203125 0.549291232421875 0.216084857421875 0.556234625 0.245438859375 0.544431271484375 0.258007337890625 0.545282591796875 0.273215970703125 0.524362677734375 0.281014224609375 0.549754677734375 0.2885969921875 0.535311169921875 0.319869119140625 0.5382063671875 0.32681251171875 0.518863341796875 0.326920255859375 0.538781095703125 0.332139458984375 0.540591478515625 0.345218021484375 0.52244101171875 0.356295806640625 0.53096129296875 0.451559787109375 0.524010818359375 0.47661055078125 0.509779255859375 0.4870920546875 0.521367123046875 0.502620376953125 0.502896966796875 0.493651115234375 0.4876236875 0.469749810546875 0.487752978515625 0.411379501953125 0.4604894921875 0.403477046875 0.4724832421875 0.41118910546875 0.4819410390625 0.39225196484375 0.493381607421875 0.287188951171875 0.50161083203125 0.2223026796875 0.516057880859375 0.187962966796875 0.512566408203125 0.17454316796875 0.52428356640625 0.16806676171875 0.516657701171875 0.146978001953125 0.5268841640625 0.14510297265625 0.520152716796875 0.13436642578125 0.518065744140625 0.128615587890625 0.53127359765625 0.094872154296875 0.5247145390625 0.075274087890625 0.5272720390625 0.08113266796875 0.533981939453125 0.074465865234375 0.547807619140625 0.055165939453125 0.548831328125 0.06306839453125 0.536837580078125 0.055122841796875 0.5408642265625 0.05201216015625 0.53230084765625 0.040467388671875 0.550749455078125 0.040402744140625 0.538798802734375 0.032115955078125 0.536392140625 0.0276223203125 0.555415478515625 0.01109183984375 0.5585692578125 0.004425037109375 0.5723949375 0.00314628515625 0.562595904296875 0 0.5647181015625 0 0.5770639140625
0 0 0.506468974609375 0.001907091796875 0.503460470703125 0.0050177734375 0.5120238515625 0.016946876953125 0.507975654296875 0.020653837890625 0.51347144921875 0.03196511328125 0.508507287109375 0.03253984375 0.501456150390625 0.0368861796875 0.5118514609375 0.047877767578125 0.504437541015625 0.05831617578125 0.508058306640625 0.121711751953125 0.501280220703125 0.18199664453125 0.48593875390625 0.217870150390625 0.4897283671875 0.231631185546875 0.484444517578125 0.23478496484375 0.500974998046875 0.240833939453125 0.4862333515625 0.263201451171875 0.485805921875 0.277239076171875 0.475004728515625 0.27932605078125 0.464268181640625 0.29621931640625 0.47153126171875 0.297092185546875 0.462946333984375 0.2768331953125 0.456620767578125 0.286269443359375 0.44492515625 0.2791752109375 0.436383326171875 0.267842384765625 0.4373639375 0.261365978515625 0.429738072265625 0.25374011328125 0.436214478515625 0.2509275703125 0.426117306640625 0.239637841796875 0.43506501953125 0.221487375 0.42198645703125 0.129459826171875 0.40409811328125 0.093331279296875 0.40980939453125 0.0776521171875 0.4003946953125 0.065126736328125 0.4075104765625 0.0509813671875 0.398393916015625 0.011145861328125 0.39860940234375 0 0.4540618359375 0 0.506468974609375
0 0.649530294921875 1 0.65202285546875 0.987176890625 0.639238890625 0.9464900625 0.618574017578125 0.92178053515625 0.622830619140625 0.858938140625 0.61439298828125 0.828646625 0.60024762109375 0.819530064453125 0.5947051875 0.757966421875 0.560106890625 0.706672337890625 0.5242478515625 0.592259271484375 0.4827061640625 0.560308212890625 0.434860458984375 0.552599693359375 0.386206529296875 0.565426755859375 0.337168267578125 0.563853408203125 0.265913333984375 0.590592345703125 0.271218732421875 0.608336931640625 0.32132380078125 0.637177306640625 0.35519652734375 0.667637671875 0.363224732421875 0.62224172265625 0.37902964453125 0.598254224609375 0.4016306484375 0.584342349609375 0.4182042265625 0.589155671875 0.425916287109375 0.59861346875 0.42909515625 0.676431001953125 0.454893037109375 0.687016708984375 0.47067994140625 0.716349162109375 0.46267328515625 0.76572866015625 0.47594578515625 0.7834301484375 0.496481365234375 0.784238373046875 0.51495151953125 0.799766693359375 0.52487984375 0.82238924609375 0.524455955078125 0.857325236328125 0.5426926171875 0.886338001953125 0.52058723046875 0.991871544921875 0.50806184765625 0.998987326171875 0.50786500390625 1 0.649530294921875 1
0 0.09739394140625 0.31111504296875 0.10612616796875 0.282569265625 0.09751969140625 0.277712845703125 0.099563568359375 0.259009197265625 0.090978640625 0.258136328125 0.07711340234375 0.300805927734375 0.09739394140625 0.31111504296875
0 0.157998521484375 0.2982233359375 0.1348443359375 0.3231698984375 0.121679580078125 0.325386162109375 0.161942517578125 0.3475381875 0.17452900390625 0.295069556640625 0.157998521484375 0.2982233359375
0 0.047518826171875 0.211486720703125 0.035273576171875 0.27038866015625 0.03930022265625 0.278334212890625 0.0607948671875 0.2864917109375 0.062070076171875 0.2389872421875 0.047518826171875 0.211486720703125
0 0.213538279296875 0.368709603515625 0.22359235546875 0.357929958984375 0.230449552734375 0.32265273046875 0.2220765703125 0.3043118671875 0.181497486328125 0.3370135859375 0.176087884765625 0.356654748046875 0.213538279296875 0.368709603515625
0 0.237155912109375 0.2594906484375 0.246103625 0.270780376953125 0.253729490234375 0.264303970703125 0.26885546875 0.284753357421875 0.2706658515625 0.27953415234375 0.264828822265625 0.2768078046875 0.27675792578125 0.272759607421875 0.286470763671875 0.255546654296875 0.294714455078125 0.24998621484375 0.3011693125 0.253628529296875 0.302792841796875 0.327164373046875 0.296575017578125 0.3673411171875 0.2862228046875 0.379654552734375 0.285967763671875 0.389155447265625 0.320946849609375 0.3975464375 0.342631890625 0.384252388671875 0.340286333984375 0.347186328125 0.324607171875 0.33777162890625 0.31987650390625 0.31297590625 0.32796935546875 0.279530611328125 0.352082603515625 0.26193332421875 0.35050571484375 0.253668083984375 0.341877689453125 0.244828115234375 0.252917724609375 0.227536048828125 0.227184490234375 0.228900994140625 0.224777828125 0.237187783203125 0.237155912109375 0.2594906484375
0 0.53515708984375 0.286377185546875 0.530940044921875 0.2998831796875 0.504463232421875 0.333734357421875 0.48413959765625 0.315458138671875 0.4442609921875 0.3077065234375 0.41562901953125 0.28304009375 0.39841606640625 0.27332725390625 0.3920043046875 0.277652041015625 0.403466421875 0.300572734375 0.4012106015625 0.33674437890625 0.36649009765625 0.37615599609375 0.352858353515625 0.405341150390625 0.36144328125 0.40621401953125 0.368429771484375 0.394838095703125 0.374586490234375 0.400014203125 0.37529051171875 0.41686437109375 0.4031969140625 0.42069708203125 0.408139529296875 0.42802480859375 0.4268647265625 0.434052236328125 0.430740533203125 0.41411293359375 0.4447350625 0.395344638671875 0.475920994140625 0.3823056328125 0.54543019140625 0.37273655078125 0.5492198046875 0.336863046875 0.569881134765625 0.3042690703125 0.57043431640625 0.293234384765625 0.563340083984375 0.284692552734375 0.53140703125 0.272914291015625 0.5351139921875 0.278410083984375 0.528084404296875 0.28181890625 0.53515708984375 0.286377185546875
0 0.776320623046875 0.374180630859375 0.791800642578125 0.388097875 0.8100047265625 0.3880003125 0.83424614453125 0.403620529296875 0.847533783203125 0.400749302734375 0.857558078125 0.377245357421875 0.87935880078125 0.330578115234375 0.882331419921875 0.362062484375 0.890653095703125 0.347317744140625 0.916937650390625 0.352426943359375 0.852974927734375 0.30726929296875 0.844894458984375 0.30206253125 0.811891525390625 0.284739248046875 0.792126576171875 0.255444896484375 0.7575206171875 0.26508045703125 0.7366417421875 0.28829248828125 0.735669833984375 0.30264780859375 0.705880998046875 0.2968574453125 0.707583615234375 0.288098240234375 0.628381935546875 0.20907188671875 0.60910648828125 0.205325119140625 0.587007666015625 0.1973935 0.56594359375 0.16308905859375 0.529422802734375 0.16620178125 0.511658564453125 0.182747119140625 0.525095322265625 0.207175318359375 0.544860265625 0.23646970703125 0.58390053515625 0.269510767578125 0.614030158203125 0.273549369140625 0.631212673828125 0.27870731640625 0.67093398046875 0.30824475 0.7500360703125 0.369071431640625 0.765125779296875 0.37564065234375 0.776320623046875 0.374180630859375
0 0.016546005859375 0.91538441015625 0.234344537109375 0.95772015625 0.264208623046875 0.926915015625 0.278095408203125 0.888228966796875 0.263055623046875 0.88371378515625 0.254406048828125 0.870890263671875 0.20928669140625 0.85734471484375 0.016546005859375 0.91538441015625
0 0.08276180859375 0.353635572265625 0.091752619140625 0.37289240234375 0.211984708984375 0.3930796640625 0.1996712734375 0.382727451171875 0.086680712890625 0.341663373046875 0.08276180859375 0.353635572265625