1 0.251953125 0.42578125 0.1640625 0.16796875
1 0.2587890625 0.1923828125 0.12109375 0.11328125
1 0.2060546875 0.298828125 0.125 0.126953125
1 0.837890625 0.21484375 0.080078125 0.125
1 0.84375 0.3466796875 0.119140625 0.140625
1 0.755859375 0.15625 0.107421875 0.126953125
1 0.376953125 0.4658203125 0.16015625 0.150390625
1 0.6220703125 0.1220703125 0.10546875 0.11328125
1 0.693359375 0.43359375 0.154296875 0.154296875
1 0.392578125 0.146484375 0.09765625 0.107421875
1 0.869140625 0.0107421875 0.07421875 0.021484375
0 0.415748611328125 1 0.422165568359375 0.966763177734375 0.4339161875 0.948662583984375 0.458920232421875 0.926759634765625 0.473385447265625 0.9268455234375 0.48617608203125 0.941563603515625 0.500684244140625 0.934416884765625 0.492831462890625 0.89026743359375 0.45546142578125 0.85564534375 0.438410443359375 0.815675150390625 0.440924712890625 0.778467294921875 0.460031974609375 0.769230947265625 0.464674017578125 0.759908708984375 0.461926072265625 0.687916583984375 0.478485712890625 0.662082447265625 0.46686872265625 0.62796608984375 0.4698839296875 0.595524314453125 0.461191458984375 0.5739505234375 0.434560576171875 0.57273393359375 0.424942529296875 0.588201021484375 0.403702697265625 0.600070876953125 0.3655740625 0.604078357421875 0.3613470625 0.632631890625 0.352692740234375 0.634344619140625 0.3452120625 0.616659072265625 0.35691973828125 0.6057910859375 0.352196603515625 0.599059412109375 0.30830001953125 0.594035669921875 0.275610171875 0.57337786328125 0.228035267578125 0.56392199609375 0.185145349609375 0.537911287109375 0.17452543359375 0.54384621484375 0.168590505859375 0.533226298828125 0.136945474609375 0.514868041015625 0.0955012578125 0.334506029296875 0.09951833203125 0.311596412109375 0.11105902734375 0.299139732421875 0.10002886328125 0.255324240234375 0.108478060546875 0.22873630078125 0.135738708984375 0.21302114453125 0.1361585546875 0.201733314453125 0.18119543359375 0.133553138671875 0.19072759375 0.13255126953125 0.202850314453125 0.140914578125 0.22333634765625 0.13715516796875 0.229738861328125 0.09873551953125 0.249180078125 0.092676556640625 0.27117371484375 0.072696255859375 0.31423540625 0.069776533203125 0.323681677734375 0.083239880859375 0.3349695078125 0.083659724609375 0.349811625 0.079690390625 0.348475796875 0.066980845703125 0.362106123046875 0.059123267578125 0.363403802734375 0.048546294921875 0.407887208984375 0.043870900390625 0.41256740234375 0.057835181640625 0.4270326171875 0.057921068359375 0.422734125 0.0093824375 0.42001725390625 0.005652384765625 0.2835708125 0.019993484375 0.2533689296875 0.040836505859375 0.19115703125 0.060225185546875 0.131120650390625 0.06974775 0.11991391015625 0.085381814453125 0.09131743359375 0.08838742578125 0.076351283203125 0.0835354609375 0 0.108945130859375 0 0.52620389453125 0.0497979765625 1 0.415748611328125 1
0 0.56496521484375 0 0.572190515625 0.0330268984375 0.61508523046875 0.028518482421875 0.623696609375 0.034038365234375 0.6653365859375 0.0328743125 0.698613255859375 0.043832982421875 0.74836367578125 0.043422732421875 0.78005165234375 0.054548380859375 0.806219744140625 0.074285408203125 0.82929633984375 0.079891177734375 0.837444931640625 0.103931498046875 0.8680451484375 0.119990203125 0.8741470546875 0.132198814453125 0.889614140625 0.141816861328125 0.89496224609375 0.1621359140625 0.904494404296875 0.161134044921875 0.902318890625 0.17100016015625 0.94035204296875 0.242496146484375 0.94192634375 0.333886546875 0.92937418359375 0.397849318359375 0.941492107421875 0.436731755859375 0.931664140625 0.4578427578125 0.9094224375 0.460180455078125 0.901436025390625 0.468247955078125 0.921836171875 0.478953759765625 0.92275215234375 0.502951134765625 0.901302396484375 0.52046490625 0.89269101953125 0.514945025390625 0.8816512578125 0.532167783203125 0.873917712890625 0.527358759765625 0.87082621484375 0.5132275 0.861837935546875 0.511762841796875 0.82851352734375 0.53855590625 0.831938982421875 0.555864552734375 0.822864814453125 0.568865109375 0.79050412890625 0.5819038125 0.77754171875 0.5961161640625 0.74836321484375 0.57830178515625 0.7245328203125 0.5808064609375 0.7190129375 0.58941783984375 0.6643294609375 0.588740333984375 0.65065619140625 0.603830517578125 0.655918408203125 0.638614791015625 0.674476994140625 0.662364095703125 0.688183611328125 0.701079552734375 0.695196703125 0.767804666015625 0.718483220703125 0.767766517578125 0.729141283203125 0.785118107421875 0.729971380859375 0.82358069921875 0.717299982421875 0.84820304296875 0.70563525 0.851838421875 0.705382384765625 0.8647149453125 0.729627828125 0.88144156640625 0.742332576171875 0.910624865234375 0.768963458984375 0.911841453125 0.791744244140625 0.937556353515625 0.795169701171875 0.954865 0.8156127890625 0.9583381953125 0.822959888671875 0.9688096875 0.92957884765625 0.957603583984375 1 0.9502020234375 1 0.473796107421875 0.95954865625 0.088927279296875 0.930719833984375 0.082081083984375 0.918263154296875 0.070540388671875 0.868097685546875 0.05171934375 0.86383254296875 0.056986357421875 0.857563658203125 0.0431890546875 0.8344870625 0.037583287109375 0.830388896484375 0.044438994140625 0.82587568359375 0.03206340625 0.79727920703125 0.035069015625 0.793309873046875 0.020226900390625 0.775419201171875 0.0028323671875 0.7751215078125 0 0.56496521484375 0
0 0.47379610546875 0 0.442709720703125 0.003267310546875 0.454231134765625 0.171515025390625 0.4411780390625 0.230711716796875 0.464750771484375 0.27160269140625 0.468257318359375 0.304965248046875 0.45345334765625 0.332221099609375 0.451525900390625 0.359729818359375 0.453195685546875 0.375616748046875 0.474096765625 0.391088634765625 0.473839103515625 0.434484283203125 0.480775900390625 0.454636357421875 0.483347275390625 0.58607804296875 0.48978313671875 0.6014640390625 0.4925310859375 0.673456166015625 0.499300904296875 0.692019546875 0.49611392578125 0.753391755859375 0.50396670703125 0.79754120703125 0.49869489453125 0.823795189453125 0.512148646484375 0.875387169921875 0.504787205078125 0.89704205078125 0.5067909453125 0.916106369140625 0.52049756640625 0.954821826171875 0.50887098046875 0.98174372265625 0.51375338671875 1 0.5262038828125 1 0.67321165625 0.984548861328125 0.6791998984375 0.936535294921875 0.67235378515625 0.871398876953125 0.661695720703125 0.854047287109375 0.638910140625 0.85885151171875 0.6301221875 0.912781193359375 0.61623899609375 0.93351529296875 0.6240106875 0.961610833984375 0.6182808828125 0.97586612890625 0.602894888671875 0.9823019921875 0.59006130859375 0.974816517578125 0.580619833984375 0.930834044921875 0.560892400390625 0.89596388671875 0.559222615234375 0.880076955078125 0.566918013671875 0.8615994609375 0.562123380859375 0.777775625 0.584031126953125 0.772260541015625 0.59669773046875 0.77815732421875 0.600624119140625 0.800232048828125 0.596525955078125 0.807087755859375 0.604884466796875 0.825484162109375 0.619306740234375 0.83280265625 0.63068045703125 0.818757283203125 0.653757052734375 0.824363052734375 0.661700517578125 0.82352816015625 0.664920849609375 0.815961595703125 0.64846628515625 0.705254013671875 0.637684185546875 0.679081123046875 0.639444654296875 0.6499837109375 0.634177640625 0.64571856640625 0.629001310546875 0.596469078125 0.63276551953125 0.586435986328125 0.627498505859375 0.582170841796875 0.61705995703125 0.498137083984375 0.5918858046875 0.36396658984375 0.599608318359375 0.34737821484375 0.572777107421875 0.2907672890625 0.56066877734375 0.190846599609375 0.553269189453125 0.189214962890625 0.55075971875 0.19590369140625 0.52969166015625 0.178843115234375 0.522750064453125 0.189210166015625 0.494925041015625 0.191917158203125 0.487011666015625 0.147188490234375 0.474488287109375 0.028036505859375 0.48021808984375 0.0137812109375 0.489750248046875 0.012779341796875 0.502416849609375 0.018676125 0.516867673828125 0.110319388671875 0.513270443359375 0.12194117578125 0.52513550390625 0.173700134765625 0.529524681640625 0.177254423828125 0.553565001953125 0.16910583203125 0.53586049609375 0.031223486328125 0.523515548828125 0 0.47379610546875 0
0 0.422633615234375 0.382844560546875 0.4583936640625 0.379162140625 0.45737367578125 0.331852208984375 0.412605318359375 0.3485612265625 0.38777305078125 0.3415337421875 0.38191921484375 0.346967734375 0.3737276796875 0.3301600234375 0.360641234375 0.33555107421875 0.35462521484375 0.30887724609375 0.355798861328125 0.28947897265625 0.361986654296875 0.2872223671875 0.355464904296875 0.2863015859375 0.3526262734375 0.259293802734375 0.37453401953125 0.25377871875 0.3658844921875 0.224972322265625 0.377005345703125 0.22380347265625 0.38678557421875 0.240444205078125 0.412538619140625 0.2409499375 0.42165573046875 0.220716771484375 0.442685642578125 0.21449083203125 0.434618140625 0.206504419921875 0.42098781640625 0.214362 0.400921630859375 0.206833580078125 0.3908026484375 0.217534587890625 0.380602576171875 0.212181685546875 0.3650496015625 0.21702885546875 0.33679187890625 0.1926927265625 0.329220515625 0.219991521484375 0.3150892578125 0.223083021484375 0.317966037109375 0.273377322265625 0.306134326171875 0.275424005859375 0.305132455078125 0.26589184765625 0.3159193515625 0.26154561328125 0.312159939453125 0.24105958203125 0.2974037109375 0.230563697265625 0.284651220703125 0.239132134765625 0.294264470703125 0.254184171875 0.293257802734375 0.275171140625 0.306802240234375 0.281778779296875 0.3132381015625 0.297164775390625 0.316157826171875 0.34022646875 0.326190919921875 0.343990677734375 0.32911544140625 0.356533244140625 0.3431608125 0.3679069609375 0.342865001953125 0.38801609375 0.35415283203125 0.3884359375 0.36092744921875 0.376480193359375 0.369037892578125 0.377233994140625 0.3769384140625 0.3836317109375 0.379319056640625 0.398640806640625 0.4110499765625 0.40253384765625 0.422633615234375 0.382844560546875
0 0.5928099453125 0.244490064453125 0.598076958984375 0.24875520703125 0.642560369140625 0.2440798125 0.64686845703125 0.23158019140625 0.640017544921875 0.196962896484375 0.65013652734375 0.186261890625 0.63094817578125 0.179444330078125 0.5991743125 0.1827838984375 0.57986192578125 0.16714503515625 0.561632501953125 0.177092240234375 0.56676588671875 0.2335743359375 0.57374562890625 0.2464938046875 0.58562028125 0.23721451171875 0.58925566015625 0.2488792421875 0.5928099453125 0.244490064453125
0 0.637102388671875 0.39082160546875 0.64776525 0.3776540703125 0.640160537109375 0.351147220703125 0.64747903515625 0.33672494921875 0.66315604296875 0.340699080078125 0.670760755859375 0.3672059296875 0.6830933984375 0.369925322265625 0.6962275859375 0.3267825390625 0.712949408203125 0.333056220703125 0.742967599609375 0.328294939453125 0.742428517578125 0.300242341796875 0.756225822265625 0.29397345703125 0.756645666015625 0.282685626953125 0.742013470703125 0.281011044921875 0.737171099609375 0.234938947265625 0.71777282421875 0.23376530078125 0.711379904296875 0.2111466953125 0.703102482421875 0.208804201171875 0.693150478515625 0.22109390234375 0.686628728515625 0.22017312109375 0.683160330078125 0.2100970859375 0.655613462890625 0.184883119140625 0.65054677734375 0.2360123125 0.6541392109375 0.254909650390625 0.670527078125 0.258005947265625 0.6650023984375 0.297136451171875 0.65885755078125 0.292160451171875 0.609441083984375 0.295748087890625 0.604088181640625 0.305948158203125 0.600075904296875 0.29833865234375 0.597857443359375 0.315437375 0.588869166015625 0.313972716796875 0.585648833984375 0.32153928125 0.593506412109375 0.33516960546875 0.593587501953125 0.351223515625 0.604331453125 0.354109888671875 0.61799992578125 0.369538828125 0.62669239453125 0.391112619140625 0.637102388671875 0.39082160546875