1 0.4306640625 0.806640625 0.205078125 0.251953125
1 0.22265625 0.509765625 0.099609375 0.099609375
1 0.0625 0.5078125 0.1201171875 0.103515625
1 0.3984375 0.48828125 0.1298828125 0.060546875
1 0.3291015625 0.388671875 0.0517578125 0.037109375
1 0.232421875 0.3896484375 0.0654296875 0.037109375
1 0.130859375 0.3896484375 0.072265625 0.037109375
1 0.0263671875 0.392578125 0.052734375 0.041015625
1 0.9306640625 0.2392578125 0.0859375 0.0361328125
1 0.4755859375 0.259765625 0.1123046875 0.037109375
0 1 0.71171875 0.8171875 0.54296875 0.8296875 0.54140625 0.81640625 0.5265625 0.81015625 0.5390625 0.76171875 0.5109375 0.6984375 0.49140625 0.69921875 0.4859375 0.76328125 0.48125 0.77734375 0.46875 0.79609375 0.4703125 0.80859375 0.4640625 0.84140625 0.4640625 0.85546875 0.4734375 0.91171875 0.471875 0.92578125 0.4546875 0.94140625 0.45625 0.96484375 0.4765625 0.99921875 0.4875 0.99921875 0.259375 0.93984375 0.2640625 0.88671875 0.25625 0.78828125 0.2578125 0.75078125 0.253125 0.70703125 0.2359375 0.66328125 0.2328125 0.65703125 0.225 0.64765625 0.2296875 0.61015625 0.221875 0.60234375 0.228125 0.59921875 0.2234375 0.55234375 0.225 0.540625 0.23359375 0.56875 0.26640625 0.5671875 0.27890625 0.56015625 0.28125 0.30390625 0.3 0.21796875 0.3 0.16640625 0.3109375 0.06171875 0.31875 0.03984375 0.321875 0 0.35390625 0 0.36171875 0.01328125 0.371875 0.04453125 0.375 0.051880478515625 0.3749544296875 0.0515625 0.40390625 0.04140625 0.4125 0 0.41640625 0.00078125 0.4703125 0.03984375 0.459375 0.07890625 0.4578125 0.14609375 0.4703125 0.148080244140625 0.48289362109375 0.13203125 0.5078125 0.11171875 0.515625 0.09609375 0.540625 0 0.55546875 0.00078125 1 1 0.99921875 1 0.71171875
0 0.553125 0.20390625 0.55625 0.19140625 0.53515625 0.184375 0.5375 0.19609375 0.553125 0.20390625
0 0.2953125 0.18515625 0.29921875 0.1953125 0.3625 0.19921875 0.38828125 0.1984375 0.3984375 0.18984375 0.31171875 0.18125 0.2953125 0.18515625
0 0.51640625 0.171875 0.4453125 0.17265625 0.44453125 0.19375 0.45390625 0.1953125 0.45859375 0.18125 0.45859375 0.2015625 0.4921875 0.20078125 0.4953125 0.17890625 0.50390625 0.1765625 0.51171875 0.1828125 0.51640625 0.171875
0 0.571875 0.17734375 0.57578125 0.1859375 0.58984375 0.1828125 0.60078125 0.196875 0.63671875 0.1984375 0.64140625 0.184375 0.64921875 0.184375 0.65546875 0.19375 0.66796875 0.19375 0.67421875 0.184375 0.68671875 0.1921875 0.6875 0.18359375 0.69453125 0.18125 0.70546875 0.184375 0.71953125 0.2 0.7359375 0.19921875 0.75 0.19765625 0.75390625 0.178125 0.73515625 0.171875 0.571875 0.17734375