1 0.40625 0.49609375 0.111328125 0.0859375
1 0.9716796875 0.7578125 0.056640625 0.1875
1 0.572265625 0.5166015625 0.05859375 0.107421875
1 0.3505859375 0.619140625 0.216796875 0.07421875
1 0.8046875 0.654296875 0.08984375 0.126953125
1 0.916015625 0.525390625 0.119140625 0.103515625
1 0.77734375 0.5400390625 0.095703125 0.109375
1 0.6748046875 0.255859375 0.076171875 0.1640625
1 0.1728515625 0.3466796875 0.345703125 0.283203125
1 0.427734375 0.3837890625 0.103515625 0.1015625
1 0.7294921875 0.4765625 0.07421875 0.076171875
1 0.7822265625 0.224609375 0.056640625 0.037109375
1 0.4169921875 0.2158203125 0.07421875 0.041015625
1 0.6806640625 0.5546875 0.0546875 0.080078125
1 0.9228515625 0.654296875 0.080078125 0.080078125
1 0.66796875 0.4736328125 0.052734375 0.056640625
1 0.8134765625 0.4482421875 0.048828125 0.083984375
1 0.9345703125 0.4443359375 0.083984375 0.07421875
1 0.5517578125 0.40234375 0.06640625 0.068359375
1 0.904296875 0.3095703125 0.04296875 0.068359375
1 0.9541015625 0.3193359375 0.046875 0.052734375
1 0.9482421875 0.380859375 0.080078125 0.044921875
1 0.9326171875 0.060546875 0.09375 0.06640625
1 0.44140625 0.09765625 0.09375 0.037109375
1 0.3310546875 0.5087890625 0.046875 0.05859375
1 0.6767578125 0.369140625 0.10546875 0.05859375
1 0.5732421875 0.341796875 0.07421875 0.060546875
1 0.4267578125 0.3154296875 0.07421875 0.044921875
1 0.568359375 0.232421875 0.087890625 0.0546875
1 0.5166015625 0.1650390625 0.095703125 0.044921875
1 0.3583984375 0.1796875 0.15234375 0.046875
0 1 0.8525832890625 0.97908028125 0.850807005859375 0.94760676953125 0.79966846484375 0.851640666015625 0.799898923828125 0.790017736328125 0.78393280859375 0.776336056640625 0.7670538359375 0.780459775390625 0.723647541015625 0.776433228515625 0.70786219921875 0.76174151953125 0.70223361328125 0.723873421875 0.712216376953125 0.715729939453125 0.709443888671875 0.711542966796875 0.66007458984375 0.7600762265625 0.6399350703125 0.76520319140625 0.61567183203125 0.755130037109375 0.60660192578125 0.708366025390625 0.59945490625 0.636663162109375 0.604812330078125 0.60879139453125 0.59187630078125 0.591751998046875 0.571974025390625 0.556489181640625 0.570622798828125 0.54197146484375 0.53779127734375 0.4716966484375 0.539874587890625 0.46388758203125 0.5434831171875 0.464640015625 0.55784041015625 0.473285119140625 0.5701844296875 0.467489326171875 0.58168562890625 0.450359541015625 0.590581544921875 0.45354326953125 0.620807783203125 0.44623582421875 0.633987841796875 0.263283140625 0.653173802734375 0.24842422265625 0.644354708984375 0.2543171875 0.57366187109375 0.267162830078125 0.574588296875 0.28076090625 0.589872013671875 0.310485521484375 0.577116759765625 0.402926697265625 0.570672484375 0.41527071875 0.562027380859375 0.416029935546875 0.54599123046875 0.39814771875 0.5405298515625 0.3135992109375 0.544960849609375 0.28933597265625 0.539833888671875 0.281624076171875 0.484250779296875 0.2495517734375 0.482732345703125 0.221589619140625 0.498594505859375 0.2275458359375 0.52067726171875 0.22317808984375 0.52890434765625 0.160120330078125 0.54660579296875 0.1424053203125 0.544334923828125 0.14022483984375 0.533251744140625 0.18279509765625 0.5214229140625 0.208994787109375 0.502453845703125 0.18792205859375 0.49715967578125 0.093460826171875 0.526104724609375 0.00129258984375 0.53775703515625 0.004998203125 0.608464359375 0.031309140625 0.62214086328125 0.072952974609375 0.62315767578125 0.077404322265625 0.61652584375 0.07312696484375 0.59595473828125 0.083959333984375 0.588988494140625 0.131649771484375 0.58328987109375 0.170604716796875 0.594045419921875 0.181012283203125 0.609496345703125 0.17857420703125 0.624020845703125 0.161695234375 0.63770252734375 0.138100828125 0.645337603515625 0.140615724609375 0.662801802734375 0.1808247265625 0.697486171875 0.21281342578125 0.697409353515625 0.237411080078125 0.7089173359375 0.28727521484375 0.74469533984375 0.2928134140625 0.7588018203125 0.2803857890625 0.765851669921875 0.259563875 0.765343263671875 0.198114935546875 0.722174212890625 0.14975566796875 0.715110796875 0.079661625 0.659597724609375 0.051957064453125 0.64985220703125 0.015015392578125 0.646989326171875 0.006788306640625 0.64262158203125 0.009539630859375 0.69511996875 0.11406805078125 0.736176740234375 0.126070873046875 0.7515440625 0.127074119140625 0.770687123046875 0.114562890625 0.776141716796875 0.07695238671875 0.76051680078125 0.0341381015625 0.737166419921875 0.0105504765625 0.71440805078125 0.025517716796875 1 0.513092970703125 1 0.691755431640625 0.990636697265625 0.657236470703125 0.966851578125 0.639354251953125 0.961390201171875 0.61240891015625 0.93560852734375 0.58512237109375 0.93383928125 0.545833009765625 0.916702712890625 0.542064056640625 0.87530969140625 0.54811066015625 0.8685942578125 0.562467953125 0.86784182421875 0.59931923828125 0.899502892578125 0.620224759765625 0.901606552734375 0.643227158203125 0.913198138671875 0.66883483984375 0.913455734375 0.6803360390625 0.919251525390625 0.6860414453125 0.936548517578125 0.708625822265625 0.940163830078125 0.718782580078125 0.9508289921875 0.78477325390625 0.958568021484375 0.809245951171875 0.984479279296875 1 0.974482283203125 1 0.8525832890625