1 0.958984375 0.2265625 0.08203125 0.08203125
1 0.548828125 0.353515625 0.09765625 0.052734375
1 0.580078125 0.244140625 0.15625 0.08203125
1 0.6416015625 0.8330078125 0.06640625 0.0703125
1 0.125 0.4248046875 0.25 0.09375
1 0.8583984375 0.6865234375 0.130859375 0.103515625
1 0.8876953125 0.0615234375 0.14453125 0.052734375
1 0.267578125 0.2529296875 0.154296875 0.064453125
0 0.008651369140625 0 0.0080264296875 0.035802736328125 0.03978737109375 0.058621216796875 0.03835231640625 0.094775310546875 0.045656087890625 0.090882892578125 0.069030513671875 0.04144407421875 0.092409005859375 0.037832244140625 0.09827365625 0.02426693359375 0.11206343359375 0.017271806640625 0.520557775390625 0.013146369140625 0.58666461328125 0.04887144921875 0.58415519921875 0.054455513671875 0.525183783203125 0.024482849609375 0.183385505859375 0.030576453125 0.19274975390625 0.04681952734375 0.190100048828125 0.060440951171875 0.2395388671875 0.083815376953125 0.257389412109375 0.0744791875 0.28632391015625 0.074984240234375 0.301725228515625 0.113844158203125 0.3591452890625 0.1405738203125 0.361318 0.154279421875 0.379649609375 0.16344319140625 0.3826921328125 0.12731715625 0.39653802734375 0.117107083984375 0.428687470703125 0.11766825390625 0.43638812890625 0.13709821484375 0.5152665 0.132043193359375 0.521159208984375 0.116870412109375 0.530098509765625 0.11139858203125 0.542930228515625 0.113230521484375 0.557144951171875 0.127950298828125 0.5989672890625 0.12707234765625 0.60787853125 0.123207990234375 0.609766587890625 0.107161326171875 0.622033068359375 0.09531572265625 0.639715263671875 0.0956243671875 0.647584271484375 0.105409494140625 0.65973851953125 0.099993779296875 0.65990687109375 0.0903489453125 0.6416594375 0.076362759765625 0.67519188671875 0.089811767578125 0.72036945703125 0.080952572265625 0.7213836328125 0.068910560546875 0.692785833984375 0.04911583984375 0.691655357421875 0.021760755859375 0.7036173203125 0.003477990234375 0.6664003125 0.00282836328125 0.670617927734375 0.02943335546875 0.670449576171875 0.0390781875 0.658267271484375 0.046101373046875 0.61500581640625 0.03730643359375 0.6087723359375 0.025941892578125 0.600678859375 0.029016544921875 0.546501798828125 0.00073552734375 0.504363462890625 0 0.008651369140625 0
0 1 0.021273240234375 0.99636954296875 0.021451693359375 0.945098783203125 0.01090898828125 0.945512115234375 0.007700279296875 0.707708294921875 0.0035493984375 0.719772091796875 0.023055515625 0.745603880859375 0.0170745625 0.749187654296875 0.04206052734375 0.73055146875 0.096405939453125 0.703789681640625 0.109606486328125 0.696373677734375 0.11992879296875 0.711350046875 0.1370738046875 0.730920298828125 0.121335787109375 0.748546375 0.124859373046875 0.77920058203125 0.11896259765625 0.7962374296875 0.1562431015625 0.823676689453125 0.15029020703125 0.828723576171875 0.13751460546875 0.8308682265625 0.1528276796875 0.842938298828125 0.1522343828125 0.843078591796875 0.1441970234375 0.85836360546875 0.143659841796875 0.84237305859375 0.13855683984375 0.84499470703125 0.12654288671875 0.852891775390625 0.134720541015625 0.861181662109375 0.120393583984375 0.865723494140625 0.13655248046875 0.869078732421875 0.12857123828125 0.880331037109375 0.128767646484375 0.880443271484375 0.1223377578125 0.88512539453125 0.130459294921875 0.88616762890625 0.116809810546875 0.86848543359375 0.116501166015625 0.875392318359375 0.089286373046875 0.8666213671875 0.08511337109375 0.8520418828125 0.091290734375 0.848658587890625 0.100879447265625 0.8430745234375 0.098370037109375 0.846429759765625 0.090388791015625 0.83760269140625 0.089430734375 0.829116396484375 0.11500999609375 0.81546691015625 0.11396776171875 0.820513794921875 0.10119216015625 0.81667749609375 0.0906734453125 0.799532482421875 0.10564981640625 0.794425412109375 0.075813376953125 0.78850464453125 0.09259362890625 0.793242884765625 0.09750022265625 0.77637845703125 0.09640187109375 0.7742338046875 0.081088796875 0.76377120703125 0.08171015234375 0.75674801953125 0.069527849609375 0.76963585546875 0.06814484375 0.7666734375 0.0536214765625 0.779136330078125 0.0305235703125 0.811341888671875 0.027869796875 0.955789916015625 0.043254841796875 0.972205408203125 0.07007274609375 0.950209919921875 0.0865724140625 0.934107140625 0.08789930078125 0.93151355078125 0.098305783203125 0.9201770703125 0.1029317890625 0.92164425 0.110997208984375 0.9119152421875 0.115651275390625 0.91490571875 0.12856716796875 0.92610190625 0.1319785234375 0.914031833984375 0.1325718203125 0.913835423828125 0.143824125 0.9171906640625 0.135842880859375 0.9300223828125 0.137674822265625 0.93822809375 0.12817028125 0.93729809375 0.135389876953125 0.9493681640625 0.134796580078125 0.9515969921875 0.145287236328125 0.93961109765625 0.1410581171875 0.92993820703125 0.142497240234375 0.9314334453125 0.148955185546875 0.91219989453125 0.1454035390625 0.90323253515625 0.152482841796875 0.93112480078125 0.16663737890625 0.94051710546875 0.18127298046875 0.9581712421875 0.18318909765625 0.962568712890625 0.1615583671875 0.97946119921875 0.16104924609375 0.9892743828125 0.151572763671875 0.993194859375 0.157269064453125 0.984792736328125 0.17802591015625 0.9918720390625 0.18699326953125 1 0.186748302734375 1 0.09940933984375 0.994994673828125 0.100217830078125 0.98673284375 0.112937314453125 0.978667423828125 0.114404494140625 0.9764105390625 0.105521310546875 0.988761193359375 0.088853291015625 1 0.086808841796875 1 0.021273240234375
0 0.329028263671875 0.161755611328125 0.3485423984375 0.149232537109375 0.283958857421875 0.118357931640625 0.27668314453125 0.120642875 0.272145380859375 0.15031096484375 0.29445358203125 0.16195608984375 0.329028263671875 0.161755611328125
0 0.23308498828125 0.1311376015625 0.23959905078125 0.126427419921875 0.243234873046875 0.102371453125 0.180314921875 0.068309962890625 0.177216279296875 0.10765094140625 0.206659900390625 0.125048482421875 0.23308498828125 0.1311376015625
0 0.355577787109375 0.29889580078125 0.34396072265625 0.31959653125 0.34495090625 0.354988974609375 0.328371130859375 0.383642890625 0.343431677734375 0.395965486328125 0.392361373046875 0.40244742578125 0.39413719921875 0.392830650390625 0.381501888671875 0.379746404296875 0.38685741796875 0.349288609375 0.379100640625 0.333073595703125 0.3809045234375 0.32184934765625 0.391535474609375 0.311583158203125 0.409273783203125 0.308676859375 0.421764734375 0.28397148046875 0.409947189453125 0.270097525390625 0.349312181640625 0.243311748046875 0.344746361328125 0.27458730859375 0.355577787109375 0.29889580078125
0 0.179096619140625 0.32234668359375 0.17190508203125 0.3198092109375 0.1721014921875 0.30855690625 0.156984826171875 0.29944925390625 0.138344576171875 0.30796767578125 0.1378395234375 0.33690217578125 0.14982541796875 0.341131294921875 0.154479482421875 0.3508603046875 0.231553970703125 0.357029529296875 0.244161220703125 0.371721248046875 0.27949755078125 0.3739460078125 0.29785721875 0.381502306640625 0.298250037109375 0.3589976953125 0.283866962890625 0.353922751953125 0.287278318359375 0.342726564453125 0.281862603515625 0.33057231640625 0.274222130859375 0.353754400390625 0.2677922421875 0.353642166015625 0.267250994140625 0.292530166015625 0.252839861328125 0.289062693359375 0.2601436328125 0.28517027734375 0.219956828125 0.284468814453125 0.2056018125 0.2777863984375 0.179096619140625 0.32234668359375
0 1 0.31636093359375 0.9960853046875 0.314095806640625 0.9463939609375 0.305188630859375 0.96137033203125 0.32233364453125 0.94602919921875 0.32608576953125 0.930066712890625 0.319375294921875 0.9185338203125 0.335253607421875 0.91796858203125 0.321576064453125 0.90759016015625 0.31737500390625 0.8739454765625 0.31035588671875 0.849777279296875 0.313149953125 0.84803358203125 0.3669862421875 0.86157083203125 0.37445836328125 0.865407130859375 0.384977078125 0.85605101953125 0.460387978515625 0.847223953125 0.459429919921875 0.836252232421875 0.4431587890625 0.8152989765625 0.446008970703125 0.797508615234375 0.497957203125 0.782139427734375 0.50331680078125 0.778471478515625 0.483153251953125 0.762537046875 0.4748353046875 0.76290180859375 0.45393816796875 0.754130857421875 0.449765166015625 0.747532619140625 0.45929776171875 0.734644783203125 0.460680767578125 0.707602408203125 0.489956037109375 0.71547141796875 0.499741162109375 0.715050541015625 0.52385324609375 0.69889164453125 0.528395076171875 0.701092412109375 0.540493205078125 0.72198955078125 0.540857966796875 0.738344857421875 0.525063830078125 0.776952248046875 0.524129763671875 0.807662572265625 0.51501804296875 0.81871846484375 0.5264667578125 0.858821095703125 0.53199063671875 0.8791570625 0.564504841796875 0.8975447890625 0.570453666015625 0.901717791015625 0.56168271484375 0.916213099609375 0.56032776953125 0.9293534609375 0.544477517578125 0.9501383671875 0.551272166015625 0.958821072265625 0.514440599609375 0.999876658203125 0.511429677734375 1 0.5043634375 1 0.4877996484375 0.99319527734375 0.47966544140625 0.9889100390625 0.494866279296875 0.971933376953125 0.50019781640625 0.9607371875 0.496786462890625 0.945055287109375 0.474001267578125 0.9401486953125 0.478739509765625 0.928952505859375 0.475328154296875 0.9245269765625 0.49856635546875 0.9305079296875 0.52439814453125 0.92300775 0.5395428671875 0.903746140625 0.53759869140625 0.8917883046875 0.531762099609375 0.890573650390625 0.509229431640625 0.877966400390625 0.49453771484375 0.889639583984375 0.470622041015625 0.89166793359375 0.446538017578125 0.90717741796875 0.43314105859375 0.92731290625 0.431080583984375 0.9292290234375 0.413426447265625 0.938308619140625 0.399917255859375 1 0.417230498046875 1 0.31636093359375
0 0.762869681640625 0.409718654296875 0.77113151171875 0.39699916796875 0.79843048046875 0.39908363671875 0.80759425 0.38075202734375 0.804659892578125 0.364621189453125 0.81339871484375 0.32457467578125 0.77109531640625 0.30695266796875 0.767006490234375 0.310901201171875 0.774987734375 0.314256439453125 0.772450263671875 0.3214479765625 0.761226015625 0.31964409375 0.753357005859375 0.30985896875 0.74842235546875 0.3162046796875 0.726029978515625 0.30938197265625 0.67284310546875 0.31649340234375 0.650057908203125 0.3321753046875 0.613226341796875 0.32349259765625 0.611366341796875 0.3379317890625 0.610857220703125 0.32103930078125 0.59187619921875 0.303020404296875 0.60106802734375 0.28308132421875 0.578675650390625 0.276258615234375 0.559077341796875 0.293604109375 0.553773861328125 0.27501997265625 0.5418160234375 0.2691833828125 0.524867421875 0.272907447265625 0.530848373046875 0.298739236328125 0.52351654296875 0.304239126953125 0.489675451171875 0.3084723125 0.44336740234375 0.289976421875 0.4304515078125 0.2929668984375 0.42433433203125 0.32099945703125 0.428791986328125 0.34198076953125 0.456880662109375 0.344883001953125 0.459193666015625 0.350551244140625 0.44709553515625 0.352752013671875 0.437114 0.371873328125 0.430287224609375 0.34843871875 0.420642392578125 0.3482703671875 0.418333455078125 0.388429111328125 0.408351921875 0.40755042578125 0.44588901953125 0.42187331640625 0.464445095703125 0.41817730859375 0.463090150390625 0.403682 0.472987509765625 0.3893831015625 0.473520623046875 0.358841130859375 0.481020802734375 0.343696408203125 0.506740357421875 0.344145345703125 0.5247311953125 0.326771794921875 0.587987849609375 0.34154362109375 0.58762308984375 0.362440759765625 0.572085546875 0.3774451875 0.5527678203125 0.37871595703125 0.525581087890625 0.3702016015625 0.4922491171875 0.39132727734375 0.490024357421875 0.426663607421875 0.518197208984375 0.424743421875 0.523304279296875 0.45457986328125 0.53918258984375 0.46611275390625 0.554046728515625 0.48968765625 0.566088740234375 0.49070183203125 0.58089269140625 0.47166469140625 0.568509908203125 0.4441131953125 0.585995693359375 0.45567414453125 0.603990599609375 0.48412758203125 0.613238544921875 0.460973556640625 0.611967775390625 0.44165583203125 0.635795205078125 0.4123244453125 0.6631502890625 0.41119396875 0.685935486328125 0.39551206640625 0.7164493984375 0.397652650390625 0.740252837890625 0.41575572265625 0.762869681640625 0.409718654296875
0 0 0.6255372890625 0.002555681640625 0.6255818984375 0.016261283203125 0.6234091875 0.02049040234375 0.61142329296875 0.017499927734375 0.5985073984375 0.0031168515625 0.593432455078125 0.0033413203125 0.580572677734375 0 0.575717869140625 0 0.6255372890625
0 0.97097166796875 0.785594275390625 0.988597744140625 0.78911786328125 0.99511180859375 0.784407681640625 0.996104603515625 0.72753052734375 0.97779030859375 0.717374912109375 0.9687387734375 0.7292766328125 0.97635525390625 0.753529009765625 0.98430844140625 0.758491716796875 0.98408397265625 0.771351494140625 0.97097166796875 0.785594275390625
0 0.035181703125 0.276419666015625 0.01611650390625 0.263223185546875 0.004052669921875 0.263459267578125 0.003597498046875 0.2895360390625 0.0122842734375 0.29853145703125 0.05560184765625 0.304111453125 0.060989501953125 0.317873171875 0.0774851015625 0.29404167578125 0.070518033203125 0.27864442578125 0.035181703125 0.276419666015625
0 0.867535560546875 1 0.867604666015625 0.996040974609375 0.84619840625 0.9787837265625 0.7558713203125 0.994894642578125 0.750123859375 1 0.867535560546875 1
0 0.908456740234375 0.866509134765625 0.92822746875 0.88534579296875 0.935475123046875 0.884668322265625 0.963760208984375 0.87631825 0.982937640625 0.88308483984375 0.99345635546875 0.8792485390625 0.99363172265625 0.86920183984375 0.982624927734375 0.854940048828125 0.993897908203125 0.85395200390625 0.994842916015625 0.799812623046875 0.994041515625 0.799664638671875 0.98614444921875 0.791486984375 0.98668162890625 0.806772 0.980985330078125 0.8106924765625 0.897933955078125 0.8245184453125 0.908456740234375 0.866509134765625
0 0.502739775390625 0.38909844921875 0.50618325390625 0.4221217734375 0.517379443359375 0.42553312890625 0.523276220703125 0.456187333984375 0.535290173828125 0.458808982421875 0.5430750078125 0.4734165234375 0.55348148828125 0.47601011328125 0.555626142578125 0.491323185546875 0.5676962109375 0.490729890625 0.57277115625 0.47634681640625 0.5825001640625 0.47169275 0.581962984375 0.456407734375 0.60252341796875 0.476062162109375 0.60520118359375 0.460833263671875 0.61814513671875 0.45623531640625 0.6103041875 0.444842716796875 0.620173486328125 0.432151291015625 0.618902716796875 0.412833568359375 0.557085185546875 0.4077346328125 0.538019986328125 0.394538154296875 0.502739775390625 0.38909844921875
0 0.259470228515625 0.323749609375 0.2530683984375 0.32202990234375 0.24878316015625 0.3372307421875 0.243142978515625 0.3379362734375 0.214461005859375 0.322963970703125 0.2067322890625 0.305141484375 0.190685626953125 0.30325342578125 0.179180794921875 0.317524265625 0.169760427734375 0.30449613671875 0.14576058203125 0.29764537109375 0.135213806640625 0.30308914453125 0.13916641015625 0.35300495703125 0.127040220703125 0.356813197265625 0.121993337890625 0.369588798828125 0.105072791015625 0.371705392578125 0.1031286171875 0.390967001953125 0.111025685546875 0.399144654296875 0.121684693359375 0.387270994140625 0.171572447265625 0.38492586328125 0.191820171875 0.376435498046875 0.1431991171875 0.3522713671875 0.23959133203125 0.357169822265625 0.252170525390625 0.37346901171875 0.28113308203125 0.37236659375 0.288605203125 0.35882934375 0.2801428984375 0.3369741484375 0.26782030078125 0.352034693359375 0.2666056484375 0.329502025390625 0.259470228515625 0.323749609375
0 0.568726521484375 1 0.54839517578125 0.997704982421875 0.530853275390625 0.9893589765625 0.522278732421875 0.97393366796875 0.528989208984375 0.957971181640625 0.56810165234375 0.928102615234375 0.5439855 0.88185475 0.5286724296875 0.88399940234375 0.528279609375 0.90650401171875 0.5128262421875 0.916686025390625 0.459583251953125 0.9270123984375 0.4133634453125 0.949521078125 0.416353921875 0.96243697265625 0.4480544296875 0.98871769921875 0.45380231640625 0.99926978125 0.495636541015625 1 0.568726521484375 1
0 0.865130615234375 0.44687878515625 0.858448197265625 0.46123380078125 0.8471678359375 0.462644865234375 0.836168056640625 0.447981205078125 0.81690644921875 0.446037029296875 0.810761212890625 0.475677060546875 0.80100414453125 0.481938599609375 0.790176787109375 0.50345709375 0.78137777734375 0.5008915625 0.778499537109375 0.481545779296875 0.764116462890625 0.4764708359375 0.76290180859375 0.45393816796875 0.754130857421875 0.449765166015625 0.745925146484375 0.459269703125 0.728158775390625 0.463783478515625 0.71335482421875 0.4828206171875 0.682644501953125 0.491932337890625 0.6119157265625 0.49069776171875 0.596406244140625 0.504094720703125 0.6164295 0.5084641328125 0.620237740234375 0.5205903203125 0.634592755859375 0.527272734375 0.636765466796875 0.5409783359375 0.649653302734375 0.53959533203125 0.6531207734375 0.525184201171875 0.68044780078125 0.5256611953125 0.68076051171875 0.553805986328125 0.666181029296875 0.559983349609375 0.665984619140625 0.571235654296875 0.677208865234375 0.573039537109375 0.694129412109375 0.570922943359375 0.69675105859375 0.558908990234375 0.74155980078125 0.525119947265625 0.858849154296875 0.5303831640625 0.877381240234375 0.574121615234375 0.9048205 0.56816872265625 0.9318067578125 0.542108396484375 0.89333966015625 0.535005103515625 0.89209694921875 0.51407990625 0.877854166015625 0.5009676015625 0.876354861328125 0.44868266796875 0.865130615234375 0.44687878515625
0 0.841387779296875 0.7937841328125 0.85514949609375 0.788396478515625 0.8514254296875 0.771447875 0.8099959140625 0.74982121484375 0.803790494140625 0.736849203125 0.742534130859375 0.699600826171875 0.743039185546875 0.67066632421875 0.72803475390625 0.65512878515625 0.714413330078125 0.652479078125 0.708348201171875 0.631469705078125 0.695684833984375 0.61999293359375 0.695091537109375 0.607922861328125 0.664633740234375 0.602567333984375 0.64675920703125 0.65933798046875 0.646338328125 0.683450064453125 0.662328875 0.688553064453125 0.66447352734375 0.703866138671875 0.67894077734375 0.704118666015625 0.690842494140625 0.713170201171875 0.6658004140625 0.719968919921875 0.663178765625 0.73198287109375 0.645300162109375 0.742926533203125 0.660925947265625 0.768926673828125 0.6538507109375 0.80578630078125 0.670803384765625 0.847889220703125 0.6688592109375 0.867150828125 0.658172142578125 0.8806319609375 0.645312365234375 0.8804074921875 0.6312700625 0.90186987109375 0.632681125 0.913150234375 0.6485594375 0.924683123046875 0.675152875 0.92112741015625 0.728564216796875 0.901156203125 0.754283771484375 0.901605138671875 0.753802708984375 0.8831051796875 0.76722365625 0.851180205078125 0.785326728515625 0.827376767578125 0.7926866171875 0.82026940625 0.82252305859375 0.8151623359375 0.81473822265625 0.80055479296875 0.819841224609375 0.78456424609375 0.83667759375 0.787270068359375 0.841387779296875 0.7937841328125
0 0.6157121796875 0.6877393671875 0.636693494140625 0.683281712890625 0.633955546875 0.65589856640625 0.621997708984375 0.6500619765625 0.61308646484375 0.653926333984375 0.615283166015625 0.620197478515625 0.59669903125 0.625500958984375 0.590633904296875 0.604491583984375 0.549148271484375 0.586079869140625 0.539699849609375 0.574659212890625 0.45780294140625 0.568405810546875 0.4371302734375 0.555181271484375 0.3769202109375 0.5501103984375 0.37717273828125 0.535643146484375 0.394289693359375 0.52227425 0.434532615234375 0.519760767578125 0.453738107421875 0.52491988671875 0.458392171875 0.534648896484375 0.46727535546875 0.532392009765625 0.469023123046875 0.524382705078125 0.458616638671875 0.521789119140625 0.45641587109375 0.50969098828125 0.44369638671875 0.50142916015625 0.443892796875 0.49017685546875 0.458724806640625 0.4695322421875 0.456552095703125 0.455826642578125 0.41450529296875 0.469564369140625 0.314645607421875 0.479077046875 0.29550030078125 0.51652996875 0.276719755859375 0.53308575390625 0.26462162890625 0.5352865234375 0.26276162890625 0.54972571484375 0.269135400390625 0.553052892578125 0.26972869921875 0.565122962890625 0.244826908203125 0.5638843203125 0.245023318359375 0.552632013671875 0.23235994921875 0.541155240234375 0.229593943359375 0.515379568359375 0.21763610546875 0.5095429765625 0.21295805078125 0.547248427734375 0.230584126953125 0.550772015625 0.2276538359375 0.5804681640625 0.184224029296875 0.5813180546875 0.18261248828125 0.535463009765625 0.1675238828125 0.524747884765625 0.13565909375 0.553938978515625 0.130163271484375 0.592434134765625 0.119644556640625 0.596270435546875 0.116173015625 0.56485458203125 0.101958294921875 0.5501348046875 0.099023935546875 0.534003966796875 0.081566208984375 0.520835544921875 0.074855736328125 0.536798033203125 0.0842761015625 0.549826162109375 0.08058416015625 0.5770970703125 0.08563511328125 0.610148455078125 0.10971913671875 0.6121768046875 0.12435473828125 0.6027845 0.130672392578125 0.609326623046875 0.145195759765625 0.606364205078125 0.184681099609375 0.64725247265625 0.19596146484375 0.64584141015625 0.210681240234375 0.6316266875 0.221709078125 0.644682875 0.237727681640625 0.648178404296875 0.2487274609375 0.6628420625 0.295344154296875 0.66365576171875 0.29509162890625 0.678123009765625 0.30166180859375 0.670197884765625 0.31618517578125 0.66723546484375 0.35479256640625 0.6663013984375 0.35778304296875 0.67921729296875 0.388268896484375 0.682965349609375 0.391287431640625 0.694273771484375 0.420137755859375 0.6996012421875 0.423100173828125 0.714124609375 0.434352478515625 0.71432101953125 0.43900654296875 0.72405002734375 0.46619327734375 0.7325643828125 0.4707912265625 0.7455083359375 0.49800601953125 0.752415220703125 0.504239498046875 0.763779759765625 0.533655060546875 0.7827847734375 0.534220298828125 0.796462314453125 0.548659490234375 0.798322314453125 0.57009380859375 0.81397208984375 0.565808572265625 0.8291729296875 0.581093587890625 0.82863575 0.59316365625 0.828042451171875 0.59575724609375 0.817635970703125 0.583009703125 0.810981615234375 0.57999116796875 0.79967319140625 0.612196728515625 0.79701941796875 0.610785666015625 0.7857390546875 0.598038123046875 0.779084697265625 0.596879587890625 0.753337083984375 0.60762276953125 0.736641005859375 0.6229919609375 0.731281408203125 0.613571595703125 0.718253279296875 0.6157121796875 0.6877393671875