1 0.2392578125 0.1982421875 0.2138671875 0.1640625
1 0.65234375 0.205078125 0.1640625 0.1171875
1 0.494140625 0.3427734375 0.236328125 0.228515625
1 0.857421875 0.25390625 0.1982421875 0.140625
1 0.9462890625 0.3388671875 0.107421875 0.1689453125
1 0.87109375 0.0927734375 0.0732421875 0.060546875
1 0.7685546875 0.0869140625 0.1044921875 0.087890625
1 0.8740234375 0.0546875 0.185546875 0.109375
1 0.4541015625 0.158203125 0.1748046875 0.0859375
1 0.3330078125 0.0224609375 0.123046875 0.044921875
1 0.16015625 0.3642578125 0.1591796875 0.1513671875
1 0.0615234375 0.2158203125 0.123046875 0.1220703125
1 0.060546875 0.119140625 0.068359375 0.078125
1 0.8662109375 0.1650390625 0.201171875 0.0859375
1 0.193359375 0.0576171875 0.15625 0.0546875
1 0.345703125 0.0908203125 0.1201171875 0.056640625
0 0 0.57109375 0.01953125 0.58125 0.0296875 0.59609375 0.0375 0.63671875 0.0296875 0.67890625 0.07578125 0.671875 0.1 0.68828125 0.1515625 0.65546875 0.159375 0.60859375 0.1875 0.55546875 0.19375 0.53046875 0.190625 0.52109375 0.17421875 0.5171875 0.08203125 0.521875 0.07421875 0.5140625 0.05390625 0.509375 0.02265625 0.509375 0.00703125 0.515625 0 0.52265625 0 0.57109375
0 0.72109375 0.653125 0.77265625 0.6484375 0.81171875 0.65 0.82109375 0.65625 0.99921875 0.6625 0.99921875 0.540625 0.95859375 0.5421875 0.94921875 0.5703125 0.93203125 0.5515625 0.80546875 0.5484375 0.7984375 0.55546875 0.796875 0.57421875 0.78984375 0.578125 0.78359375 0.55 0.70078125 0.5484375 0.67734375 0.521875 0.66796875 0.521875 0.6578125 0.53515625 0.6765625 0.54453125 0.678125 0.57734375 0.6734375 0.59609375 0.66484375 0.6 0.65546875 0.5953125 0.58046875 0.5953125 0.5671875 0.58828125 0.5640625 0.57421875 0.5703125 0.56015625 0.60234375 0.54375 0.60859375 0.534375 0.50078125 0.5390625 0.47734375 0.534375 0.45390625 0.5171875 0.43515625 0.5171875 0.41171875 0.546875 0.39296875 0.5578125 0.3765625 0.55078125 0.36640625 0.5140625 0.33359375 0.503125 0.28671875 0.5140625 0.22109375 0.5125 0.2109375 0.51796875 0.209375 0.53828125 0.2453125 0.55078125 0.2796875 0.60390625 0.29375 0.63984375 0.271875 0.69296875 0.265625 0.72734375 0.2671875 0.75234375 0.2890625 0.79921875 0.2875 0.86171875 0.2640625 0.94765625 0.27578125 1 0.721875 0.99921875 0.6921875 0.73828125 0.690625 0.70234375 0.696875 0.67578125 0.72109375 0.653125