1 0.2373046875 0.7109375 0.134765625 0.134765625
1 0.462890625 0.392578125 0.0654296875 0.0654296875
1 0.669921875 0.3251953125 0.0625 0.0517578125
1 0.421875 0.619140625 0.125 0.1357421875
1 0.7646484375 0.384765625 0.1435546875 0.0498046875
1 0.6416015625 0.416015625 0.0703125 0.0625
1 0.771484375 0.7392578125 0.0986328125 0.2138671875
0 0.9859375 0.40859375 0.9890625 0.43359375 1 0.44140625 0.99921875 0.3484375 0.9921875 0.37265625 0.9640625 0.38828125 0.9859375 0.40859375
0 0.17734375 0.9625 0.171875 0.96953125 0.1703125 0.99921875 0.203125 0.99921875 0.203125 0.99296875 0.2171875 0.98359375 0.2140625 0.96953125 0.17734375 0.9625
0 1 0.26484375 0.9875 0.26015625 0.9859375 0.24296875 0.97890625 0.2390625 0.92265625 0.2328125 0.8796875 0.23984375 0.88203125 0.2484375 0.88671875 0.2453125 0.90703125 0.2640625 0.92578125 0.246875 0.94140625 0.2453125 0.95390625 0.25 0.9578125 0.26328125 0.97734375 0.2796875 0.99375 0.28046875 1 0.27890625 1 0.26484375
0 0.8140625 0.42109375 0.81640625 0.409375 0.78515625 0.4078125 0.78203125 0.4140625 0.76953125 0.415625 0.75859375 0.4078125 0.70703125 0.40625 0.690625 0.39765625 0.68671875 0.384375 0.66484375 0.3796875 0.65546875 0.36875 0.6234375 0.37421875 0.62890625 0.3890625 0.675 0.39140625 0.671875 0.43828125 0.70390625 0.4609375 0.72109375 0.4671875 0.7625 0.46640625 0.76875 0.42421875 0.79140625 0.421875 0.80078125 0.4296875 0.8140625 0.42109375
0 0.81796875 0.2734375 0.78828125 0.253125 0.70703125 0.2484375 0.70234375 0.2421875 0.66640625 0.2484375 0.65234375 0.234375 0.6484375 0.25234375 0.62578125 0.2640625 0.59296875 0.2703125 0.51953125 0.2671875 0.51015625 0.275 0.490625 0.27734375 0.50234375 0.3140625 0.51796875 0.2890625 0.53046875 0.2890625 0.546875 0.29921875 0.5578125 0.35546875 0.56953125 0.359375 0.5640625 0.31953125 0.58203125 0.2984375 0.61015625 0.2890625 0.63515625 0.2890625 0.65234375 0.3125 0.68671875 0.3140625 0.69921875 0.2984375 0.73359375 0.2953125 0.73984375 0.275 0.76484375 0.2671875 0.7765625 0.28359375 0.7671875 0.32734375 0.7828125 0.35703125 0.81015625 0.3578125 0.815625 0.33046875 0.82890625 0.3296875 0.8296875 0.35703125 0.8390625 0.36015625 0.8359375 0.31796875 0.8609375 0.28984375 0.84453125 0.271875 0.81796875 0.2734375
0 1 0.63046875 0.97578125 0.640625 0.9703125 0.65390625 0.96171875 0.6578125 0.95078125 0.6328125 0.8921875 0.61171875 0.8921875 0.57421875 0.88515625 0.571875 0.87421875 0.6125 0.85703125 0.625 0.83125 0.62265625 0.8265625 0.67109375 0.82109375 0.6765625 0.815625 0.67109375 0.81171875 0.628125 0.78984375 0.625 0.784375 0.61328125 0.77109375 0.6046875 0.73828125 0.6109375 0.73671875 0.63125 0.79765625 0.6421875 0.8125 0.67890625 0.8078125 0.68203125 0.8125 0.69609375 0.8 0.76015625 0.8078125 0.79140625 0.8015625 0.80078125 0.7984375 0.84296875 0.73828125 0.8546875 0.734375 0.87578125 0.71796875 0.8921875 0.68984375 0.89375 0.68359375 0.90625 0.67578125 0.8953125 0.65859375 0.89375 0.6421875 0.91015625 0.63984375 0.9234375 0.61015625 0.9265625 0.60859375 0.93125 0.59296875 0.9265625 0.5875 0.96953125 0.571875 0.99921875 1 0.99921875 0.99921875 0.9828125 0.965625 0.97421875 0.9625 0.96015625 0.9703125 0.95390625 0.9703125 0.93359375 0.9578125 0.90234375 0.96484375 0.8796875 0.98046875 0.8671875 1 0.86171875 1 0.63046875
0 0.09375 1 0.0953125 0.9796875 0.1078125 0.9703125 0.1078125 0.9578125 0.071875 0.9375 0.0640625 0.903125 0.078125 0.85 0.09453125 0.82734375 0.10859375 0.83046875 0.121875 0.846875 0.134375 0.9015625 0.14296875 0.90859375 0.18671875 0.91328125 0.203125 0.8515625 0.21953125 0.84609375 0.2375 0.8671875 0.253125 0.928125 0.26328125 0.93671875 0.34140625 0.94921875 0.3984375 0.9234375 0.3984375 0.909375 0.3765625 0.89375 0.3765625 0.88125 0.43662893359375 0.73958644921875 0.436106396484375 0.73956498046875 0.459375 0.6875 0.36171875 0.67890625 0.3546875 0.6484375 0.42578125 0.57265625 0.50546875 0.54453125 0.5484375 0.4921875 0.578125 0.46875 0.56796875 0.43828125 0.53203125 0.44453125 0.50859375 0.44140625 0.49140625 0.41015625 0.47578125 0.42265625 0.4390625 0.4203125 0.428125 0.39375 0.446875 0.3625 0.43671875 0.34765625 0.4234375 0.34375 0.4203125 0.3125 0.421875 0.3 0.4375 0.284375 0.43515625 0.27421875 0.40859375 0.26796875 0.40078125 0.29609375 0.38828125 0.29609375 0.37265625 0.28203125 0.33515625 0.28046875 0.32734375 0.26484375 0.31484375 0.26484375 0.31015625 0.27890625 0.30234375 0.27109375 0.23984375 0.27890625 0.18515625 0.29609375 0.15703125 0.29765625 0.14296875 0.29609375 0.13828125 0.28984375 0.11484375 0.28984375 0.1078125 0.2984375 0.10625 0.359375 0.09296875 0.36484375 0.075 0.359375 0.06640625 0.31484375 0.03984375 0.31171875 0.02734375 0.30390625 0 0.30625 0 0.440625 0.04765625 0.43046875 0.08828125 0.44296875 0.1203125 0.496875 0.1359375 0.5109375 0.1375 0.5484375 0.14296875 0.55546875 0.26015625 0.54765625 0.26796875 0.53515625 0.27578125 0.53515625 0.28046875 0.54296875 0.32265625 0.53515625 0.37734375 0.53515625 0.384375 0.5265625 0.3921875 0.4875 0.40078125 0.47890625 0.40546875 0.48359375 0.40859375 0.47265625 0.42890625 0.47265625 0.45078125 0.46015625 0.4703125 0.4640625 0.46875 0.50625 0.453125 0.5203125 0.45078125 0.53515625 0.43984375 0.51953125 0.428125 0.546875 0.41640625 0.55390625 0.39296875 0.55390625 0.38203125 0.54765625 0.32265625 0.55546875 0.28359375 0.55703125 0.27890625 0.55234375 0.26328125 0.56015625 0.13984375 0.56328125 0.128125 0.5734375 0.13125 0.6078125 0.1234375 0.65625 0.078125 0.6921875 0.0890625 0.7203125 0.090625 0.7515625 0.0359375 0.88125 0.0375 0.915625 0.0296875 0.934375 0.0515625 0.9703125 0.040625 1 0.09375 1