1 0.7919921875 0.3203125 0.185546875 0.11328125
1 0.39453125 0.2802734375 0.08203125 0.080078125
1 0.3046875 0.2412109375 0.080078125 0.078125
1 0.69921875 0.10546875 0.125 0.095703125
1 0.5244140625 0.5869140625 0.076171875 0.07421875
1 0.759765625 0.4697265625 0.130859375 0.076171875
0 0.724609375 0.556640625 0.091796875 0.083984375
1 0.9892578125 0.4306640625 0.021484375 0.052734375
1 0.9658203125 0.2373046875 0.052734375 0.052734375
1 0.8701171875 0.2470703125 0.130859375 0.091796875
1 0.599609375 0.2919921875 0.109375 0.11328125
1 0.1123046875 0.39453125 0.21875 0.08203125
1 0.3115234375 0.3828125 0.05078125 0.064453125
1 0.15625 0.2021484375 0.072265625 0.0703125
1 0.3701171875 0.1865234375 0.11328125 0.08984375
1 0.521484375 0.138671875 0.064453125 0.056640625
1 0.53125 0.03515625 0.05078125 0.052734375
1 0.052734375 0.07421875 0.064453125 0.05078125
1 0.2158203125 0.0732421875 0.06640625 0.05859375
1 0.158203125 0.2900390625 0.078125 0.0546875
1 0.240234375 0.3017578125 0.0546875 0.052734375
1 0.0673828125 0.48828125 0.134765625 0.109375
0 0 0.815067513671875 0.00386048828125 0.81341281640625 0.011563263671875 0.78514092578125 0.026654736328125 0.785667931640625 0.04554701953125 0.82158404296875 0.028933083984375 0.86465462109375 0.03302667578125 0.891659576171875 0.059328955078125 0.9076879453125 0.063949552734375 0.91960142578125 0.089394787109375 0.912095619140625 0.1343391640625 0.875050984375 0.144985708984375 0.85863401953125 0.18522963671875 0.8600393671875 0.189637306640625 0.829973537109375 0.201726455078125 0.820322447265625 0.23202651171875 0.81802280078125 0.236317072265625 0.791310626953125 0.246905060546875 0.7765704921875 0.230195314453125 0.774308099609375 0.2165464453125 0.78054697265625 0.19036128125 0.761164939453125 0.161855166015625 0.760169484375 0.1493487578125 0.74559257421875 0.158100548828125 0.69852346484375 0.17214395703125 0.680853533203125 0.19583626171875 0.6808913203125 0.206059615234375 0.696237009765625 0.239654775390625 0.695731302734375 0.290955138671875 0.668981875 0.307664884765625 0.671244267578125 0.311524251953125 0.704956541015625 0.3048541875 0.751732119140625 0.30976756640625 0.75526144921875 0.421492373046875 0.72894321484375 0.430344974609375 0.7158213515625 0.42607571484375 0.693846890625 0.4055066015625 0.6578722265625 0.359902146484375 0.6176655546875 0.3384759921875 0.558156708984375 0.304375123046875 0.525067255859375 0.301782693359375 0.503151349609375 0.308899908203125 0.491647763671875 0.352614607421875 0.489816564453125 0.359146259765625 0.495081279296875 0.3575652421875 0.5403556953125 0.413970607421875 0.60780154296875 0.426155568359375 0.643483427734375 0.455401615234375 0.67136672265625 0.46702231640625 0.675130275390625 0.48102251953125 0.658830423828125 0.508144583984375 0.651383171875 0.510465533203125 0.632996595703125 0.491924587890625 0.58701950390625 0.490714564453125 0.559573802734375 0.521158060546875 0.54721409765625 0.561561337890625 0.588893580078125 0.55997389453125 0.6117358515625 0.5811698984375 0.660640390625 0.541884095703125 0.67742877734375 0.529556009765625 0.69121071484375 0.544185638671875 0.70198608203125 0.5907638359375 0.679925263671875 0.608228005859375 0.677376857421875 0.591296779296875 0.642044125 0.59357282421875 0.5994863359375 0.5730100390625 0.5324436328125 0.55371230859375 0.497028291015625 0.516775232421875 0.4917905234375 0.496651267578125 0.480033666015625 0.46914276953125 0.49881251953125 0.473297390625 0.515538744140625 0.45093486328125 0.5226536171875 0.434424615234375 0.52049793359375 0.397069236328125 0.514873203125 0.3775328359375 0.4974022265625 0.37701570703125 0.468232537109375 0.401341412109375 0.450132087890625 0.4280162421875 0.44635339453125 0.43782014453125 0.44587889453125 0.44647984375 0.446085908203125 0.460508826171875 0.429031634765625 0.467126025390625 0.42596948046875 0.470537064453125 0.424410798828125 0.5853123671875 0.4057677265625 0.5903327265625 0.35812416796875 0.461447140625 0.324260919921875 0.415387798828125 0.369632451171875 0.38729067578125 0.381235193359375 0.361689130859375 0.3694351171875 0.33969301953125 0.3745394609375 0.3677211875 0.388941087890625 0.373061365234375 0.404228322265625 0.3544177734375 0.409449708984375 0.331876083984375 0.406145759765625 0.302267923828125 0.436991060546875 0.283827310546875 0.44040595703125 0.26688333984375 0.444850884765625 0.188365099609375 0.433714591796875 0.129617484375 0.433341955078125 0.145507443359375 0.459079970703125 0.177015880859375 0.470253521484375 0.180018203125 0.48043161328125 0.152837583984375 0.4895556953125 0.10992137109375 0.516597904296875 0.08186240625 0.55087444140625 0.074452412109375 0.5707621796875 0.059360939453125 0.570235173828125 0.0481501328125 0.55473380859375 0.0229976796875 0.55385546484375 0 0.5434328671875 0 0.815067513671875
0 1 0.334733001953125 0.739499287109375 0.3723746171875 0.70607979296875 0.367849833984375 0.679953185546875 0.34679097265625 0.677684484375 0.328934873046875 0.692686453125 0.318694751953125 0.700088318359375 0.26409443359375 0.734256171875 0.20413912890625 0.752296453125 0.198218498046875 0.77624052734375 0.185623642578125 0.77062371484375 0.16663201171875 0.775587888671875 0.152636798828125 0.789559353515625 0.140759119140625 0.81432321484375 0.104688640625 0.802320337890625 0.10630090234375 0.785041544921875 0.09646930859375 0.76343274609375 0.1197002578125 0.72952350390625 0.177276748046875 0.67687634765625 0.242593271484375 0.663967412109375 0.275719982421875 0.5957603359375 0.353924142578125 0.57596841015625 0.391847119140625 0.575324291015625 0.41029225390625 0.59480213671875 0.429440060546875 0.608099666015625 0.433262169921875 0.6537839765625 0.423105375 0.67428969140625 0.42900915625 0.681452525390625 0.440165404296875 0.65491459375 0.45517825 0.65890040625 0.46118990625 0.69018281640625 0.502550826171875 0.71307569140625 0.495799966796875 0.696235740234375 0.473399734375 0.69789320703125 0.449967650390625 0.8000696796875 0.43508190234375 0.81999874609375 0.4651403046875 0.816840677734375 0.48348643359375 0.745735740234375 0.50113766796875 0.7430232734375 0.511844310546875 0.74353344140625 0.51519436328125 0.766065560546875 0.510761203125 0.767191412109375 0.521240576171875 0.7619504140625 0.52180319921875 0.76908832421875 0.53100102734375 0.7739461484375 0.539786162109375 0.770587580078125 0.509427712890625 0.779605662109375 0.50750546875 0.784944029296875 0.51330821484375 0.800508423828125 0.52836967578125 0.8156326796875 0.547957388671875 0.8642607578125 0.549655517578125 0.875178783203125 0.573541033203125 0.90230084765625 0.56609378125 0.910488029296875 0.6201036875 0.9004643046875 0.666762154296875 0.88346177734375 0.672883912109375 0.858719216796875 0.660267755859375 0.77591041796875 0.67584363671875 0.653480509765625 0.72025566796875 0.603212859375 0.76550878515625 0.5164648359375 0.7977358515625 0.488874322265625 0.818597748046875 0.44504251171875 0.82378260546875 0.40889217578125 0.8493822109375 0.380034724609375 0.858447736328125 0.33035263671875 0.88693255078125 0.266223193359375 0.8964452265625 0.248869328125 0.912627966796875 0.228454583984375 0.920309443359375 0.196770478515625 0.91416638671875 0.18039076953125 0.950529646484375 0.142856384765625 0.967686541015625 0.097230630859375 0.976166505859375 0.08741013671875 0.98589681640625 0.49127246875 1 0.982844388671875 1 0.996689529296875 0.60352703515625 0.99364816796875 0.594466828125 0.9972115625 0.588577908203125 1 0.508727525390625 1 0.459242291015625 0.89165126171875 0.48158965234375 0.88019331640625 0.478020267578125 0.884249650390625 0.458015416015625 0.888966619140625 0.451667369140625 0.9103376015625 0.45912508984375 0.935875748046875 0.454051203125 0.942173904296875 0.44457687109375 0.95263916796875 0.422570923828125 0.948455271484375 0.414221955078125 0.90786103125 0.42324437109375 0.88730384765625 0.435203630859375 0.87469080078125 0.4332717421875 0.874544021484375 0.41611521484375 0.896067318359375 0.408061845703125 0.932836251953125 0.412930826171875 0.953138103515625 0.40837592578125 0.961288029296875 0.415376029296875 0.9814099921875 0.416078703125 1 0.40352666015625 1 0.334733001953125