1 0.8046875 0.9384765625 0.30859375 0.123046875
1 0.5185546875 0.080078125 0.314453125 0.16015625
1 0.7568359375 0.0576171875 0.279296875 0.09375
1 0.2421875 0.0859375 0.244140625 0.15625
1 0.0771484375 0.1044921875 0.09375 0.171875
1 0.3642578125 0.4140625 0.224609375 0.15234375
1 0.6396484375 0.3896484375 0.23828125 0.154296875
1 0.87109375 0.3349609375 0.2578125 0.158203125
1 0.1240234375 0.8876953125 0.248046875 0.169921875
0 1 0.47125026171875 0.855139748046875 0.484134275390625 0.744474259765625 0.508536435546875 0.7335779375 0.51425472265625 0.711341912109375 0.5462353125 0.537163748046875 0.538223755859375 0.3375336640625 0.5601388984375 0.269648208984375 0.553003849609375 0.228468435546875 0.536664490234375 0.15789708984375 0.48978180078125 0.14618931640625 0.443713087890625 0.115159841796875 0.403215162109375 0.088724619140625 0.3749590703125 0.031299744140625 0.306603326171875 0.018985591796875 0.293160267578125 0.00303846875 0.444887005859375 0.044989083984375 0.453892310546875 0.0639277109375 0.4696099140625 0.061878947265625 0.505428154296875 0.10208021484375 0.547402935546875 0.107084998046875 0.565087802734375 0.097172306640625 0.577773015625 0.0667156015625 0.590014845703125 0 0.603167328125 0 0.6986168984375 0.040025296875 0.697026185546875 0.06717435546875 0.667277861328125 0.09352328125 0.661467822265625 0.132379041015625 0.667267611328125 0.14693976171875 0.67566154296875 0.156144072265625 0.70236722265625 0.147933642578125 0.74783315234375 0.18785966015625 0.743450123046875 0.264587546875 0.748082779296875 0.301562669921875 0.722798986328125 0.3264845859375 0.7305660390625 0.372664021484375 0.731987923828125 0.389186880859375 0.72171335546875 0.39302453125 0.701526095703125 0.409725767578125 0.689554390625 0.504225150390625 0.672032525390625 0.5762183828125 0.67273578125 0.588990216796875 0.665498732421875 0.601313548828125 0.646203353515625 0.644903966796875 0.655932544921875 0.7154650625 0.637610546875 0.761822873046875 0.637335296875 0.837113501953125 0.590340357421875 0.887757466796875 0.581936177734375 0.99627731640625 0.54529730859375 0.998010126953125 0.5451362578125 1 0.526203880859375 1 0.47125026171875
0 0.612704037109375 0.220330841796875 0.54871968359375 0.213605814453125 0.48565569140625 0.216776619140625 0.418819048828125 0.23718930859375 0.360186572265625 0.2583182578125 0.377089939453125 0.279839095703125 0.401277259765625 0.292180380859375 0.4320961875 0.29737937109375 0.48506508984375 0.33430370703125 0.540984583984375 0.324502541015625 0.56445541796875 0.32500963671875 0.59925058203125 0.3110283515625 0.6426163828125 0.29010864453125 0.580662556640625 0.226762244140625 0.615563142578125 0.230430443359375 0.612704037109375 0.220330841796875