1 0.26171875 0.7041015625 0.095703125 0.12109375
1 0.591796875 0.12890625 0.09375 0.1171875
1 0.865234375 0.4853515625 0.134765625 0.267578125
1 0.6044921875 0.580078125 0.08984375 0.125
1 0.494140625 0.58984375 0.107421875 0.16796875
1 0.7509765625 0.0341796875 0.060546875 0.068359375
1 0.5986328125 0.408203125 0.119140625 0.146484375
1 0.1474609375 0.306640625 0.09375 0.09765625
1 0.8798828125 0.322265625 0.109375 0.123046875
1 0.2783203125 0.5634765625 0.15234375 0.171875
1 0.119140625 0.1640625 0.080078125 0.10546875
0 1 0.478169537109375 0.9891295546875 0.35391978125 0.986406982421875 0.341247109375 0.9862635 0.321160609375 0.982999921875 0.283857748046875 0.957698716796875 0.308253875 0.943144201171875 0.30791337109375 0.936537423828125 0.324629970703125 0.939499583984375 0.395380580078125 0.917777802734375 0.405350279296875 0.91291274609375 0.423528359375 0.936353740234375 0.6361206875 0.905302607421875 0.65013431640625 0.897374474609375 0.67019423828125 0.886863888671875 0.6791830859375 0.8644415 0.681144791015625 0.849807123046875 0.661444974609375 0.82606337890625 0.66675 0.825022265625 0.67329651953125 0.829986787109375 0.71159477734375 0.863760494140625 0.7102538203125 0.872328974609375 0.715959607421875 0.8804364375 0.7717353359375 0.903279189453125 0.774578427734375 0.924880451171875 0.80012415234375 0.94423976171875 0.800044291015625 0.94732244140625 0.83527947265625 0.96976443359375 0.87043479296875 0.969443533203125 0.922106333984375 0.94918323046875 0.9303343125 0.929142912109375 0.959523205078125 0.91500876171875 0.963987498046875 0.87432843359375 0.941724833984375 0.86261701171875 0.918541576171875 0.831125912109375 0.890633384765625 0.81092587109375 0.881103650390625 0.790945810546875 0.892534828125 0.781536595703125 0.8772194453125 0.76363876171875 0.875557587890625 0.74043590234375 0.850151984375 0.68960509375 0.859440677734375 0.671366755859375 0.872333333984375 0.635851330078125 0.872212814453125 0.600176181640625 0.833373671875 0.58293975 0.7654857578125 0.580397955078125 0.699539947265625 0.5705081171875 0.69717748046875 0.5446821484375 0.715575541015625 0.56680323828125 0.80240240234375 0.567443587890625 0.828168111328125 0.54714262890625 0.891270828125 0.5413163203125 0.935354736328125 0.5475223359375 0.95095036328125 0.5620768515625 0.951290865234375 0.570925576171875 0.960199853515625 0.578554732421875 0.99503726953125 1 0.958165587890625 1 0.478169537109375
0 0.690747123046875 0.780261708984375 0.703499658203125 0.796898447265625 0.729685732421875 0.801062896484375 0.74688295703125 0.794716759765625 0.751948396484375 0.76038256640625 0.7663627890625 0.759121470703125 0.786702951171875 0.770252802734375 0.81192777734375 0.80032308203125 0.8240399609375 0.79119411328125 0.854851505859375 0.719102544921875 0.893149765625 0.7141380234375 0.91577253515625 0.696020205078125 0.921198080078125 0.6842485234375 0.916173298828125 0.663707978515625 0.891808806640625 0.6803643203125 0.87098801953125 0.68218590234375 0.832469775390625 0.666189513671875 0.821318841796875 0.64941265234375 0.798558853515625 0.407711296875 0.818038685546875 0.3721160078125 0.815815859375 0.26638215234375 0.778580248046875 0.2900336875 0.77057225 0.290734296875 0.736317921875 0.30502816796875 0.715997359375 0.331013861328125 0.675957380859375 0.334516904296875 0.670330001953125 0.491553490234375 0.6662258125 0.499981849609375 0.637056525390625 0.517058556640625 0.64674598046875 0.535577138671875 0.65151012109375 0.590031509765625 0.66586425390625 0.606528126953125 0.6733313671875 0.636538146484375 0.690747123046875 0.780261708984375
0 0.494043119140625 0 0.493539154296875 0.001883048828125 0.496781556640625 0.07583685546875 0.475480142578125 0.090611353515625 0.4720765625 0.1070477109375 0.4548793359375 0.11339384765625 0.43742146875 0.1536538125 0.3859699140625 0.174293822265625 0.364948744140625 0.192271517578125 0.310354248046875 0.195434060546875 0.3018053671875 0.226845296875 0.2630867421875 0.227005021484375 0.227651181640625 0.2462438125 0.1926962421875 0.25252969140625 0.195037654296875 0.334631615234375 0.1774200625 0.336172955078125 0.126949359375 0.368024158203125 0.1264084765625 0.3987347890625 0.139301130859375 0.416973125 0.14042210546875 0.42978591796875 0.125947451171875 0.4488047265625 0.086467958984375 0.458714169921875 0.065386529296875 0.494449580078125 0.050351388671875 0.507061990234375 0.04448587890625 0.476911849609375 0.01976128125 0.4710056796875 0.00734925 0.439814427734375 0 0.43524527734375 0 0.521830474609375 0.040837568359375 0.988606013671875 0.074630208984375 0.98748148828125 0.083759177734375 0.999593673828125 0.08376344140625 1 0.130752443359375 1 0.1203759765625 0.9754099609375 0.11667255078125 0.95152609375 0.094791046875 0.922777171875 0.09513155078125 0.908222658203125 0.113229765625 0.89372840234375 0.12101777734375 0.8720668828125 0.218715330078125 0.863519453125 0.241838326171875 0.86956574609375 0.260236388671875 0.89539171484375 0.27525047265625 0.974771064453125 0.29150750390625 0.90233899609375 0.297773779296875 0.90017691015625 0.31372951171875 0.916533404296875 0.322056955078125 0.99327004296875 0.3164098515625 1 0.45594825390625 1 0.455410052734375 0.986444734375 0.467202791015625 0.899878515625 0.459095328125 0.844102787109375 0.443059734375 0.80838698046875 0.411428513671875 0.7788771875 0.386703916015625 0.772971017578125 0.34776530859375 0.75216983203125 0.311769259765625 0.7650022265625 0.299176447265625 0.78708411328125 0.29487187890625 0.811668587890625 0.288885845703125 0.817033873046875 0.27579280859375 0.8149516484375 0.255933271484375 0.79086740234375 0.23601347265625 0.784540865234375 0.2266042578125 0.769225484375 0.200698427734375 0.768264234375 0.19463253515625 0.75427020703125 0.192791349609375 0.696332390625 0.21143044921875 0.651127509765625 0.208828396484375 0.60293941015625 0.1996195625 0.571467916015625 0.209009173828125 0.5496662734375 0.245966474609375 0.510928044921875 0.321442017578125 0.488186208984375 0.325826451171875 0.482961044921875 0.32406512890625 0.44438254296875 0.33081202734375 0.429267541015625 0.367288703125 0.40348223046875 0.385046416015625 0.403542490234375 0.41930074609375 0.3892486171875 0.44374509765625 0.391951587890625 0.454275287109375 0.420079763671875 0.430611404296875 0.4447441015625 0.441421837890625 0.4760754765625 0.4779979765625 0.506766501953125 0.53587553125 0.522683029296875 0.548988169921875 0.561882279296875 0.5552544453125 0.559720193359375 0.56422369140625 0.53311375390625 0.546346912109375 0.4394601328125 0.550211515625 0.37295383203125 0.520061373046875 0.378819345703125 0.4942760625 0.342342669921875 0.4925946015625 0.323123478515625 0.5062285234375 0.294495076171875 0.4986016875 0.22576643359375 0.504788099609375 0.204245033203125 0.504488255859375 0.163924810546875 0.534918638671875 0.161262498046875 0.546149435546875 0.197398669921875 0.543786966796875 0.207288509765625 0.523666787109375 0.2171180859375 0.529392177734375 0.24566662890625 0.518541087890625 0.2692099921875 0.52482696484375 0.304164931640625 0.5507523984375 0.342243205078125 0.56328494921875 0.337919033203125 0.56829012890625 0.3213425546875 0.5662485625 0.279560853515625 0.5744569375 0.262704130859375 0.56302576171875 0.2427240703125 0.565528349609375 0.23443583203125 0.578201021484375 0.231713259765625 0.60606855859375 0.2550968984375 0.62524708984375 0.308290173828125 0.6339556953125 0.3155975625 0.653174884765625 0.3139161015625 0.663545349609375 0.30332565234375 0.667489814453125 0.256178666015625 0.68732975 0.243145888671875 0.70751019140625 0.21555859765625 0.703386400390625 0.18686993359375 0.68911212890625 0.18973262890625 0.666489359375 0.207850447265625 0.65081387109375 0.194697150390625 0.587310390625 0.206708419921875 0.573937109375 0.20142299609375 0.563126677734375 0.17009162109375 0.563587701171875 0.120021681640625 0.5756200234375 0.0915333984375 0.5972016796875 0.079962099609375 0.6148192734375 0.078420759765625 0.629033283203125 0.093315775390625 0.635599404296875 0.1314739140625 0.644167888671875 0.137179703125 0.673136794921875 0.136259109375 0.68300703125 0.10150455078125 0.679864091796875 0.08402708203125 0.671015365234375 0.075118095703125 0.676020544921875 0.0585416171875 0.701486408203125 0.017581044921875 0.730103083984375 0 0.494043119140625 0
0 0.933579662109375 0 0.93413865625 0.002068185546875 0.9338976171875 0.073099037109375 0.890654439453125 0.07688232421875 0.811975697265625 0.099904404296875 0.796319810546875 0.1238681328125 0.7952184375 0.148172365234375 0.774757755859375 0.17255645703125 0.7820048828125 0.18160556640625 0.776999705078125 0.198182044921875 0.781323876953125 0.21071459375 0.8080704375 0.221285439453125 0.8224245703125 0.23778205859375 0.83231441015625 0.240144525390625 0.83733919140625 0.260685072265625 0.863245021484375 0.261646322265625 0.86945103515625 0.277241947265625 0.906568060546875 0.27722234375 0.912213587890625 0.28641157421875 0.921122576171875 0.277562849609375 0.946267537109375 0.28827381640625 0.958659966796875 0.28234804296875 0.951753341796875 0.258744419921875 0.951873861328125 0.22322899609375 0.9640463046875 0.1963423125 0.97482156640625 0.19037870703125 0.958165587890625 0 0.933579662109375 0
0 0.43289110546875 0.673712525390625 0.429888287109375 0.65783665625 0.4399785078125 0.64404301171875 0.449348517578125 0.58512434375 0.42218158984375 0.569748701171875 0.39277271484375 0.52874747265625 0.391131912109375 0.45465354296875 0.35255341015625 0.4564148671875 0.350270802734375 0.485664017578125 0.341361818359375 0.4945127421875 0.345485609375 0.523201408203125 0.369268556640625 0.592130431640625 0.390389193359375 0.630629072265625 0.40752616015625 0.642040646484375 0.402100615234375 0.653812330078125 0.382461060546875 0.650688994140625 0.37489303125 0.693311423828125 0.41639448828125 0.68806666015625 0.43289110546875 0.673712525390625
0 0.16346887109375 0.093700927734375 0.161977263671875 0.104321505859375 0.15132655859375 0.111708755859375 0.150145322265625 0.116653673828125 0.16568069140625 0.12820537109375 0.16806276171875 0.155432556640625 0.183207890625 0.1533006015625 0.2268021015625 0.08896691796875 0.237142435546875 0.087255326171875 0.259133931640625 0.12648470703125 0.267161529296875 0.162901123046875 0.28171604296875 0.163241625 0.277512388671875 0.115193650390625 0.291066451171875 0.067205931640625 0.24883425390625 0.07332155859375 0.23911466796875 0.063681833984375 0.23743320703125 0.044462642578125 0.21942537890625 0.032320330078125 0.218073892578125 0.044542505859375 0.20992577734375 0.043641515625 0.20851403125 0.07362140625 0.195841359375 0.076343978515625 0.18881421484375 0.08825578125 0.16346887109375 0.093700927734375
0 0.3397141171875 0.143642728515625 0.35345803125 0.125494779296875 0.3737981953125 0.136626111328125 0.39052532421875 0.0972370078125 0.376031068359375 0.079138791015625 0.37128653125 0.0618014453125 0.37741268359375 0.0580377578125 0.376151587890625 0.043623365234375 0.383178732421875 0.0317115625 0.380606892578125 0.008535625 0.359525376953125 0.010380017578125 0.323031796875 0.01357279296875 0.326982638671875 0.035014224609375 0.305200599609375 0.062741638671875 0.312027361328125 0.066985951171875 0.322697671875 0.096715724609375 0.3234178828125 0.14184074609375 0.3397141171875 0.143642728515625
0 0 0.3547160546875 0.009212216796875 0.341206083984375 0.05099391796875 0.339164517578125 0.056749439453125 0.358834205078125 0.06357619921875 0.363078513671875 0.061353853515625 0.374569951171875 0.076919349609375 0.37724279296875 0.08833092578125 0.360105826171875 0.1047974140625 0.35463055078125 0.09969276953125 0.31473069140625 0.11656001953125 0.2769431875 0.140784388671875 0.258685248046875 0.179983638671875 0.245572607421875 0.207771310546875 0.249596935546875 0.207521197265625 0.237514880859375 0.235989876953125 0.212430177734375 0.235009025390625 0.201218982421875 0.220314388671875 0.199276880859375 0.216580833984375 0.184271873046875 0.19640039453125 0.2118591640625 0.177181203125 0.213540625 0.15265698828125 0.191478341796875 0.121745978515625 0.2070935703125 0.0936479296875 0.20874490234375 0.08471934375 0.180476603515625 0.087001947265625 0.151227453125 0.101056236328125 0.127403845703125 0.094990341796875 0.1134098203125 0.09567134765625 0.0843007890625 0.102107875 0.0748614453125 0.11868435546875 0.079866625 0.146111921875 0.06132844140625 0.155130900390625 0.062960169921875 0.16032593359375 0.076223458984375 0.169265048828125 0.058495876953125 0.165221119140625 0.0491665234375 0.143139234375 0.03657371484375 0.14117401953125 0.029483287109375 0.110097376953125 0.032202140625 0.103069125 0.048955615234375 0.0901162109375 0.048474990234375 0.08053674609375 0.040436865234375 0.07847675 0.034968587890625 0.047979517578125 0.03763675 0.0467630390625 0.041777822265625 0.048464103515625 0.098114037109375 0.022668263671875 0.107633244140625 0.012718166015625 0.12302848828125 0 0.12329176953125 0 0.140279767578125 0.00130658984375 0.140165455078125 0.009674693359375 0.16202735546875 0.0233884765625 0.152758265625 0.043898892578125 0.15661233984375 0.066140501953125 0.2079237734375 0.0615556875 0.229305048828125 0.0469409140625 0.246722259765625 0.04674053125 0.262878373046875 0.033897609375 0.272878203125 0.01645026953125 0.267142287109375 0.01358757421875 0.252868015625 0.02674087109375 0.23719252734375 0.02604026171875 0.22918453125 0.003708263671875 0.204509666015625 0 0.21578934765625 0 0.3547160546875