1 0.646484375 0.2119140625 0.115234375 0.080078125
1 0.767578125 0.1875 0.1064453125 0.076171875
1 0.94140625 0.220703125 0.1171875 0.1611328125
1 0.2841796875 0.1240234375 0.087890625 0.064453125
1 0.5302734375 0.087890625 0.076171875 0.0517578125
1 0.0546875 0.1044921875 0.109375 0.1220703125
1 0.630859375 0.037109375 0.078125 0.0625
1 0.505859375 0.212890625 0.1201171875 0.0703125
1 0.884765625 0.169921875 0.0908203125 0.064453125
1 0.3232421875 0.0771484375 0.060546875 0.060546875
1 0.1298828125 0.0380859375 0.166015625 0.076171875
1 0.5361328125 0.033203125 0.0595703125 0.0439453125
1 0.365234375 0.0263671875 0.060546875 0.0341796875
0 1 0.765625 0.9734375 0.771875 0.8828125 0.7578125 0.834375 0.734375 0.784375 0.721875 0.715625 0.68125 0.678125 0.6859375 0.65625 0.675 0.634375 0.6859375 0.615625 0.6875 0.590625 0.684375 0.584375 0.6765625 0.59375 0.646875 0.6015625 0.64375 0.684375 0.646875 0.7046875 0.6375 0.734375 0.640625 0.775 0.59375 0.7859375 0.59375 0.8078125 0.6171875 0.8234375 0.6171875 0.8296875 0.6109375 0.83125 0.59375 0.80625 0.5734375 0.8015625 0.5609375 0.8078125 0.51875 0.815625 0.50625 0.8453125 0.4921875 0.8625 0.49375 0.8890625 0.484375 0.928125 0.4953125 0.9609375 0.478125 0.975 0.478125 0.9921875 0.4953125 1 0.5140625 0.996875 0.3640625 0.965625 0.34375 0.9515625 0.3265625 0.9203125 0.328125 0.8328125 0.315625 0.8234375 0.30625 0.8296875 0.2875 0.81875 0.2640625 0.796875 0.259375 0.778125 0.28125 0.7625 0.2859375 0.7078125 0.2703125 0.6171875 0.2875 0.5890625 0.3 0.4828125 0.303125 0.43125 0.315625 0.425 0.3234375 0.428125 0.340625 0.465625 0.390625 0.475 0.3875 0.49375 0.3546875 0.5078125 0.35625 0.525 0.3734375 0.5359375 0.3734375 0.5515625 0.3640625 0.6078125 0.3578125 0.6296875 0.340625 0.6484375 0.3421875 0.671875 0.334375 0.6859375 0.43125 0.6734375 0.4515625 0.6703125 0.5140625 0.6296875 0.5328125 0.5796875 0.53125 0.5078125 0.5390625 0.46875 0.5328125 0.459375 0.4875 0.39375 0.4984375 0.36875 0.4953125 0.3125 0.4796875 0.296875 0.4671875 0.2875 0.446875 0.265625 0.43125 0.178125 0.4390625 0.1484375 0.3921875 0.15 0.3734375 0.1734375 0.3546875 0.1671875 0.29375 0.153125 0.2859375 0.140625 0.2890625 0.1265625 0.3546875 0.090625 0.4171875 0.0953125 0.440625 0.0921875 0.4984375 0.059375 0.5046875 0.05 0.496875 0.0375 0.46875 0.04375 0.4375 0.071875 0.415625 0 0.4171875 0 0.9796875 0.0734375 0.9625 0.0859375 0.946875 0.0875 0.934375 0.2046875 0.909375 0.353125 0.8609375 0.378125 0.846875 0.4390625 0.834375 0.49375 0.8046875 0.546875 0.790625 0.578125 0.759375 0.6140625 0.740625 0.6578125 0.746875 0.7046875 0.7625 0.8203125 0.7796875 0.95 0.7828125 0.978125 0.8 0.9859375 0.8328125 1 0.8515625 1 0.765625