1 0.4716796875 0.681640625 0.076171875 0.0908203125
1 0.279296875 0.494140625 0.076171875 0.1376953125
1 0.0341796875 0.3359375 0.064453125 0.146484375
1 0.4833984375 0.392578125 0.1357421875 0.142578125
1 0.255859375 0.716796875 0.1669921875 0.265625
1 0.0947265625 0.931640625 0.158203125 0.1279296875
1 0.7841796875 0.8662109375 0.0595703125 0.0517578125
1 0.658203125 0.5546875 0.072265625 0.1142578125
1 0.244140625 0.3671875 0.068359375 0.09375
1 0.095703125 0.466796875 0.0859375 0.142578125
1 0.796875 0.7978515625 0.044921875 0.080078125
1 0.283203125 0.294921875 0.0732421875 0.0810546875
1 0.3212890625 0.2080078125 0.099609375 0.0546875
1 0.216796875 0.2177734375 0.044921875 0.037109375
1 0.32421875 0.138671875 0.0341796875 0.037109375
1 0.5576171875 0.5634765625 0.068359375 0.087890625
1 0.6455078125 0.166015625 0.0283203125 0.029296875
1 0.4326171875 0.14453125 0.0283203125 0.0439453125
0 0.01953125 0.4140625 0.025 0.41015625 0.028125 0.43671875 0.04375 0.45234375 0.0484375 0.42421875 0.04453125 0.3875 0.015625 0.40703125 0.01953125 0.4140625
0 0.25390625 0.246875 0.21875 0.25390625 0.21875 0.29140625 0.2296875 0.30859375 0.2375 0.31015625 0.2484375 0.29140625 0.28125 0.26484375 0.27421875 0.2515625 0.25390625 0.246875
0 0.15703125 0.3359375 0.140625 0.34296875 0.15 0.40546875 0.1609375 0.41171875 0.17734375 0.4 0.2015625 0.39609375 0.19296875 0.3390625 0.15703125 0.3359375
0 0.90703125 0.1390625 0.98515625 0.140625 0.9875 0.16953125 1 0.17265625 0.99921875 0.1046875 0.94140625 0.0953125 0.9125 0.12265625 0.90703125 0.1390625
0 0.584375 0.27890625 0.56796875 0.2796875 0.53671875 0.2671875 0.51796875 0.26875 0.503125 0.27890625 0.496875 0.31015625 0.50234375 0.315625 0.51328125 0.3125 0.52734375 0.29375 0.53125 0.30703125 0.5203125 0.32890625 0.52421875 0.334375 0.54609375 0.34375 0.55 0.29609375 0.5625 0.29921875 0.55625 0.41953125 0.55 0.42421875 0.546875 0.47109375 0.534375 0.48671875 0.534375 0.50078125 0.5515625 0.50546875 0.5703125 0.44453125 0.60625 0.39296875 0.5796875 0.30703125 0.584375 0.27890625
0 0 0.98671875 0.0046875 0.98671875 0.03203125 0.978125 0.04765625 0.9640625 0.059375 0.96484375 0.0625 0.95078125 0.1125 0.87578125 0.10546875 0.8546875 0.08203125 0.8453125 0.06015625 0.8265625 0.046875 0.83046875 0.0390625 0.86328125 0.0125 0.87890625 0.0109375 0.89140625 0 0.90546875 0 0.98671875
0 0.1890625 0.22890625 0.19375 0.20078125 0.184375 0.19765625 0.1796875 0.18203125 0.178125 0.15859375 0.1890625 0.15546875 0.1875 0.09609375 0.20078125 0.0921875 0.2015625 0.10703125 0.215625 0.11015625 0.2125 0.12265625 0.2203125 0.13046875 0.21875 0.15546875 0.2265625 0.16484375 0.21875 0.18671875 0.24921875 0.1875 0.25546875 0.18125 0.27265625 0.1875 0.3 0.17109375 0.29296875 0.15625 0.2515625 0.16171875 0.2515625 0.12890625 0.265625 0.12421875 0.265625 0.09609375 0.278125 0.08984375 0.26484375 0.078125 0.22421875 0.08125 0.20390625 0.0765625 0.20078125 0.0859375 0.17265625 0.0828125 0.16640625 0.0921875 0.15546875 0.084375 0.12734375 0.0921875 0.12265625 0.0875 0.04765625 0.090625 0.0359375 0.10546875 0.034375 0.12578125 0.009375 0.14140625 0.01875 0.21171875 0.00546875 0.2171875 0.003125 0.22421875 0.0390625 0.23203125 0.03828125 0.125 0.05390625 0.1125 0.07265625 0.115625 0.07734375 0.1234375 0.08984375 0.1234375 0.09453125 0.109375 0.11953125 0.1140625 0.1375 0.14296875 0.1421875 0.16953125 0.15234375 0.171875 0.1625 0.18828125 0.1703125 0.21953125 0.1703125 0.28671875 0.1828125 0.29453125 0.190625 0.27421875 0.2046875 0.26328125 0.2046875 0.25234375 0.1890625 0.22890625
0 1 0.53984375 0.971875 0.53359375 0.99921875 0.5328125 1 0.51328125 0.97265625 0.5 0.93984375 0.496875 0.93046875 0.5453125 0.92578125 0.5140625 0.86484375 0.5125 0.859375 0.54609375 0.80859375 0.6171875 0.75546875 0.603125 0.746875 0.59296875 0.753125 0.53515625 0.76640625 0.5171875 0.78203125 0.5796875 0.8109375 0.44765625 0.82109375 0.4390625 0.84921875 0.4453125 0.86328125 0.4734375 0.8765625 0.46953125 0.8765625 0.45546875 0.83125 0.40546875 0.828125 0.38359375 0.815625 0.37265625 0.8078125 0.33203125 0.78828125 0.3265625 0.78046875 0.3125 0.76953125 0.3125 0.76328125 0.3265625 0.73828125 0.328125 0.73046875 0.3234375 0.7375 0.31796875 0.7375 0.28203125 0.74921875 0.2796875 0.7515625 0.26796875 0.70703125 0.259375 0.69921875 0.2515625 0.675 0.29453125 0.675 0.30703125 0.65 0.33203125 0.6078125 0.40390625 0.6265625 0.45390625 0.628125 0.50859375 0.63203125 0.515625 0.67109375 0.5140625 0.6796875 0.47109375 0.6921875 0.45546875 0.67578125 0.4484375 0.675 0.43828125 0.70234375 0.4375 0.71875 0.47578125 0.7203125 0.49453125 0.715625 0.53828125 0.70625 0.56484375 0.709375 0.62421875 0.7046875 0.66640625 0.74609375 0.6640625 0.75390625 0.66875 0.7640625 0.65703125 0.76875 0.63828125 0.77734375 0.6328125 0.80078125 0.640625 0.86328125 0.6296875 0.875 0.63671875 0.884375 0.65390625 0.8953125 0.70859375 0.90703125 0.7203125 0.9203125 0.72109375 0.9265625 0.71328125 0.9234375 0.65703125 0.928125 0.64453125 0.95078125 0.6296875 1 0.62890625 1 0.53984375
0 0.6203125 0.91953125 0.59296875 0.8921875 0.54765625 0.8765625 0.54609375 0.8515625 0.5421875 0.86796875 0.5296875 0.87578125 0.5171875 0.89765625 0.47890625 0.990625 0.46640625 0.9890625 0.4203125 0.95703125 0.4390625 0.95390625 0.4234375 0.89609375 0.45 0.87421875 0.453125 0.79296875 0.48359375 0.790625 0.4984375 0.80078125 0.503125 0.82421875 0.515625 0.83203125 0.51953125 0.8609375 0.5375 0.81796875 0.515625 0.77421875 0.48515625 0.765625 0.4765625 0.75703125 0.471875 0.73046875 0.43984375 0.71875 0.4328125 0.71015625 0.4296875 0.67578125 0.4359375 0.65546875 0.47734375 0.640625 0.50703125 0.653125 0.51953125 0.6765625 0.55390625 0.6765625 0.5625 0.66328125 0.5609375 0.64765625 0.5671875 0.63359375 0.56171875 0.6265625 0.53671875 0.6265625 0.52578125 0.6109375 0.5171875 0.60859375 0.515625 0.53359375 0.5015625 0.52578125 0.49921875 0.5140625 0.47109375 0.509375 0.4671875 0.49453125 0.46328125 0.5 0.45234375 0.4859375 0.4234375 0.48671875 0.4359375 0.58984375 0.428125 0.57890625 0.4234375 0.50390625 0.41015625 0.4984375 0.390625 0.57578125 0.334375 0.62890625 0.35390625 0.65625 0.38671875 0.659375 0.3890625 0.67109375 0.3734375 0.69765625 0.3609375 0.70546875 0.35625 0.72578125 0.34375 0.73828125 0.328125 0.79140625 0.2984375 0.83515625 0.2890625 0.86015625 0.28203125 0.865625 0.26484375 0.8546875 0.25234375 0.8578125 0.2328125 0.84296875 0.2328125 0.78046875 0.21328125 0.775 0.16875 0.74140625 0.171875 0.71015625 0.1859375 0.68671875 0.1875 0.67109375 0.2015625 0.65546875 0.20625 0.63515625 0.23203125 0.6046875 0.246875 0.59765625 0.23515625 0.59375 0.23359375 0.5875 0.20078125 0.5796875 0.1953125 0.57265625 0.196875 0.55703125 0.215625 0.53828125 0.2234375 0.50859375 0.234375 0.50234375 0.240625 0.48046875 0.27734375 0.440625 0.309375 0.42109375 0.31015625 0.4 0.315625 0.42734375 0.3234375 0.43359375 0.328125 0.45859375 0.33359375 0.4609375 0.3484375 0.44765625 0.3765625 0.38671875 0.38984375 0.384375 0.41015625 0.3921875 0.421875 0.38046875 0.4234375 0.36171875 0.39296875 0.3609375 0.37890625 0.3765625 0.36171875 0.3765625 0.34453125 0.3921875 0.31796875 0.3890625 0.31015625 0.3953125 0.30390625 0.3890625 0.27421875 0.3875 0.26328125 0.4171875 0.24609375 0.409375 0.20546875 0.40625 0.2015625 0.44296875 0.2078125 0.51171875 0.203125 0.52734375 0.16640625 0.5609375 0.13359375 0.571875 0.10703125 0.5546875 0.07890625 0.5515625 0.028125 0.59765625 0.0421875 0.66015625 0.034375 0.70859375 0.0515625 0.73828125 0.053125 0.80390625 0.15234375 0.8640625 0.18359375 0.8859375 0.19375 0.90078125 0.18828125 0.9078125 0.16875 0.89765625 0.16875 0.93359375 0.1359375 0.99921875 0.609375 0.99921875 0.603125 0.98984375 0.6203125 0.96953125 0.625 0.95078125 0.6203125 0.91953125