1 0.14453125 0.3466796875 0.2109375 0.208984375
1 0.2568359375 0.9423828125 0.267578125 0.115234375
1 0.5869140625 0.1787109375 0.119140625 0.126953125
1 0.4345703125 0.22265625 0.154296875 0.154296875
1 0.6484375 0.6865234375 0.166015625 0.15234375
1 0.5029296875 0.056640625 0.189453125 0.11328125
1 0.5126953125 0.51953125 0.1796875 0.166015625
1 0.4736328125 0.66015625 0.13671875 0.1640625
1 0.625 0.4482421875 0.08984375 0.09375
1 0.6767578125 0.509765625 0.12109375 0.125
1 0.74609375 0.5546875 0.109375 0.095703125
1 0.765625 0.3720703125 0.16796875 0.1484375
1 0.74609375 0.0263671875 0.16015625 0.052734375
1 0.42578125 0.92578125 0.15234375 0.1484375
1 0.4404296875 0.3408203125 0.142578125 0.158203125
0 0.252397759765625 0.089949892578125 0.261216814453125 0.072953392578125 0.257956412109375 0.04591187890625 0.256932580078125 0.04529669921875 0.0332283125 0.1010724375 0.073754146484375 0.120563537109375 0.105299642578125 0.1214028671875 0.154650126953125 0.14826869140625 0.19421059375 0.107939384765625 0.2032361796875 0.088280041015625 0.252397759765625 0.089949892578125
0 0.57121065625 0 0.4891976953125 0.090099685546875 0.43922321875 0.0781871015625 0.427552408203125 0.0697811015625 0.414466740234375 0.03126209375 0.4323069765625 0.001570951171875 0.3645114375 0.01847427734375 0.389472892578125 0.035752857421875 0.39437671484375 0.055421013671875 0.40338467578125 0.063620484375 0.40009783984375 0.078367197265625 0.310536462890625 0.14857214453125 0.2769388984375 0.153467154296875 0.260953015625 0.166157392578125 0.219155978515625 0.180060365234375 0.218531986328125 0.195013607421875 0.200489625 0.220402888671875 0.209080126953125 0.24089275390625 0.191042169921875 0.25931733203125 0.219292017578125 0.288832783203125 0.236473015625 0.329812517578125 0.129273525390625 0.434010462890625 0.111248787109375 0.431540931640625 0.091593849609375 0.415550638671875 0.050020962890625 0.398931953125 0.04634750390625 0.377216130859375 0.09800945703125 0.312108318359375 0.081641353515625 0.28137131640625 0.065668685546875 0.273167439453125 0.052996072265625 0.22932273828125 0 0.272607740234375 0 0.34213140625 0.01154160546875 0.349335287109375 0.0434605078125 0.407531265625 0.0362848671875 0.417154408203125 0 0.4331031875 0 0.499181525390625 0.008166654296875 0.503376080078125 0 0.51453667578125 0 0.561392279296875 0.020751224609375 0.64462089453125 0.077532271484375 0.624482951171875 0.097604673828125 0.628182845703125 0.105997455078125 0.6374061484375 0.115396447265625 0.67510344921875 0.0996126875 0.69209554296875 0.1299366328125 0.681053130859375 0.162725705078125 0.658950685546875 0.17727029296875 0.6579356640625 0.1668430625 0.626587888671875 0.115633818359375 0.62368767578125 0.087581689453125 0.60543878515625 0.080225955078125 0.57593655078125 0.102965609375 0.57287826953125 0.107271875 0.565711443359375 0.088460671875 0.51121095703125 0.089291193359375 0.493594869140625 0.099336205078125 0.481515408203125 0.113467736328125 0.485826078125 0.140082974609375 0.508785478515625 0.1654590390625 0.54772194921875 0.165863287109375 0.55632566796875 0.1502816484375 0.577619619140625 0.185715943359375 0.583582521484375 0.20086690234375 0.59547307421875 0.223813083984375 0.589751947265625 0.247163513671875 0.592634541015625 0.26006468359375 0.598992873046875 0.26783347265625 0.62316941796875 0.25571436328125 0.6758067421875 0.231129166015625 0.68193651953125 0.1987707734375 0.670854458984375 0.21206737890625 0.699745919921875 0.20447868359375 0.714694751953125 0.1401308984375 0.756851978515625 0.110628666015625 0.7642077109375 0.0895324296875 0.75989263671875 0.07398603515625 0.72546895703125 0.07953147265625 0.702325056640625 0.040734353515625 0.724768849609375 0.109357185546875 1 0.153121021484375 1 0.15431916796875 0.995299740234375 0.17604380078125 0.97769687109375 0.280145361328125 0.91344160546875 0.305960916015625 0.9052641640625 0.336864796875 0.948915552734375 0.3577280703125 0.99768169921875 0.35445349609375 1 0.4392258125 1 0.371675099609375 0.969831693359375 0.35817637109375 0.936638375 0.373169263671875 0.874580029296875 0.39160705859375 0.871723873046875 0.41987012109375 0.880345212890625 0.499733458984375 0.92136459375 0.534152732421875 0.91278290625 0.59273533203125 0.9173265390625 0.63862769921875 0.905884287109375 0.640482052734375 0.8888833828125 0.634954236328125 0.884168466796875 0.584360173828125 0.88024441796875 0.56945098828125 0.809973388671875 0.68213423828125 0.780137396484375 0.70179798828125 0.78219827734375 0.72477060546875 0.734688927734375 0.73542639453125 0.72855033984375 0.753859783203125 0.732658884765625 0.770263130859375 0.707678255859375 0.78521196484375 0.715266951171875 0.81612025 0.751953634765625 0.859551892578125 0.744606712890625 0.84995518359375 0.6956428515625 0.837264947265625 0.679656966796875 0.855935705078125 0.632349740234375 0.87641676171875 0.637688646484375 0.93542123046875 0.6229771796875 0.972696662109375 0.6328332890625 0.990101814453125 0.643291357421875 0.99501004296875 0.655994810546875 1 0.656751240234375 1 0.43860772265625 0.99159548046875 0.404899037109375 0.96914655859375 0.416105751953125 0.94579612890625 0.41322316015625 0.936172986328125 0.406047521484375 0.922265607421875 0.371215189453125 0.93049151171875 0.32041900390625 0.910427919921875 0.302789701171875 0.855343091796875 0.273871806640625 0.840183322265625 0.27591066015625 0.833227427734375 0.261976845703125 0.834220419921875 0.311344955078125 0.823142765625 0.336738642578125 0.835006884765625 0.36337591015625 0.845855984375 0.375468587890625 0.856107525390625 0.36072628125 0.87085864453125 0.3570484140625 0.883755408203125 0.370371453125 0.87944914453125 0.377538279296875 0.85588778125 0.384283240234375 0.8579310390625 0.3924783046875 0.846040484375 0.40762926171875 0.839058158203125 0.435483673828125 0.840675142578125 0.469898541015625 0.8631818359375 0.51129133203125 0.8787414453125 0.5248208984375 0.895127169921875 0.527699083984375 0.89921809375 0.537124509765625 0.916012470703125 0.54164170703125 0.923174892578125 0.552912677734375 0.93710430078125 0.552921486328125 0.948568580078125 0.56399033203125 0.989324162109375 0.577330994140625 0.995453939453125 0.601916189453125 0.9821308984375 0.614812955078125 0.955295916015625 0.615410513671875 0.934001962890625 0.599828875 0.93238057421875 0.5723787109375 0.92296395703125 0.5625402265625 0.89327281640625 0.54469998828125 0.880982421875 0.544282525390625 0.842037138671875 0.583588 0.8284943515625 0.620041720703125 0.805543763671875 0.632727552734375 0.797331078125 0.662629626953125 0.76086854296875 0.66301625 0.7541147734375 0.653384296875 0.71704587109375 0.64086534375 0.705172939453125 0.628157484375 0.7033229921875 0.6381936875 0.72869465234375 0.68409486328125 0.727657603515625 0.704373794921875 0.65429744921875 0.74529625390625 0.606361826171875 0.74854344140625 0.58731766015625 0.738494021484375 0.582818083984375 0.72742958203125 0.59758241796875 0.702857603515625 0.588170208984375 0.6860544140625 0.589611505859375 0.674379201171875 0.669949578125 0.61256703515625 0.683878986328125 0.61257584765625 0.697390931640625 0.624875052734375 0.70210584765625 0.61934723828125 0.6931066953125 0.597218359375 0.61142425 0.51748225 0.618169208984375 0.54104361328125 0.601972390625 0.5633613984375 0.54541101953125 0.6018363515625 0.5105875 0.60181432421875 0.492347421875 0.615937044921875 0.543530234375 0.66062548046875 0.55949408984375 0.682758765625 0.561515322265625 0.7257773515625 0.55618962890625 0.725364294921875 0.554559427734375 0.7118435390625 0.5473881953125 0.7145019765625 0.554959267578125 0.727411958984375 0.545322908203125 0.741130431640625 0.526880705078125 0.750951294921875 0.479573478515625 0.732280537109375 0.43330330078125 0.69333084765625 0.4116227265625 0.641286673828125 0.3518406015625 0.590037779296875 0.3391547734375 0.567087189453125 0.342648138671875 0.5496776328125 0.42912039453125 0.5054859609375 0.454949169921875 0.47641440625 0.477482294921875 0.476018970703125 0.5299439296875 0.442048 0.54797307421875 0.437552828125 0.558826578125 0.442680802734375 0.58604818359375 0.47854577734375 0.59201989453125 0.42918207421875 0.611494740234375 0.406046986328125 0.627063162109375 0.40564714453125 0.640781634765625 0.415283505859375 0.6682009609375 0.46241504296875 0.697074798828125 0.476977255859375 0.70526986328125 0.47493399609375 0.715732337890625 0.450564140625 0.697716412109375 0.43416519921875 0.687908767578125 0.394828884765625 0.6508354609375 0.38927463671875 0.639771021484375 0.393774212890625 0.609051642578125 0.3822835 0.594928921875 0.364043419921875 0.57608687890625 0.358295861328125 0.572019873046875 0.355391158203125 0.56496050390625 0.31902775 0.598848560546875 0.320414060546875 0.61319983984375 0.301167771484375 0.641041033203125 0.329044212890625 0.6701302109375 0.327014169921875 0.69045319921875 0.2584041796875 0.6876014453125 0.2330016796875 0.67818923828125 0.216198490234375 0.695409888671875 0.194495884765625 0.682319810546875 0.162941580078125 0.691547521484375 0.14758409375 0.707528998046875 0.1418585625 0.73046637109375 0.150066845703125 0.739258994140625 0.174858568359375 0.761176939453125 0.175486966796875 0.786570626953125 0.186564623046875 0.791698599609375 0.1757111171875 0.785577634765625 0.137196513671875 0.797270470703125 0.1107789921875 0.809978330078125 0.098906060546875 0.879234341796875 0.0694522890625 0.909540662109375 0.086268693359375 0.911999181640625 0.08565571484375 0.890642814453125 0 0.832416255859375 0 0.833996806640625 0.017188373046875 0.82681235546875 0.040740923828125 0.7977231796875 0.042770966796875 0.699826294921875 0.01321145703125 0.688155484375 0.00480545703125 0.685882935546875 0 0.57121065625 0