1 0.89453125 0.6357421875 0.119140625 0.1982421875
1 0.060546875 0.166015625 0.12109375 0.13671875
1 0.6630859375 0.05859375 0.0498046875 0.0673828125
1 0.728515625 0.4599609375 0.076171875 0.1064453125
1 0.0927734375 0.966796875 0.0595703125 0.056640625
1 0.93359375 0.0703125 0.1015625 0.044921875
1 0.046875 0.5087890625 0.09375 0.1689453125
1 0.41796875 0.21484375 0.103515625 0.1064453125
1 0.2578125 0.166015625 0.123046875 0.078125
1 0.783203125 0.123046875 0.0908203125 0.078125
1 0.5146484375 0.4873046875 0.296875 0.228515625
1 0.7236328125 0.3486328125 0.099609375 0.1513671875
1 0.2529296875 0.265625 0.0830078125 0.1171875
1 0.9833984375 0.5927734375 0.033203125 0.1376953125
1 0.15625 0.1103515625 0.0498046875 0.0498046875
1 0.091796875 0.052734375 0.0654296875 0.044921875
1 0.0224609375 0.0634765625 0.044921875 0.060546875
1 0.2705078125 0.0185546875 0.0751953125 0.037109375
1 0.8857421875 0.49609375 0.0517578125 0.068359375
1 0.9638671875 0.4970703125 0.048828125 0.060546875
0 0.82109375 1 0.83125 0.97265625 0.8203125 0.94765625 0.82890625 0.9390625 0.8484375 0.94453125 0.8484375 0.96171875 0.859375 0.97734375 0.85625 0.99609375 0.84296875 1 0.9140625 0.99921875 0.90625 0.97265625 0.89140625 0.95625 0.878125 0.95234375 0.87578125 0.940625 0.86328125 0.940625 0.83828125 0.9234375 0.80390625 0.925 0.79609375 0.9125 0.77109375 0.9140625 0.765625 0.90546875 0.765625 0.87890625 0.76015625 0.8765625 0.7515625 0.88046875 0.746875 0.89296875 0.73828125 0.940625 0.73359375 0.9046875 0.68828125 0.909375 0.65078125 0.9046875 0.63359375 0.9109375 0.640625 0.90546875 0.640625 0.89609375 0.63203125 0.8921875 0.621875 0.89765625 0.621875 0.90703125 0.628125 0.91015625 0.61640625 0.915625 0.615625 0.89609375 0.60703125 0.89375 0.6015625 0.87890625 0.59609375 0.878125 0.5984375 0.89453125 0.58203125 0.9203125 0.56953125 0.8921875 0.54609375 0.875 0.53046875 0.871875 0.5265625 0.87734375 0.521875 0.90703125 0.5375 0.92578125 0.54609375 1 0.73203125 1 0.74375 0.98984375 0.72109375 0.9875 0.715625 0.96953125 0.73359375 0.9546875 0.75 0.95703125 0.75078125 0.9859375 0.77265625 0.984375 0.78515625 0.9875 0.79140625 1 0.82109375 1
0 0 0.88828125 0.028125 0.89921875 0.07578125 0.9640625 0.10078125 0.9578125 0.10390625 0.9703125 0.10859375 0.95625 0.15234375 0.95 0.16171875 0.9671875 0.17421875 0.953125 0.17734375 0.9640625 0.17890625 0.95625 0.18515625 0.9578125 0.2 0.97578125 0.20234375 1 0.265625 0.99921875 0.259375 0.97421875 0.265625 0.96796875 0.2640625 0.92734375 0.27890625 0.909375 0.28984375 0.909375 0.31328125 0.9265625 0.309375 0.89140625 0.3125 0.87890625 0.32265625 0.871875 0.3421875 0.88671875 0.340625 0.91328125 0.32734375 0.9171875 0.32578125 0.925 0.34140625 0.925 0.35390625 0.9078125 0.36484375 0.9046875 0.38828125 0.9171875 0.4 0.90703125 0.3921875 0.90078125 0.3921875 0.86953125 0.4 0.84609375 0.40703125 0.8390625 0.43046875 0.84375 0.43984375 0.8296875 0.45703125 0.8375 0.47109375 0.815625 0.49921875 0.8171875 0.52890625 0.8515625 0.5328125 0.83203125 0.546875 0.82421875 0.55546875 0.8046875 0.59609375 0.7984375 0.625 0.83203125 0.62890625 0.8609375 0.634375 0.83359375 0.65 0.81171875 0.6546875 0.78828125 0.6171875 0.76640625 0.615625 0.75390625 0.62109375 0.75 0.68359375 0.753125 0.6859375 0.77109375 0.71171875 0.7828125 0.72109375 0.7828125 0.73671875 0.76875 0.76171875 0.78125 0.76953125 0.76875 0.78828125 0.7640625 0.784375 0.71953125 0.79296875 0.7125 0.80078125 0.721875 0.83046875 0.71875 0.834375 0.71015625 0.8390625 0.68046875 0.828125 0.63671875 0.8375 0.62578125 0.8375 0.61171875 0.82421875 0.5953125 0.80234375 0.5953125 0.70546875 0.6015625 0.69453125 0.6140625 0.63984375 0.6140625 0.58984375 0.60625 0.54609375 0.6078125 0.53359375 0.615625 0.49453125 0.609375 0.38984375 0.61875 0.35078125 0.6140625 0.34375 0.56796875 0.3375 0.24765625 0.3296875 0.22578125 0.31796875 0.2203125 0.3 0.23203125 0.3015625 0.28359375 0.28671875 0.33125 0.23359375 0.3140625 0.20546875 0.3140625 0.2015625 0.33046875 0.2328125 0.51015625 0.234375 0.57109375 0.24140625 0.578125 0.27734375 0.58125 0.3109375 0.61328125 0.315625 0.62890625 0.31015625 0.6359375 0.27265625 0.6421875 0.20703125 0.6421875 0.1890625 0.53359375 0.18125 0.40078125 0.1734375 0.38984375 0.1734375 0.35703125 0.165625 0.32578125 0.1828125 0.27109375 0.18125 0.24453125 0.16796875 0.2328125 0.13984375 0.2359375 0.1390625 0.20546875 0.12734375 0.2015625 0.121875 0.26484375 0.13125 0.33828125 0.121875 0.36484375 0.10390625 0.3828125 0 0.39140625 0.00078125 0.4171875 0.04921875 0.4234375 0.0703125 0.46796875 0.09296875 0.4703125 0.09609375 0.484375 0.10625 0.48359375 0.1046875 0.45234375 0.1109375 0.43203125 0.11953125 0.428125 0.1296875 0.50234375 0.1265625 0.54765625 0.12265625 0.5515625 0.10703125 0.5375 0.09609375 0.5375 0.0921875 0.57734375 0.08671875 0.584375 0 0.59296875 0.00625 0.63515625 0 0.65546875 0.02578125 0.659375 0.0359375 0.68046875 0.0359375 0.69609375 0.02734375 0.7125 0.01328125 0.7203125 0.00859375 0.709375 0 0.71328125 0 0.88828125
0 0.371875 0.07265625 0.3890625 0.04609375 0.3875 0.03359375 0.37734375 0.0265625 0.36953125 0.028125 0.3609375 0.04140625 0.3640625 0.05859375 0.346875 0.13203125 0.346875 0.19296875 0.3546875 0.19921875 0.359375 0.17421875 0.3546875 0.15390625 0.36875 0.12734375 0.371875 0.07265625
0 0.796875 0.44921875 0.8046875 0.38984375 0.803125 0.33203125 0.79375 0.31171875 0.79375 0.27265625 0.784375 0.26328125 0.7765625 0.23515625 0.784375 0.19140625 0.77890625 0.1828125 0.76015625 0.184375 0.74921875 0.178125 0.7390625 0.16953125 0.73203125 0.15 0.721875 0.16328125 0.728125 0.18515625 0.7359375 0.18671875 0.740625 0.20546875 0.7375 0.22578125 0.7484375 0.24921875 0.7453125 0.26640625 0.7734375 0.36015625 0.7734375 0.48046875 0.76484375 0.49375 0.68203125 0.4921875 0.6765625 0.51328125 0.6859375 0.53046875 0.684375 0.55078125 0.703125 0.58046875 0.725 0.58671875 0.8234375 0.57734375 0.8078125 0.51328125 0.8078125 0.45859375 0.796875 0.44921875