1 0.4970703125 0.5947265625 0.173828125 0.154296875
1 0.595703125 0.5625 0.076171875 0.08984375
1 0.7197265625 0.6083984375 0.103515625 0.119140625
1 0.6865234375 0.533203125 0.052734375 0.068359375
1 0.642578125 0.4384765625 0.076171875 0.0703125
1 0.646484375 0.3515625 0.08203125 0.0703125
1 0.1123046875 0.42578125 0.171875 0.0859375
1 0.0849609375 0.490234375 0.083984375 0.060546875
1 0.2216796875 0.365234375 0.109375 0.068359375
1 0.5771484375 0.23828125 0.072265625 0.03515625
1 0.8564453125 0.2177734375 0.064453125 0.05859375
1 0.6474609375 0.2490234375 0.07421875 0.046875
1 0.7158203125 0.2412109375 0.04296875 0.033203125
1 0.8359375 0.3037109375 0.08984375 0.072265625
0 0.7635738046875 0.324740556640625 0.75926868359375 0.319525017578125 0.74672070703125 0.32040245703125 0.73253290625 0.331639646484375 0.73151280859375 0.3395918125 0.7635738046875 0.324740556640625
0 0.7249481328125 0.347143607421875 0.725348501953125 0.341599029296875 0.694378931640625 0.338248048828125 0.689382751953125 0.345690166015625 0.690918271484375 0.367649123046875 0.7249481328125 0.347143607421875
0 1 0.6651012109375 0.945392185546875 0.659571291015625 0.9415641328125 0.67244830859375 0.9286157890625 0.678870326171875 0.92519348046875 0.720089966796875 0.949669705078125 0.720742671875 0.961669279296875 0.712022748046875 0.97892274609375 0.710816267578125 0.995304146484375 0.730949017578125 1 0.733830888671875 1 0.6651012109375
0 0.13853816015625 0.548918373046875 0.149956357421875 0.554424599609375 0.168668642578125 0.551539943359375 0.209043818359375 0.520345638671875 0.24176289453125 0.514905365234375 0.273456498046875 0.48353005078125 0.284759642578125 0.453580580078125 0.332724966796875 0.440769517578125 0.33728242578125 0.4270534140625 0.320539009765625 0.424283810546875 0.289717470703125 0.43431989453125 0.25961996484375 0.4096296875 0.237661009765625 0.41116520703125 0.233613599609375 0.420905228515625 0.222124072265625 0.4256490703125 0.219025427734375 0.437686998046875 0.180251724609375 0.446702986328125 0.1677421015625 0.4593989921875 0.149254552734375 0.49930784765625 0.1060330703125 0.52360843359375 0.0910828828125 0.5577533515625 0.11818605078125 0.562162779296875 0.13853816015625 0.548918373046875
0 0.728719515625 0.896961998046875 0.744733525390625 0.9005706875 0.776723193359375 0.89596950390625 0.764822548828125 0.838483517578125 0.75267494140625 0.83381637890625 0.745490537109375 0.843775759765625 0.739287876953125 0.83396441015625 0.76248629296875 0.82761371875 0.762190228515625 0.800839591796875 0.797454171875 0.741631701171875 0.784385400390625 0.678710814453125 0.702055798828125 0.6734346953125 0.67681181640625 0.66180251171875 0.677173833984375 0.644439365234375 0.66556925390625 0.6137275078125 0.673697052734375 0.572178826171875 0.6637706484375 0.54292578515625 0.679960291015625 0.50396569921875 0.672150783203125 0.482445462890625 0.679006146484375 0.46778058984375 0.655440341796875 0.45760722265625 0.610173291015625 0.463924935546875 0.602621494140625 0.4573602578125 0.60557210546875 0.431935267578125 0.62358795703125 0.4078210625 0.669184048828125 0.406208841796875 0.679796134765625 0.3889170234375 0.676949830078125 0.382023306640625 0.607606923828125 0.382143736328125 0.60304946484375 0.39585983984375 0.595426341796875 0.399545232421875 0.607173580078125 0.409756951171875 0.58470457421875 0.4152685546875 0.562493279296875 0.435735716796875 0.554431435546875 0.433147123046875 0.5551278671875 0.454376671875 0.548343830078125 0.45879147265625 0.5396622578125 0.458610466796875 0.531342703125 0.441066310546875 0.512082017578125 0.436108482421875 0.500225099609375 0.424328267578125 0.48118377734375 0.42250743359375 0.477832796875 0.45347700390625 0.45372396484375 0.46934835546875 0.45668532421875 0.5116977734375 0.41776896484375 0.541213900390625 0.412191408203125 0.562882169921875 0.4060271015625 0.56488938671875 0.392382326171875 0.55008185546875 0.380163388671875 0.555664787109375 0.34806941796875 0.5925846796875 0.295574234375 0.56315600390625 0.27058796484375 0.566479380859375 0.24214103515625 0.599203830078125 0.2621694765625 0.61514113671875 0.26326627734375 0.630826107421875 0.25816041796875 0.6366997265625 0.233064466796875 0.63845460546875 0.222447005859375 0.62185921875 0.17794771484375 0.63915641015625 0.16069425 0.640362890625 0.12676869140625 0.62854969921875 0.096967251953125 0.6306336171875 0.085916443359375 0.641651447265625 0.08752329296875 0.653360333984375 0.128523572265625 0.6536456484375 0.1765656015625 0.664471720703125 0.203230048828125 0.662607162109375 0.211730611328125 0.671469744140625 0.302780138671875 0.688745439453125 0.378287349609375 0.686617791015625 0.408856552734375 0.6955133515625 0.4764116015625 0.692365609375 0.5049789609375 0.7289840625 0.509761154296875 0.752292158203125 0.50980487890625 0.7979979296875 0.5030591953125 0.814231298828125 0.480738220703125 0.833129962890625 0.4855204140625 0.85643805859375 0.516928705078125 0.866063025390625 0.56690124609375 0.859416271484375 0.6042928359375 0.875715595703125 0.66006766796875 0.884424771484375 0.700744283203125 0.913891798828125 0.703190220703125 0.92633009375 0.728719515625 0.896961998046875
0 0.53995367578125 0.22610552734375 0.55505189453125 0.20534767578125 0.554097751953125 0.16916256640625 0.56977734765625 0.1341785625 0.59578371484375 0.122903021484375 0.612017083984375 0.129648705078125 0.646524015625 0.12723574609375 0.658161576171875 0.13587896875 0.667572556640625 0.135220888671875 0.684787671875 0.12219583984375 0.68256109375 0.1128945390625 0.64476913671875 0.102139794921875 0.57867290625 0.103609361328125 0.538001666015625 0.1080295390625 0.499447322265625 0.120182517578125 0.512516095703125 0.183103404296875 0.50832602734375 0.21334356640625 0.49395721875 0.233262330078125 0.50245778125 0.24212491015625 0.53995367578125 0.22610552734375
0 0.27829462890625 0.1695346015625 0.2899268125 0.144290619140625 0.244478751953125 0.15928990625 0.24743473828125 0.167752119140625 0.2721303203125 0.171541818359375 0.27829462890625 0.1695346015625
0 0.514583890625 0.111243234375 0.588440529296875 0.0517009296875 0.57348496875 0.051958642578125 0.566333541015625 0.03984938671875 0.55367588671875 0.039158330078125 0.544231927734375 0.061885046875 0.51789651953125 0.06845509765625 0.540854583984375 0.07294405078125 0.500292279296875 0.09727739453125 0.4069089375 0.097877201171875 0.427687970703125 0.08752888671875 0.50002332421875 0.072069162109375 0.499474923828125 0.064226677734375 0.49225216796875 0.0623674921875 0.455156640625 0.072842296875 0.36575231640625 0.079094056640625 0.292691041015625 0.093659998046875 0.109615619140625 0.112766544921875 0.04574596484375 0.12353741015625 0.042208603515625 0.129301349609375 0.046623404296875 0.13608538671875 0.114178451171875 0.132937642578125 0.25256819921875 0.105922658203125 0.253445640625 0.118470634765625 0.33781543359375 0.107842423828125 0.379583474609375 0.119107216796875 0.414562103515625 0.100899607421875 0.444363546875 0.0988156875 0.476281884765625 0.104464572265625 0.490546388671875 0.116864517578125 0.514583890625 0.111243234375
0 0 0.1039105390625 0.03290192578125 0.097640724609375 0.046217662109375 0.10774276171875 0.07156594921875 0.087056240234375 0.08717958984375 0.096209509765625 0.0937112890625 0.1107263515625 0.107098353515625 0.110578318359375 0.138248931640625 0.105247724609375 0.13342838671875 0.070121064453125 0 0.087592923828125 0 0.1039105390625
0 0.189312900390625 0.080398736328125 0.197994474609375 0.08057974609375 0.202738314453125 0.0920692734375 0.214227841796875 0.0873254296875 0.217326484375 0.075287501953125 0.278388185546875 0.069441486328125 0.28947734375 0.07024222265625 0.3000948046875 0.086837609375 0.317348271484375 0.08563112890625 0.325810484375 0.08267514453125 0.324933044921875 0.07012716796875 0.334305673828125 0.057650521484375 0.354624806640625 0.066474751953125 0.359478328125 0.079532775390625 0.370457806640625 0.078765015625 0.374285857421875 0.065888001953125 0.408902470703125 0.0650435390625 0.426408275390625 0.044905416015625 0.443848123046875 0.06890456640625 0.450122111328125 0.068465845703125 0.452710705078125 0.060404001953125 0.497067337890625 0.06360694921875 0.514573142578125 0.043468826171875 0.5375521953125 0.033981142578125 0.559949875 0.038719611328125 0.58460710546875 0.0306907421875 0.595005205078125 0.044149134765625 0.621889013671875 0.045421568359375 0.637354625 0.041187775390625 0.654970107421875 0.0226181484375 0.69720984375 0.018088291015625 0.714315279296875 0.003494748046875 0.6739347265625 0.00080184765625 0.571291369140625 0.020588705078125 0.481887044921875 0.026840462890625 0.338572447265625 0.051047494140625 0.16625714453125 0.066249287109375 0.163706900390625 0.08612969921875 0.17231714453125 0.09656077734375 0.189312900390625 0.080398736328125