1 0.869140625 0.361328125 0.125 0.1435546875
1 0.826171875 0.953125 0.171875 0.0908203125
1 0.154296875 0.5126953125 0.2998046875 0.4716796875
1 0.5087890625 0.4384765625 0.1533203125 0.328125
1 0.8466796875 0.607421875 0.1279296875 0.3046875
0 1 0.93828125 0.9796875 0.90546875 0.95703125 0.8953125 0.9296875 0.92734375 0.925 0.96796875 0.940625 0.97578125 0.94765625 1 1 0.99921875 1 0.93828125
0 0.7953125 0.68515625 0.7765625 0.67109375 0.76953125 0.6359375 0.7515625 0.66796875 0.7546875 0.70234375 0.74375 0.73515625 0.74375 0.75703125 0.73125 0.78359375 0.73125 0.80078125 0.73671875 0.809375 0.77109375 0.80625 0.7890625 0.81484375 0.7921875 0.76171875 0.7859375 0.73671875 0.8046875 0.70703125 0.7953125 0.68515625
0 1 0.46796875 0.99375 0.45859375 0.99375 0.41953125 0.9859375 0.39140625 0.92734375 0.3375 0.9265625 0.37890625 0.9375 0.39296875 0.934375 0.41484375 0.915625 0.44140625 0.9328125 0.51796875 0.95234375 0.5265625 0.97265625 0.5265625 1 0.55078125 1 0.46796875
0 1 0.06015625 0.99140625 0.0546875 0.9671875 0.06328125 0.96875 0.11171875 0.934375 0.14140625 0.91875 0.18828125 0.8984375 0.20390625 0.89375 0.21796875 0.87734375 0.234375 0.8546875 0.25078125 0.84765625 0.2703125 0.82109375 0.284375 0.80234375 0.2796875 0.796875 0.28984375 0.80234375 0.303125 0.88359375 0.2984375 0.89375 0.29453125 0.9 0.28046875 0.9015625 0.25234375 0.91640625 0.2515625 0.9203125 0.32734375 0.9265625 0.33515625 0.9234375 0.28828125 0.93125 0.27265625 0.971875 0.22265625 1 0.20078125 1 0.06015625
0 0.765625 0.49609375 0.725 0.46015625 0.7296875 0.41015625 0.71328125 0.4078125 0.70625 0.41328125 0.7015625 0.43671875 0.6828125 0.44921875 0.6703125 0.48359375 0.64453125 0.5 0.63671875 0.5 0.5921875 0.46796875 0.5890625 0.41484375 0.57265625 0.4125 0.5703125 0.45234375 0.5796875 0.57578125 0.60078125 0.5734375 0.62421875 0.5796875 0.66640625 0.540625 0.70703125 0.534375 0.7234375 0.54453125 0.7375 0.57421875 0.759375 0.58671875 0.76875 0.61796875 0.778125 0.62265625 0.7953125 0.59765625 0.790625 0.56328125 0.771875 0.54140625 0.765625 0.49609375
0 0 0.99921875 0.04765625 1 0.05078125 0.9734375 0.05859375 0.9734375 0.06953125 0.9875 0.08359375 0.96875 0.13359375 0.9703125 0.140625 0.94296875 0.18359375 0.9 0.19453125 0.9 0.20390625 0.9078125 0.24765625 0.9046875 0.28515625 0.946875 0.3046875 0.95859375 0.32890625 1 0.4375 0.99921875 0.459375 0.98515625 0.4796875 0.93515625 0.503125 0.91328125 0.4984375 0.87578125 0.515625 0.83828125 0.49296875 0.8171875 0.45234375 0.834375 0.42421875 0.828125 0.3953125 0.76640625 0.353125 0.70703125 0.3734375 0.65546875 0.4078125 0.60546875 0.4109375 0.58828125 0.43125 0.57578125 0.4328125 0.29921875 0.49921875 0.275 0.55546875 0.2875 0.56484375 0.321875 0.59765625 0.3203125 0.6046875 0.28515625 0.61796875 0.275 0.63203125 0.2734375 0.6546875 0.28515625 0.66015625 0.315625 0.69921875 0.3140625 0.7109375 0.30859375 0.72421875 0.271875 0.75 0.27109375 0.753125 0.25078125 0.76328125 0.240625 0.77578125 0.24375 0.80078125 0.2703125 0.8125 0.17265625 0.7921875 0.14140625 0.8 0.12265625 0.784375 0.10859375 0.78515625 0.0765625 0.75546875 0.0765625 0.7375 0.08984375 0.75 0.10234375 0.7578125 0.12265625 0.759375 0.16640625 0.73984375 0.1765625 0.7296875 0.18984375 0.7359375 0.24140625 0.72421875 0.25625 0.70703125 0.2546875 0.6984375 0.24296875 0.703125 0.20390625 0.7125 0.18828125 0.6984375 0.17265625 0.68125 0.13046875 0.6875 0.10234375 0.7015625 0.08671875 0.69453125 0.0609375 0.6828125 0.09921875 0.66015625 0.1078125 0.6546875 0.12109375 0.6421875 0.12734375 0.640625 0.15234375 0.63046875 0.175 0.62109375 0.1796875 0.59609375 0.175 0.56171875 0.146875 0.5546875 0.21171875 0.52578125 0.215625 0.50625 0.16484375 0.5078125 0.11484375 0.51953125 0.1046875 0.53828125 0.1046875 0.56171875 0.128125 0.5734375 0.10234375 0.5515625 0.08828125 0.534375 0.05234375 0.5296875 0.00234375 0.40546875 0 0.4046875 0.02890625 0.45 0.04921875 0.4625 0.10234375 0.4375 0.15078125 0.428125 0.20703125 0.42109375 0.2125 0.4046875 0.17578125 0.38984375 0.159375 0.37734375 0.1609375 0.34296875 0.134375 0.33046875 0.1359375 0.3234375 0.13046875 0.3375 0.05859375 0.3609375 0.02578125 0.38125 0.01015625 0.3828125 0.00078125 0.26640625 0 0.28125 0.01640625 0.2875 0.06328125 0.271875 0.07890625 0.2640625 0.12265625 0.2515625 0.14140625 0.25 0.15078125 0.2578125 0.16484375 0.2484375 0.25390625 0.2211752265625 0.26295399609375 0.2203125 0.24921875 0.228125 0.18828125 0.2359375 0.17265625 0.234375 0.15546875 0.21953125 0.1515625 0.20546875 0.1578125 0.20078125 0.1515625 0.18828125 0.1671875 0.1734375 0.16015625 0.17734375 0.15 0.19296875 0.15 0.209375 0.12578125 0.2078125 0.11015625 0.1921875 0.08515625 0.1890625 0.05859375 0.19375 0.03984375 0.221875 0.00078125 0.17890625 0 0.1546875 0.04140625 0.146875 0.08984375 0.13515625 0.1046875 0.07734375 0.115625 0.05859375 0.103125 0.04609375 0.1140625 0.03203125 0.1140625 0.02265625 0.0953125 0 0.08671875 0 0.15546875 0.0234375 0.15859375 0.0203125 0.18046875 0 0.18671875 0 0.99921875
0 0.222407015625 0.282564994140625 0.222416837890625 0.282721365234375 0.15993830859375 0.30235226171875 0.0956745703125 0.323767826171875 0.02248546484375 0.73601724609375 0.038551400390625 0.77527903515625 0.092104423828125 0.784202251953125 0.261689001953125 0.7574327421875 0.29203566015625 0.37195283203125 0.29203566015625 0.30056766015625 0.222407015625 0.282564994140625