1 0.2109375 0.1650390625 0.240234375 0.1875
1 0.662109375 0.189453125 0.18359375 0.134765625
1 0.4833984375 0.3330078125 0.265625 0.2578125
1 0.8837890625 0.25 0.22265625 0.16015625
1 0.95703125 0.34375 0.0859375 0.1875
1 0.904296875 0.07421875 0.08203125 0.068359375
1 0.7939453125 0.0634765625 0.1171875 0.099609375
1 0.9033203125 0.052734375 0.193359375 0.0859375
1 0.447265625 0.1298828125 0.1953125 0.099609375
1 0.1181640625 0.3427734375 0.1796875 0.171875
1 0.0478515625 0.1787109375 0.078125 0.134765625
1 0.0361328125 0.072265625 0.046875 0.0859375
1 0.892578125 0.15234375 0.21484375 0.1015625
1 0.1640625 0.0205078125 0.171875 0.041015625
1 0.33203125 0.0517578125 0.134765625 0.06640625
0 0 0.677752435546875 0.014892884765625 0.676009990234375 0.040701951171875 0.6948402734375 0.098232302734375 0.6609912578125 0.108546193359375 0.610125681640625 0.141269087890625 0.553212544921875 0.1490437578125 0.526163646484375 0.145990201171875 0.515811865234375 0.1282319140625 0.510922919921875 0.02743198828125 0.512525482421875 0.019202541015625 0.50370048046875 0 0.498557109375 0 0.677752435546875
0 0.70306800390625 1 0.685159869140625 0.771986033203125 0.684824197265625 0.7327012421875 0.692658421875 0.703946896484375 0.719956375 0.680141052734375 0.77641473046875 0.676990046875 0.81899130078125 0.68018437890625 0.82898575 0.6873634921875 0.993359548828125 0.698885171875 0.997928220703125 0.568055552734375 0.983412466796875 0.56810687890625 0.972107796875 0.598447560546875 0.954062568359375 0.577327107421875 0.816040625 0.5690922265625 0.808098123046875 0.576498728515625 0.80567801171875 0.596904515625 0.79785462109375 0.600900126953125 0.79210483984375 0.56996389453125 0.701775802734375 0.56510201171875 0.6772065703125 0.535216111328125 0.6669738984375 0.534858779296875 0.65538228515625 0.548967951171875 0.67549029296875 0.559915287109375 0.675945072265625 0.595789189453125 0.670114072265625 0.616075865234375 0.660585236328125 0.620011921875 0.650531232421875 0.614538255859375 0.5686698671875 0.61167959375 0.554441583984375 0.603498869140625 0.55156669140625 0.588030751953125 0.55892447265625 0.57291996875 0.5945114296875 0.556233681640625 0.601690541015625 0.546239232421875 0.4838361640625 0.5472462421875 0.458433154296875 0.54123657421875 0.433506587890625 0.521583345703125 0.41304124609375 0.520868681640625 0.386328015625 0.552378806640625 0.36544578515625 0.563602255859375 0.34780661328125 0.555302421875 0.3381207734375 0.5148373515625 0.302723314453125 0.5016485703125 0.251143072265625 0.5118000234375 0.17957393359375 0.50759325 0.16828009765625 0.5131751953125 0.1658004296875 0.535286427734375 0.204549224609375 0.550299763671875 0.2400441328125 0.609595115234375 0.254023361328125 0.649356353515625 0.22812224609375 0.706507708984375 0.219990244140625 0.743789279296875 0.22074280078125 0.771135955078125 0.242832369140625 0.8231330859375 0.23874470703125 0.891291333984375 0.20988748046875 0.984197484375 0.211015392578125 0.99021320703125 0.491272462890625 1 0.70306800390625 1