1 0.671875 0.0771484375 0.15234375 0.154296875
1 0.8642578125 0.0830078125 0.177734375 0.166015625
1 0.1728515625 0.4716796875 0.173828125 0.21875
1 0.9326171875 0.3935546875 0.134765625 0.302734375
1 0.333984375 0.9814453125 0.16015625 0.037109375
1 0.13671875 0.990234375 0.15234375 0.01953125
1 0.8837890625 0.9384765625 0.13671875 0.060546875
1 0.7265625 0.9501953125 0.154296875 0.0703125
1 0.6416015625 0.435546875 0.17578125 0.244140625
1 0.083984375 0.2119140625 0.16796875 0.220703125
1 0.1806640625 0.076171875 0.123046875 0.1015625
1 0.3232421875 0.4697265625 0.14453125 0.2265625
1 0.0380859375 0.5185546875 0.076171875 0.150390625
1 0.498046875 0.4267578125 0.130859375 0.251953125
1 0.509765625 0.9736328125 0.09765625 0.052734375
1 0.8095703125 0.4501953125 0.142578125 0.1484375
0 0.2588888984375 0.500713638671875 0.26481662109375 0.476311697265625 0.256038685546875 0.3523950078125 0.251483173828125 0.365612513671875 0.25827851953125 0.446425994140625 0.252966251953125 0.492843666015625 0.2588888984375 0.500713638671875
0 0.488107 0.225244775390625 0.48284521484375 0.2317425390625 0.472412462890625 0.229442080078125 0.448489744140625 0.268474072265625 0.475898419921875 0.27068878515625 0.50184913671875 0.267112009765625 0.507110923828125 0.260614244140625 0.495316109375 0.204954390625 0.488107 0.225244775390625
0 0.09337236328125 0.509617658203125 0.09498176953125 0.395649423828125 0.102851744140625 0.38972677734375 0.103033384765625 0.359134798828125 0.10997510546875 0.352460466796875 0.162053109375 0.34698684765625 0.1579920390625 0.308348328125 0.089114677734375 0.31558762890625 0.083852892578125 0.322085392578125 0.093034447265625 0.409442046875 0.08568910546875 0.452676416015625 0.086299486328125 0.506964060546875 0.09337236328125 0.509617658203125
0 0.236696599609375 0.49964915625 0.245272845703125 0.500446251953125 0.24891025 0.421933232421875 0.240525791015625 0.326000333984375 0.22704596875 0.3027889609375 0.201670365234375 0.30375755078125 0.199460724609375 0.2988943125 0.191898478515625 0.315824826171875 0.193396771484375 0.346240236328125 0.169080580078125 0.357288439453125 0.16969603125 0.379304171875 0.17283392578125 0.38491909375 0.229729759765625 0.384883828125 0.236696599609375 0.49964915625
0 0.893112546875 0.410275134765625 0.896563240234375 0.394626009765625 0.87633348046875 0.2829531640625 0.967801689453125 0.272490220703125 0.976377935546875 0.273287314453125 0.979339259765625 0.27722230078125 0.975754328125 0.2431139453125 0.91590532421875 0.24737186328125 0.90538175390625 0.260367390625 0.8773525546875 0.268408857421875 0.8667785 0.321324294921875 0.885066005859375 0.41451784765625 0.893112546875 0.410275134765625
0 0 0.44621577734375 0.024550560546875 0.444665138671875 0.028616705078125 0.45103174609375 0.05903211328125 0.449533451171875 0.0761391953125 0.4587756328125 0.064122404296875 0.4090838359375 0.06969698828125 0.38132202734375 0.08287415625 0.361253619140625 0.07408100390625 0.334152669921875 0.0655047578125 0.333355576171875 0.06466225390625 0.34957981640625 0.040653787109375 0.37163588671875 0.00360945703125 0.35854446484375 0.005062341796875 0.396607869140625 0 0.405287072265625 0 0.44621577734375
0 0.38409205078125 0.463775345703125 0.395276484375 0.4651475546875 0.401910478515625 0.447465357421875 0.40703603515625 0.463911576171875 0.43802655859375 0.45980509375 0.44404002734375 0.452379078125 0.433183611328125 0.332927078125 0.425803005859375 0.319265615234375 0.403963841796875 0.32156100390625 0.39551875390625 0.330091841796875 0.4013807734375 0.442425548828125 0.38800191796875 0.339374359375 0.373810748046875 0.34171516015625 0.351214830078125 0.37721071484375 0.361955306640625 0.390519041015625 0.3751728125 0.395074552734375 0.38409205078125 0.463775345703125
0 0.560727560546875 0.310179955078125 0.55277183984375 0.2991266796875 0.545608138671875 0.3117690703125 0.53584132421875 0.29156443359375 0.517054306640625 0.282498818359375 0.436064259765625 0.2876142265625 0.437032849609375 0.312989830078125 0.535750505859375 0.306860421875 0.550496498046875 0.43099908984375 0.558674197265625 0.43608430859375 0.561327794921875 0.429011427734375 0.56800212890625 0.4359531484375 0.567174841796875 0.3553616484375 0.58326792578125 0.346876220703125 0.625972587890625 0.349181755859375 0.6309266484375 0.331676126953125 0.637732138671875 0.34794577734375 0.693346583984375 0.343798958984375 0.69021376171875 0.30591212109375 0.65904666796875 0.308338669921875 0.645874572265625 0.296135162109375 0.605026412109375 0.295332994140625 0.584776365234375 0.3127478046875 0.560727560546875 0.310179955078125
0 0.864382146484375 0.379324947265625 0.854842380859375 0.320880337890625 0.803521134765625 0.293153791015625 0.772934228515625 0.260700236328125 0.719176287109375 0.266350423828125 0.692605044921875 0.280183380859375 0.698744599609375 0.3143572109375 0.70462691015625 0.297603263671875 0.7181118046875 0.28854272265625 0.735925162109375 0.3045046484375 0.7406925078125 0.349862908203125 0.724730583984375 0.367676267578125 0.705852744140625 0.373906642578125 0.71777871484375 0.438894427734375 0.731571337890625 0.44084175 0.73961787890625 0.4365990390625 0.733437986328125 0.3778012890625 0.74188307421875 0.369270453125 0.748602818359375 0.3685641796875 0.7676975625 0.38863766015625 0.79121666015625 0.386165705078125 0.798334951171875 0.381171306640625 0.80408610546875 0.3550894296875 0.8272974765625 0.341609607421875 0.842724623046875 0.351028357421875 0.84572628515625 0.379587263671875 0.864382146484375 0.379324947265625
0 0.657528326171875 0.124211685546875 0.611378044921875 0.10528336328125 0.6075792890625 0.085300705078125 0.5976762421875 0.088040048828125 0.596616833984375 0.077960435546875 0.606696447265625 0.076901025390625 0.605283900390625 0.0634615390625 0.5818102109375 0.058285501953125 0.514996115234375 0.15787585546875 0.502701787109375 0.186343939453125 0.527149138671875 0.18462366796875 0.53952921484375 0.1731315078125 0.54996196484375 0.175431966796875 0.583863330078125 0.21518037890625 0.581825185546875 0.244268990234375 0.58832294921875 0.249530775390625 0.597252333984375 0.2536877421875 0.617058423828125 0.24820905078125 0.645708150390625 0.2299113984375 0.672228912109375 0.25599834765625 0.6842104375 0.248794310546875 0.67740494921875 0.232524658203125 0.682979533203125 0.204762845703125 0.6920451484375 0.185975828125 0.705308064453125 0.18288334765625 0.72692017578125 0.2188279296875 0.728418470703125 0.249243341796875 0.7437144609375 0.24933416015625 0.768383787109375 0.241645830078125 0.755393333984375 0.19885034375 0.7592930546875 0.1389931875 0.729896716796875 0.12594717578125 0.72074535546875 0.12775826953125 0.712209447265625 0.151585095703125 0.703809767578125 0.1524679375 0.681531720703125 0.134427529296875 0.670655013671875 0.144063185546875 0.655535591796875 0.14565230078125 0.648508123046875 0.135350708984375 0.657528326171875 0.124211685546875
0 1 0.57958806640625 0.99060919921875 0.5783696640625 0.977664154296875 0.527926185546875 0.94777844921875 0.534464287109375 0.94074590625 0.556434607421875 0.93044431640625 0.563462076171875 0.903656166015625 0.550991181640625 0.887865736328125 0.60275638671875 0.877478396484375 0.592807931640625 0.87256974609375 0.60266556640625 0.88281578515625 0.667829919921875 0.862873462890625 0.69625259375 0.82140477734375 0.705706611328125 0.785772990234375 0.706054673828125 0.760311640625 0.69004733984375 0.7170420078125 0.625806166015625 0.720941728515625 0.5659490078125 0.741544912109375 0.5518940703125 0.74889025390625 0.508659701171875 0.74244297265625 0.4634780078125 0.728872330078125 0.455562625 0.71335436328125 0.46143986328125 0.720684486328125 0.515021234375 0.734033150390625 0.52890467578125 0.734295466796875 0.547560537109375 0.715770763671875 0.55715078515625 0.70189239453125 0.538227533203125 0.666790314453125 0.543615404296875 0.650611482421875 0.53512490625 0.620196072265625 0.536623201171875 0.6048143359375 0.51955645703125 0.58580533984375 0.516458900390625 0.5791310078125 0.5095171796875 0.568884970703125 0.444352826171875 0.5539421171875 0.447621876953125 0.56056089453125 0.526755421875 0.571962234375 0.554431486328125 0.56851154296875 0.570080609375 0.55560176171875 0.57653296484375 0.55542012109375 0.607124943359375 0.53561403125 0.6126036328125 0.5382978203125 0.694698501953125 0.516857205078125 0.692705767578125 0.488152166015625 0.50039601171875 0.4751112265625 0.49752043359375 0.470868515625 0.489473892578125 0.45238922265625 0.49141614453125 0.451632466796875 0.524616310546875 0.444024810546875 0.549194818359375 0.4335466484375 0.5545423515625 0.41732748046875 0.52142793359375 0.4194564453125 0.477043333984375 0.40774230859375 0.470631318359375 0.382497861328125 0.480927837890625 0.392653078125 0.561388181640625 0.3799198671875 0.569520470703125 0.3840666875 0.625134916015625 0.37712496484375 0.631809248046875 0.338531857421875 0.62822232421875 0.331201734375 0.574640953125 0.320814392578125 0.56469249609375 0.27788775 0.568355021484375 0.265865884765625 0.550935138671875 0.2664006640625 0.523703033203125 0.259020056640625 0.510041568359375 0.24390063671875 0.51163068359375 0.23731205078125 0.521664888671875 0.250741392578125 0.58479616796875 0.242649439453125 0.596686875 0.230889890625 0.597922853515625 0.21869145703125 0.578823037109375 0.19163591796875 0.5799681953125 0.18301426171875 0.586819095703125 0.184557966796875 0.60958651171875 0.164222169921875 0.61002539453125 0.14884043359375 0.592958650390625 0.120902052734375 0.58570412890625 0.097872322265625 0.568591974609375 0.0929233359375 0.55382569140625 0.098053962890625 0.53799999609375 0.077763576171875 0.53079088671875 0.06931848828125 0.53932172265625 0.07496867578125 0.5930796640625 0.091147505859375 0.601570162109375 0.0930897578125 0.620049453125 0.074736552734375 0.66359155078125 0.06297700390625 0.664827529296875 0.05316477734375 0.652270884765625 0.033979212890625 0.64749339453125 0.030836248046875 0.67415038671875 0.01596773828125 0.67812677734375 0.0497979765625 1 0.096353916015625 1 0.102049091796875 0.99617339453125 0.099667955078125 0.957358306640625 0.109530662109375 0.929995041015625 0.122970146484375 0.928582494140625 0.127787974609375 0.934020849609375 0.135072689453125 0.995250216796875 0.180607517578125 0.992162806640625 0.1913995546875 1 0.21113744921875 1 0.218448943359375 0.99667798046875 0.233514533203125 1 0.27074401171875 1 0.28246306640625 0.991648318359375 0.304478798828125 0.9910328671875 0.3116475703125 0.946118560546875 0.332911619140625 0.946431359375 0.3400248359375 0.973708876953125 0.403771568359375 0.982295267578125 0.413008677734375 0.997460099609375 0.418013958984375 1 0.434653931640625 1 0.44625425390625 0.990568861328125 0.451077154296875 0.963735302734375 0.473092888671875 0.96311984765625 0.51496012109375 0.9493777109375 0.51637773828125 0.93054528125 0.49817598046875 0.854327650390625 0.505783638671875 0.829749142578125 0.500304947265625 0.809943052734375 0.518037626953125 0.776657138671875 0.53819685546875 0.774538318359375 0.554113369140625 0.76437295703125 0.616306251953125 0.814735759765625 0.614091541015625 0.842144435546875 0.63017955078125 0.865930921875 0.632121802734375 0.88441021484375 0.62027143359375 0.90094218359375 0.6209726328125 0.939933837890625 0.61009592578125 0.94956949609375 0.610933357421875 0.96561716796875 0.648421646484375 0.96677247265625 0.656690166015625 0.95656169921875 0.655015302734375 0.924466353515625 0.670356701171875 0.9169091796875 0.678887537109375 0.925354267578125 0.6843208203125 0.952808353515625 0.74161519921875 0.94848496484375 0.767611328125 0.937260193359375 0.792189837890625 0.9448678515625 0.80114522265625 0.971102501953125 0.826363162109375 0.96845198828125 0.824592908203125 0.954200853515625 0.833880501953125 0.92944577734375 0.8290223359375 0.89938350390625 0.835610919921875 0.889349298828125 0.850730341796875 0.88776018359375 0.86226283984375 0.9247641796875 0.876630576171875 0.92410331640625 0.87314462109375 0.882856609375 0.8846418515625 0.86296476953125 0.878189498046875 0.85005498828125 0.885484357421875 0.84674052734375 0.88968166015625 0.862435064453125 0.904357123046875 0.87278206640625 0.9084181953125 0.9114205859375 0.923709111328125 0.943783322265625 0.95001296484375 0.943566416015625 0.967158921875 0.9536537578125 1 0.950202021484375 1 0.57958806640625
0 0.3486573671875 0.0539164609375 0.374162849609375 0.010471876953125 0.292005734375 0.0191069375 0.28743307421875 0.028929259765625 0.2875188203125 0.04590518359375 0.298390455078125 0.068541443359375 0.305286767578125 0.069515103515625 0.33230196875 0.04374602734375 0.3486573671875 0.0539164609375
0 0.9382036640625 0.13632461328125 0.92861341796875 0.117799912109375 0.920965423828125 0.117754501953125 0.895499 0.134019080078125 0.8901918046875 0.14816483984375 0.871889080078125 0.15178702734375 0.865477064453125 0.163501166015625 0.8760863828125 0.1674815625 0.8759955625 0.182777552734375 0.884702966796875 0.19290257421875 0.899645818359375 0.1896335234375 0.93593846875 0.203653197265625 0.93580223828125 0.226597181640625 0.973663849609375 0.22322437109375 0.95215029296875 0.0185365625 0.92964770703125 0.006439865234375 0.924385921875 0.012937630859375 0.9510781796875 0.072976427734375 0.9462098671875 0.107457982421875 0.95602209375 0.120014625 0.9382036640625 0.13632461328125
0 0.708496263671875 0 0.733846921875 0.026170109375 0.7251697109375 0.10521283203125 0.7817527421875 0.1264416171875 0.811996658203125 0.090991470703125 0.786716947265625 0.044392158203125 0.7707146875 0.037581595703125 0.777257859375 0.03519538671875 0.77832234375 0.0130030859375 0.788153236328125 0 0.708496263671875 0
0 0.157260646484375 0.180188923828125 0.1478873046875 0.187968076171875 0.13965912109375 0.22280276953125 0.117729138671875 0.24039414453125 0.119847958984375 0.260553373046875 0.10782101953125 0.27540540625 0.118077203125 0.276025931640625 0.15340126171875 0.264670001953125 0.163748263671875 0.249994537109375 0.19960202734375 0.2436784140625 0.198366048828125 0.23191886328125 0.18183408203125 0.220068494140625 0.16318329296875 0.188058896484375 0.1704378125 0.160120517578125 0.161821228515625 0.13469950390625 0.1370207421875 0.13305990625 0.138519037109375 0.163475314453125 0.156201236328125 0.170109310546875 0.157260646484375 0.180188923828125
0 0.3949438828125 0.049900798828125 0.38207951171875 0.048705158203125 0.40086145703125 0.090042685546875 0.41792312890625 0.106932861328125 0.423230326171875 0.09278710546875 0.3949438828125 0.049900798828125
0 0.3983692109375 0.1956112421875 0.39173521484375 0.213293439453125 0.40658724609375 0.22532037890625 0.41330191796875 0.25688601953125 0.41975426953125 0.269795798828125 0.42665058203125 0.2707694609375 0.470339052734375 0.20163485546875 0.453231970703125 0.192392673828125 0.43342587890625 0.1978713671875 0.4234370859375 0.183634787109375 0.4103961484375 0.1807592109375 0.403066025390625 0.127177837890625 0.390337884765625 0.10303821484375 0.369255478515625 0.0721334375 0.35431262890625 0.07540248828125 0.351431978515625 0.12071533984375 0.390595130859375 0.15396598828125 0.3983692109375 0.1956112421875