1 0.2177734375 0.4404296875 0.220703125 0.2421875
1 0.140625 0.7216796875 0.28125 0.201171875
1 0.5224609375 0.2353515625 0.208984375 0.1669921875
1 0.248046875 0.173828125 0.234375 0.154296875
1 0.02734375 0.375 0.0546875 0.173828125
1 0.072265625 0.166015625 0.1376953125 0.2685546875
1 0.46484375 0.4248046875 0.232421875 0.1669921875
1 0.146484375 0.9189453125 0.2919921875 0.162109375
0 1 0.00078125 0.82265625 0 0.81328125 0.0125 0.79375 0.02265625 0.77734375 0.046875 0.74921875 0.0453125 0.73828125 0.059375 0.70859375 0.06875 0.67578125 0.0640625 0.66328125 0.0421875 0.63984375 0.0375 0.62265625 0.053125 0.59765625 0.05625 0.590625 0.03828125 0.57734375 0.0296875 0.56015625 0.0421875 0.55 0.03828125 0.54453125 0.025 0.51484375 0.0375 0.47734375 0.04375 0.46328125 0.0421875 0.44296875 0.0265625 0.40703125 0.0265625 0.38515625 0.0359375 0.35703125 0.015625 0.33359375 0.0140625 0.33046875 0.0375 0.31171875 0.034375 0.2921875 0.04453125 0.2953125 0.07109375 0.2828125 0.07734375 0.28125 0.09140625 0.31484375 0.121875 0.36015625 0.1390625 0.38359375 0.1125 0.39765625 0.115625 0.4203125 0.14296875 0.42734375 0.1828125 0.45078125 0.1453125 0.46328125 0.1546875 0.58515625 0.1546875 0.58125 0.13203125 0.590625 0.11171875 0.60859375 0.096875 0.63046875 0.103125 0.65 0.12578125 0.646875 0.15546875 0.634375 0.17578125 0.6359375 0.20234375 0.63984375 0.2078125 0.68359375 0.215625 0.7109375 0.23671875 0.7171875 0.24765625 0.715625 0.28359375 0.721875 0.29140625 0.703125 0.35546875 0.68125 0.38203125 0.68125 0.40390625 0.690625 0.42421875 0.6859375 0.46640625 0.67578125 0.4734375 0.6578125 0.47265625 0.6453125 0.49453125 0.65625 0.51015625 0.6546875 0.52890625 0.625 0.55078125 0.6125 0.58828125 0.6140625 0.59921875 0.58828125 0.6109375 0.5796875 0.62421875 0.58046875 0.79375 0.575 0.72578125 0.5765625 0.61171875 0.56875 0.60859375 0.56484375 0.5953125 0.54765625 0.5953125 0.52421875 0.6390625 0.515625 0.63828125 0.51328125 0.6125 0.4796875 0.63203125 0.5 0.66328125 0.4953125 0.68359375 0.5 0.72734375 0.4921875 0.75078125 0.4703125 0.77265625 0.4734375 0.87265625 0.465625 0.89921875 0.4453125 0.93359375 0.45 0.95859375 0.44375 0.98046875 0.4265625 0.99921875 0.7765625 0.99921875 0.7609375 0.98515625 0.7640625 0.96953125 0.75625 0.95390625 0.759375 0.91015625 0.7859375 0.89296875 0.80625 0.84609375 0.8078125 0.83046875 0.8 0.81640625 0.8015625 0.76484375 0.825 0.72421875 0.8671875 0.69296875 0.853125 0.67109375 0.8515625 0.61640625 0.8828125 0.55234375 0.884375 0.49921875 0.89375 0.46484375 0.8890625 0.43984375 0.8953125 0.41328125 0.8953125 0.23046875 0.88671875 0.21875 0.865625 0.21328125 0.87734375 0.209375 0.9 0.22109375 0.90625 0.35703125 0.96953125 0.334375 0.95 0.29296875 0.96171875 0.2859375 0.99765625 0.28125 1 0.25859375 0.96328125 0.2578125 0.95 0.23203125 0.953125 0.16328125 0.9421875 0.10703125 0.9640625 0.07421875 0.978125 0.06484375 0.98359375 0.0453125 0.98984375 0.05625 1 0.05703125 1 0.00078125
0 0 0.67109375 0.0171875 0.67109375 0.0234375 0.66640625 0.0296875 0.61328125 0.00234375 0.6046875 0 0.67109375
0 0.19765625 0.6359375 0.2046875 0.59921875 0.228125 0.58046875 0.2359375 0.56171875 0.15703125 0.5578125 0.13984375 0.5796875 0.11015625 0.5796875 0.09921875 0.6015625 0.04453125 0.6125 0.046875 0.65859375 0.053125 0.66328125 0.08671875 0.640625 0.12421875 0.628125 0.14765625 0.625 0.19765625 0.6359375
0 0.41953125 0.565625 0.37265625 0.559375 0.36171875 0.5859375 0.325 0.59609375 0.3265625 0.61015625 0.35390625 0.6265625 0.3671875 0.64296875 0.3921875 0.62421875 0.3921875 0.61328125 0.4203125 0.57734375 0.41953125 0.565625