1 0.146484375 0.7265625 0.193359375 0.232421875
1 0.404296875 0.65234375 0.353515625 0.27734375
1 0.33984375 0.39453125 0.16015625 0.14453125
1 0.9033203125 0.365234375 0.185546875 0.197265625
1 0.8349609375 0.5859375 0.1328125 0.13671875
1 0.73828125 0.35546875 0.140625 0.158203125
1 0.1181640625 0.4580078125 0.099609375 0.111328125
1 0.5361328125 0.412109375 0.28125 0.146484375
0 1 0.46941869140625 0.995880455078125 0.43586769140625 0.983482533203125 0.44063580859375 0.9758233203125 0.43465177734375 0.881487396484375 0.4488314453125 0.88504715234375 0.47782334375 0.873916677734375 0.499963392578125 0.874724041015625 0.52063766015625 0.893632451171875 0.54774498046875 0.908620578125 0.61341821484375 0.897489009765625 0.684895220703125 0.86709178125 0.648811849609375 0.70059020703125 0.674449021484375 0.68150153515625 0.681120607421875 0.68978894140625 0.692220857421875 0.68326630078125 0.702542876953125 0.67049087109375 0.697187037109375 0.61908907421875 0.71561619921875 0.56963230859375 0.7216887265625 0.55212923046875 0.73422453515625 0.400108494140625 0.765008150390625 0.3384440390625 0.798546341796875 0.1778962734375 0.83037694140625 0.097921373046875 0.855776673828125 0.081884078125 0.880250322265625 0.045909498046875 0.904484173828125 0.0576373671875 1 0.5305813125 1 1 0.9423626328125 1 0.46941869140625
0 0.469418685546875 0 0 0.0576373671875 0 0.316293060546875 0.026155208984375 0.391128078125 0.04458546484375 0.393192919921875 0.0567024765625 0.4072851875 0.138950521484375 0.4144975625 0.169197712890625 0.470507193359375 0.1551648046875 0.504255873046875 0.13063070703125 0.515923865234375 0.107832240234375 0.513529814453125 0.087936205078125 0.499527134765625 0.07396483984375 0.456233572265625 0.07190108984375 0.42532687109375 0.02061910546875 0.4376824140625 0.01729787890625 0.445880234375 0.029414892578125 0.459972501953125 0.037013654296875 0.4936618203125 0 0.49940609375 0 0.530581306640625 0.01297116015625 0.636222931640625 0.03841680078125 0.631978859375 0.0606464375 0.650888361328125 0.12356727734375 0.627582603515625 0.1872652578125 0.6388037578125 0.209913689453125 0.6611240703125 0.217272826171875 0.706960626953125 0.237707470703125 0.718300501953125 0.250393314453125 0.71587731640625 0.2554199453125 0.707470099609375 0.248689 0.6667497578125 0.235734396484375 0.645835869140625 0.233251853515625 0.61151835546875 0.25796621484375 0.566071458984375 0.2716094609375 0.564396279296875 0.287346681640625 0.579775158203125 0.2958737109375 0.578728169921875 0.33812028515625 0.55622977734375 0.418812962890625 0.543725287109375 0.41351757421875 0.5287954296875 0.385543529296875 0.50539790625 0.346140025390625 0.494655998046875 0.317566921875 0.50162656640625 0.308800271484375 0.51482079296875 0.300273240234375 0.51586778125 0.25868617578125 0.480292791015625 0.2578788125 0.4596185234375 0.271971080078125 0.447501513671875 0.276938349609375 0.417462626953125 0.26554020703125 0.36692864453125 0.28977532421875 0.345776224609375 0.324751255859375 0.33455725390625 0.35712373828125 0.34443134375 0.39889106640625 0.3462274296875 0.41824849609375 0.36289291796875 0.450411583984375 0.3710616015625 0.519914423828125 0.3590654921875 0.543820330078125 0.342281283203125 0.579603625 0.351736580078125 0.64312243359375 0.34739968359375 0.674896951171875 0.338304916015625 0.680492416015625 0.313382248046875 0.707599734375 0.294473837890625 0.732762025390625 0.287922064453125 0.7361134765625 0.265871599609375 0.75499275390625 0.257494609375 0.82982120703125 0.246575712890625 0.84217784375 0.248520744140625 0.865993072265625 0.27329446484375 0.8934889609375 0.271649509765625 0.902255615234375 0.25845528515625 0.916496828125 0.27574896484375 0.947194130859375 0.271979810546875 0.95413556640625 0.265068603515625 0.948630779296875 0.24843333984375 0.958893439453125 0.233324310546875 0.941780021484375 0.2137866171875 0.90336414453125 0.189940072265625 0.844665845703125 0.036153478515625 0.81326408203125 0 0.469418685546875 0
0 0.7474025546875 0.51290069921875 0.47199463671875 0.53979207421875 0.436599912109375 0.547600232421875 0.437856296875 0.557832666015625 0.45811176953125 0.553614490234375 0.47555439453125 0.568783970703125 0.514359931640625 0.560557017578125 0.547390833984375 0.561694681640625 0.566299244140625 0.588802001953125 0.6133921875 0.591675298828125 0.632151650390625 0.58937192578125 0.6486077421875 0.56830908984375 0.67463784765625 0.554726296875 0.69914172265625 0.55691094921875 0.708925134765625 0.566096396484375 0.709104306640625 0.581654443359375 0.738096205078125 0.5780946875 0.77136673046875 0.567085115234375 0.770559365234375 0.54641084765625 0.776752794921875 0.540457041015625 0.8633096953125 0.52636695703125 0.84607646484375 0.5129028828125 0.795572712890625 0.510448380859375 0.7871061328125 0.48379008203125 0.771129291015625 0.48055844140625 0.752579224609375 0.484567220703125 0.7474025546875 0.51290069921875