1 0.58984375 0.8427734375 0.228515625 0.208984375
1 0.0458984375 0.166015625 0.091796875 0.19140625
1 0.828125 0.1357421875 0.240234375 0.236328125
1 0.8427734375 0.83984375 0.228515625 0.220703125
1 0.611328125 0.2236328125 0.2265625 0.17578125
1 0.1533203125 0.4423828125 0.193359375 0.171875
1 0.4052734375 0.9228515625 0.173828125 0.154296875
1 0.4013671875 0.328125 0.251953125 0.21484375
1 0.1748046875 0.921875 0.197265625 0.15625
1 0.0224609375 0.623046875 0.04296875 0.158203125
1 0.9892578125 0.8994140625 0.021484375 0.044921875
1 0.462890625 0.65234375 0.109375 0.12109375
1 0.4658203125 0.0419921875 0.107421875 0.083984375
0 0.62740704296875 0.4026685 0.624463853515625 0.38597684375 0.611406884765625 0.37537117578125 0.601389853515625 0.391766474609375 0.603546833984375 0.41375994921875 0.62740704296875 0.4026685
0 0.06714786328125 0.563415544921875 0.063420501953125 0.537396318359375 0.0324905234375 0.552315947265625 0.029345689453125 0.573523212890625 0.046722732421875 0.58422766796875 0.06714786328125 0.563415544921875
0 0.248712154296875 0.402321208984375 0.25784419140625 0.395547796875 0.23890084375 0.351558814453125 0.193833369140625 0.35950542578125 0.1676165703125 0.37187293359375 0.16948126953125 0.377567853515625 0.202667013671875 0.380321623046875 0.232411564453125 0.417242876953125 0.245273 0.4218593046875 0.248712154296875 0.402321208984375
0 0.1455905 0.6081001015625 0.139018734375 0.561069142578125 0.167199017578125 0.550076482421875 0.16582620703125 0.537410580078125 0.13588001171875 0.538388248046875 0.13116887109375 0.526310982421875 0.135587728515625 0.5220896953125 0.124788564453125 0.5145280390625 0.117031373046875 0.51933796484375 0.10750826953125 0.51413289453125 0.101714564453125 0.52031766796875 0.087183962890625 0.51599555859375 0.089734046875 0.535338123046875 0.115944734375 0.566858775390625 0.132237173828125 0.61045465234375 0.1455905 0.6081001015625
0 0.51996123828125 0.6376073828125 0.546669927734375 0.61826889453125 0.525071595703125 0.603145580078125 0.511823169921875 0.557291896484375 0.504557869140625 0.555130841796875 0.497000287109375 0.536671234375 0.4461370703125 0.56543200390625 0.45163441796875 0.572207453125 0.480010236328125 0.56720403125 0.468914712890625 0.572602595703125 0.46331654296875 0.584776607421875 0.50239273828125 0.591654916015625 0.490805326171875 0.6040244609375 0.512790650390625 0.66038502734375 0.51996123828125 0.6376073828125
0 0.22350766015625 0.195935337890625 0.224686974609375 0.18798261328125 0.203778103515625 0.157248171875 0.199363318359375 0.132210685546875 0.2041773203125 0.1107091015625 0.196226634765625 0.09490040234375 0.18994307421875 0.09342676953125 0.1719733203125 0.1086427578125 0.1492944609375 0.09715209375 0.111197970703125 0.105590595703125 0.118656765625 0.12837027734375 0.147621220703125 0.1267051875 0.1686309140625 0.138490169921875 0.18129681640625 0.137117359375 0.18757426171875 0.18247915234375 0.212510923828125 0.197013830078125 0.22350766015625 0.195935337890625
0 0.120909443359375 0.873192939453125 0.134264806640625 0.856209 0.110618466796875 0.741625205078125 0.078612037109375 0.73091871484375 0.070266208984375 0.732390310546875 0.0572051640625 0.751043412109375 0.07349760546875 0.794639291015625 0.08988271875 0.877803255859375 0.120909443359375 0.873192939453125
0 0.63619382421875 0.75996059375 0.639336623046875 0.753382716796875 0.63815934765625 0.746706052734375 0.623334427734375 0.740714775390625 0.62304418359375 0.7097868359375 0.600470220703125 0.650087939453125 0.573076146484375 0.65577878515625 0.56904835546875 0.67197855078125 0.5586402578125 0.676395373046875 0.562369654296875 0.687785212890625 0.555888525390625 0.69495173046875 0.5390013359375 0.691905677734375 0.536941103515625 0.68022151953125 0.516324513671875 0.66578562890625 0.517201359375 0.71468128515625 0.47232941796875 0.72861713671875 0.47880647265625 0.750709396484375 0.512679638671875 0.752481419921875 0.5200416875 0.7649517890625 0.56903612890625 0.75975487109375 0.5754164375 0.77153781640625 0.584056583984375 0.771735388671875 0.63619382421875 0.75996059375
0 0.216191423828125 0.55950894921875 0.21619549609375 0.530250177734375 0.22130178125 0.525047146484375 0.234262 0.525343501953125 0.245155876953125 0.557843861328125 0.2589990546875 0.563147712890625 0.302006294921875 0.54351694140625 0.33470626171875 0.509353533203125 0.324890875 0.487849912109375 0.298577328125 0.489908107421875 0.2953398203125 0.47154728515625 0.307515869140625 0.4625160703125 0.299661931640625 0.45701668359375 0.29289055859375 0.4332552578125 0.28032344140625 0.43030799609375 0.273154888671875 0.438456251953125 0.256463232421875 0.44139944140625 0.24487174609375 0.483027759765625 0.183995572265625 0.49892505859375 0.176040810546875 0.5123751328125 0.162294380859375 0.517380591796875 0.165531888671875 0.5357414140625 0.182223544921875 0.532798224609375 0.18457809765625 0.54615155078125 0.2051926484375 0.575216828125 0.216191423828125 0.55950894921875
0 0.6882608046875 0.54769445703125 0.734705162109375 0.523154974609375 0.72695612109375 0.469447353515625 0.7390374609375 0.435477439453125 0.754551841796875 0.425857587890625 0.819550517578125 0.41869922265625 0.78793923046875 0.39071243359375 0.7401220625 0.402586015625 0.736094271484375 0.418785783203125 0.728435865234375 0.41927563671875 0.718227376953125 0.400422921875 0.717150923828125 0.374796798828125 0.73836226171875 0.348682861328125 0.73590892578125 0.339649609375 0.690643880859375 0.356236369140625 0.683475328125 0.364384625 0.66413480078125 0.35230532421875 0.642433609375 0.370760857421875 0.644983693359375 0.390103421875 0.6780726875 0.382547876953125 0.694467990234375 0.392564908203125 0.69927383984375 0.429580873046875 0.65439986328125 0.458146111328125 0.668728818359375 0.500367142578125 0.67363141796875 0.547692419921875 0.68570664453125 0.557610666015625 0.6882608046875 0.54769445703125
0 0.4202746640625 0.853106951171875 0.418805107421875 0.83013173828125 0.430001451171875 0.805783712890625 0.411156888671875 0.75747465625 0.393598576171875 0.63837525390625 0.37583046484375 0.6156923203125 0.369746515625 0.590949154296875 0.398616259765625 0.56434536328125 0.429054345703125 0.556396716796875 0.42100894921875 0.51564931640625 0.391060712890625 0.531256369140625 0.375348763671875 0.549516369140625 0.346481056640625 0.561490771484375 0.344908638671875 0.572094404296875 0.28442353125 0.599970181640625 0.253590302734375 0.625199125 0.256043640625 0.634232376953125 0.277448474609375 0.62873706640625 0.2988512734375 0.637871138671875 0.318088939453125 0.6835292890625 0.36620042578125 0.673324873046875 0.373955578125 0.683144333984375 0.366982560546875 0.69728183203125 0.301002140625 0.7037527734375 0.28990458203125 0.72378072265625 0.309732923828125 0.758147818359375 0.30040331640625 0.773561376953125 0.308736919921875 0.8598661015625 0.341529556640625 0.86527077734375 0.379527263671875 0.861152349609375 0.4202746640625 0.853106951171875
0 1 0.5879330078125 0.962677138671875 0.600850115234375 0.921048818359375 0.58925862890625 0.9059316171875 0.566968798828125 0.880601849609375 0.55508503125 0.865283001953125 0.570694123046875 0.863023162109375 0.58227949609375 0.84220696484375 0.591113140625 0.81706865625 0.614477384765625 0.786140716796875 0.61476762890625 0.7747529140625 0.603867640625 0.782510103515625 0.59905771484375 0.77936934375 0.591006205078125 0.765820484375 0.587371517578125 0.771704826171875 0.635384216796875 0.76198211328125 0.65344868359375 0.68902867578125 0.674057123046875 0.70944973046875 0.6825037734375 0.7210289921875 0.728651775390625 0.735853912109375 0.73464305078125 0.748414916015625 0.781478474609375 0.774335359375 0.7820711875 0.78474549609375 0.76302498046875 0.7985907109375 0.753699447265625 0.848371361328125 0.743200712890625 0.9015850546875 0.757052041015625 0.964605984375 0.85092453515625 0.954784486328125 0.873309076171875 0.962671884765625 0.92613176953125 1 0.91954981640625 1 0.5879330078125