1 0.5849609375 0.958984375 0.169921875 0.08203125
1 0.2646484375 0.0810546875 0.212890625 0.158203125
1 0.107421875 0.435546875 0.13671875 0.1171875
1 0.2177734375 0.166015625 0.138671875 0.1015625
1 0.2685546875 0.3525390625 0.109375 0.076171875
1 0.48828125 0.533203125 0.107421875 0.091796875
1 0.541015625 0.177734375 0.16015625 0.158203125
1 0.95703125 0.1513671875 0.0859375 0.150390625
1 0.8662109375 0.5703125 0.154296875 0.15234375
1 0.8359375 0.880859375 0.2265625 0.22265625
1 0.0087890625 0.6484375 0.017578125 0.20703125
1 0.072265625 0.3564453125 0.12890625 0.15234375
1 0.1162109375 0.11328125 0.109375 0.109375
0 1 0.292802529296875 0.96326258984375 0.298987212890625 0.925991416015625 0.295049951171875 0.88911955078125 0.306074158203125 0.8777444921875 0.322054439453125 0.850366765625 0.322520912109375 0.8564536015625 0.329492234375 0.878408779296875 0.327144845703125 0.881950412109375 0.3344483125 0.900121365234375 0.33880726953125 0.928473134765625 0.341837654296875 0.932544724609375 0.32939900390625 0.9405124765625 0.33094777734375 0.943744353515625 0.339844794921875 0.9468866796875 0.332186796875 0.96122863671875 0.334974591796875 0.96162794140625 0.3499360546875 0.9938087109375 0.354537603515625 1 0.345064181640625 1 0.292802529296875
0 0.466734779296875 0.854053765625 0.49763175 0.8567520078125 0.544374673828125 0.84599278125 0.569714767578125 0.821977580078125 0.57754819140625 0.79869383203125 0.572700375 0.785348302734375 0.509887615234375 0.76817745703125 0.505394330078125 0.761515888671875 0.50468526953125 0.74814797265625 0.517079140625 0.7439420546875 0.526550892578125 0.729245568359375 0.529958197265625 0.71171651171875 0.524181115234375 0.70315163671875 0.42223865234375 0.691604833984375 0.399089232421875 0.70860393359375 0.385034642578125 0.7000838359375 0.390300474609375 0.672993474609375 0.448149798828125 0.59658891796875 0.448724533203125 0.58512430859375 0.432609921875 0.548916728515625 0.434423673828125 0.531077916015625 0.453411953125 0.509962451171875 0.4851710234375 0.49546377734375 0.5144744453125 0.497852265625 0.54479668359375 0.512015115234375 0.570778671875 0.488951568359375 0.648728326171875 0.47929703125 0.680110478515625 0.453975646484375 0.68807823046875 0.455524421875 0.680132865234375 0.458114400390625 0.68843276171875 0.462208380859375 0.719019978515625 0.466500171875 0.7399115625 0.444100908203125 0.759941046875 0.4388985625 0.770207734375 0.394588900390625 0.78348609375 0.377324822265625 0.72583090625 0.371905951171875 0.728950841796875 0.360109197265625 0.744177287109375 0.349838833984375 0.730454841796875 0.3438639375 0.761019669921875 0.344016974609375 0.765113646484375 0.335717080078125 0.756481607421875 0.3290778984375 0.76252366796875 0.32777171484375 0.777529908203125 0.3356499140625 0.7956784765625 0.3358701171875 0.811502041015625 0.31827389453125 0.83159501171875 0.265951703125 0.827034560546875 0.246873873046875 0.81742848046875 0.2367378359375 0.827519740234375 0.218854248046875 0.81884292578125 0.20393755859375 0.82579186328125 0.19371196875 0.8684855859375 0.199530146484375 0.87552407421875 0.205859572265625 0.887298439453125 0.204840755859375 0.89329572265625 0.1952570625 0.894754943359375 0.170734294921875 0.873639478515625 0.151746015625 0.87306106640625 0.103674517578125 0.85989096484375 0.08209626171875 0.814652037109375 0.076610224609375 0.78707649609375 0.09936401953125 0.7686405625 0.10487612109375 0.761736404296875 0.12337921875 0.764658525390625 0.133869787109375 0.753018490234375 0.159721126953125 0.759459857421875 0.173376408203125 0.767737365234375 0.1733316328125 0.77957889453125 0.184729078125 0.768028412109375 0.227135435546875 0.7607249453125 0.23067706640625 0.75005894921875 0.260025263671875 0.7237224296875 0.27640485546875 0.7111083515625 0.29875933984375 0.671359138671875 0.307570484375 0.67144869140625 0.3241255 0.684950935546875 0.348248962890625 0.6799053046875 0.357190755859375 0.625328955078125 0.39123373046875 0.6225859375 0.4138531953125 0.58095580859375 0.428086888671875 0.570819771484375 0.43769296875 0.5229684765625 0.42012281640625 0.5000392578125 0.41897334765625 0.49408675 0.436834548828125 0.50240903515625 0.445067279296875 0.493866548828125 0.454983115234375 0.477953431640625 0.4560243203125 0.429042220703125 0.477938400390625 0.39845500390625 0.473646609375 0.364460484375 0.486883875 0.342927001953125 0.508331484375 0.313403380859375 0.5240915625 0.309421341796875 0.553085228515625 0.3018305078125 0.562359166015625 0.293329119140625 0.52101640234375 0.2777033671875 0.516325302734375 0.255770578125 0.5228114453125 0.256613970703125 0.561011884765625 0.2733928671875 0.602309873046875 0.276404541015625 0.62935545703125 0.291787703125 0.648056369140625 0.354690015625 0.681782232421875 0.362415177734375 0.697340818359375 0.3083463984375 0.707502921875 0.248410984375 0.692545134765625 0.2313483984375 0.716515560546875 0.208508734375 0.731921109375 0.215636775390625 0.75480555078125 0.20727339453125 0.79783141796875 0.227769349609375 0.820006796875 0.230426494140625 0.840368423828125 0.198689810546875 0.8590058515625 0.190236876953125 0.885476703125 0.174390921875 0.89893416796875 0.20216795703125 0.9134291640625 0.2365170078125 0.90687585546875 0.241144623046875 0.93836994921875 0.232269994140625 0.945740580078125 0.18101139453125 0.945699482421875 0.178683142578125 0.946900677734375 0.413266291015625 0.9924990234375 0.411676927734375 0.97565247265625 0.38870293359375 0.966225498046875 0.378764708984375 0.9535442578125 0.38557931640625 0.91848614453125 0.40447804296875 0.880815662109375 0.466734779296875 0.854053765625