1 0.3974609375 0.1845703125 0.130859375 0.095703125
1 0.2724609375 0.146484375 0.12109375 0.091796875
1 0.0908203125 0.16015625 0.1328125 0.181640625
1 0.787109375 0.1328125 0.099609375 0.076171875
1 0.5322265625 0.0673828125 0.0859375 0.0625
1 0.9833984375 0.1337890625 0.033203125 0.134765625
1 0.43359375 0.0205078125 0.0859375 0.041015625
1 0.544921875 0.2021484375 0.134765625 0.087890625
1 0.15234375 0.1142578125 0.1015625 0.076171875
1 0.7509765625 0.080078125 0.0703125 0.0703125
1 0.93359375 0.0732421875 0.1328125 0.072265625
1 0.5322265625 0.017578125 0.064453125 0.03515625
1 0.712890625 0.029296875 0.06640625 0.025390625
0 0.950202021484375 1 0.99859773828125 0.539545509765625 0.9925100625 0.550105640625 0.981800865234375 0.557276330078125 0.948027189453125 0.5470895546875 0.951127041015625 0.486022943359375 0.958637755859375 0.461923533203125 0.927791443359375 0.39231126953125 0.920265861328125 0.321831607421875 0.907481837890625 0.317169443359375 0.891849265625 0.323822666015625 0.878557685546875 0.38713659375 0.901104693359375 0.409417435546875 0.90067594921875 0.429283427734375 0.864319890625 0.475239888671875 0.77327932421875 0.4573748671875 0.7485786796875 0.471371271484375 0.736489568359375 0.491670962890625 0.718698400390625 0.503075072265625 0.657893001953125 0.51327671484375 0.63129001953125 0.51379913671875 0.56357018359375 0.49506671484375 0.54872124609375 0.54162441015625 0.50700315625 0.543876681640625 0.432373841796875 0.52773655078125 0.37968534375 0.523858021484375 0.3390859609375 0.499679798828125 0.342703279296875 0.433689810546875 0.33181663671875 0.41097526953125 0.35728109375 0.310777908203125 0.381035525390625 0.32157087109375 0.400901517578125 0.3219996171875 0.421979890625 0.34246684375 0.480370443359375 0.355240955078125 0.495746759765625 0.366812599609375 0.50723463671875 0.3680200234375 0.52718439453125 0.351865029296875 0.54212701171875 0.3517763046875 0.5581982421875 0.3883098046875 0.567700015625 0.392626990234375 0.612606673828125 0.3442507265625 0.617786306640625 0.326543326171875 0.61208425 0.3176477421875 0.55930703125 0.29882659765625 0.448055494140625 0.283815080078125 0.41989515234375 0.267581271484375 0.326607271484375 0.239524521484375 0.26744299609375 0.249898650390625 0.2515492109375 0.2432503828125 0.234270556640625 0.2182047578125 0.2107773359375 0.22071328515625 0.19670212109375 0.24412273828125 0.201196751953125 0.26450619921875 0.190315064453125 0.273318015625 0.09703213671875 0.27678762109375 0.064382123046875 0.2716967109375 0.04771461328125 0.2881966875 0.017909478515625 0.303398802734375 0.00308403125 0.444453517578125 0.0230337890625 0.428298521484375 0.03780391796875 0.42985092578125 0.070370166015625 0.451525576171875 0.112605720703125 0.4443499296875 0.139469916015625 0.457128998046875 0.15769478125 0.45738525390625 0.1873237578125 0.475432673828125 0.194149470703125 0.489424123046875 0.196056763671875 0.534424462890625 0.18975347265625 0.54703599609375 0.161253109375 0.565610796875 0.160996853515625 0.5838356640625 0.1668713984375 0.59109012109375 0.183282650390625 0.592815013671875 0.208845740234375 0.570612984375 0.220333619140625 0.571820408203125 0.25782819921875 0.625538884765625 0.289354556640625 0.6255339296875 0.309654248046875 0.637623041015625 0.396978865234375 0.64348271875 0.404839513671875 0.6476274140625 0.41140896875 0.67984373046875 0.4039820234375 0.687359400390625 0.377379041015625 0.687881822265625 0.35785802734375 0.684170828125 0.336089697265625 0.6702681015625 0.31190651953125 0.67934112890625 0.27303698046875 0.67027801171875 0.196342751953125 0.705357744140625 0.142446830078125 0.71296708984375 0.088984609375 0.732236802734375 0 0.736620603515625 0 0.758521876953125 0.015656396484375 0.751077771484375 0.152214771484375 0.762112125 0.275555419921875 0.75682394921875 0.3265140703125 0.745587373046875 0.37315553125 0.7438525703125 0.408831541015625 0.767513326171875 0.43820426171875 0.80378561328125 0.492450119140625 0.824420375 0.54661220703125 0.861638876953125 0.609236177734375 0.88149495703125 0.633941779296875 0.899024912109375 0.784501509765625 0.96628626953125 0.887999955078125 1 0.950202021484375 1