1 0.650390625 0.166015625 0.125 0.06640625
1 0.5029296875 0.94140625 0.134765625 0.1171875
1 0.3212890625 0.943359375 0.134765625 0.095703125
1 0.1396484375 0.1318359375 0.091796875 0.072265625
1 0.9775390625 0.1904296875 0.044921875 0.064453125
1 0.423828125 0.6826171875 0.09375 0.087890625
1 0.92578125 0.7822265625 0.09765625 0.126953125
1 0.4638671875 0.4501953125 0.109375 0.095703125
1 0.10546875 0.0390625 0.08203125 0.078125
1 0.0595703125 0.11328125 0.05859375 0.060546875
1 0.0859375 0.6123046875 0.171875 0.091796875
1 0.625 0.087890625 0.072265625 0.056640625
1 0.083984375 0.0810546875 0.091796875 0.04296875
1 0.1708984375 0.0205078125 0.052734375 0.041015625
1 0.2880859375 0.3623046875 0.08203125 0.083984375
1 0.390625 0.1435546875 0.04296875 0.056640625
1 0.6083984375 0.3759765625 0.056640625 0.03125
1 0.607421875 0.455078125 0.048828125 0.078125
1 0.83203125 0.27734375 0.072265625 0.0546875
0 0.1965724296875 0 0.190138638671875 0.05173785546875 0.16120521875 0.064836923828125 0.154559197265625 0.091174517578125 0.1268645078125 0.10004017578125 0.128771240234375 0.10802219921875 0.175155498046875 0.1138170078125 0.18244842578125 0.139637388671875 0.171988939453125 0.15001093359375 0.102595765625 0.149149955078125 0.106214689453125 0.10778546875 0.09242652734375 0.106579162109375 0.088408755859375 0.122726421875 0.063859529296875 0.13534069921875 0.030432390625 0.13032571484375 0.017833009765625 0.27433728515625 0.037792654296875 0.25463001953125 0.064162669921875 0.270830796875 0.086698126953125 0.3110100703125 0.30918302734375 0.328738263671875 0.319491724609375 0.32008823828125 0.314040681640625 0.28314037109375 0.298981365234375 0.27661271484375 0.297343787109375 0.25562889453125 0.28022694921875 0.242842734375 0.247480064453125 0.23997775390625 0.23809719140625 0.198344115234375 0.211317978515625 0.180097537109375 0.213509447265625 0.11271434765625 0.2153671953125 0.100836306640625 0.217629021484375 0.07498350390625 0.208494208984375 0.060290611328125 0.219698064453125 0.04197811328125 0.211162875 0.012535173828125 0.21400326953125 0 0.1965724296875 0
0 0.981234734375 0.735643681640625 0.97036125390625 0.701797185546875 0.9783108515625 0.690335697265625 0.980421890625 0.6662064140625 0.966870458984375 0.6424435546875 0.9649313046875 0.624906775390625 0.971243326171875 0.59246146875 0.980614869140625 0.58459780859375 0.978761654296875 0.546227998046875 0.910574787109375 0.531578857421875 0.91313819140625 0.502279015625 0.92940381640625 0.495018509765625 0.93063121875 0.4412878046875 0.9099489765625 0.439478341796875 0.9125561328125 0.469230552734375 0.901008703125 0.482113984375 0.90077197265625 0.50467053515625 0.889892546875 0.529769396484375 0.859504759765625 0.52971587890625 0.852211830078125 0.503895498046875 0.8256261796875 0.47030873046875 0.820325923828125 0.431637341796875 0.808864435546875 0.4236877421875 0.79954641015625 0.40116361328125 0.789086923828125 0.411537158203125 0.784430205078125 0.43452751953125 0.774739359375 0.476276984375 0.76343483203125 0.47342076953125 0.774242 0.434561873046875 0.77166753125 0.38990383203125 0.747513658203125 0.433149115234375 0.752935927734375 0.4558399296875 0.746926306640625 0.496420919921875 0.7433073828125 0.53778540625 0.767016724609375 0.55462176171875 0.7995917265625 0.5991528046875 0.837142748046875 0.586807681640625 0.839469421875 0.580064388671875 0.8568554140625 0.57984875390625 0.89783237890625 0.607747748046875 0.911082234375 0.6349576484375 0.94697458203125 0.641571248046875 0.953448720703125 0.65689971875 0.9444225078125 0.720368390625 0.9354506953125 0.729786724609375 0.981234734375 0.735643681640625
0 0.30985258984375 0.47989083203125 0.33779533984375 0.49796591796875 0.3589299453125 0.4946048203125 0.38389911328125 0.4672652265625 0.41721673046875 0.45368137109375 0.444382875 0.381379462890625 0.442378875 0.344733171875 0.431455693359375 0.31077998046875 0.414403703125 0.317103330078125 0.40605525390625 0.30334758984375 0.416266681640625 0.266033298828125 0.411516064453125 0.2508556171875 0.401423001953125 0.2768916328125 0.390629513671875 0.28115746484375 0.387096533203125 0.30168891796875 0.368504232421875 0.31569271484375 0.36856908203125 0.3348022265625 0.3449245859375 0.3370753828125 0.332741580078125 0.347298138671875 0.301126390625 0.40097532421875 0.24065239453125 0.397421248046875 0.233122734375 0.394157419921875 0.231819158203125 0.37928131640625 0.196379173828125 0.36749715625 0.16647617578125 0.371827833984375 0.16190876953125 0.36448138671875 0.087495822265625 0.361444521484375 0.075765181640625 0.366496716796875 0.067880427734375 0.397067716796875 0.084092533203125 0.420194998046875 0.09990579296875 0.4181050546875 0.115654205078125 0.396905599609375 0.138361544921875 0.39541880859375 0.172509279296875 0.44182416015625 0.18584507421875 0.44820103125 0.20682889453125 0.446563453125 0.22557198046875 0.4308361328125 0.258534501953125 0.451087107421875 0.288975806640625 0.420752837890625 0.292304482421875 0.432332689453125 0.260269349609375 0.50073519140625 0.30985258984375 0.47989083203125
0 0.958165587890625 1 0.98049534765625 0.744769662109375 0.975239115234375 0.74067322265625 0.96955676953125 0.83737289453125 0.9380732421875 0.837395521484375 0.89104887109375 0.83513276171875 0.871580560546875 0.856571603515625 0.87032940625 0.881455615234375 0.861706427734375 0.90156498046875 0.832320642578125 0.91983460546875 0.76697766015625 0.912381123046875 0.759188705078125 0.86062384765625 0.75009083984375 0.83761149609375 0.720445115234375 0.837794875 0.71598987890625 0.878135201171875 0.739881134765625 0.8802254140625 0.739132185546875 0.9229703046875 0.7182132109375 0.94371739453125 0.722694677734375 0.97189687109375 0.731344701171875 0.9822055703125 0.760493755859375 0.986492494140625 0.764910375 0.995562458984375 0.80388333984375 0.9868151640625 0.82640479296875 1 0.86249815234375 1 0.869377109375 0.992545126953125 0.89193366015625 0.992781857421875 0.895809138671875 1 0.958165587890625 1
0 0.546427228515625 0.49537829296875 0.562843642578125 0.486394267578125 0.58697292578125 0.488505306640625 0.590990697265625 0.472358046875 0.5856045 0.45451969140625 0.605704681640625 0.42328069140625 0.637331201171875 0.4191008046875 0.6378695078125 0.3930972109375 0.657366537109375 0.36875229296875 0.65814157421875 0.3201921484375 0.669624158203125 0.28819920703125 0.6961336328125 0.253179166015625 0.726521421875 0.253232685546875 0.730506767578125 0.22753066796875 0.748883431640625 0.196140880859375 0.75153277734375 0.146008005859375 0.76570845703125 0.122934240234375 0.779948984375 0.11896998828125 0.769812169921875 0.085953951171875 0.743808576171875 0.08541564453125 0.739391958984375 0.076345677734375 0.719862505859375 0.09113583984375 0.7289973203125 0.105828732421875 0.72501197265625 0.131530748046875 0.70844476953125 0.14223829296875 0.712775447265625 0.172141291015625 0.704707482421875 0.1948810546875 0.699989287109375 0.18925812890625 0.60849192578125 0.182989859375 0.59582412890625 0.188828421875 0.59062114453125 0.178821298828125 0.588208529296875 0.206397625 0.56998265625 0.236063890625 0.573946908203125 0.250304419921875 0.5421696015625 0.256207828125 0.538766314453125 0.314958302734375 0.5317538671875 0.32563342578125 0.510317681640625 0.33244156640625 0.4861883984375 0.33033052734375 0.477925892578125 0.295741755859375 0.45922655859375 0.37052112890625 0.474318296875 0.3866035390625 0.495754482421875 0.37979540234375 0.51961461328125 0.394908236328125 0.5167496328125 0.42765512109375 0.528426755859375 0.4529907109375 0.508261724609375 0.46512019921875 0.5094469375 0.49127458203125 0.546427228515625 0.49537829296875
0 0 0.571431478515625 0.13084477734375 0.58058941796875 0.168309859375 0.58907732421875 0.172090900390625 0.595486615234375 0.163969416015625 0.64861416796875 0.151452408203125 0.65272920703125 0.150396888671875 0.664793849609375 0.069876228515625 0.662090986328125 0.071330595703125 0.6752435703125 0.060537107421875 0.679509400390625 0.055582181640625 0.696443025390625 0.05631503125 0.727767966796875 0.0643294765625 0.735415990234375 0.067539787109375 0.758274119140625 0.06090509375 0.8341090078125 0.064686134765625 0.84051830078125 0.069339482421875 0.827031716796875 0.077537142578125 0.842510974609375 0.06861796484375 0.845204072265625 0.06707765625 0.85288451953125 0.061874671875 0.8428773984375 0.0548735546875 0.903049818359375 0.037336775390625 0.904988974609375 0.053031669921875 0.914177306640625 0.0571467109375 0.926694314453125 0.071053236328125 0.91662234375 0.06896329296875 0.9008090859375 0.078754779296875 0.878220111328125 0.10895935546875 0.87044239453125 0.136266525390625 0.8858568046875 0.14120035546875 0.90886572265625 0.11224583984375 0.96190733203125 0.11100839453125 0.9678775625 0.25541199609375 0.980511240234375 0.2613733125 0.96453401953125 0.287397998046875 0.92512978515625 0.30115373828125 0.9167813359375 0.3396743359375 0.913204603515625 0.36335125390625 0.920486201171875 0.3836135546875 0.93702098046875 0.381200939453125 0.964597302734375 0.370260724609375 0.990559203125 0.448666287109375 0.99741880078125 0.436870798828125 0.983361484375 0.458414021484375 0.915777771484375 0.504248642578125 0.898078875 0.52665440625 0.900039125 0.56871931640625 0.925428234375 0.5700877421875 0.9594138515625 0.602834626953125 0.96227883203125 0.630626583984375 0.9820774375 0.668597548828125 0.955006998046875 0.66148783203125 0.937017853515625 0.670664833984375 0.871825662109375 0.665278638671875 0.853987306640625 0.645651916015625 0.840113203125 0.6495513203125 0.835244216796875 0.630678541015625 0.812752513671875 0.62952575 0.79615288671875 0.61362655078125 0.81907586328125 0.583271185546875 0.8285771015625 0.573299607421875 0.80516266796875 0.576227849609375 0.782276759765625 0.602575841796875 0.745703107421875 0.582416474609375 0.711540453125 0.547991451171875 0.681683841796875 0.5294876015625 0.692098849609375 0.536104658203125 0.722299658203125 0.552623216796875 0.766326361328125 0.563156986328125 0.794092724609375 0.541637546875 0.83795997265625 0.5291205390625 0.842075015625 0.52461798046875 0.853838080078125 0.50321421875 0.870200974609375 0.453081341796875 0.86755162890625 0.436600083984375 0.857426142578125 0.419116822265625 0.82897751171875 0.420323130859375 0.815189349609375 0.405802119140625 0.782658099609375 0.40927025390625 0.743017134765625 0.412605642578125 0.72630589453125 0.40046944140625 0.73443195703125 0.38631402734375 0.730485400390625 0.3816615078125 0.731049763671875 0.369596865234375 0.72999424609375 0.3653958828125 0.738310267578125 0.34299012109375 0.736350017578125 0.338422712890625 0.729003572265625 0.321338298828125 0.72577216796875 0.3169216796875 0.716702201171875 0.241840732421875 0.70144990625 0.2347196875 0.633963462890625 0.2204143125 0.618818205078125 0.223279294921875 0.5860713203125 0.22972101171875 0.59184503515625 0.2425606875 0.54434041015625 0.24479009375 0.5089328515625 0.225411427734375 0.521999494140625 0.230646833984375 0.54156137109375 0.22617669921875 0.56287919140625 0.2238386953125 0.520125185546875 0.210168900390625 0.507640603515625 0.1847684609375 0.500208212890625 0.175698494140625 0.50462483203125 0.117098806640625 0.499498025390625 0.078211783203125 0.487412287109375 0.0549012890625 0.495793158203125 0.022305193359375 0.491204658203125 0.0125672265625 0.483405845703125 0 0.484532896484375 0 0.571431478515625
0 0.53121243359375 0.073762740234375 0.57496844140625 0.0897478828125 0.60181191796875 0.06083555859375 0.627179931640625 0.05871319140625 0.62527319921875 0.05073116796875 0.599840337890625 0.0337440234375 0.591944255859375 0.014817724609375 0.578942458984375 0.0145485703125 0.580956716796875 0.005172876953125 0.547946103515625 0.002284822265625 0.534012568359375 0.021906345703125 0.505865513671875 0.03594256640625 0.50157858984375 0.06509162109375 0.508688306640625 0.083080767578125 0.51636875390625 0.08462107421875 0.53121243359375 0.073762740234375
0 0 0.920398978515625 0.00888814453125 0.922472236328125 0.025455345703125 0.91176469140625 0.050672572265625 0.91136584375 0.059612845703125 0.868730201171875 0.0901855 0.82985576953125 0.060958611328125 0.80372122265625 0.037163330078125 0.8077178984375 0.012226583984375 0.844612248046875 0 0.846329412109375 0 0.920398978515625
0 0.820202869140625 0.026104203125 0.80801986328125 0.03632695703125 0.80575803515625 0.062179763671875 0.83847249609375 0.055489986328125 0.856580005859375 0.03710199609375 0.852087994140625 0.0288937890625 0.820202869140625 0.026104203125
0 0.75019793359375 0.05321485546875 0.77627498046875 0.051785123046875 0.789610775390625 0.0581619921875 0.792939451171875 0.06974184375 0.797075587890625 0.04231630859375 0.78246863671875 0.03061808984375 0.779497376953125 0.02254293359375 0.74049005859375 0.019130234375 0.73968220703125 0.023401337890625 0.72810964453125 0.041099888671875 0.731774525390625 0.062711212890625 0.72165590625 0.083116689453125 0.741113431640625 0.082967626953125 0.75019793359375 0.05321485546875
0 0.603794826171875 0.137424390625 0.683378333984375 0.14091362109375 0.677572193359375 0.137800580078125 0.677744078125 0.09613451953125 0.65627546875 0.09338790234375 0.651471333984375 0.108598005859375 0.59272085546875 0.105194716796875 0.58749677734375 0.135130140625 0.593787703125 0.142627375 0.603794826171875 0.137424390625
0 0.40019403515625 0.19168519921875 0.39792087890625 0.168040705078125 0.373791595703125 0.165929666015625 0.360186646484375 0.17255459375 0.389249759765625 0.197674548828125 0.40019403515625 0.19168519921875
0 0.349834197265625 0.12215256640625 0.35122371484375 0.116195638671875 0.335378033203125 0.108730828125 0.331327837890625 0.115323330078125 0.301963146484375 0.093650416015625 0.281431693359375 0.090117435546875 0.26970105078125 0.095169630859375 0.298613376953125 0.12201310546875 0.349834197265625 0.12215256640625
0 0.31783148828125 0.200109822265625 0.32496230078125 0.17815642578125 0.315191908203125 0.160802857421875 0.29372330078125 0.1580562421875 0.294444818359375 0.139883884765625 0.28906994921875 0.171542826171875 0.25893022265625 0.1984300546875 0.27740415625 0.19570453515625 0.294520994140625 0.208490693359375 0.31783148828125 0.200109822265625
0 0.725073306640625 0.795828654296875 0.74040177734375 0.789354513671875 0.74236202734375 0.766948751953125 0.732171693359375 0.7643205 0.740940083984375 0.763350921875 0.743869912109375 0.749713548828125 0.733679578125 0.747085298828125 0.73197715234375 0.706991966796875 0.722960703125 0.681020798828125 0.711380849609375 0.684349474609375 0.6863257421875 0.732522099609375 0.694824978515625 0.74455431640625 0.7041965234375 0.736690658203125 0.706404830078125 0.741225642578125 0.6897516875 0.772766216796875 0.68966574609375 0.79359925 0.725073306640625 0.795828654296875