1 0.5966796875 0.052734375 0.099609375 0.10546875
1 0.037109375 0.833984375 0.072265625 0.2626953125
1 0.126953125 0.376953125 0.0888671875 0.1611328125
1 0.06640625 0.33984375 0.1328125 0.1328125
0 0.7015625 0.14921875 0.7078125 0.12734375 0.715625 0.12265625 0.715625 0.09921875 0.66484375 0.0796875 0.65546875 0.0625 0.6375 0.10390625 0.640625 0.14609375 0.65 0.15859375 0.6484375 0.17578125 0.66640625 0.1859375 0.68359375 0.1734375 0.69609375 0.1890625 0.7046875 0.18828125 0.71875 0.18515625 0.721875 0.15390625 0.71171875 0.1453125 0.7015625 0.14921875
0 1 0.00078125 0.76640625 0 0.75625 0.07578125 0.784375 0.08046875 0.79375 0.11484375 0.77734375 0.11875 0.7640625 0.11328125 0.759375 0.14296875 0.74375 0.16640625 0.7375 0.22421875 0.753125 0.26640625 0.7546875 0.30390625 0.7421875 0.31953125 0.74140625 0.3484375 0.73046875 0.3546875 0.721875 0.34765625 0.7203125 0.33515625 0.70859375 0.3296875 0.7 0.34140625 0.6765625 0.42109375 0.6765625 0.43828125 0.6890625 0.46953125 0.684375 0.49453125 0.66015625 0.5125 0.64375 0.49921875 0.63984375 0.484375 0.60234375 0.4890625 0.58984375 0.478125 0.57578125 0.503125 0.55078125 0.4984375 0.5421875 0.47890625 0.5484375 0.44609375 0.56171875 0.440625 0.5828125 0.45078125 0.5578125 0.41640625 0.5484375 0.38203125 0.53828125 0.375 0.49296875 0.3734375 0.478125 0.35390625 0.4765625 0.33515625 0.46015625 0.3140625 0.4546875 0.31484375 0.4421875 0.35078125 0.43515625 0.4078125 0.45 0.39765625 0.45546875 0.3765625 0.48203125 0.3765625 0.53125 0.42421875 0.534375 0.45234375 0.5265625 0.49765625 0.5203125 0.51328125 0.50625 0.51953125 0.4984375 0.53984375 0.48671875 0.5421875 0.46484375 0.51875 0.4515625 0.51796875 0.4546875 0.54296875 0.46796875 0.5484375 0.48828125 0.5765625 0.49921875 0.5734375 0.51328125 0.58125 0.5171875 0.60234375 0.53046875 0.6046875 0.540625 0.62734375 0.54609375 0.628125 0.5625 0.61953125 0.5640625 0.58203125 0.58125 0.57734375 0.58125 0.56796875 0.59375 0.55859375 0.59765625 0.5328125 0.62578125 0.5328125 0.640625 0.54453125 0.6328125 0.60078125 0.6265625 0.59609375 0.625 0.64453125 0.6015625 0.67734375 0.5953125 0.74921875 0.58046875 0.75625 0.5671875 0.74453125 0.5625 0.69140625 0.5484375 0.67265625 0.546875 0.64140625 0.53515625 0.640625 0.53125 0.67265625 0.5 0.69453125 0.5 0.75546875 0.515625 0.76953125 0.5203125 0.78984375 0.5171875 0.83671875 0.50703125 0.8453125 0.47265625 0.8328125 0.46875 0.78046875 0.45390625 0.78125 0.45234375 0.76875 0.43984375 0.7765625 0.4296875 0.76640625 0.4296875 0.75390625 0.43828125 0.7375 0.45234375 0.7359375 0.45625 0.76484375 0.4671875 0.76640625 0.4625 0.75703125 0.4765625 0.69453125 0.475 0.67578125 0.46640625 0.6640625 0.43984375 0.65625 0.4375 0.62734375 0.42109375 0.6109375 0.39453125 0.6 0.37265625 0.575 0.36484375 0.571875 0.34609375 0.59375 0.33046875 0.5953125 0.3453125 0.61796875 0.36015625 0.628125 0.37265625 0.6265625 0.37734375 0.6109375 0.403125 0.61328125 0.4078125 0.63828125 0.4203125 0.65859375 0.4203125 0.68671875 0.38359375 0.6875 0.3765625 0.68046875 0.3734375 0.65859375 0.36640625 0.6578125 0.3578125 0.67421875 0.3578125 0.69921875 0.36171875 0.70625 0.3734375 0.70703125 0.3765625 0.73046875 0.39140625 0.7375 0.41875 0.76953125 0.40625 0.82734375 0.4203125 0.87890625 0.42734375 0.8859375 0.45078125 0.88125 0.45546875 0.890625 0.46796875 0.89375 0.478125 0.91015625 0.48125 0.93359375 0.4734375 0.95390625 0.45859375 0.959375 0.440625 0.93671875 0.43671875 0.9203125 0.425 0.92734375 0.41953125 0.9484375 0.38671875 0.9375 0.3765625 0.94140625 0.37265625 0.9546875 0.34609375 0.9546875 0.3421875 0.93671875 0.33515625 0.9359375 0.32109375 0.9546875 0.2859375 0.97421875 0.2828125 0.99921875 0.45390625 1 0.46015625 0.9828125 0.46015625 1 0.65546875 1 0.64375 0.98359375 0.64375 0.97265625 0.6578125 0.96953125 0.6578125 0.93046875 0.68671875 0.95 0.69140625 0.9390625 0.703125 0.93828125 0.6734375 0.90703125 0.65859375 0.878125 0.68515625 0.8953125 0.7046875 0.92265625 0.77734375 0.9875 0.7921875 0.96015625 0.815625 0.78515625 0.82421875 0.7703125 0.9203125 0.83359375 0.9109375 0.93359375 0.90859375 0.9390625 0.89453125 0.9390625 0.89140625 0.9296875 0.8859375 0.93515625 0.8765625 0.99921875 1 0.99921875 1 0.00078125
0 0.290625 0.70234375 0.309375 0.67265625 0.325 0.60703125 0.33359375 0.603125 0.35703125 0.6375 0.36171875 0.6265625 0.37109375 0.6265625 0.3828125 0.61484375 0.38125 0.60546875 0.36171875 0.5953125 0.35703125 0.5828125 0.3421875 0.58984375 0.3375 0.56171875 0.3484375 0.52890625 0.371875 0.51328125 0.3765625 0.48671875 0.43125 0.39765625 0.45 0.31171875 0.446875 0.27421875 0.43984375 0.265625 0.3984375 0.34921875 0.3828125 0.40859375 0.3640625 0.43203125 0.35625 0.46015625 0.3375 0.47578125 0.31875 0.52265625 0.3109375 0.61484375 0.2578125 0.67421875 0.2203125 0.78515625 0.221875 0.83984375 0.215625 0.87421875 0.2046875 0.88359375 0.184375 0.92265625 0.1734375 0.92734375 0.1453125 0.99921875 0.2 0.99921875 0.24375 0.84296875 0.2453125 0.79453125 0.2796875 0.75859375 0.290625 0.70234375
0 0.38046875 0 0.371875 0.00859375 0.36875 0.01640625 0.38203125 0.0171875 0.3890625 0.03359375 0.38046875 0.0375 0.37890625 0.03125 0.36640625 0.0296875 0.36875 0.05078125 0.37421875 0.046875 0.37734375 0.053125 0.38671875 0.0453125 0.40546875 0.0765625 0.43984375 0.1015625 0.459375 0.10546875 0.4890625 0.07734375 0.50078125 0.0546875 0.51015625 0.05 0.52578125 0.0578125 0.5328125 0.05390625 0.54765625 0 0.45390625 0 0.4515625 0.01796875 0.43359375 0.0359375 0.40078125 0.01875 0.39765625 0 0.38046875 0
0 0.4375 0.11640625 0.42421875 0.1546875 0.37421875 0.1234375 0.3703125 0.14609375 0.38125 0.16953125 0.4140625 0.17734375 0.42421875 0.1625 0.4375 0.15859375 0.44375 0.13203125 0.4375 0.11640625
0 0.4640625 0.22734375 0.4578125 0.26015625 0.46875 0.26328125 0.49375 0.19453125 0.48203125 0.125 0.459375 0.17421875 0.4640625 0.22734375
0 0.45546875 0 0.453125 0.02109375 0.43515625 0.0390625 0.40703125 0.0234375 0.39609375 0 0.3765625 0.00234375 0.3671875 0.01640625 0.36875 0.04140625 0.38828125 0.0453125 0.3984375 0.05703125 0.3984375 0.06796875 0.42578125 0.090625 0.4609375 0.09921875 0.484375 0.08203125 0.49921875 0.0546875 0.51484375 0.0484375 0.52578125 0.0578125 0.5328125 0.05546875 0.546875 0.02109375 0.54765625 0 0.45546875 0
0 0.1328125 0.78046875 0.12265625 0.7796875 0.128125 0.78828125 0.12109375 0.7890625 0.09921875 0.778125 0.0875 0.80078125 0.09765625 0.809375 0.11953125 0.8046875 0.1234375 0.83359375 0.1328125 0.81328125 0.1265625 0.80078125 0.134375 0.79296875 0.1328125 0.78046875
0 0.13125 0.58046875 0.1171875 0.60234375 0.1078125 0.62734375 0.109375 0.64765625 0.096875 0.65546875 0.0875 0.67734375 0.11875 0.69453125 0.1609375 0.60859375 0.1609375 0.57421875 0.15234375 0.565625 0.13125 0.58046875
0 0.07421875 0.8984375 0.0515625 0.90390625 0.0390625 0.95234375 0.04609375 1 0.1390625 0.99921875 0.15 0.94921875 0.12265625 0.865625 0.09921875 0.8734375 0.07421875 0.8984375