1 0.7607421875 0.3408203125 0.169921875 0.099609375
1 0.3896484375 0.31640625 0.0751953125 0.072265625
1 0.3056640625 0.283203125 0.072265625 0.0703125
1 0.66796875 0.142578125 0.1123046875 0.0859375
1 0.521484375 0.59765625 0.068359375 0.0673828125
1 0.736328125 0.4814453125 0.1201171875 0.0673828125
0 0.7060546875 0.5625 0.0830078125 0.0751953125
1 0.9697265625 0.4375 0.060546875 0.048828125
1 0.919921875 0.2578125 0.048828125 0.048828125
1 0.83203125 0.26953125 0.119140625 0.0810546875
1 0.58203125 0.3212890625 0.0986328125 0.1015625
1 0.115234375 0.431640625 0.23046875 0.0703125
1 0.31640625 0.4150390625 0.044921875 0.0595703125
1 0.166015625 0.2509765625 0.0654296875 0.0625
1 0.3642578125 0.2294921875 0.1015625 0.0810546875
1 0.50390625 0.1796875 0.0576171875 0.0498046875
1 0.5087890625 0.083984375 0.044921875 0.048828125
1 0.9345703125 0.03125 0.0654296875 0.0517578125
1 0.064453125 0.134765625 0.0576171875 0.044921875
1 0.216796875 0.12890625 0.060546875 0.0517578125
1 0.169921875 0.3330078125 0.072265625 0.048828125
1 0.2470703125 0.3408203125 0.0498046875 0.048828125
1 0.080078125 0.521484375 0.1484375 0.0966796875
0 0 0.8578125 0.0171875 0.8375 0.04375 0.825 0.05 0.7984375 0.0640625 0.7984375 0.0828125 0.83125 0.06875 0.871875 0.0734375 0.896875 0.0984375 0.9109375 0.103125 0.921875 0.1265625 0.9140625 0.1671875 0.878125 0.1765625 0.8625 0.2140625 0.8625 0.2171875 0.834375 0.228125 0.825 0.25625 0.821875 0.259375 0.796875 0.26875 0.7828125 0.253125 0.78125 0.240625 0.7875 0.215625 0.7703125 0.1890625 0.7703125 0.17694925 0.757152482421875 0.18356463671875 0.713061640625 0.196060318359375 0.69616012890625 0.218111564453125 0.69542529296875 0.228125 0.709375 0.259375 0.7078125 0.30625 0.68125 0.321875 0.6828125 0.3265625 0.7140625 0.321875 0.7578125 0.3265625 0.7609375 0.4296875 0.7328125 0.4375 0.7203125 0.4328125 0.7 0.4125 0.6671875 0.36875 0.63125 0.346875 0.5765625 0.3140625 0.546875 0.3109375 0.5265625 0.3171875 0.515625 0.3578125 0.5125 0.3640625 0.5171875 0.3640625 0.559375 0.41875 0.6203125 0.43125 0.653125 0.459375 0.678125 0.4703125 0.68125 0.4828125 0.665625 0.5078125 0.6578125 0.509375 0.640625 0.490625 0.5984375 0.48860686328125 0.5729335859375 0.51653840625 0.560441203125 0.55549562890625 0.59791846484375 0.55476059765625 0.61922896484375 0.5760767578125 0.66405469921875 0.540059767578125 0.68095615625 0.52903414453125 0.694183431640625 0.542999888671875 0.703736412109375 0.585632431640625 0.6816909921875 0.601803208984375 0.678751646484375 0.5848972890625 0.6464183515625 0.585632431640625 0.60673658203125 0.56431610546875 0.545009390625 0.54520503515625 0.512676123046875 0.510658107421875 0.50900188671875 0.491546982421875 0.49871401171875 0.4665556171875 0.517085197265625 0.47096585546875 0.53251698046875 0.450384669921875 0.539865455078125 0.43494880859375 0.53839578125 0.4 0.534375 0.38125 0.51875 0.379820697265625 0.491619080078125 0.40187194140625 0.473982716796875 0.426574939453125 0.469599015625 0.43568383984375 0.468838779296875 0.44375 0.46875 0.456252263671875 0.4524219375 0.4623112578125 0.449356984375 0.4654351953125 0.44779548828125 0.571648681640625 0.42671448828125 0.57477262109375 0.382210287109375 0.45372047265625 0.35488315234375 0.412328421875 0.398606587890625 0.386556005859375 0.41031821875 0.362345587890625 0.40016814453125 0.342040078125 0.405633548828125 0.36859346484375 0.41812597265625 0.3740603125 0.43217998046875 0.356878740234375 0.43764535546875 0.335792201171875 0.43530303515625 0.309238875 0.4649724921875 0.2921875 0.46875 0.2765625 0.4734375 0.203125 0.465625 0.1484375 0.4671875 0.1640625 0.490625 0.19375 0.5 0.196875 0.509375 0.171875 0.51875 0.1328125 0.5453125 0.1078125 0.578125 0.1015625 0.596875 0.0875 0.596875 0.0765625 0.5828125 0.053125 0.5828125 0.0265625 0.571875 0.0140625 0.5734375 0 0.586160861328125 0 0.8578125
0 1 0.3390625 0.7140625 0.390625 0.6828125 0.3875 0.6578125 0.36875 0.655120732421875 0.35220537109375 0.66875 0.3421875 0.67386426953125 0.2911313671875 0.70371514453125 0.23422154296875 0.7203125 0.228125 0.7421875 0.215625 0.736342798828125 0.198132365234375 0.7405080234375 0.18494592578125 0.753125 0.1734375 0.775 0.1390625 0.76388152734375 0.140953099609375 0.74748092578125 0.132364568359375 0.728125 0.1546875 0.6984375 0.209375 0.6515625 0.271875 0.640625 0.303125 0.5796875 0.378125 0.5625 0.4140625 0.5625 0.43125 0.58125 0.4484375 0.59375 0.4515625 0.6359375 0.440625 0.655213689453125 0.445453107421875 0.662242595703125 0.455603240234375 0.638032119140625 0.47043792578125 0.64193702734375 0.475903328125 0.67239526171875 0.5133805390625 0.693481859375 0.506353607421875 0.67708119921875 0.48605340234375 0.677862228515625 0.46419169921875 0.772472314453125 0.447017037109375 0.79199685546875 0.47434417578125 0.7896539453125 0.49152123828125 0.724051478515625 0.510259857421875 0.721875 0.5203125 0.722458681640625 0.523413755859375 0.743284857421875 0.51855559375 0.744673248046875 0.52827197265625 0.739813828125 0.528965931640625 0.74675588671875 0.53729420703125 0.7515625 0.5453125 0.74745008203125 0.5171675703125 0.755780583984375 0.51508548046875 0.7609375 0.5203125 0.77591251171875 0.533824095703125 0.790625 0.5515625 0.8359375 0.5515625 0.846875 0.5734375 0.871875 0.565625 0.88125 0.615625 0.8734375 0.659375 0.8578125 0.665625 0.834375 0.6546875 0.7578125 0.671875 0.6453125 0.7171875 0.6 0.7609375 0.5203125 0.79375 0.4953125 0.8140625 0.4546875 0.8203125 0.421875 0.8453125 0.3953125 0.8546875 0.35 0.8828125 0.290625 0.89375 0.275 0.909375 0.25625 0.9171875 0.2265625 0.9125 0.2125 0.946875 0.178125 0.9640625 0.1359375 0.9734375 0.1109375 1 1 1 1 0.6171875 0.9875 0.60625 0.9625 0.6015625 0.9578125 0.5890625 0.966936806640625 0.572721884765625 1 0.5515625 1 0.453125 0.859217216796875 0.48732458203125 0.8484375 0.484375 0.8515625 0.465625 0.8557461875 0.4595636796875 0.87587816796875 0.465809892578125 0.899481177734375 0.46025771875 0.90503484765625 0.451235431640625 0.914059490234375 0.43041475390625 0.909894267578125 0.422780490234375 0.872407138671875 0.43249681640625 0.8536636015625 0.444295205078125 0.8418620703125 0.442907154296875 0.841167875 0.426944642578125 0.8609375 0.41875 0.895315955078125 0.42208648046875 0.9140625 0.4171875 0.921875 0.4234375 0.940625 0.4234375 0.975 0.3984375 1 0.3953125 1 0.3390625