1 0.6064453125 0.84765625 0.1279296875 0.169921875
1 0.595703125 0.666015625 0.134765625 0.158203125
1 0.3642578125 0.09765625 0.076171875 0.0966796875
1 0.6220703125 0.95703125 0.1376953125 0.083984375
1 0.9208984375 0.873046875 0.158203125 0.2529296875
1 0.2900390625 0.669921875 0.087890625 0.2548828125
1 0.5869140625 0.044921875 0.044921875 0.08984375
1 0.2021484375 0.6513671875 0.0986328125 0.2685546875
1 0.275390625 0.2783203125 0.072265625 0.123046875
1 0.6259765625 0.474609375 0.052734375 0.2216796875
1 0.0390625 0.03125 0.078125 0.0625
1 0.134765625 0.3408203125 0.080078125 0.146484375
1 0.185546875 0.0634765625 0.0517578125 0.111328125
1 0.43359375 0.0166015625 0.076171875 0.029296875
1 0.5615234375 0.462890625 0.0673828125 0.1689453125
1 0.373046875 0.6767578125 0.0703125 0.2001953125
1 0.1201171875 0.6171875 0.115234375 0.197265625
1 0.064453125 0.5771484375 0.1279296875 0.189453125
1 0.076171875 0.28515625 0.0888671875 0.109375
1 0.087890625 0.189453125 0.0859375 0.0703125
1 0.126953125 0.11328125 0.076171875 0.0859375
1 0.458984375 0.173828125 0.056640625 0.119140625
1 0.517578125 0.18359375 0.0546875 0.126953125
1 0.572265625 0.201171875 0.044921875 0.1357421875
1 0.6259765625 0.20703125 0.0498046875 0.1201171875
1 0.744140625 0.1982421875 0.0703125 0.1123046875
1 0.7978515625 0.181640625 0.072265625 0.1123046875
1 0.869140625 0.1455078125 0.1201171875 0.1513671875
1 0.9716796875 0.302734375 0.056640625 0.0751953125
1 0.91015625 0.4130859375 0.0888671875 0.130859375
1 0.8642578125 0.443359375 0.095703125 0.1689453125
1 0.8056640625 0.451171875 0.080078125 0.173828125
1 0.693359375 0.4833984375 0.0751953125 0.1826171875
1 0.4150390625 0.1376953125 0.087890625 0.080078125
1 0.54296875 0.0537109375 0.037109375 0.09375
1 0.4921875 0.0361328125 0.0498046875 0.0673828125
1 0.3310546875 0.052734375 0.076171875 0.0830078125
1 0.943359375 0.083984375 0.0595703125 0.0654296875
1 0.7216796875 0.046875 0.056640625 0.09375
1 0.3994140625 0.408203125 0.080078125 0.181640625
1 0.3359375 0.3798828125 0.072265625 0.185546875
1 0.21875 0.357421875 0.0625 0.171875
0 1 0.77421875 0.98515625 0.753125 0.978125 0.75390625 0.9828125 0.74609375 0.953125 0.64140625 0.94296875 0.625 0.90703125 0.60625 0.878125 0.60703125 0.8640625 0.62421875 0.8734375 0.63203125 0.86796875 0.640625 0.8546875 0.64453125 0.8515625 0.65546875 0.86875 0.66171875 0.85390625 0.671875 0.83046875 0.675 0.81640625 0.6859375 0.80625 0.71328125 0.79453125 0.728125 0.7734375 0.73984375 0.7625 0.76171875 0.78125 0.88671875 0.78125 0.92109375 0.796875 0.99609375 0.821875 0.99921875 0.7875 0.82265625 0.7875 0.80078125 0.79921875 0.78125 0.80859375 0.775 0.96328125 0.7484375 0.9578125 0.76171875 0.9640625 0.79296875 0.97890625 0.8140625 0.9921875 0.81953125 1 0.83515625 1 0.77421875
0 1 0.15859375 0.98046875 0.1640625 0.95390625 0.1859375 0.94296875 0.1875 0.84921875 0.2578125 0.81796875 0.2703125 0.81171875 0.284375 0.79609375 0.290625 0.78046875 0.2875 0.76484375 0.2984375 0.74609375 0.296875 0.725 0.26328125 0.7078125 0.19140625 0.6984375 0.17734375 0.665625 0.04296875 0.6703125 0.00078125 0.61640625 0 0.65 0.14296875 0.665625 0.24140625 0.665625 0.28046875 0.65859375 0.290625 0.64453125 0.2953125 0.60234375 0.284375 0.56796875 0.2890625 0.53515625 0.2703125 0.49765625 0.2640625 0.47890625 0.2515625 0.45546875 0.2546875 0.37734375 0.21875 0.3140625 0.15234375 0.2828125 0.08671875 0.2609375 0.00234375 0.22265625 0 0.2234375 0.08671875 0.2171875 0.11953125 0.18203125 0.140625 0.1625 0.16640625 0.146875 0.20390625 0.15625 0.25546875 0.17421875 0.26875 0.22578125 0.259375 0.2484375 0.23515625 0.2515625 0.20859375 0.27109375 0.20625 0.29453125 0.2203125 0.3296875 0.26796875 0.36328125 0.2953125 0.38828125 0.2859375 0.40078125 0.3109375 0.42421875 0.325 0.44140625 0.3109375 0.453125 0.32734375 0.4453125 0.42890625 0.4609375 0.44453125 0.45625 0.48046875 0.4703125 0.48828125 0.4703125 0.51796875 0.44921875 0.54375 0.4375 0.54765625 0.4375 0.57578125 0.45 0.58203125 0.4515625 0.59140625 0.44765625 0.6015625 0.434375 0.60546875 0.4296875 0.67734375 0.4140625 0.73046875 0.4140625 0.77578125 0.40625 0.78671875 0.403125 0.81328125 0.38046875 0.840625 0.34609375 0.8296875 0.32265625 0.8078125 0.29609375 0.8296875 0.26953125 0.828125 0.26328125 0.821875 0.24765625 0.8265625 0.22265625 0.8140625 0.21875 0.79765625 0.21015625 0.790625 0.19140625 0.7984375 0.17734375 0.790625 0.15078125 0.7890625 0.12265625 0.75625 0.06015625 0.7609375 0.02734375 0.728125 0.00078125 0.715625 0.0015625 0.88515625 0.03515625 0.9234375 0.05078125 0.925 0.06328125 0.9125 0.07578125 0.9109375 0.1078125 0.94140625 0.11015625 0.95625 0.13203125 0.9578125 0.14296875 0.96875 0.15390625 0.9671875 0.15859375 0.9578125 0.17890625 0.95625 0.20390625 1 0.22578125 1 0.24296875 0.978125 0.25234375 0.9796875 0.26796875 1 0.32265625 1 0.33046875 0.9734375 0.33984375 0.9734375 0.34921875 0.9875 0.38828125 0.9859375 0.39609375 1 0.5296875 0.99921875 0.5203125 0.89921875 0.528125 0.78515625 0.5234375 0.75859375 0.5125 0.73828125 0.503125 0.67109375 0.503125 0.64140625 0.509375 0.62578125 0.50625 0.56953125 0.5125 0.44609375 0.5171875 0.39921875 0.5296875 0.35859375 0.55859375 0.3421875 0.57265625 0.359375 0.61171875 0.3578125 0.63203125 0.371875 0.66640625 0.36875 0.67578125 0.359375 0.73203125 0.3625 0.74140625 0.353125 0.75859375 0.359375 0.78515625 0.340625 0.82109375 0.3359375 0.83828125 0.321875 0.86953125 0.3125 0.89765625 0.3125 0.91015625 0.296875 0.97421875 0.253125 1 0.24921875 1 0.15859375