1 0.4130859375 0.49609375 0.1044921875 0.080078125
1 0.96484375 0.7802734375 0.0703125 0.1796875
1 0.57421875 0.525390625 0.0517578125 0.103515625
1 0.3525390625 0.61328125 0.2080078125 0.0625
1 0.794921875 0.6708984375 0.0810546875 0.1201171875
1 0.91015625 0.55078125 0.111328125 0.0966796875
1 0.7734375 0.55859375 0.0888671875 0.103515625
1 0.6884765625 0.275390625 0.0654296875 0.158203125
1 0.1904296875 0.337890625 0.3310546875 0.2607421875
1 0.439453125 0.3876953125 0.0966796875 0.09375
1 0.73046875 0.4931640625 0.068359375 0.072265625
1 0.794921875 0.2490234375 0.052734375 0.0341796875
1 0.4384765625 0.22265625 0.072265625 0.0361328125
1 0.677734375 0.568359375 0.048828125 0.0751953125
1 0.91015625 0.6767578125 0.0732421875 0.0751953125
1 0.669921875 0.4873046875 0.048828125 0.052734375
1 0.8134765625 0.470703125 0.0439453125 0.080078125
1 0.931640625 0.47265625 0.080078125 0.068359375
1 0.560546875 0.412109375 0.060546875 0.064453125
1 0.9091796875 0.3388671875 0.0390625 0.064453125
1 0.9580078125 0.3515625 0.0439453125 0.0498046875
1 0.94921875 0.4111328125 0.0751953125 0.0390625
1 0.953125 0.09765625 0.09375 0.060546875
1 0.46875 0.107421875 0.0908203125 0.03125
1 0.3388671875 0.5048828125 0.0439453125 0.0546875
1 0.6845703125 0.38671875 0.1015625 0.0517578125
1 0.583984375 0.353515625 0.0703125 0.056640625
1 0.443359375 0.3203125 0.0703125 0.041015625
1 0.5849609375 0.2470703125 0.0830078125 0.048828125
1 0.5380859375 0.177734375 0.0908203125 0.0390625
1 0.3828125 0.1845703125 0.146484375 0.037109375
0 1 0.878125 0.9546875 0.871875 0.9265625 0.8203125 0.8328125 0.815625 0.7734375 0.796875 0.7609375 0.7796875 0.7671875 0.7375 0.7640625 0.721875 0.75 0.715625 0.7125 0.7234375 0.7046875 0.7203125 0.703125 0.671875 0.7515625 0.6546875 0.7578125 0.63125 0.7484375 0.621875 0.703125 0.6125 0.6328125 0.6140625 0.60625 0.6 0.590625 0.5796875 0.55625 0.5765625 0.54375 0.54375 0.475 0.5421875 0.4671875 0.5453125 0.4671875 0.559375 0.475 0.571875 0.46875 0.5828125 0.4515625 0.590625 0.453125 0.6203125 0.4453125 0.6328125 0.265625 0.6421875 0.2515625 0.6328125 0.2609375 0.5640625 0.2734375 0.565625 0.2859375 0.58125 0.315625 0.5703125 0.40625 0.56875 0.41875 0.5609375 0.4203125 0.5453125 0.403125 0.5390625 0.3203125 0.5390625 0.296875 0.5328125 0.2921875 0.478125 0.2609375 0.475 0.2328125 0.4890625 0.2375 0.5109375 0.2328125 0.51875 0.1703125 0.5328125 0.153125 0.5296875 0.1515625 0.51875 0.19375 0.509375 0.2203125 0.4921875 0.2 0.4859375 0.10625 0.509375 0 0.5171875 0 0.5875 0.0140625 0.584375 0.040625 0.6 0.08125 0.603125 0.0859375 0.596875 0.0828125 0.5765625 0.09375 0.5703125 0.140625 0.5671875 0.178125 0.5796875 0.1875 0.5953125 0.184375 0.609375 0.1671875 0.621875 0.14375 0.628125 0.1453125 0.6453125 0.1828125 0.68125 0.2140625 0.6828125 0.2375 0.6953125 0.284375 0.7328125 0.2890625 0.746875 0.2765625 0.753125 0.25625 0.7515625 0.1984375 0.70625 0.1515625 0.696875 0.0859375 0.6390625 0.059375 0.628125 0.0234375 0.6234375 0 0.609375 0 0.6515625 0.0125 0.66875 0.115625 0.715625 0.1265625 0.73125 0.1265625 0.75 0.1140625 0.7546875 0.078125 0.7375 0.0375 0.7125 0.015625 0.6890625 0 0.6875 0 1 0.20625 1 0.2109375 0.9828125 0.2203125 0.98125 0.23125 1 0.387122130859375 1 0.450433693359375 1 0.460430232421875 1 0.675 1 0.634375 0.96875 0.6171875 0.9625 0.5921875 0.9359375 0.565625 0.9328125 0.528125 0.9140625 0.5265625 0.8734375 0.5328125 0.8671875 0.546875 0.8671875 0.58125 0.9 0.6015625 0.903125 0.6234375 0.915625 0.6484375 0.9171875 0.659375 0.9234375 0.6640625 0.940625 0.6859375 0.9453125 0.6953125 0.95625 0.759375 0.9671875 0.7859375 0.9984375 1 1 1 0.878125