1 0.6884765625 0.8291015625 0.470703125 0.341796875
1 0.2353515625 0.318359375 0.361328125 0.3173828125
1 0.9404296875 0.810546875 0.119140625 0.3486328125
1 0.6142578125 0.263671875 0.4267578125 0.404296875
1 0.8564453125 0.146484375 0.287109375 0.2763671875
1 0.2607421875 0.8603515625 0.404296875 0.279296875
0 0.4125 0.35703125 0.41875 0.38203125 0.4046875 0.39296875 0.4046875 0.40546875 0.4171875 0.41640625 0.4078125 0.42109375 0.4265625 0.42734375 0.44921875 0.421875 0.4515625 0.40390625 0.42421875 0.3453125 0.4125 0.35703125
0 1 0.97890625 0.98125 0.96484375 0.9453125 0.90703125 0.93125 0.89609375 0.934375 0.89140625 0.92578125 0.8890625 0.9375 0.93671875 0.9296875 0.95078125 0.9296875 0.98515625 0.9203125 0.99921875 1 0.99921875 1 0.97890625
0 0.47109375 0.3359375 0.459375 0.33046875 0.465625 0.32578125 0.45546875 0.3109375 0.4421875 0.32578125 0.4421875 0.34296875 0.45625 0.39453125 0.46953125 0.4234375 0.48359375 0.4203125 0.49296875 0.4375 0.503125 0.43671875 0.5125 0.43203125 0.503125 0.39453125 0.4859375 0.35546875 0.47109375 0.3359375
0 0.4921875 0.81796875 0.48125 0.80859375 0.4890625 0.77734375 0.471875 0.75234375 0.471875 0.72109375 0.44140625 0.715625 0.41328125 0.721875 0.33203125 0.721875 0.29296875 0.7296875 0.30703125 0.7390625 0.36796875 0.7375 0.3828125 0.74296875 0.403125 0.82265625 0.421875 0.87421875 0.4328125 0.88359375 0.4390625 0.90078125 0.4625 0.99921875 0.521875 0.99921875 0.5125 0.94296875 0.5125 0.88671875 0.4890625 0.84921875 0.4921875 0.81796875
0 1 0.31953125 0.9734375 0.33203125 0.975 0.38984375 0.98125 0.40078125 0.95546875 0.4265625 0.91484375 0.4078125 0.89921875 0.421875 0.86015625 0.4328125 0.84765625 0.4296875 0.8390625 0.40703125 0.859375 0.38515625 0.81953125 0.36875 0.74453125 0.384375 0.7359375 0.39765625 0.734375 0.43359375 0.78046875 0.4390625 0.78359375 0.4484375 0.7984375 0.45390625 0.8015625 0.50703125 0.79609375 0.515625 0.78125 0.51796875 0.76484375 0.546875 0.72421875 0.5625 0.69453125 0.5625 0.6734375 0.55078125 0.6734375 0.49296875 0.671875 0.48515625 0.66328125 0.48125 0.62890625 0.4828125 0.60859375 0.4921875 0.56484375 0.49375 0.53515625 0.4859375 0.51953125 0.4671875 0.49140625 0.4671875 0.47265625 0.475 0.46640625 0.4625 0.45859375 0.4625 0.42109375 0.4921875 0.39453125 0.4953125 0.378125 0.48515625 0.37578125 0.4671875 0.36484375 0.4671875 0.30078125 0.4765625 0.2671875 0.48828125 0.26875 0.51484375 0.303125 0.54765625 0.30234375 0.5546875 0.27890625 0.56875 0.25390625 0.571875 0.20859375 0.5640625 0.18359375 0.5765625 0.11015625 0.58125 0.07890625 0.609375 0.00078125 0.625 0 0.74921875 0.0109375 0.77265625 0.0203125 0.83828125 0.02421875 0.84375 0.0359375 0.84296875 0.065625 0.83359375 0.065625 0.79296875 0.07265625 0.7859375 0.15546875 0.7578125 0.16328125 0.7375 0.20234375 0.7328125 0.21328125 0.7015625 0.23359375 0.7015625 0.259375 0.69140625 0.2234375 0.67109375 0.2203125 0.64921875 0.2375 0.62109375 0.26328125 0.6015625 0.29453125 0.6015625 0.3109375 0.61640625 0.315625 0.65078125 0.309375 0.66953125 0.2890625 0.69140625 0.29609375 0.6953125 0.44765625 0.6875 0.45 0.66640625 0.43125 0.65078125 0.425 0.63359375 0.4265625 0.59296875 0.44375 0.55390625 0.46796875 0.5296875 0.53046875 0.528125 0.5484375 0.54140625 0.5453125 0.60859375 0.5390625 0.62109375 0.5140625 0.64140625 0.51796875 0.6796875 0.59453125 0.65625 0.61015625 0.6765625 0.68828125 0.6765625 0.72578125 0.70625 0.75390625 0.7015625 0.82734375 0.70625 0.84765625 0.7453125 0.88515625 0.7359375 0.8875 0.71796875 0.878125 0.69140625 0.8875 0.68515625 0.89609375 0.659375 0.92265625 0.65625 0.93828125 0.665625 0.97421875 0.6515625 1 0.65390625 1 0.59765625 0.95546875 0.59375 0.934375 0.56171875 0.940625 0.53984375 0.95859375 0.5265625 1 0.52109375 1 0.31953125
0 0.3 0.21796875 0.31484375 0.2609375 0.3484375 0.26015625 0.359375 0.25234375 0.359375 0.23515625 0.34296875 0.2109375 0.3 0.21796875
0 0.29609375 0.18125 0.325 0.17109375 0.31171875 0.15 0.28984375 0.15 0.284375 0.13984375 0.2890625 0.11328125 0.30859375 0.1015625 0.34609375 0.0953125 0.37734375 0.1 0.3890625 0.11328125 0.3921875 0.13515625 0.38203125 0.14375 0.37265625 0.1421875 0.3609375 0.16171875 0.37265625 0.1625 0.38046875 0.1734375 0.40859375 0.171875 0.4140625 0.16953125 0.4078125 0.15546875 0.4125 0.14921875 0.4 0.11484375 0.40078125 0.0875 0.56328125 0.0640625 0.59609375 0.046875 0.65234375 0.046875 0.678125 0.06328125 0.6828125 0.08515625 0.675 0.09609375 0.69609375 0.1078125 0.703125 0.08671875 0.6953125 0.08359375 0.703125 0.07890625 0.70703125 0.0546875 0.72265625 0.046875 0.74921875 0.0453125 0.77734375 0.0234375 0.871875 0.00078125 0.08515625 0 0.084375 0.01953125 0.0578125 0.03203125 0.0453125 0.06171875 0.05 0.11171875 0.040625 0.15859375 0.0609375 0.18046875 0.065625 0.19609375 0.07578125 0.2015625 0.11328125 0.1953125 0.19453125 0.165625 0.20859375 0.178125 0.24609375 0.178125 0.26328125 0.2 0.271875 0.20078125 0.284375 0.19296875 0.28359375 0.184375 0.29140625 0.1890625 0.29609375 0.18125
0 0.0265625 0.89140625 0.04375 0.99921875 0.0796875 0.99921875 0.0734375 0.87578125 0.07109375 0.871875 0.02890625 0.878125 0.0265625 0.89140625