1 0.9130859375 0.8662109375 0.068359375 0.146484375
1 0.2861328125 0.775390625 0.115234375 0.142578125
1 0.0185546875 0.6943359375 0.037109375 0.091796875
1 0.2177734375 0.9169921875 0.076171875 0.078125
1 0.259765625 0.8759765625 0.12109375 0.107421875
1 0.3203125 0.611328125 0.09375 0.09765625
1 0.6845703125 0.9697265625 0.107421875 0.060546875
1 0.697265625 0.87890625 0.1015625 0.125
1 0.46875 0.53515625 0.0625 0.076171875
1 0.5205078125 0.552734375 0.0546875 0.0703125
1 0.5712890625 0.568359375 0.056640625 0.06640625
1 0.4189453125 0.513671875 0.056640625 0.060546875
1 0.5283203125 0.4111328125 0.072265625 0.076171875
1 0.7294921875 0.4814453125 0.095703125 0.099609375
1 0.0341796875 0.6376953125 0.068359375 0.080078125
1 0.0556640625 0.578125 0.09375 0.076171875
1 0.091796875 0.529296875 0.08984375 0.0859375
1 0.71484375 0.740234375 0.076171875 0.072265625
1 0.705078125 0.7958984375 0.083984375 0.064453125
0 0.240036373046875 0.037188328125 0.230916984375 0.05165574609375 0.2329604609375 0.074540146484375 0.19103114453125 0.117435595703125 0.160587765625 0.114418509765625 0.161082701171875 0.128339125 0.172596767578125 0.13510383203125 0.19302275390625 0.144626291015625 0.2238173359375 0.145991099609375 0.238284751953125 0.15511048828125 0.254312580078125 0.14470189453125 0.255326189453125 0.115559591796875 0.270467880859375 0.068697181640625 0.294509625 0.05308429296875 0.30362901171875 0.038616875 0.313542669921875 0.040724087890625 0.3282056875 0.06111007421875 0.335828400390625 0.033372580078125 0.317198423828125 0.03977421484375 0.3023279375 0.036613396484375 0.2866513125 0.045369712890625 0.240036373046875 0.037188328125
0 1 0.481862875 0.998663732421875 0.48165552734375 0.97268224609375 0.46577143359375 0.964225263671875 0.452748822265625 0.975503732421875 0.424061453125 0.977219744140625 0.391614595703125 0.971819849609375 0.372334083984375 0.950340255859375 0.367768455078125 0.9388661875 0.38518922265625 0.91893513671875 0.389587380859375 0.916827923828125 0.3995010390625 0.928290123046875 0.4105720390625 0.92738025 0.4311017578125 0.938842451171875 0.4421727578125 0.930309861328125 0.49043997265625 0.948680501953125 0.505569796875 0.969625162109375 0.4720293359375 0.97783467578125 0.478091638671875 0.9766773359375 0.49166105078125 0.994098103515625 0.503135119140625 0.99694771875 0.514102384765625 1 0.51516082421875 1 0.481862875
0 1 0.196996658203125 0.99382558984375 0.19568424609375 0.984107533203125 0.2048436328125 0.980180572265625 0.255816732421875 0.98708901171875 0.259875556640625 1 0.2547402421875 1 0.196996658203125
0 0 0.4913737578125 0.00931018359375 0.488954701171875 0.024376271484375 0.503382119140625 0.021151716796875 0.55105066796875 0.028411359375 0.55345721484375 0.0361259375 0.54559890234375 0.04550466015625 0.5096000234375 0.058682875 0.488224166015625 0.05723806640625 0.470647794921875 0.063599705078125 0.465092296875 0.0746188359375 0.457936388671875 0.080876740234375 0.460993474609375 0.097335767578125 0.497303556640625 0.1215212421875 0.497263556640625 0.13394518359375 0.483498544921875 0.0904391953125 0.46475296484375 0.08964492578125 0.448178333984375 0.07617924609375 0.438408408203125 0.07898886328125 0.425190197265625 0.063324107421875 0.40545474609375 0.012660259765625 0.387886041015625 0 0.447447880859375 0 0.4913737578125
0 0.429014029296875 0 0.43342830859375 0.01698915625 0.428264009765625 0.03316071875 0.4057308125 0.03355191796875 0.396000884765625 0.071203072265625 0.377267173828125 0.08621729296875 0.375511162109375 0.094478673828125 0.387324564453125 0.1038973984375 0.38806696875 0.1247783203125 0.371129267578125 0.1557166328125 0.347594328125 0.15675837109375 0.336419595703125 0.17683315625 0.296413759765625 0.170056578125 0.29055892578125 0.161040927734375 0.296074427734375 0.143217087890625 0.335585326171875 0.136073048828125 0.318763228515625 0.12990701171875 0.316316681640625 0.1129811796875 0.308107166015625 0.106918876953125 0.290283330078125 0.101403376953125 0.2849234296875 0.106308337890625 0.254392578125 0.19307284375 0.27121467578125 0.1992388828125 0.277979384765625 0.18772481640625 0.29595882421875 0.18032144140625 0.3017617890625 0.19364338671875 0.33470358203125 0.209280013671875 0.338802404296875 0.226557046875 0.318807619140625 0.263753265625 0.291968126953125 0.264092599609375 0.27850244921875 0.254322673828125 0.259964337890625 0.280603494140625 0.257897123046875 0.314702626953125 0.263153287109375 0.318410248046875 0.2758765625 0.30729925 0.27336628125 0.323171478515625 0.283631140625 0.323626416015625 0.279221115234375 0.332187130859375 0.2653005 0.33268206640625 0.2567916484375 0.323965748046875 0.25037814453125 0.3338275390625 0.23876034375 0.335675416015625 0.235208322265625 0.328012703125 0.19495501953125 0.314275818359375 0.190401259765625 0.30726364453125 0.194966888671875 0.285784052734375 0.217915025390625 0.250942515625 0.222129451171875 0.231115201171875 0.197644642578125 0.22850118359375 0.189135791015625 0.219784865234375 0.17546264453125 0.227240107421875 0.165548986328125 0.22513289453125 0.144979267578125 0.200037546875 0.127949701171875 0.21109667578125 0.123280337890625 0.2411888515625 0.128536501953125 0.244896474609375 0.141858447265625 0.2390935078125 0.15397118359375 0.25116624609375 0.15095409765625 0.281609625 0.142289646484375 0.28581218359375 0.1281215625 0.279346810546875 0.11775296875 0.28750445703125 0.094972302734375 0.280935349609375 0.08911746875 0.271919697265625 0.103101818359375 0.238626701171875 0.094397369140625 0.218643783203125 0.07251470703125 0.220036724609375 0.071501099609375 0.249179029296875 0.05847848828125 0.25763601171875 0.041800064453125 0.25079404296875 0.02452430859375 0.332070080078125 0.037118892578125 0.32562680859375 0.08577730859375 0.35669259375 0.098396849609375 0.354194181640625 0.122127388671875 0.36441904296875 0.131833578125 0.383751423828125 0.161223349609375 0.39172533984375 0.173244220703125 0.38391889453125 0.189766984375 0.38743091796875 0.212886984375 0.420839515625 0.190082580078125 0.471253943359375 0.20319705859375 0.48267614453125 0.2059829375 0.52644146875 0.1916473828125 0.561386740234375 0.17166446484375 0.570091189453125 0.150184873046875 0.565525560546875 0.1362242578125 0.541835021484375 0.12200430859375 0.539675939453125 0.1124818515625 0.56010192578125 0.098106298828125 0.570861720703125 0.083068341796875 0.609111544921875 0.0982381640625 0.61492637890625 0.102440720703125 0.62359083203125 0.091513455078125 0.650625923828125 0.062969822265625 0.654920345703125 0.051092681640625 0.67829968359375 0.042128896484375 0.679848224609375 0.035104853515625 0.712893751953125 0.024488791015625 0.714091091796875 0.010256970703125 0.740423779296875 0.0081497578125 0.7503374375 0.01906515625 0.751794111328125 0.027222802734375 0.762162708984375 0.028368275390625 0.7770850625 0.014994462890625 0.7871943203125 0.003428529296875 0.784735904296875 0 0.780079857421875 0 0.789187927734375 0.033768171875 0.796365576171875 0.042225154296875 0.8093881875 0.0229327734375 0.8432798515625 0.012045505859375 0.89450041796875 0 0.89876696484375 0 0.904892017578125 0.17439128125 0.94196002734375 0.177831810546875 0.91074319140625 0.197124193359375 0.87685152734375 0.202743427734375 0.85041510546875 0.226290234375 0.820881599609375 0.234160416015625 0.800104412109375 0.23977965234375 0.773667990234375 0.2166996484375 0.764444869140625 0.21284829296875 0.754128140625 0.232451880859375 0.694398724609375 0.2477773046875 0.68729468359375 0.260955517578125 0.665918826171875 0.283540583984375 0.66122133203125 0.33160033203125 0.686979087890625 0.33840503515625 0.699650494140625 0.33573915234375 0.72844159765625 0.35064963671875 0.755787892578125 0.29878292578125 0.853559662109375 0.295622107421875 0.868430150390625 0.310037658203125 0.881855830078125 0.311626197265625 0.915005091796875 0.296145169921875 0.935028009765625 0.2724146328125 0.924803146484375 0.26626046484375 0.913133478515625 0.254343328125 0.91232733984375 0.242512896484375 0.956439724609375 0.327658271484375 0.974537931640625 0.3249762734375 0.961879369140625 0.313111001953125 0.956766939453125 0.315022615234375 0.935586681640625 0.329893103515625 0.9387475 0.332638984375 0.95832734765625 0.361430087890625 0.960993234375 0.372098015625 0.9554896015625 0.387032240234375 0.925852361328125 0.37186241796875 0.92003752734375 0.367763595703125 0.9027604921875 0.40683142578125 0.877389544921875 0.43010702734375 0.897879267578125 0.444079509765625 0.8930780390625 0.4569702578125 0.8405563984375 0.442554705078125 0.82713071875 0.44817394140625 0.800694296875 0.454990515625 0.7848739375 0.47762744921875 0.775870154296875 0.49340780859375 0.758501251953125 0.483517888671875 0.69941050390625 0.49785344140625 0.664465234375 0.466512060546875 0.653486099609375 0.45605159765625 0.641764564453125 0.454606791015625 0.624188193359375 0.47544771484375 0.599260314453125 0.49407769140625 0.592858677734375 0.4882747265625 0.579536732421875 0.509738056640625 0.502933349609375 0.516554630859375 0.4871129921875 0.53889223046875 0.475455193359375 0.564470646484375 0.49729785546875 0.56305396875 0.532398728515625 0.572967625 0.53450594140625 0.5870957109375 0.516785837890625 0.628506353515625 0.51695330859375 0.649076072265625 0.54204865625 0.69889183203125 0.55954503125 0.717106869140625 0.58759373046875 0.74814891796875 0.59591884765625 0.766870759765625 0.60939639453125 0.7724662578125 0.6399435078125 0.758090705078125 0.6507033046875 0.751417865234375 0.682096552734375 0.736443642578125 0.687548318359375 0.726569984375 0.70962658203125 0.729120263671875 0.717939830078125 0.741636072265625 0.724054 0.748688244140625 0.743685716796875 0.73695483984375 0.782637943359375 0.74645355859375 0.819195494140625 0.73996444921875 0.890347111328125 0.749670638671875 0.9096794921875 0.74950316796875 0.951090134765625 0.769163013671875 0.996715205078125 0.769869943359375 1 0.85912253515625 1 0.863613970703125 0.966710501953125 0.844800263671875 0.933353771484375 0.85607873046875 0.904666404296875 0.88177275 0.88940471484375 0.8639089140625 0.85970373828125 0.876839658203125 0.83136757421875 0.895573369140625 0.816353353515625 0.881509021484375 0.801275396484375 0.883017564453125 0.78605370703125 0.87201030078125 0.76471784765625 0.882690099609375 0.73072244921875 0.8611705078125 0.701971345703125 0.875753529296875 0.6739863828125 0.9071586484375 0.65216745703125 0.92463128515625 0.659335234375 0.9445623359375 0.65493707421875 0.9600314921875 0.66340592578125 0.968329966796875 0.70154790625 0.984708859375 0.624491279296875 0.984033236328125 0.623607560546875 0.9500378359375 0.61292776171875 0.934321212890625 0.597498603515625 0.919346990234375 0.6029503671875 0.894914046875 0.59603005859375 0.8799516953125 0.5729900546875 0.881915173828125 0.547503505859375 0.85874330859375 0.51840119921875 0.8704767109375 0.479448970703125 0.884501060546875 0.470341453125 0.887063212890625 0.450162935546875 0.8800110390625 0.43053121875 0.859533185546875 0.425315052734375 0.865359888671875 0.381653462890625 0.88209012109375 0.36794031640625 0.882896259765625 0.3560231796875 0.865228025390625 0.3375888046875 0.855561833984375 0.3424418984375 0.844047767578125 0.33567719140625 0.850720609375 0.30428394140625 0.860738 0.2977785703125 0.8638988203125 0.282908083984375 0.850732478515625 0.275792173828125 0.843680302734375 0.25616045703125 0.8545675703125 0.204939890625 0.867590181640625 0.196482908203125 0.8890697734375 0.201048537109375 0.914947525390625 0.22554521484375 0.94023847265625 0.216242095703125 0.952714283203125 0.19817079296875 0.899542103515625 0.1842783046875 0.890083380859375 0.171906232421875 0.853537701171875 0.152913185546875 0.8514942265625 0.130028783203125 0.83837975 0.11860658203125 0.8469123359375 0.070339365234375 0.84421184765625 0.061994189453125 0.77924081640625 0.048184169921875 0.77706179296875 0.065853734375 0.767994271484375 0.076014859375 0.7724961640625 0.087333326171875 0.767930537109375 0.108812919921875 0.758563681640625 0.116320029296875 0.729173908203125 0.10834611328125 0.7222773359375 0.0757955234375 0.701891349609375 0.090458541015625 0.653975333984375 0.08027367578125 0.64722249609375 0.063295978515625 0.63920858203125 0.0685002734375 0.61537430859375 0.06688799609375 0.608569603515625 0.054216587890625 0.618195794921875 0.02517801953125 0.60998628125 0.01911571484375 0.561264126953125 0.020847990234375 0.553445814453125 0.037318884765625 0.581131443359375 0.049247890625 0.58637573828125 0.081447279296875 0.59924274609375 0.085909173828125 0.63067599609375 0.116767490234375 0.657567353515625 0.112121865234375 0.695258505859375 0.146037267578125 0.717895439453125 0.137033482421875 0.740923572265625 0.150562896484375 0.75459672265625 0.143107654296875 0.774268435546875 0.16024095703125 0.776766849609375 0.172860498046875 0.768297998046875 0.18832965234375 0.750881623046875 0.28651636328125 0.7548767109375 0.312405982421875 0.779361521484375 0.31502 0.77964898828125 0.34616578125 0.77123200390625 0.3573286484375 0.754162439453125 0.344202302734375 0.74748959765625 0.375595552734375 0.75454176953125 0.395227267578125 0.774668419921875 0.4020957109375 0.7656808984375 0.460627787109375 0.775490822265625 0.471347583984375 0.75718830859375 0.533080478515625 0.747821453125 0.54058758984375 0.68348641015625 0.51827812109375 0.65230062890625 0.494380111328125 0.61654921875 0.4919616953125 0.571339087890625 0.477171205078125 0.571845890625 0.462600052734375 0.56593919140625 0.45789069140625 0.574874845703125 0.40366490625 0.559250087890625 0.408114931640625 0.551719240234375 0.455731609375 0.492237291015625 0.443088330078125 0.478731615234375 0.409132931640625 0.437775908203125 0.398700599609375 0.4296582578125 0.41251748046875 0.39501232421875 0.400835943359375 0.40052782421875 0.38301210546875 0.4330784140625 0.376115533203125 0.440948595703125 0.355338345703125 0.394489259765625 0.334238083984375 0.386630947265625 0.326523505859375 0.387788287109375 0.312954091796875 0.395854068359375 0.30344350390625 0.40411544921875 0.305199515625 0.4134704375 0.326184171875 0.422134888671875 0.321981615234375 0.42686798828125 0.25909137890625 0.44029366796875 0.244675828125 0.4586999140625 0.174330349609375 0.48144058203125 0.15671398046875 0.47924150390625 0.146748455078125 0.4539105546875 0.1318661015625 0.460583396484375 0.100472849609375 0.483467796875 0.098429373046875 0.483986470703125 0.055366453125 0.489346369140625 0.050461490234375 0.49324958984375 0.056471927734375 0.506623404296875 0.04636266796875 0.51647809375 0 0.429014029296875 0
0 0.62743340234375 0.688554451171875 0.63754266015625 0.70192826171875 0.650110333984375 0.703736140625 0.674048341796875 0.6967358359375 0.6577849140625 0.671692353515625 0.628746345703125 0.66206616015625 0.622580306640625 0.678888259765625 0.62743340234375 0.688554451171875
0 0.543279826171875 0.881352109375 0.531546423828125 0.92030433984375 0.543112357421875 0.92276275390625 0.58409180078125 0.876211548828125 0.5802404453125 0.86589482421875 0.562416609375 0.860379322265625 0.546803716796875 0.836337578125 0.543279826171875 0.881352109375
0 0.621323625 0.81073103515625 0.579665513671875 0.8036032578125 0.54907840234375 0.785013279296875 0.530943359375 0.80533553125 0.512716453125 0.80577859765625 0.517166478515625 0.821403357421875 0.54019461328125 0.83493276953125 0.55377589453125 0.80759834375 0.5653936953125 0.80575046875 0.591311443359375 0.854432623046875 0.60577886328125 0.86355201171875 0.606273796875 0.877472626953125 0.595306533203125 0.8803222421875 0.621028681640625 0.917737796875 0.63619850390625 0.9235526328125 0.65177139453125 0.9234088984375 0.656935693359375 0.907237337890625 0.656388892578125 0.897623013671875 0.62940566796875 0.88238945703125 0.640672265625 0.88219385546875 0.648738046875 0.872683267578125 0.654915953125 0.827369400390625 0.63849692578125 0.815244794921875 0.660638923828125 0.792320396484375 0.65499155859375 0.76607957421875 0.635814779296875 0.76286688671875 0.621323625 0.81073103515625
0 0.656390666015625 0.29233558984375 0.646764474609375 0.32137416015625 0.6675416640625 0.329244341796875 0.674853171875 0.32734459765625 0.678963865234375 0.316129865234375 0.685521103515625 0.321840966796875 0.689579927734375 0.314932525390625 0.668659005859375 0.291489453125 0.677335326171875 0.258795126953125 0.7010258671875 0.244834515625 0.709143513671875 0.2310176328125 0.669045814453125 0.204361875 0.66232110546875 0.24006141796875 0.65149757421875 0.258483923828125 0.656390666015625 0.29233558984375
0 0.66874648046875 0.201707859375 0.66615619921875 0.169209134765625 0.62114166796875 0.165685244140625 0.608250921875 0.218206884765625 0.610685599609375 0.263624486328125 0.589090404296875 0.29616320703125 0.573270044921875 0.289346634765625 0.555342474609375 0.292443716796875 0.54818656640625 0.281424583984375 0.556056748046875 0.260647396484375 0.566074138671875 0.25414202734375 0.569390560546875 0.2263526640625 0.544255212890625 0.22273690625 0.52298308984375 0.200946111328125 0.505706052734375 0.20504493359375 0.5050836484375 0.2567204375 0.4876910078125 0.297923611328125 0.487236072265625 0.308188470703125 0.4980996015625 0.313951439453125 0.486781134765625 0.31845333203125 0.4871723359375 0.34098653125 0.4921291640625 0.342040138671875 0.489527017578125 0.338033181640625 0.504904306640625 0.326622849609375 0.5326418046875 0.3342455625 0.55513500390625 0.309668884765625 0.589924673828125 0.336923314453125 0.600748205078125 0.318500806640625 0.613391482421875 0.259018857421875 0.6349348125 0.230786427734375 0.63043291796875 0.2194679609375 0.63654708984375 0.206952154296875 0.6513257109375 0.190233791015625 0.66874648046875 0.201707859375