1 0.6240234375 0.1982421875 0.373046875 0.25
1 0.9833984375 0.216796875 0.033203125 0.1953125
0 0.79492094921875 0.466458087890625 0.801875458984375 0.465034951171875 0.792936619140625 0.458531556640625 0.789198912109375 0.46328157421875 0.79492094921875 0.466458087890625
0 0.02489276953125 0.5559228515625 0.044402953125 0.529106328125 0.0278786171875 0.53864665625 0.02489276953125 0.5559228515625
0 0.0504955234375 0.521700701171875 0.09542858984375 0.482798318359375 0.1056293984375 0.460060537109375 0.08091808203125 0.4756236484375 0.07168929296875 0.497800234375 0.05542541015625 0.503302115234375 0.0504955234375 0.521700701171875
0 0.03694623828125 0.4802743828125 0.034279833984375 0.444229068359375 0.0111528203125 0.50294237890625 0.008959125 0.541793671875 0.029441328125 0.514415951171875 0.03694623828125 0.4802743828125
0 0.741639732421875 0.47518756640625 0.738272556640625 0.4693554453125 0.74391401171875 0.45443411328125 0.77453803125 0.453601669921875 0.778796642578125 0.44077475 0.7529924296875 0.42975229296875 0.747189806640625 0.4084779375 0.684188390625 0.422819375 0.67592082421875 0.410744314453125 0.643462845703125 0.40615546484375 0.6508389765625 0.436889564453125 0.718601205078125 0.45997628515625 0.741639732421875 0.47518756640625
0 1 0.458230595703125 0.99941851953125 0.463737701171875 0.991491990234375 0.465722033203125 0.8678224296875 0.424368396484375 0.836336470703125 0.4192183515625 0.821345349609375 0.429169505859375 0.830845388671875 0.436644919921875 0.822959150390625 0.447678171875 0.826175953125 0.4510050546875 0.8829049296875 0.4662055390625 0.91600469140625 0.489864251953125 1 0.525537580078125 1 0.458230595703125
0 0.182144818359375 0.260361181640625 0.176873896484375 0.264700376953125 0.17520110546875 0.295474767578125 0.167615611328125 0.3115184921875 0.149708431640625 0.323153232421875 0.144367720703125 0.343085037109375 0.129075857421875 0.34802571875 0.093621234375 0.32702261328125 0.083339841796875 0.33166255078125 0.05729676953125 0.39205944921875 0.04387125390625 0.503492779296875 0.053481369140625 0.504424505859375 0.047047763671875 0.497770740234375 0.061998591796875 0.4787706640625 0.0754967890625 0.477457609375 0.070596396484375 0.47121466796875 0.084014009765625 0.451803767578125 0.12106083984375 0.423934638671875 0.164820427734375 0.34034884375 0.17996191796875 0.332902927734375 0.204772521484375 0.277105677734375 0.197066150390625 0.26600263671875 0.182144818359375 0.260361181640625
0 1 0.544902580078125 0.958795150390625 0.53255253515625 0.9035188046875 0.499665033203125 0.821656890625 0.46787042578125 0.816686712890625 0.477220091796875 0.8306360234375 0.4834227421875 0.82817108203125 0.49262203515625 0.754617025390625 0.48195141015625 0.80166609765625 0.511812775390625 0.8247449140625 0.5360729765625 0.90575568359375 0.595575544921875 0.948164818359375 0.615155515625 0.98437091796875 0.624154775390625 0.988078171875 0.6103191171875 0.964909314453125 0.5925278125 0.97111196484375 0.5785785 0.98644412109375 0.58268673828125 0.984841115234375 0.5978685234375 0.990152330078125 0.60257825 0.99836880859375 0.571913939453125 0.9850907734375 0.560139619140625 0.989650126953125 0.552323169921875 1 0.5541921875 1 0.544902580078125
0 0.883663494140625 1 0.928439439453125 0.832893896484375 0.916002572265625 0.83331244921875 0.909568966796875 0.826658681640625 0.85478402734375 0.810335806640625 0.84135562109375 0.796056255859375 0.84070304296875 0.74329594140625 0.872849484375 0.709183869140625 0.891347353515625 0.673879619140625 0.9027914296875 0.680232640625 0.944408412109375 0.678237513671875 0.957165544921875 0.698088732421875 0.96383392578125 0.700799875 0.9729119921875 0.666920068359375 0.872186111328125 0.62273310546875 0.804372791015625 0.55690701171875 0.72733068359375 0.513257501953125 0.71551607421875 0.5174866171875 0.73028703515625 0.520622837890625 0.727301189453125 0.53789903125 0.670502421875 0.53829115625 0.6793714765625 0.560387158203125 0.675112865234375 0.573214080078125 0.64893812109375 0.572773759765625 0.6033524765625 0.558915828125 0.575945259765625 0.563075154296875 0.55100298828125 0.5580351875 0.5419137734375 0.54902655859375 0.51472671484375 0.540098513671875 0.463668689453125 0.48533516796875 0.406939712890625 0.470134685546875 0.4042438125 0.4587308984375 0.41193938671875 0.436143490234375 0.40673825390625 0.424890076171875 0.4130912734375 0.413446 0.405494984375 0.395799271484375 0.396746806640625 0.40085003515625 0.39069452734375 0.417304583984375 0.36751642578125 0.433278517578125 0.329787525390625 0.43302886328125 0.29879297265625 0.4444434453125 0.28652724609375 0.441156853515625 0.28629629296875 0.4205537734375 0.2619447109375 0.391844298828125 0.23576996484375 0.391403978515625 0.200366431640625 0.413140244140625 0.1501919375 0.431740291015625 0.137786634765625 0.459638916015625 0.109528275390625 0.491506205078125 0.054875009765625 0.536020544921875 0.033461080078125 0.573008384765625 0.006534474609375 0.56004188671875 0 0.56082123828125 0 0.883663494140625 0.434173751953125 1 0.883663494140625 1
0 1 0.427990369140625 0.99005805859375 0.425077072265625 0.99316478125 0.434947640625 0.9988868203125 0.43812415234375 1 0.436118916015625 1 0.427990369140625
0 0.83939210546875 0.386349548828125 0.839432396484375 0.39539846875 0.860185849609375 0.397672748046875 0.87570866796875 0.41333514453125 0.953341466796875 0.433315142578125 0.963773232421875 0.431180439453125 0.971098275390625 0.419175166015625 0.84660706640625 0.3808879609375 0.83939210546875 0.386349548828125
0 0.614379943359375 0.31537630078125 0.597554865234375 0.319906158203125 0.602495548828125 0.3351980234375 0.667602169921875 0.355929880859375 0.669736875 0.366361646484375 0.680619755859375 0.371742650390625 0.685179109375 0.363926197265625 0.693145931640625 0.3709907890625 0.71625424609375 0.3706094609375 0.76950596875 0.38652151171875 0.78730306640625 0.38143045703125 0.810602044921875 0.392603287109375 0.821595005859375 0.3914406015625 0.825593166015625 0.3826521328125 0.8209532265625 0.37237073828125 0.766579111328125 0.354514650390625 0.719350173828125 0.346789580078125 0.614379943359375 0.31537630078125
0 0.42242725 0.25901284375 0.4152122890625 0.264474431640625 0.412336521484375 0.275206939453125 0.41850967578125 0.285899158203125 0.47273341796875 0.301250013671875 0.504369748046875 0.308905294921875 0.515282126953125 0.289644767578125 0.506754109375 0.281608158203125 0.42242725 0.25901284375