1 0.4970703125 0.455078125 0.337890625 0.31640625
1 0.73046875 0.2275390625 0.2890625 0.216796875
1 0.17578125 0.2919921875 0.265625 0.20703125
1 0.3134765625 0.376953125 0.296875 0.27734375
1 0.72265625 0.5908203125 0.369140625 0.390625
1 0.306640625 0.05859375 0.17578125 0.1171875
1 0.8173828125 0.029296875 0.18359375 0.037109375
1 0.498046875 0.1279296875 0.203125 0.14453125
1 0.0732421875 0.1806640625 0.123046875 0.177734375
1 0.1123046875 0.232421875 0.205078125 0.181640625
1 0.978515625 0.033203125 0.04296875 0.01953125
0 0.020196162109375 0.101541328125 0.048760248046875 0.092996779296875 0.021027787109375 0.08567294921875 0.020196162109375 0.101541328125
0 0.165636681640625 0.3905581328125 0.178978099609375 0.40423407421875 0.188116525390625 0.405253697265625 0.186576775390625 0.3727311328125 0.1811823125 0.3621751640625 0.141169525390625 0.37251423046875 0.1403759765625 0.377338923828125 0.165636681640625 0.3905581328125
0 1 0.04511428515625 0.969097931640625 0.050392400390625 0.98556161328125 0.066394763671875 0.994137150390625 0.0884721015625 0.998450884765625 0.088698173828125 1 0.086977162109375 1 0.04511428515625
0 0.51300366015625 0 0.546180103515625 0.02119914453125 0.578132900390625 0.00989697265625 0.60623327734375 0.030834771484375 0.61463696484375 0.04587403125 0.619972615234375 0.047235056640625 0.64653094921875 0.0253769140625 0.67899699609375 0.02491559765625 0.687744921875 0.00915312109375 0.660001591796875 0.007699154296875 0.64919648046875 0.015784048828125 0.627514771484375 0.01681055078125 0.57835897265625 0.00558323828125 0.576075490234375 0.003300775390625 0.513092951171875 0 0.51300366015625 0
0 0.08349012109375 0.317584392578125 0.075938794921875 0.30691538671875 0.0683897578125 0.3065197578125 0.0582882265625 0.313560126953125 0.034901798828125 0.305846125 0.0312708671875 0.313225603515625 0.02661573046875 0.30919675390625 0.027237431640625 0.297333982421875 0.015763412109375 0.258343111328125 0.011969392578125 0.258517431640625 0.008317087890625 0.32820753515625 0.040242033203125 0.32775390625 0.064367787109375 0.341995029296875 0.07742661328125 0.361063140625 0.09093529296875 0.36123040234375 0.093431267578125 0.354872837890625 0.08349012109375 0.317584392578125
0 0.08852473828125 0 0.091309482421875 0.0033080625 0.098863103515625 0.024250447265625 0.099376353515625 0.035091302734375 0.09330596484375 0.0477499140625 0.097791548828125 0.055014064453125 0.139906978515625 0.056139845703125 0.1505217578125 0.059940328125 0.1785656171875 0.0819565625 0.203428404296875 0.0924514296875 0.206772154296875 0.069917357421875 0.2143188984375 0.060039609375 0.2236833984375 0.05674549609375 0.229979857421875 0.039773150390625 0.278615529296875 0.009339470703125 0.28739703515625 0 0.08852473828125 0
0 0.327042578125 0 0.34326502734375 0.01380900390625 0.384250091796875 0.03650345703125 0.3923711875 0.0569348828125 0.403327373046875 0.06453814453125 0.423596123046875 0.090472482421875 0.43994218359375 0.08808495703125 0.45679690625 0.075991529296875 0.468829232421875 0.0733779296875 0.47643478515625 0.072695125 0.4867669765625 0.08188777734375 0.540231923828125 0.072794404296875 0.5606137109375 0.096571876953125 0.59756992578125 0.123921466796875 0.600699068359375 0.1570680234375 0.652972546875 0.150075 0.682944908203125 0.166244626953125 0.697701576171875 0.16323310546875 0.738790505859375 0.142677177734375 0.746339541015625 0.143072806640625 0.756445658203125 0.15657919140625 0.7949255703125 0.1445376953125 0.809967123046875 0.14640738671875 0.809395060546875 0.1263715859375 0.81932474609375 0.112293138671875 0.8595658984375 0.10791371484375 0.87239406640625 0.11074880078125 0.87846674609375 0.108363568359375 0.87795349609375 0.097522712890625 0.8723329609375 0.0912804765625 0.837597013671875 0.093785625 0.794742259765625 0.0861327265625 0.771529970703125 0.09573017578125 0.719652119140625 0.095174166015625 0.691782400390625 0.090469388671875 0.67424487109375 0.094957263671875 0.64507064453125 0.094509703125 0.620718818359375 0.0845823125 0.614019849609375 0.07828355859375 0.612939125 0.06795366015625 0.587796041015625 0.073124341796875 0.5414799140625 0.06961562109375 0.53387206640625 0.060025046875 0.532052015625 0.04316803125 0.500664404296875 0.0436858671875 0.482500587890625 0.039489755859375 0.438958443359375 0.00368454296875 0.389293978515625 0.002163134765625 0.384253048828125 0 0.327042578125 0
0 1 0.172445876953125 0.991261595703125 0.1742923515625 0.9212764453125 0.168461794921875 0.9117966171875 0.16363939453125 0.894033013671875 0.17244100390625 0.847264740234375 0.177559751953125 0.844483876953125 0.179036107421875 0.849423900390625 0.18794616796875 0.86276531640625 0.201622109375 0.850800974609375 0.25452416796875 0.811129591796875 0.26866601171875 0.8064202265625 0.2759889765625 0.76107408203125 0.295240396484375 0.720719892578125 0.3017766875 0.70153416015625 0.296445625 0.69523769921875 0.313417970703125 0.680876658203125 0.308880455078125 0.681837470703125 0.290547083984375 0.6752515390625 0.282091462890625 0.645620580078125 0.26972461328125 0.6360300078125 0.2773324609375 0.63744984375 0.281191755859375 0.63205767578125 0.2809091640625 0.627852392578125 0.257979466796875 0.5949861328125 0.2454430625 0.59611420703125 0.21360101171875 0.592537501953125 0.209628681640625 0.564611265625 0.2060023359375 0.544573173828125 0.19630101953125 0.539520115234375 0.189547826171875 0.523458939453125 0.196816564453125 0.539979140625 0.211740494140625 0.54883726953125 0.228425662109375 0.550433537109375 0.259869791015625 0.540901775390625 0.276672583984375 0.5228532890625 0.280592984375 0.494814015625 0.2791235078125 0.46921419921875 0.272374900390625 0.461719388671875 0.260627458984375 0.4623342109375 0.217944552734375 0.414657060546875 0.219771482421875 0.378670828125 0.21518203515625 0.370208328125 0.190947830078125 0.37077351171875 0.180163494140625 0.379339876953125 0.161147318359375 0.39494661328125 0.152232671875 0.388869345703125 0.1340711484375 0.37348868359375 0.138672060546875 0.370368712890625 0.146619015625 0.359756224609375 0.15309191015625 0.311966033203125 0.15707570703125 0.2923823828125 0.149020298828125 0.290790697265625 0.13812292578125 0.27943659375 0.127795322265625 0.276481591796875 0.111960220703125 0.256843712890625 0.115256625 0.21694166796875 0.113165447265625 0.2142784296875 0.13303169140625 0.2092276640625 0.136551876953125 0.167908076171875 0.140874783203125 0.148609306640625 0.1377005859375 0.131180228515625 0.119484837890625 0.10427590625 0.1169934453125 0.092128251953125 0.111490533203125 0.136807640625 0.156547208984375 0.169330205078125 0.15500745703125 0.205094947265625 0.184457396484375 0.211113404296875 0.193423974609375 0.20901534765625 0.2025058828125 0.24062903125 0.1976743125 0.254366076171875 0.20380121875 0.295923203125 0.246531470703125 0.293770921875 0.26696519140625 0.2983695390625 0.272072474609375 0.30705352734375 0.2714461875 0.327148138671875 0.2800690703125 0.388501232421875 0.264900724609375 0.39707218359375 0.2664313046875 0.43965580859375 0.330843267578125 0.44794416796875 0.337766013671875 0.452547373046875 0.363420056640625 0.48881390234375 0.35234395703125 0.4859177109375 0.34570380078125 0.506351431640625 0.34785608203125 0.580019443359375 0.32468196875 0.5984658515625 0.323485912109375 0.652464685546875 0.41769380078125 0.64281988671875 0.436653458984375 0.642887869140625 0.48694191796875 0.67898255078125 0.4688277421875 0.68312214453125 0.451742357421875 0.68947741796875 0.44396495703125 0.700431306640625 0.44129483984375 0.7235916640625 0.453322580078125 0.79879025390625 0.421577513671875 0.801797189453125 0.41578742578125 0.79453074609375 0.40999962890625 0.79162996875 0.382812716796875 0.79701755078125 0.362548548828125 0.8172183203125 0.3381944296875 0.83884351171875 0.33824636328125 0.85014109765625 0.349652400390625 0.871935845703125 0.34646903125 0.891467564453125 0.376149630859375 0.894537896484375 0.4001012421875 0.88636716015625 0.411568384765625 0.88529101953125 0.421785244140625 0.8452759375 0.421850935546875 0.844369353515625 0.428832494140625 0.900979494140625 0.524799328125 0.885603416015625 0.549947 0.884499943359375 0.600094896484375 0.757625298828125 0.71019167578125 0.83494173046875 0.700177681640625 0.873594021484375 0.655294384765625 0.895838619140625 0.63321016796875 0.924273521484375 0.627130607421875 0.944707244140625 0.629282890625 0.960655380859375 0.62417101953125 0.95696334765625 0.612082177734375 0.971147953125 0.589034857421875 0.965751201171875 0.568205509765625 0.97142366796875 0.5528225546875 0.9912311015625 0.546290849609375 0.998262529296875 0.546245875 1 0.513092962890625 1 0.411976873046875 0.995117107421875 0.41023865625 0.98540891015625 0.39945661328125 0.996869173828125 0.376807212890625 1 0.374879296875 1 0.172445876953125
0 0.974482283203125 1 0.98210494140625 0.854551015625 0.964221423828125 0.834689357421875 0.94435288671875 0.821752740234375 0.905755349609375 0.81540434765625 0.877483123046875 0.78742846875 0.86663768359375 0.7673949609375 0.856192455078125 0.760359177734375 0.847560400390625 0.7393602734375 0.85402641796875 0.719152626953125 0.854476271484375 0.700251779296875 0.832281310546875 0.69043742578125 0.8286503828125 0.69781690625 0.82325821484375 0.697534314453125 0.81275646875 0.691576962890625 0.812017146484375 0.68504984375 0.806624978515625 0.684767251953125 0.802261603515625 0.716439748046875 0.796984763671875 0.72427366796875 0.787165826171875 0.72592187109375 0.779218869140625 0.7228018984375 0.77983827734375 0.70066575 0.74964213671875 0.699083236328125 0.700382470703125 0.731106306640625 0.6889199140625 0.743482328125 0.6689994453125 0.75217090234375 0.646804486328125 0.742356546875 0.63987715234375 0.7300981484375 0.597130849609375 0.699741625 0.59326926171875 0.69088808203125 0.581576046875 0.687031080078125 0.568291146484375 0.672276705078125 0.552851673828125 0.667682669921875 0.5496117890625 0.646966359375 0.55118512890625 0.575676703125 0.540000580078125 0.562113798828125 0.540167841796875 0.548605119140625 0.463664744140625 0.5846073984375 0.448510154296875 0.584894576171875 0.39355738671875 0.5398401953125 0.355409703125 0.514590953125 0.3455181953125 0.445403939453125 0.25624344921875 0.47749269921875 0.203617103515625 0.4293160546875 0.203737017578125 0.457979322265625 0.1932940859375 0.461216916015625 0.160719587890625 0.484381859375 0.13892484375 0.4875652265625 0.11230311328125 0.47968166796875 0.0952154375 0.4652686953125 0.08493747265625 0.44472423046875 0.043387224609375 0.43281411328125 0.032146158203125 0.420329642578125 0.003567666015625 0.418831908203125 0 0.48690703125 0 0.974482283203125 0.48690703515625 1 0.974482283203125 1