1 0.7353515625 0.3486328125 0.130859375 0.11328125
1 0.9580078125 0.662109375 0.083984375 0.1796875
1 0.431640625 0.2431640625 0.068359375 0.080078125
1 0.4677734375 0.3994140625 0.134765625 0.11328125
1 0.1298828125 0.2841796875 0.0625 0.08203125
1 0.1708984375 0.443359375 0.177734375 0.126953125
1 0.796875 0.1875 0.05859375 0.06640625
1 0.6865234375 0.201171875 0.068359375 0.08203125
1 0.572265625 0.2177734375 0.06640625 0.0859375
1 0.919921875 0.3271484375 0.1328125 0.11328125
1 0.1875 0.2109375 0.0390625 0.05078125
1 0.2890625 0.2578125 0.064453125 0.0703125
1 0.9189453125 0.171875 0.07421875 0.091796875
1 0.310546875 0.1865234375 0.0390625 0.04296875
1 0.015625 0.3046875 0.03125 0.06640625
1 0.236328125 0.3125 0.060546875 0.083984375
1 0.7412109375 0.2392578125 0.05859375 0.080078125
1 0.056640625 0.3369140625 0.0625 0.064453125
1 0.3837890625 0.189453125 0.033203125 0.052734375
1 0.3623046875 0.28515625 0.0546875 0.08203125
1 0.5166015625 0.271484375 0.060546875 0.064453125
1 0.65625 0.25 0.05078125 0.0625
1 0.869140625 0.2138671875 0.064453125 0.064453125
0 0.023489158203125 0.245888142578125 0.01942941796875 0.24195054296875 0.01044170703125 0.245718216796875 0.0119604609375 0.25652471484375 0.024131712890625 0.2718449765625 0.023489158203125 0.245888142578125
0 0.86720042578125 0.143842173828125 0.87522165625 0.133197638671875 0.87382504296875 0.13038848046875 0.848566515625 0.132435615234375 0.827115484375 0.12593313671875 0.83479686328125 0.141383505859375 0.851635880859375 0.14001875 0.85976332421875 0.144386482421875 0.86720042578125 0.143842173828125
0 0.18442363671875 0.179190501953125 0.177286568359375 0.171177234375 0.1675261953125 0.14449819921875 0.144232486328125 0.146269197265625 0.144784759765625 0.15019883203125 0.151515587890625 0.15175741015625 0.1440705234375 0.15580918359375 0.153748578125 0.156953552734375 0.1635487734375 0.166095263671875 0.172480734375 0.186879845703125 0.18442363671875 0.179190501953125
0 0.209281267578125 0.291907306640625 0.212106353515625 0.28349576171875 0.1908411796875 0.25693090234375 0.188154162109375 0.266324853515625 0.175382845703125 0.26811974609375 0.16160523046875 0.2805751015625 0.16299387890625 0.286891724609375 0.166647376953125 0.2843746328125 0.173370240234375 0.289440673828125 0.171697490234375 0.284666697265625 0.178988556640625 0.2866474453125 0.1862955546875 0.28161326171875 0.188982572265625 0.272219306640625 0.191475771484375 0.286395201171875 0.203662951171875 0.29470053515625 0.209281267578125 0.291907306640625
0 0.27777107421875 0.219668375 0.2794836484375 0.206905025390625 0.251708029296875 0.205298662109375 0.241087388671875 0.18675503515625 0.235161078125 0.201613306640625 0.224062513671875 0.208182171875 0.2079218046875 0.2109515078125 0.20972466015625 0.22021535546875 0.2303552421875 0.217315916015625 0.2404713984375 0.210885119140625 0.252244375 0.2162432265625 0.2651537578125 0.215430744140625 0.267386748046875 0.220626890625 0.27777107421875 0.219668375
0 0.35034189453125 0.2655707421875 0.355415900390625 0.2553404140625 0.341571896484375 0.235246173828125 0.344582837890625 0.206772248046875 0.367064064453125 0.1920918671875 0.365959517578125 0.184232595703125 0.334384365234375 0.1876683828125 0.32438238671875 0.205603982421875 0.3354013046875 0.234109767578125 0.326251630859375 0.247417427734375 0.3243930234375 0.262705833984375 0.3211616953125 0.2646626875 0.316403650390625 0.2593205078125 0.312312052734375 0.26941276953125 0.340371771484375 0.269476484375 0.35034189453125 0.2655707421875
0 0.660929107421875 0.2194160234375 0.65747739453125 0.1948558046875 0.63856734765625 0.181484427734375 0.634255365234375 0.1650596171875 0.61532142578125 0.16221063671875 0.607340013671875 0.155317845703125 0.5773154765625 0.155530267578125 0.56779141796875 0.148353375 0.571354634765625 0.12380908203125 0.557885013671875 0.124199396484375 0.5641219921875 0.157885396484375 0.56003039453125 0.167977658203125 0.54654484375 0.175382900390625 0.549476142578125 0.181983623046875 0.55662117578125 0.186489427734375 0.565324787109375 0.18426440234375 0.578786443359375 0.1873815546875 0.593352650390625 0.198357978515625 0.609639392578125 0.1930635859375 0.62015382421875 0.196594943359375 0.624473771484375 0.20951229296875 0.636921162109375 0.226797373046875 0.64407416015625 0.2277957109375 0.660929107421875 0.2194160234375
0 1 0.465036591796875 0.985447046875 0.361486947265625 0.962244560546875 0.36390703515625 0.953694947265625 0.3600995390625 0.950163587890625 0.370613970703125 0.89964653515625 0.374708240234375 0.866154353515625 0.357375373046875 0.857036537109375 0.356653171875 0.85575409765625 0.365348818359375 0.85083408984375 0.369546626953125 0.8029721953125 0.378276802734375 0.80152779296875 0.396512435546875 0.79775215625 0.3910321875 0.7901690234375 0.3941015546875 0.78273988671875 0.3911383984375 0.76926230078125 0.39503617578125 0.76307578125 0.400914701171875 0.752423283203125 0.396400931640625 0.7309324296875 0.40743578125 0.71030184375 0.410335220703125 0.697676564453125 0.409605052734375 0.690133251953125 0.39513709375 0.678206279296875 0.3958115078125 0.6702229375 0.424597712890625 0.679385599609375 0.451788662109375 0.68751623046875 0.439966490234375 0.69459372265625 0.452321203125 0.70566801953125 0.461444298828125 0.71173555859375 0.479280732421875 0.73369638671875 0.47085459375 0.7582329296875 0.4807556015625 0.772864228515625 0.51518762890625 0.7567399375 0.53347305078125 0.772013236328125 0.559805201171875 0.79071318359375 0.559847001953125 0.814145845703125 0.561893498046875 0.824931732421875 0.58796637109375 0.7950855859375 0.6099601640625 0.76653780859375 0.60952249609375 0.743501841796875 0.597630705078125 0.74392733984375 0.575321919921875 0.766025248046875 0.56153670703125 0.744641310546875 0.536063345703125 0.710964111328125 0.543466205078125 0.6838086875 0.533933259765625 0.679119142578125 0.513233359375 0.68651384765625 0.496174802734375 0.653601306640625 0.4963505625 0.63767163671875 0.4843499921875 0.635341228515625 0.467768267578125 0.654683236328125 0.4597101484375 0.669660431640625 0.45226556640625 0.65372041015625 0.4283053515625 0.591966724609375 0.437986080078125 0.57092193359375 0.43793829296875 0.557898376953125 0.427245970703125 0.545604984375 0.403928369140625 0.54213733984375 0.386383078125 0.528699578125 0.37274353125 0.52995283203125 0.43868705859375 0.52757380859375 0.436015970703125 0.526966451171875 0.439015783203125 0.5020311796875 0.43960575390625 0.474799869140625 0.445436490234375 0.458667123046875 0.444698359375 0.44855096875 0.451129158203125 0.42609363671875 0.455287142578125 0.419362806640625 0.453728568359375 0.4067693828125 0.438968541015625 0.393445794921875 0.436833796875 0.374827814453125 0.418412310546875 0.37506412890625 0.437914453125 0.36911392578125 0.463295119140625 0.338781392578125 0.475572583984375 0.308464787109375 0.480835119140625 0.29639974609375 0.480527123046875 0.26503434375 0.453378130859375 0.2608604296875 0.4379357265625 0.260908216796875 0.4168909375 0.273143185546875 0.404151478515625 0.2751557890625 0.382830552734375 0.2977750859375 0.369132580078125 0.3017206484375 0.361565376953125 0.32445412109375 0.35937220703125 0.355649595703125 0.39956865234375 0.370223765625 0.407037611328125 0.369711314453125 0.385570650390625 0.378730884765625 0.367773115234375 0.39727451171875 0.357152474609375 0.44244938671875 0.357816251953125 0.4494882109375 0.34730978515625 0.44740125390625 0.33958858203125 0.457695298828125 0.3166028671875 0.493184154296875 0.319629740234375 0.5018718359375 0.32441964453125 0.507418470703125 0.353193599609375 0.5226989140625 0.358559671875 0.53528169921875 0.31621784765625 0.560280017578125 0.305190966796875 0.57963612890625 0.30747970703125 0.606389515625 0.32676146484375 0.630121326171875 0.317415296875 0.6469444140625 0.323065470703125 0.64894108984375 0.308759474609375 0.660453857421875 0.305137833984375 0.67781329296875 0.321732572265625 0.687085107421875 0.31642225 0.70251158203125 0.319263267578125 0.736083408203125 0.301521484375 0.76271465625 0.31280590234375 0.773991109375 0.289682119140625 0.758856701171875 0.2817909921875 0.752295798828125 0.267184962890625 0.731389076171875 0.2681195859375 0.72706912890625 0.25520223828125 0.71474387890625 0.245914494140625 0.71701669140625 0.233573314453125 0.732636984375 0.212844484375 0.739237708984375 0.2099131875 0.7602825 0.20996097265625 0.765845064453125 0.23172 0.82794127734375 0.256553685546875 0.83968239453125 0.275941654296875 0.86200166015625 0.270801259765625 0.879392953125 0.27336613671875 0.885677716796875 0.28600734765625 0.894081298828125 0.292339900390625 0.90321504296875 0.286047169921875 0.914435744140625 0.287475642578125 0.91781310546875 0.282993732421875 0.958798138671875 0.275230037109375 0.974307482421875 0.282224837890625 0.967922626953125 0.236794224609375 0.942630861328125 0.227912453125 0.938350736328125 0.197457779296875 0.934567134765625 0.195484998046875 0.904250529296875 0.20074753125 0.9023521015625 0.233573263671875 0.897708228515625 0.23973588671875 0.88128341796875 0.244047869140625 0.8655808046875 0.239242037109375 0.85999434765625 0.22800540625 0.84582641796875 0.226991138671875 0.840654166015625 0.218701734375 0.831820451171875 0.21643688671875 0.840101892578125 0.214772099609375 0.857142693359375 0.186330029296875 0.873689646484375 0.190015384765625 0.87762724609375 0.1859556484375 0.870498140625 0.1744349140625 0.852936921875 0.184917486328125 0.841448046875 0.178016732421875 0.83319846484375 0.165651658203125 0.8278483203125 0.173917169921875 0.8290192578125 0.214326037109375 0.826502166015625 0.2106725390625 0.800391333984375 0.217347615234375 0.78818822265625 0.216057212890625 0.782707974609375 0.219832849609375 0.7748805625 0.206907537109375 0.76197914453125 0.2042125546875 0.762433171875 0.189622455078125 0.7479731796875 0.19365830078125 0.7455782265625 0.198002140625 0.741234384765625 0.195607189453125 0.730688095703125 0.20610569140625 0.71764064453125 0.205935763671875 0.710854064453125 0.2289294453125 0.670437234375 0.233607845703125 0.6708434765625 0.240062537109375 0.67658393359375 0.245266646484375 0.676520216796875 0.273326369140625 0.6725826171875 0.277386107421875 0.646057580078125 0.28111395703125 0.6404790859375 0.26636986328125 0.633057916015625 0.2598992421875 0.606118671875 0.260679865234375 0.586794419921875 0.244361265625 0.54736 0.24890159765625 0.54236563671875 0.224057275390625 0.535220603515625 0.21955147265625 0.519079892578125 0.222320810546875 0.51264909375 0.212204654296875 0.50990365234375 0.185541548828125 0.5058439140625 0.18160394921875 0.494193076171875 0.1842431796875 0.50003177734375 0.207967025390625 0.494211677734375 0.23783756640625 0.478623240234375 0.244536537109375 0.46026546875 0.235094796875 0.46036371484375 0.253614529296875 0.463579115234375 0.258672607421875 0.474101509765625 0.2586965 0.48220505859375 0.273586630859375 0.486833 0.274438935546875 0.487977373046875 0.26476087890625 0.507803439453125 0.245444591796875 0.521557162109375 0.243511630859375 0.54913099609375 0.272195306640625 0.544195060546875 0.283408044921875 0.5343630078125 0.2882961953125 0.53308056640625 0.296991841796875 0.50317816796875 0.3052016015625 0.49435241796875 0.2994292890625 0.474120111328125 0.312290884765625 0.4667148671875 0.2988053359375 0.458433427734375 0.300470123046875 0.4532532109375 0.295688181640625 0.45173445703125 0.28488168359375 0.456402220703125 0.2681966640625 0.4099608359375 0.26921360546875 0.3975453046875 0.237898662109375 0.381510802734375 0.255680267578125 0.3799522265625 0.262411095703125 0.369844037109375 0.265334427734375 0.38356590234375 0.277431328125 0.389014291015625 0.28768555078125 0.3909631796875 0.29442434375 0.38586528125 0.315177068359375 0.3900391953125 0.33061947265625 0.376123509765625 0.34209241796875 0.331915115234375 0.348305501953125 0.31930576171875 0.340560408203125 0.30391114453125 0.323689533203125 0.3071663671875 0.31121028515625 0.305679470703125 0.286373927734375 0.289124552734375 0.286196037109375 0.267925765625 0.29218076953125 0.258003431640625 0.27504172265625 0.256346607421875 0.26325281640625 0.25901769921875 0.26087379296875 0.24751289453125 0.26098796875 0.229359578125 0.285078232421875 0.2513389921875 0.306032740234375 0.267604513671875 0.371870056640625 0.254793376953125 0.3912022734375 0.239066873046875 0.3969188359375 0.2437771328125 0.423305806640625 0.25453584375 0.442831841796875 0.250728345703125 0.451381455078125 0.240051953125 0.457390083984375 0.230334076171875 0.473783037109375 0.21473767578125 0.483989474609375 0.18333719921875 0.488299330078125 0.18323628125 0.49019730078125 0.153398197265625 0.496617427734375 0.144142310546875 0.494912818359375 0.104001619140625 0.5015560390625 0.0949076953125 0.49031144140625 0.08921502734375 0.46406254296875 0.090351431640625 0.457891951171875 0.116664048828125 0.4241395625 0.117524318359375 0.416004154296875 0.1351094296875 0.3949991875 0.147880744140625 0.393204294921875 0.162600947265625 0.398148197265625 0.175242158203125 0.391863431640625 0.17140809765625 0.350326126953125 0.1585624296875 0.32307888671875 0.157473810546875 0.308204685546875 0.11859962890625 0.313167189453125 0.108369298828125 0.308093185546875 0.1002816796875 0.286188125 0.10576192578125 0.28241248828125 0.10226242578125 0.27889705859375 0.10498130078125 0.255473244140625 0.09576523828125 0.23623130859375 0.081865482421875 0.240689326171875 0.08255582421875 0.245601369140625 0.094036736328125 0.256009587890625 0.09638390234375 0.2727105390625 0.09524749609375 0.27888112890625 0.081331810546875 0.29035407421875 0.079212994140625 0.296662732421875 0.062926251953125 0.301957123046875 0.05563518359375 0.29997637890625 0.028743728515625 0.279712212890625 0.026893083984375 0.291493154296875 0.01887981640625 0.298630224609375 0.0221934609375 0.32220803515625 0.019238271484375 0.326129705078125 0 0.3293298046875 0 0.378304681640625 0.032264501953125 0.397431341796875 0.040399908203125 0.398291611328125 0.066146994140625 0.42823383203125 0.07688977734375 0.454774798828125 0.065605357421875 0.481406046875 0.0602631796875 0.48616409375 0.060101216796875 0.495704078125 0.01249953125 0.51341400390625 0 0.515897978515625 0 0.53496341015625 0.065356630859375 1 0.534963404296875 1 1 0.934643369140625 1 0.71434983203125 0.9240395546875 0.630248703125 0.930826134765625 0.6072550234375 0.92637608203125 0.589847802734375 0.929469341796875 0.586908541015625 0.95011585546875 0.576994171875 0.987585458984375 0.5727299765625 0.999082298828125 0.576123265625 1 0.576058947265625 1 0.465036591796875