1 0.603515625 0.404296875 0.31640625 0.28515625
1 0.84375 0.5546875 0.3125 0.2900390625
1 0.0859375 0.783203125 0.171875 0.3642578125
1 0.7783203125 0.369140625 0.1923828125 0.1572265625
1 0.32421875 0.580078125 0.376953125 0.3134765625
1 0.1015625 0.556640625 0.2021484375 0.2333984375
0 0.185546875 0.42333984375 0.171875 0.38720703125 0.1728515625 0.35302734375 0.17724609375 0.353515625 0.18115234375 0.3447265625 0.19580078125 0.341796875 0.21142578125 0.3291015625 0.23388671875 0.326171875 0.25048828125 0.3291015625 0.28564453125 0.35546875 0.29150390625 0.35546875 0.2978515625 0.34326171875 0.31005859375 0.3349609375 0.32080078125 0.3203125 0.34130859375 0.3115234375 0.35302734375 0.2978515625 0.3828125 0.28271484375 0.34521484375 0.2763671875 0.32568359375 0.26171875 0.30224609375 0.2568359375 0.26025390625 0.2587890625 0.21826171875 0.279296875 0.17333984375 0.275390625 0.15771484375 0.26953125 0.13037109375 0.2734375 0.10107421875 0.2724609375 0.09375 0.27001953125 0.08447265625 0.2509765625 0.05908203125 0.248046875 0.04443359375 0.234375 0.00048828125 0.220703125 0 0.44482421875 0.03369140625 0.4609375 0.07177734375 0.46484375 0.09228515625 0.4599609375 0.12744140625 0.44140625 0.15283203125 0.4677734375 0.169921875 0.47705078125 0.201171875 0.45751953125 0.19921875 0.45166015625 0.1884765625 0.44384765625 0.185546875 0.42333984375
0 1 0.64111328125 0.92529296875 0.69921875 0.91162109375 0.69921875 0.72607421875 0.6376953125 0.73046875 0.55517578125 0.71728515625 0.5517578125 0.70166015625 0.5625 0.6904296875 0.56494140625 0.689453125 0.55712890625 0.7001953125 0.53076171875 0.75537109375 0.5 0.765625 0.47705078125 0.7646484375 0.46728515625 0.78662109375 0.4521484375 0.78466796875 0.4482421875 0.72900390625 0.439453125 0.724609375 0.48291015625 0.71630859375 0.494140625 0.61572265625 0.546875 0.60302734375 0.5458984375 0.47705078125 0.5068359375 0.47265625 0.49169921875 0.474609375 0.47900390625 0.47119140625 0.4755859375 0.46533203125 0.4775390625 0.45849609375 0.4912109375 0.44140625 0.49462890625 0.4443359375 0.50048828125 0.44140625 0.51318359375 0.49365234375 0.541015625 0.5029296875 0.54931640625 0.509765625 0.56591796875 0.509765625 0.57373046875 0.50732421875 0.5771484375 0.5009765625 0.57666015625 0.49853515625 0.5888671875 0.478515625 0.59228515625 0.4755859375 0.65576171875 0.43896484375 0.671875 0.33349609375 0.7333984375 0.30908203125 0.7265625 0.16943359375 0.6650390625 0.16259765625 0.63671875 0.14990234375 0.6396484375 0.12744140625 0.65234375 0.10986328125 0.65625 0.08935546875 0.66796875 0.06982421875 0.6640625 0.05029296875 0.654296875 0.04296875 0.65966796875 0.052734375 0.67626953125 0.0537109375 0.69482421875 0.05712890625 0.6982421875 0.12353515625 0.736328125 0.1455078125 0.75439453125 0.162109375 0.77978515625 0.1611328125 0.79638671875 0.169921875 0.81982421875 0.15771484375 0.8212890625 0.1396484375 0.80517578125 0.13818359375 0.798828125 0.1328125 0.79931640625 0.138671875 0.88134765625 0.00732421875 0.9619140625 0 0.97119140625 0.00048828125 1 0.13525390625 1 0.1416015625 0.98095703125 0.1484375 0.97705078125 0.1630859375 0.95361328125 0.1650390625 0.93115234375 0.17041015625 0.92578125 0.19287109375 0.9248046875 0.19970703125 0.9208984375 0.27099609375 0.94140625 0.279296875 0.94873046875 0.287109375 0.96435546875 0.291015625 0.98095703125 0.2900390625 0.99951171875 0.30126953125 1 0.30078125 0.98486328125 0.3125 0.97216796875 0.314453125 0.94873046875 0.3359375 0.92431640625 0.345703125 0.90185546875 0.35400390625 0.8935546875 0.37744140625 0.88671875 0.40185546875 0.8935546875 0.4130859375 0.90283203125 0.4462890625 0.96435546875 0.44873046875 1 0.7314453125 0.99951171875 0.72265625 0.96826171875 0.734375 0.95166015625 0.736328125 0.94189453125 0.7255859375 0.93017578125 0.724609375 0.90673828125 0.7373046875 0.89208984375 0.7431640625 0.87255859375 0.79541015625 0.8271484375 0.82373046875 0.8203125 0.85009765625 0.822265625 0.86767578125 0.81640625 0.88818359375 0.8173828125 0.90673828125 0.8369140625 0.92919921875 0.8447265625 0.9326171875 0.86181640625 0.94580078125 0.869140625 0.9541015625 0.88427734375 0.96728515625 0.896484375 0.98583984375 0.904296875 0.98876953125 0.9091796875 0.9912109375 0.90283203125 1 0.89697265625 1 0.64111328125
0 0.98779296875 0.333984375 0.97802734375 0.337890625 0.95751953125 0.3369140625 0.94921875 0.34130859375 0.97900390625 0.3427734375 1 0.34912109375 0.99951171875 0.294921875 0.99609375 0.30419921875 0.998046875 0.31591796875 0.98779296875 0.333984375
0 0.91259765625 0.330078125 0.86181640625 0.3330078125 0.87109375 0.35009765625 0.859375 0.36181640625 0.873046875 0.36572265625 0.90576171875 0.3583984375 0.935546875 0.34130859375 0.92626953125 0.33984375 0.91259765625 0.330078125
0 0.84716796875 0.154296875 0.8291015625 0.15673828125 0.8251953125 0.18408203125 0.82958984375 0.1875 0.8779296875 0.18798828125 0.8828125 0.18408203125 0.884765625 0.16845703125 0.87451171875 0.158203125 0.84716796875 0.154296875
0 0.53662109375 0.2900390625 0.50341796875 0.283203125 0.48486328125 0.28515625 0.47216796875 0.291015625 0.470703125 0.29443359375 0.4931640625 0.31787109375 0.5 0.34521484375 0.50439453125 0.3505859375 0.5107421875 0.35107421875 0.5205078125 0.34619140625 0.5224609375 0.31494140625 0.54296875 0.29443359375 0.53662109375 0.2900390625
0 0.53369140625 0.12890625 0.52099609375 0.1240234375 0.48828125 0.12451171875 0.490234375 0.13818359375 0.49755859375 0.1455078125 0.51025390625 0.146484375 0.52685546875 0.1328125 0.53662109375 0.1318359375 0.55712890625 0.1416015625 0.58056640625 0.162109375 0.60595703125 0.1630859375 0.625 0.16943359375 0.63818359375 0.1650390625 0.654296875 0.14501953125 0.55419921875 0.12890625 0.53369140625 0.12890625
0 0.73583984375 0.314453125 0.7490234375 0.29052734375 0.74462890625 0.2861328125 0.66748046875 0.283203125 0.64404296875 0.2744140625 0.62646484375 0.2783203125 0.6259765625 0.28564453125 0.63671875 0.29736328125 0.6328125 0.31103515625 0.638671875 0.31689453125 0.65478515625 0.310546875 0.67138671875 0.3154296875 0.68310546875 0.3115234375 0.73583984375 0.314453125