1 0.3271484375 0.5927734375 0.169921875 0.158203125
1 0.498046875 0.4951171875 0.1484375 0.12890625
1 0.6103515625 0.7646484375 0.20703125 0.17578125
1 0.798828125 0.86328125 0.22265625 0.212890625
1 0.8056640625 0.552734375 0.18359375 0.15625
1 0.6083984375 0.4248046875 0.146484375 0.1015625
1 0.0703125 0.4873046875 0.140625 0.123046875
1 0.2099609375 0.4150390625 0.15625 0.126953125
1 0.359375 0.36328125 0.1484375 0.107421875
1 0.5029296875 0.2939453125 0.13671875 0.095703125
1 0.6357421875 0.236328125 0.091796875 0.07421875
1 0.9833984375 0.62109375 0.033203125 0.12109375
1 0.8798828125 0.326171875 0.119140625 0.068359375
1 0.9482421875 0.2724609375 0.076171875 0.076171875
1 0.7412109375 0.1943359375 0.10546875 0.076171875
1 0.8515625 0.1484375 0.095703125 0.0703125
1 0.9443359375 0.111328125 0.0625 0.048828125
0 0.517460373046875 1 0.724356955078125 0.9855323828125 0.721206220703125 0.9754737578125 0.694944224609375 0.949899654296875 0.70841939453125 0.918610017578125 0.708078787109375 0.913739099609375 0.703139748046875 0.9131055234375 0.714172556640625 0.909886666015625 0.71539540625 0.906374841796875 0.696589611328125 0.896431978515625 0.694825126953125 0.91319746484375 0.660323306640625 0.930783748046875 0.676366615234375 0.95021978125 0.674602130859375 0.966985267578125 0.665994541015625 0.976887166015625 0.63676903125 0.978930814453125 0.596575498046875 0.96412037109375 0.575003875 0.942623546875 0.578716728515625 0.92572181640625 0.575702236328125 0.917611560546875 0.524090984375 0.907515310546875 0.501977728515625 0.8992721484375 0.48901703515625 0.8889205546875 0.484892115234375 0.878930052734375 0.456232060546875 0.875060474609375 0.44093808984375 0.866340462890625 0.413565669921875 0.83888611328125 0.384067673828125 0.837033025390625 0.352754216796875 0.81621741796875 0.349422935546875 0.8105766796875 0.350690087890625 0.8006986015625 0.3769692265625 0.791518880859375 0.378689408203125 0.7811196484375 0.371028845703125 0.762565857421875 0.344000369140625 0.76102955859375 0.347420251953125 0.75393778515625 0.34304666796875 0.747390986328125 0.34293090625 0.731735927734375 0.35004316015625 0.7214491171875 0.3491813984375 0.71612516796875 0.356136927734375 0.717596685546875 0.373512169921875 0.70708169140625 0.366103611328125 0.706131328125 0.361730025390625 0.699584529296875 0.353030494140625 0.701171806640625 0.3547301953125 0.704479267578125 0.35044855078125 0.70624708984375 0.3470491484375 0.69963216796875 0.3353589453125 0.700449626953125 0.333046150390625 0.688374513671875 0.3288769296875 0.684750265625 0.328444380859375 0.6715647265625 0.324094615234375 0.672358365234375 0.322578796875 0.6856801484375 0.3089402265625 0.686633849609375 0.299062146484375 0.685366697265625 0.29833662890625 0.681991115234375 0.30567706640625 0.681967294921875 0.309233193359375 0.676823890625 0.284401751953125 0.67170764453125 0.268429904296875 0.67429292578125 0.260037146484375 0.610269291015625 0.24898051953125 0.6061477109375 0.24437875 0.589337921875 0.2410712890625 0.591037623046875 0.244266326171875 0.5947299921875 0.240437712890625 0.595976662109375 0.23812491796875 0.583901548828125 0.224350103515625 0.582906884765625 0.217033486328125 0.590271142578125 0.213702205078125 0.584630404296875 0.1766832265625 0.5872190234375 0.156927068359375 0.584684720703125 0.163415759765625 0.64247834375 0.193141939453125 0.654594419921875 0.2176327734375 0.654839748046875 0.212254509765625 0.59892637109375 0.21556196875 0.597226669921875 0.22032046484375 0.602278134765625 0.232180744140625 0.673890873046875 0.247202228515625 0.678714150390625 0.24411627734375 0.648582580078125 0.24755998046875 0.64883124609375 0.253272177734375 0.667521279296875 0.258143095703125 0.667180671875 0.2541577578125 0.68018566796875 0.266573478515625 0.682743791015625 0.270061484375 0.676626203125 0.27266724609375 0.678891357421875 0.278764353515625 0.6960860546875 0.302716890625 0.73063217578125 0.304099802734375 0.73640915625 0.29664694140625 0.741825046875 0.296149609375 0.748712455078125 0.328117125 0.750882330078125 0.33894890625 0.765788052734375 0.34323055078125 0.76402023046875 0.343663099609375 0.77720576953125 0.329731560546875 0.7879694296875 0.314417107421875 0.792956109375 0.28596141796875 0.792009083984375 0.2786414609375 0.7783262109375 0.283962072265625 0.7564173203125 0.288628626953125 0.753154162109375 0.28692892578125 0.749846701171875 0.25108849609375 0.75528975 0.230446755859375 0.74009105859375 0.20631701171875 0.731009955078125 0.193945591796875 0.722085578125 0.169659123046875 0.72476280078125 0.1547738828125 0.721887888671875 0.1250238828125 0.702431375 0.102004564453125 0.695230517578125 0.09835649609375 0.69205930078125 0.099351162109375 0.678284486328125 0.109498388671875 0.6624012421875 0.123361806640625 0.6506633984375 0.1515893125 0.641347435546875 0.141949884765625 0.5734951875 0.134473205078125 0.571570640625 0.09668440625 0.577149931640625 0.090546337890625 0.587368619140625 0.083410263671875 0.590314990234375 0.0827766875 0.595254029296875 0.116266697265625 0.626196384765625 0.118828158203125 0.63482779296875 0.107298017578125 0.644934056640625 0.070054193359375 0.658306818359375 0.042572685546875 0.657291671875 0.0154965703125 0.641074494140625 0.0073829765625 0.623041857421875 0.025639552734375 0.884123072265625 0.03168901953125 0.88663689453125 0.03672 0.895585091796875 0.051400876953125 0.895537453125 0.06050913671875 0.89979527734375 0.066650544921875 0.910623720703125 0.050862580078125 0.929838244140625 0.0293181171875 0.936728990234375 0.03374245703125 1 0.15337996875 1 0.161568439453125 0.994049552734375 0.12334709375 0.9864433046875 0.116572109375 0.98055390234375 0.112627734375 0.96614551171875 0.116636892578125 0.960480955078125 0.1384300234375 0.950146505859375 0.167314923828125 0.94323194140625 0.185258958984375 0.94785085546875 0.19418667578125 0.95652656640625 0.1929195234375 0.966404646484375 0.177312103515625 0.981201283203125 0.1781057421875 0.985551048828125 0.209415861328125 0.985319525390625 0.2358788828125 0.992769048828125 0.23638451953125 1 0.3316256015625 1 0.3301022109375 0.9822645234375 0.31567 0.9788684609375 0.2993132421875 0.982949078125 0.28977243359375 0.965505712890625 0.271419669921875 0.955041697265625 0.26774778125 0.94453004296875 0.27120862890625 0.910024884765625 0.284390830078125 0.888545205078125 0.30045128125 0.873227416015625 0.331645640625 0.857340833984375 0.358629814453125 0.865243388671875 0.3727690546875 0.87844941015625 0.379772224609375 0.894601802734375 0.380596359375 0.948386267578125 0.34562102734375 0.980200396484375 0.346699779296875 1 0.39484644140625 1 0.3962819140625 0.997705205078125 0.41508437109375 0.9866009375 0.445147822265625 0.982540802734375 0.488284388671875 0.9834401875 0.50135750390625 0.988399708984375 0.511645359375 1 0.517460373046875 1
0 0 0.453147056640625 0.009641908203125 0.43835235546875 0.0287168515625 0.431144822265625 0.07713306640625 0.437548703125 0.10432160546875 0.44837380859375 0.116168533203125 0.4357980234375 0.129013466796875 0.430494556640625 0.13202462109375 0.41755768359375 0.14457324609375 0.40101704296875 0.143823908203125 0.3903010234375 0.151028103515625 0.3883288359375 0.17549178125 0.360186595703125 0.18231106640625 0.359709744140625 0.203586380859375 0.369969396484375 0.235100865234375 0.372660423828125 0.257418486328125 0.38382613671875 0.267024080078125 0.3811965546875 0.28374192578125 0.368280162109375 0.298351341796875 0.346211208984375 0.278820029296875 0.332892763671875 0.285206765625 0.319230373046875 0.2946761171875 0.314652421875 0.312415787109375 0.31634878515625 0.319711923828125 0.322691220703125 0.357228234375 0.313215193359375 0.38824538671875 0.32279362890625 0.3978714609375 0.306457353515625 0.4056649296875 0.305912380859375 0.413393615234375 0.32544035546875 0.42288678515625 0.32820284375 0.43751668359375 0.292427197265625 0.464947212890625 0.257714337890625 0.49222435546875 0.25580693359375 0.510256994140625 0.24769333984375 0.52715872265625 0.25140619140625 0.555542955078125 0.23033190234375 0.5606148984375 0.21186671484375 0.59400962890625 0.21344731640625 0.613084572265625 0.206239783203125 0.6462749375 0.204897833984375 0.659933990234375 0.190237439453125 0.67364068359375 0.190257921875 0.68490167578125 0.1973020546875 0.719015248046875 0.1601639765625 0.72202640234375 0.147227103515625 0.735072361328125 0.123799056640625 0.744790376953125 0.11577740234375 0.759198767578125 0.11183302734375 0.78618294140625 0.11973558203125 0.805550853515625 0.102718091796875 0.834776361328125 0.1006744453125 0.850656267578125 0.089774541015625 0.86325253515625 0.08791477734375 0.8658344765625 0.082839494140625 0.86909763671875 0.087506048828125 0.885999365234375 0.091218900390625 0.896599625 0.07481450390625 0.903214544921875 0.0714151015625 0.918801484375 0.07032515625 0.92999435546875 0.07639510546875 0.94795887109375 0.067307326171875 0.970501337890625 0.0676888984375 0.9688426015625 0.036968052734375 0.923577123046875 0.040622796875 0.89192639453125 0.035983400390625 0.88272953125 0.0444580859375 0.866100287109375 0.04464196875 0.855476208984375 0.053705927734375 0.85103783984375 0.06723207421875 0.809284185546875 0.07210966796875 0.80273738671875 0.07648325390625 0.78803269140625 0.069190455078125 0.780712734375 0.055507583984375 0.7715839921875 0.064956451171875 0.738325505859375 0.065324216796875 0.73749090234375 0.0883878359375 0.7317615625 0.104451625 0.725667794921875 0.10830405859375 0.688512572265625 0.108944310546875 0.68259601171875 0.0873317265625 0.664403310546875 0.086156515625 0.6535272265625 0.077617046875 0.653479587890625 0.062936171875 0.66435233203125 0.0504285078125 0.66238014453125 0.043224314453125 0.632521060546875 0.050207 0.614577025390625 0.0455880859375 0.6062181015625 0.05204628125 0.596340021484375 0.050779130859375 0.590815046875 0.069765470703125 0.566937306640625 0.078287794921875 0.550924494140625 0.1082864609375 0.5382158046875 0.115538294921875 0.521518439453125 0.114747994140625 0.5185720703125 0.107611921875 0.51050611328125 0.10426016015625 0.508009435546875 0.075555802734375 0.464375537109375 0.08154382421875 0.45338703125 0.07839642578125 0.4520041171875 0.0726194453125 0.44518483203125 0.073096296875 0.43573596484375 0.0639675546875 0.3962031640625 0.072605640625 0.379437677734375 0.07084115625 0.36192619140625 0.07940778125 0.366480322265625 0.081536693359375 0.37198481640625 0.076257046875 0.378170525390625 0.080719234375 0.385827751953125 0.07822589453125 0.3968162578125 0.08137329296875 0.403363056640625 0.07699970703125 0.40603694140625 0.080239046875 0.403386876953125 0.084340146484375 0.414399203125 0.09482798046875 0.424229642578125 0.081414255859375 0.437800091796875 0.07948637109375 0.4403139140625 0.073436904296875 0.445978470703125 0.0774460625 0.4413800390625 0.081683404296875 0.4536833359375 0.089633599609375 0.457287103515625 0.0991710703125 0.454684677734375 0.117953046875 0.4458046015625 0.1239582109375 0.43216603125 0.124911912109375 0.42396383203125 0.119611783203125 0.41288672265625 0.12919689453125 0.38080678515625 0.13241908984375 0.3690008203125 0.11758148828125 0.335810453125 0.1189234375 0.331188203125 0.115820341796875 0.327243828125 0.101411953125 0.329233158203125 0.07386232421875 0.3109723359375 0.0717129296875 0.299033466796875 0.075974091796875 0.302344263671875 0.095321521484375 0.3147838046875 0.105220083984375 0.32269303515625 0.120330169921875 0.32183461328125 0.1360533515625 0.311980353515625 0.142126638671875 0.28853182421875 0.142787373046875 0.275049978515625 0.131982748046875 0.268230693359375 0.132459599609375 0.2647426875 0.1385771875 0.224733037109375 0.14039598828125 0.2213779375 0.1274148125 0.209483369140625 0.125309720703125 0.21161228125 0.12075558984375 0.2199950234375 0.12163783203125 0.2193819296875 0.1128701796875 0.206060146484375 0.111354361328125 0.206107787109375 0.12603523828125 0.19636594921875 0.126716453125 0.186331146484375 0.137207626953125 0.1640611640625 0.1407227890625 0.159714736328125 0.16256355859375 0.10570542578125 0.1741718359375 0.098657955078125 0.164385697265625 0.095776369140625 0.137176677734375 0.06797807421875 0.138631048828125 0.063471583984375 0.151183013671875 0.0656924375 0.154943505859375 0.069340505859375 0.15811472265625 0.0719905703125 0.154013623046875 0.072852330078125 0.159337572265625 0.08091828515625 0.162689333984375 0.08588114453125 0.17066334765625 0.09353837109375 0.1681700078125 0.100245232421875 0.173085228515625 0.102309361328125 0.188604044921875 0.10919676953125 0.18910137890625 0.111645806640625 0.203124859375 0.132376150390625 0.205591041015625 0.1357074296875 0.21123177734375 0.144066353515625 0.20477358203125 0.147533876953125 0.212362685546875 0.176398296875 0.219154814453125 0.18007018359375 0.22966646875 0.1833095234375 0.226992583984375 0.180046365234375 0.22232603125 0.18110915234375 0.209525400390625 0.166949427734375 0.210026072265625 0.163301359375 0.206854853515625 0.164432267578125 0.195028408203125 0.1682370625 0.186441298828125 0.173516708984375 0.19194579296875 0.181286359375 0.1840603828125 0.17997156640625 0.1792575859375 0.186337822265625 0.179301888671875 0.188851642578125 0.173252421875 0.192295345703125 0.173501087890625 0.190687587890625 0.17850825 0.1959910546875 0.191353181640625 0.221319830078125 0.189582021484375 0.223901771484375 0.18450673828125 0.2291609375 0.203717923828125 0.24844024609375 0.199432943359375 0.255532017578125 0.202852826171875 0.262508029296875 0.190617650390625 0.26869373828125 0.19507983984375 0.27107131640625 0.187082005859375 0.273111625 0.195260384765625 0.287680078125 0.200604814453125 0.291941240234375 0.212543685546875 0.29740143359375 0.213630291015625 0.30186362109375 0.20744458203125 0.3245866328125 0.203408265625 0.32864009375 0.191377455078125 0.337905078125 0.183876953125 0.321003349609375 0.1801641015625 0.328841119140625 0.173252875 0.333712037109375 0.172912267578125 0.340102111328125 0.1802970078125 0.34651266796875 0.1739750546875 0.365226521484375 0.175603296875 0.377802306640625 0.187450224609375 0.39470403515625 0.191163076171875 0.447534798828125 0.17670037109375 0.442118908203125 0.169247509765625 0.482264802734375 0.169377076171875 0.508792607421875 0.15675365234375 0.53808623828125 0.155684189453125 0.591911666015625 0.127446669921875 0.614113525390625 0.12295732421875 0.625170154296875 0.127078904296875 0.63944230078125 0.121186162109375 0.667693626953125 0.119210638671875 0.67471727734375 0.121656337890625 0.686908150390625 0.134998603515625 0.69173810546875 0.162071380859375 0.683130515625 0.171973279296875 0.64151310546875 0.178799240234375 0.6014148515625 0.19335055078125 0.56083974609375 0.20108257421875 0.551642880859375 0.2095572578125 0.50730728515625 0.219510134765625 0.447364267578125 0.244259650390625 0.38660379296875 0.2573189609375 0.38196105859375 0.267922556640625 0.376773353515625 0.270732685546875 0.30801504296875 0.28141441796875 0.264292541015625 0.300134947265625 0.230536720703125 0.30739012109375 0.148391845703125 0.33662898046875 0.120344884765625 0.341527056640625 0.078434505859375 0.3581629765625 0.02073282421875 0.372966291015625 0 0.383620869140625 0 0.453147056640625
0 0 0.29768375 0.029487125 0.288164673828125 0.06525943359375 0.28174744140625 0.067388345703125 0.277193310546875 0.060024087890625 0.269876693359375 0.0582324453125 0.258254611328125 0.073611681640625 0.233194984375 0.094158140625 0.219031923828125 0.15260916015625 0.21494462890625 0.17649023828125 0.227469435546875 0.186007228515625 0.237572361328125 0.188047537109375 0.245750740234375 0.199873982421875 0.2468816484375 0.2158901328125 0.23793011328125 0.27477036328125 0.225981228515625 0.318492865234375 0.20726069921875 0.324314146484375 0.19951153125 0.30709562890625 0.19826819921875 0.3055083515625 0.18956866796875 0.289195896484375 0.18728303125 0.291052322265625 0.17883216796875 0.304237861328125 0.1783996171875 0.301223369140625 0.170289361328125 0.294880935546875 0.177585498046875 0.27331265234375 0.1771358046875 0.266765853515625 0.181509388671875 0.258699896484375 0.178157626953125 0.25222121875 0.183505396484375 0.24812012109375 0.18085533203125 0.227730384765625 0.183260068359375 0.2241742578125 0.18840347265625 0.200657607421875 0.1880900234375 0.19349771484375 0.183695955078125 0.182713572265625 0.183471109375 0.177341984375 0.1696519921875 0.164156443359375 0.17008454296875 0.159578494140625 0.16061519140625 0.1578344921875 0.163673986328125 0.111278041015625 0.16986637109375 0.09682201171875 0.159129869140625 0.092359822265625 0.165315580078125 0.085472416015625 0.16481824609375 0.067616984375 0.14746682421875 0.0616866171875 0.181655193359375 0.0545062421875 0.190967818359375 0.051948119140625 0.2033835390625 0.01547411328125 0.213765626953125 0.001699298828125 0.2127709609375 0 0.216970626953125 0 0.29768375
0 0.0489456171875 0.699430234375 0.042964271484375 0.697890595703125 0.0439827578125 0.691456220703125 0.0586636328125 0.691408580078125 0.063285884765625 0.69451167578125 0.067434623046875 0.7118426171875 0.071648146484375 0.709100611328125 0.075636822265625 0.71714274609375 0.08383568359375 0.70139574609375 0.0883898125 0.703524658203125 0.088274052734375 0.68786959765625 0.0939147890625 0.68453831640625 0.09336981640625 0.67674484765625 0.09006235546875 0.678444548828125 0.087252228515625 0.67325684375 0.096541033203125 0.673096779296875 0.101524375 0.6673641015625 0.103040193359375 0.654042318359375 0.11187596875 0.654403408203125 0.131652609375 0.64323101953125 0.1514530703125 0.639399068359375 0.139909576171875 0.56531680859375 0.1121351015625 0.574111619140625 0.094599796875 0.57533780859375 0.08270856640625 0.594279845703125 0.11495190625 0.621393587890625 0.121682587890625 0.63364924609375 0.119894283203125 0.64307429296875 0.06747225 0.6633821015625 0.035821521484375 0.658742705078125 0.02852538671875 0.652400271484375 0.024063197265625 0.65858598046875 0.01635833203125 0.646398443359375 0.009017892578125 0.646422263671875 0.012832701171875 0.700976548828125 0.023095689453125 0.70074836328125 0.027469275390625 0.707295162109375 0.035828197265625 0.700836966796875 0.041039724609375 0.70536727734375 0.04362166796875 0.700291994140625 0.0489456171875 0.699430234375
0 0.951608916015625 0.511494103515625 0.975374232421875 0.508363849609375 0.9754628359375 0.495631341796875 0.987037279296875 0.479158822265625 0.9885973984375 0.45947078515625 0.99704492578125 0.440280080078125 0.991687142578125 0.370660009765625 0.978774087890625 0.374989294921875 0.98251409765625 0.3864751328125 0.9709158359375 0.395607212890625 0.902246130859375 0.3935564375 0.886161859375 0.4015337890625 0.868626552734375 0.4027599765625 0.83729261328125 0.3956510625 0.8376398984375 0.442616240234375 0.855515810546875 0.446260970703125 0.867253654296875 0.460124388671875 0.87557161328125 0.481079578125 0.875278646484375 0.49088953515625 0.855706369140625 0.5049844765625 0.863387416015625 0.50983157421875 0.8994322109375 0.507311076171875 0.903056458984375 0.50314185546875 0.910352595703125 0.509484291015625 0.919709521484375 0.510298412109375 0.92483957421875 0.429666015625 0.92857624609375 0.420104724609375 0.931182009765625 0.42236987890625 0.925711349609375 0.498131357421875 0.929158390625 0.519427154296875 0.951608916015625 0.511494103515625
0 0 0.44971303125 0.0131299140625 0.432234767578125 0.0374163828125 0.429557544921875 0.055496662109375 0.436124826171875 0.08297816796875 0.43713997265625 0.1052957890625 0.4483056875 0.114152044921875 0.434960083984375 0.125910369140625 0.43511680859375 0.131936017578125 0.43029019140625 0.13111855859375 0.41859998828125 0.145343064453125 0.39802637109375 0.14479809375 0.39023290234375 0.15834472265625 0.380964578125 0.160970966796875 0.369523041015625 0.173475291015625 0.359348654296875 0.205194140625 0.364962234375 0.209431482421875 0.369560666015625 0.23002558203125 0.37007848046875 0.261315220703125 0.383553650390625 0.283810046875 0.369254345703125 0.28657253515625 0.35976117578125 0.298351341796875 0.346211208984375 0.297557703125 0.341861443359375 0.28865380859375 0.340526169921875 0.279794212890625 0.332824642578125 0.282873490234375 0.320861953125 0.29460799609375 0.31367823828125 0.312415787109375 0.31634878515625 0.319711923828125 0.322691220703125 0.358134296875 0.312172888671875 0.37231783984375 0.31901265625 0.389015205078125 0.31980295703125 0.39241126953125 0.305370748046875 0.40156383203125 0.30326231640625 0.409108634765625 0.306161048828125 0.4153181640625 0.31796367578125 0.42123138671875 0.31852912890625 0.42358514453125 0.303190857421875 0.43500286328125 0.2984766640625 0.437107955078125 0.286582095703125 0.46460660546875 0.252843419921875 0.488123255859375 0.253156869140625 0.536491830078125 0.244879873046875 0.545484330078125 0.233482638671875 0.55819301953125 0.226230802734375 0.55957259375 0.21096065234375 0.5996503671875 0.210116037109375 0.613922513671875 0.204223294921875 0.626655021484375 0.2043118984375 0.629305087890625 0.200210798828125 0.64231008203125 0.20419613671875 0.653114705078125 0.190714291015625 0.6815022734375 0.1906871328125 0.69493648046875 0.186810880859375 0.697426482421875 0.1734209765625 0.71024759375 0.1607770703125 0.7104043203125 0.14901874609375 0.72399525 0.13338416796875 0.72519428125 0.122531904296875 0.738921455078125 0.108845693359375 0.723787548828125 0.109414486328125 0.71678771875 0.114309224609375 0.723109669921875 0.120719779296875 0.71687966015625 0.122623845703125 0.706616669921875 0.122852029296875 0.71295910546875 0.115555892578125 0.70722642578125 0.110572552734375 0.68645178125 0.114472625 0.6897830625 0.120113361328125 0.68448293359375 0.128315560546875 0.695294232421875 0.156927974609375 0.692078712890625 0.166942298828125 0.68319863671875 0.172947462890625 0.5783069296875 0.198882201171875 0.5441218984375 0.21399896484375 0.516981 0.217854736328125 0.45710610546875 0.24357843359375 0.438732859375 0.246821111328125 0.434202548828125 0.25203263671875 0.38862028125 0.258156900390625 0.379764025390625 0.27150250390625 0.315876634765625 0.28184362890625 0.26157435546875 0.30326186328125 0.23547576171875 0.3080236953125 0.1935653828125 0.324659615234375 0.130018599609375 0.339871658203125 0.095765447265625 0.35401423828125 0.015160208984375 0.37727175390625 0 0.384790796875 0 0.44971303125
0 1 0.78427782421875 0.998368822265625 0.78820322265625 0.994472087890625 0.788475708984375 0.9910488671875 0.774520349609375 0.98024090625 0.766955064453125 0.950967755859375 0.7543178359375 0.9473435078125 0.758487056640625 0.936716091796875 0.746503884765625 0.919814361328125 0.742791033203125 0.91410550390625 0.74514812890625 0.905426453125 0.73302871484375 0.89033684765625 0.727231251953125 0.872481416015625 0.709879828125 0.857936783203125 0.7118758359375 0.844073365234375 0.7236136796875 0.828622669921875 0.7266519921875 0.791556052734375 0.714559734375 0.789267078125 0.70982505859375 0.759360353515625 0.702126869140625 0.74848426953125 0.69358740234375 0.73570412109375 0.678817921875 0.743133162109375 0.66606159375 0.7800158984375 0.661524607421875 0.78678754296875 0.64636687890625 0.8213813046875 0.63709521875 0.82525421875 0.62948229296875 0.823394455078125 0.61688602734375 0.76000105859375 0.599292615234375 0.757940267578125 0.6048209296875 0.762429615234375 0.627022787109375 0.752009900390625 0.639009296875 0.717075533203125 0.643410041015625 0.7022584140625 0.6415093125 0.69106554296875 0.635439365234375 0.682205947265625 0.627737837890625 0.68215830859375 0.6130569609375 0.689587349609375 0.6003006328125 0.719919947265625 0.5790901015625 0.7214119453125 0.55842787890625 0.7125523515625 0.5507263515625 0.698825177734375 0.5644125625 0.66271226171875 0.565958876953125 0.629474255859375 0.55261994921875 0.62521309375 0.540681080078125 0.630601826171875 0.51974637109375 0.64262930078125 0.502752701171875 0.63587813671875 0.504203736328125 0.63064612890625 0.5133801171875 0.6017612265625 0.520294681640625 0.604550873046875 0.53918908203125 0.599703775390625 0.546870126953125 0.5623680078125 0.551928265625 0.572269908203125 0.56053585546875 0.603307541015625 0.556407599609375 0.6302474140625 0.570676408203125 0.637591189453125 0.59169971875 0.633786396484375 0.600286826171875 0.62257304296875 0.6079235703125 0.598218453125 0.609626609375 0.571370521484375 0.603672421875 0.56473178125 0.59973138671875 0.558181642578125 0.583057841796875 0.52378891015625 0.574204921875 0.521837205078125 0.55329403515625 0.503463958984375 0.556536712890625 0.49841249609375 0.56129520703125 0.495152673828125 0.577675783203125 0.4806761640625 0.580645974609375 0.457091390625 0.579358341796875 0.42924545703125 0.566131837890625 0.432937826171875 0.56293680078125 0.433298916015625 0.554101025390625 0.42906157421875 0.54950259375 0.434518427734375 0.5295420703125 0.432386177734375 0.5130490703125 0.4251581640625 0.507680818359375 0.4220722109375 0.477549248046875 0.431337197265625 0.47004874609375 0.434688958984375 0.461982791015625 0.43860617578125 0.44800361328125 0.434436955078125 0.44437936328125 0.442751576171875 0.444287421875 0.450906134765625 0.43490667578125 0.4956981015625 0.44547977734375 0.509336671875 0.44452607421875 0.5126203125 0.435485935546875 0.51994026953125 0.44916880859375 0.527348828125 0.450119171875 0.53971691015625 0.437996419921875 0.539737392578125 0.4242897265625 0.563496033203125 0.379065212890625 0.571834474609375 0.386313708984375 0.648140923828125 0.399577837890625 0.665022171875 0.4169973828125 0.673994189453125 0.41930683984375 0.681358447265625 0.42662345703125 0.71223935546875 0.434253525390625 0.723660412109375 0.450586462890625 0.719017677734375 0.461190060546875 0.693961388671875 0.466857955078125 0.67225686328125 0.46445989453125 0.67033231640625 0.471936576171875 0.677788515625 0.48756781640625 0.69582115234375 0.479454220703125 0.707647599609375 0.48058512890625 0.73069073828125 0.495126423828125 0.737874451171875 0.5068609296875 0.746911251953125 0.489097439453125 0.731821646484375 0.483299978515625 0.7320464921875 0.4725158359375 0.73961177734375 0.461707875 0.771214865234375 0.45166639453125 0.789703873046875 0.46407877734375 0.80336292578125 0.4494183828125 0.8284873359375 0.444724671875 0.836025462890625 0.405529140625 0.832963330078125 0.3827380078125 0.806820435546875 0.393866095703125 0.812079599609375 0.41307728125 0.808274806640625 0.421664390625 0.776194869140625 0.424886583984375 0.74343371484375 0.418366943359375 0.73314690625 0.411254689453125 0.72734610546875 0.4052971640625 0.73105895703125 0.388395435546875 0.726436705078125 0.38529233984375 0.685248505859375 0.3842567109375 0.66080197265625 0.377645126953125 0.658874087890625 0.364074677734375 0.667253494140625 0.3439097890625 0.665121244140625 0.3274167890625 0.67782659375 0.29911782421875 0.684237150390625 0.29279587109375 0.6826055703125 0.29046259375 0.67578628515625 0.2909394453125 0.651479333984375 0.307323359375 0.601026150390625 0.313788232421875 0.59694887109375 0.31847860546875 0.634809126953125 0.33492062890625 0.639635744140625 0.340946275390625 0.63565040625 0.35395126953125 0.62133395703125 0.366210265625 0.60887393359375 0.370018396484375 0.580282001953125 0.36712300390625 0.5703801015625 0.3585154140625 0.57019621875 0.341886169921875 0.566548150390625 0.338714953125 0.55179915234375 0.33778841015625 0.548467873046875 0.332147671875 0.543801318359375 0.335410830078125 0.54060628125 0.3317184609375 0.536982033203125 0.335887681640625 0.53274469140625 0.33128925 0.529120443359375 0.335458470703125 0.5208058203125 0.335550412109375 0.528374443359375 0.34578958203125 0.531412755859375 0.36124027734375 0.519950736328125 0.372320724609375 0.48723722265625 0.380481958984375 0.4625420234375 0.377314080078125 0.45719425390625 0.37083540234375 0.429712748046875 0.36982025390625 0.421197099609375 0.388036775390625 0.379014234375 0.4007759609375 0.376953443359375 0.406304275390625 0.382505578125 0.41570550390625 0.384910314453125 0.43609523828125 0.374286234375 0.445159197265625 0.353331046875 0.45347715625 0.315835216796875 0.449246490234375 0.309898173828125 0.44134059765625 0.3050920390625 0.4216082578125 0.279831384765625 0.424353603515625 0.275685984375 0.42806979296875 0.27494332421875 0.459448033203125 0.271002287109375 0.466086775390625 0.2669011875 0.463436708984375 0.264704154296875 0.46701665625 0.271094228515625 0.474401396484375 0.27288587109375 0.486023478515625 0.27349896484375 0.494791130859375 0.26767768359375 0.502540298828125 0.22703445703125 0.509298138671875 0.208231998046875 0.52040240625 0.182903224609375 0.52217356640625 0.145359755859375 0.5032620234375 0.13126815234375 0.50473687890625 0.129708033203125 0.524424916015625 0.15175984375 0.57378815625 0.163279515625 0.6405299765625 0.181949068359375 0.64852447265625 0.21847071484375 0.652823259765625 0.211416568359375 0.600942861328125 0.216672396484375 0.599106916015625 0.221635255859375 0.6070809296875 0.230232376953125 0.674027115234375 0.245570650390625 0.676380875 0.244933736328125 0.660272783203125 0.249736533203125 0.6589579921875 0.25422587890625 0.6811598515625 0.269155421875 0.6776685078125 0.27855998828125 0.69316350390625 0.292178078125 0.70591649609375 0.295986208984375 0.718376517578125 0.3006084609375 0.72147961328125 0.3097610234375 0.71937118359375 0.311075814453125 0.72417398046875 0.30563944140625 0.730427810546875 0.314206068359375 0.747939296875 0.325964392578125 0.748096021484375 0.334234712890625 0.7543703359375 0.34075769140625 0.7426563125 0.337426412109375 0.73701557421875 0.343496361328125 0.725822703125 0.330491365234375 0.721837365234375 0.335542828125 0.71707887109375 0.36755464453125 0.7128824921875 0.3851785546875 0.698923794921875 0.39330929296875 0.682202609375 0.40483943359375 0.672096345703125 0.431142392578125 0.670257064453125 0.447410546875 0.678908955078125 0.450581763671875 0.67526088671875 0.4497643046875 0.66357068359375 0.457986984375 0.65516412109375 0.461767958984375 0.63923657421875 0.444890048828125 0.64286416015625 0.410814103515625 0.63154172265625 0.403020634765625 0.6320866953125 0.327991349609375 0.67208587890625 0.3356042734375 0.67595879296875 0.31229198828125 0.67856789453125 0.274183064453125 0.66556957421875 0.269312146484375 0.665910181640625 0.265892263671875 0.673001955078125 0.259342125 0.656328408203125 0.256140412109375 0.61054177734375 0.2480063359375 0.60621583203125 0.2395521328125 0.583312275390625 0.257673375 0.562466171875 0.27373048828125 0.52610125 0.278850072265625 0.522316939453125 0.3179331796875 0.53524713671875 0.32864919921875 0.53449780078125 0.356811921875 0.545254783203125 0.36453726953125 0.543735626953125 0.37955875390625 0.54855890625 0.388527431640625 0.529821232421875 0.384242451171875 0.510541923828125 0.387209302734375 0.5039713046875 0.391994955078125 0.537410337890625 0.41073262890625 0.546379015625 0.41902676953125 0.559993767578125 0.42722896875 0.565293896484375 0.4247423046875 0.599730931640625 0.465204986328125 0.59739098046875 0.47614919140625 0.606904630859375 0.480727140625 0.616373982421875 0.474612890625 0.633933107421875 0.489722978515625 0.626023876953125 0.49669898828125 0.613788701171875 0.513553078125 0.60282067578125 0.5497341171875 0.602248544921875 0.5697184609375 0.615045837890625 0.57429641015625 0.6245151875 0.57418732421875 0.650954390625 0.55579359765625 0.667903759765625 0.55536438671875 0.675765349609375 0.561642037109375 0.68854216015625 0.636115880859375 0.71759759375 0.650728634765625 0.71657576953125 0.655170341796875 0.724096751953125 0.68632373828125 0.7356235546875 0.699941826171875 0.748376546875 0.7138257265625 0.722932009765625 0.72214034765625 0.722840068359375 0.723387017578125 0.726668681640625 0.70370565625 0.767202822265625 0.70515669140625 0.773953986328125 0.69496516015625 0.796203486328125 0.698483662109375 0.83952059765625 0.707431859375 0.834489615234375 0.712255138671875 0.8194681328125 0.710395375 0.8068718671875 0.722538609375 0.805533255859375 0.74022730078125 0.771501611328125 0.747363375 0.768555240234375 0.9024967734375 0.83112829296875 0.918601525390625 0.80944425 0.9137339453125 0.83083198828125 0.916339708984375 0.833097142578125 0.9331051953125 0.834861626953125 0.9535425703125 0.847137767578125 0.978101525390625 0.848357279296875 0.993484099609375 0.844344783203125 0.99729223046875 0.856804806640625 1 0.857108900390625 1 0.78427782421875
0 1 0.676430060546875 0.975693904296875 0.6669309375 0.9736978984375 0.6523863046875 0.977138263671875 0.63158783984375 0.96768939453125 0.62245909765625 0.969273333984375 0.610111498046875 0.96499169140625 0.6118793203125 0.958809318359375 0.62846426171875 0.936110126953125 0.639841015625 0.918329494140625 0.6655580390625 0.907885958984375 0.670204109375 0.886453919921875 0.671702783203125 0.882308517578125 0.675418974609375 0.88788447265625 0.692160640625 0.9192831953125 0.679196609375 0.951138287109375 0.686758556640625 0.968268201171875 0.700734396484375 0.9804147734375 0.720442916015625 1 0.736316912109375 1 0.676430060546875
0 0 0.449166556640625 0.01229197265625 0.434251255859375 0.02475199609375 0.430443125 0.03644219921875 0.429625666015625 0.061409884765625 0.43669028125 0.0848584140625 0.436029546875 0.088189693359375 0.441670283203125 0.103143056640625 0.44551937890625 0.113109740234375 0.434054021484375 0.127722494140625 0.43303219921875 0.131936017578125 0.43029019140625 0.133428015625 0.409627970703125 0.144368880859375 0.3980944921875 0.1392254765625 0.394538365234375 0.140312083984375 0.389078173828125 0.14479809375 0.39023290234375 0.1416030546875 0.38654053125 0.15834472265625 0.380964578125 0.161945150390625 0.369454919921875 0.1738158984375 0.36421957421875 0.174449474609375 0.359280533203125 0.23197394921875 0.36994223828125 0.241218453125 0.3761484296875 0.276289064453125 0.373696052734375 0.27640148828125 0.368303982421875 0.28360568359375 0.366331794921875 0.283649984375 0.359965541015625 0.2907179375 0.356044986328125 0.296402974609375 0.346347451171875 0.276871662109375 0.333029005859375 0.281899306640625 0.32093007421875 0.290643138671875 0.312976541015625 0.3042817109375 0.31202283984375 0.319711923828125 0.322691220703125 0.330427943359375 0.3219418828125 0.354101318359375 0.3104970078125 0.3782310625 0.319578111328125 0.388947083984375 0.3188287734375 0.3918901171875 0.304917716796875 0.40643475 0.302921708984375 0.417900107421875 0.312888392578125 0.42208980859375 0.302805947265625 0.4340286796875 0.29854478515625 0.437107955078125 0.286582095703125 0.464538484375 0.251869236328125 0.484158400390625 0.252455171875 0.534543462890625 0.2450161171875 0.54527996484375 0.230560087890625 0.55728695703125 0.227273109375 0.55710307421875 0.210643865234375 0.5132205078125 0.22007558984375 0.45710610546875 0.24357843359375 0.4367844921875 0.246957353515625 0.433228365234375 0.2521007578125 0.38862028125 0.258156900390625 0.376909595703125 0.272681052734375 0.316850818359375 0.2817755078125 0.2577457421875 0.304508533203125 0.2364499453125 0.30795557421875 0.232893818359375 0.313098978515625 0.205752919921875 0.31695475 0.1964198125 0.32348106640625 0.174217953125 0.3279704140625 0.168713458984375 0.333250060546875 0.130992783203125 0.339803537109375 0.094859384765625 0.35505654296875 0.013279962890625 0.378382181640625 0 0.385465724609375 0 0.449166556640625
0 1 0.77993710546875 0.97593544140625 0.76138244921875 0.906536880859375 0.734908958984375 0.874225419921875 0.70682103515625 0.86065496875 0.708748919921875 0.8431673046875 0.724655984375 0.828622669921875 0.7266519921875 0.791556052734375 0.714559734375 0.788224771484375 0.708918998046875 0.75929223046875 0.701152685546875 0.7420941953125 0.686202662109375 0.736405818359375 0.67485306640625 0.744107345703125 0.665993470703125 0.780152140625 0.663472974609375 0.78678754296875 0.64636687890625 0.82235548828125 0.637027095703125 0.823847486328125 0.616364875 0.75805269140625 0.599428857421875 0.76306319140625 0.622083748046875 0.760685611328125 0.63008158203125 0.749087349609375 0.639213662109375 0.707197453125 0.642142888671875 0.68429055859375 0.6295499609375 0.681592853515625 0.61897018359375 0.6846040078125 0.606033310546875 0.700596337890625 0.589741337890625 0.720757888671875 0.577073611328125 0.723564677734375 0.5612141875 0.7197803671875 0.556094603515625 0.712756716796875 0.55364890234375 0.698825177734375 0.5644125625 0.658747404296875 0.5652571796875 0.62575806640625 0.548474548828125 0.62423891015625 0.540749201171875 0.627863158203125 0.53657998046875 0.63078237109375 0.515328484375 0.604820021484375 0.522038685546875 0.6037810546875 0.54217975390625 0.599703775390625 0.546870126953125 0.5614619453125 0.5529705703125 0.574218275390625 0.56039961328125 0.602333357421875 0.556475720703125 0.629205107421875 0.569770345703125 0.637182458984375 0.5858546171875 0.63410318359375 0.597817306640625 0.62062467578125 0.608059814453125 0.6031574921875 0.610260185546875 0.571370521484375 0.603672421875 0.562647169921875 0.59791926171875 0.55727558203125 0.584100146484375 0.5237207890625 0.57323073828125 0.521091205078125 0.563625146484375 0.524306724609375 0.553610822265625 0.5559336328125 0.55090978125 0.55205737890625 0.53747557421875 0.54231554296875 0.5381567890625 0.51884653125 0.552524216796875 0.503463958984375 0.556536712890625 0.49750643359375 0.56233751171875 0.496375525390625 0.574163958984375 0.486453142578125 0.5792630625 0.461056248046875 0.5800600390625 0.43314219140625 0.5658593515625 0.432454298828125 0.51402325390625 0.423979615234375 0.504826388671875 0.42157487890625 0.484436654296875 0.43385101953125 0.463999279296875 0.436385322265625 0.44424312109375 0.44637582421875 0.440118201171875 0.449863830078125 0.43400061328125 0.464885314453125 0.438823892578125 0.49334100390625 0.43977091796875 0.4966041640625 0.444437470703125 0.50926855078125 0.443551890625 0.513315333984375 0.389426818359375 0.52143560546875 0.44955371875 0.5254004609375 0.450255416015625 0.52997507421875 0.438677634765625 0.538470240234375 0.434167806640625 0.541842484375 0.412395158203125 0.553689412109375 0.399819375 0.559599298828125 0.37933769921875 0.564470216796875 0.37899708984375 0.571766353515625 0.385339525390625 0.59827367578125 0.386422794921875 0.648004681640625 0.397629470703125 0.66357113671875 0.41024621875 0.672475033203125 0.4115814921875 0.684144755859375 0.4244707265625 0.70682346484375 0.4268006640625 0.7229791953125 0.440844626953125 0.72504332421875 0.456363443359375 0.7144873671875 0.4664015859375 0.70286528515625 0.468193228515625 0.700283341796875 0.47326851171875 0.684355796875 0.469487537109375 0.672733712890625 0.4712791796875 0.676586146484375 0.47737294921875 0.675250873046875 0.48627684375 0.68893374609375 0.478956888671875 0.706537173828125 0.4787048828125 0.723779509765625 0.487288654296875 0.7376700859375 0.50393837890625 0.74523537109375 0.49313041796875 0.740296330078125 0.492496841796875 0.72960079296875 0.479539486328125 0.735193890625 0.461527330078125 0.74588608984375 0.4534375546875 0.774975357421875 0.449445541015625 0.7904055703125 0.460113921875 0.798423884765625 0.448784806640625 0.822437869140625 0.442210849609375 0.827216845703125 0.43355562109375 0.826331265625 0.420891232421875 0.83430194140625 0.3948812421875 0.83264654296875 0.38520752734375 0.809811107421875 0.3946359140625 0.814797787109375 0.4099503671875 0.80841105078125 0.4236127578125 0.775493171875 0.42885144140625 0.73140290234375 0.414313484375 0.7253296171875 0.404459224609375 0.728408892578125 0.39249653515625 0.725598765625 0.387308828125 0.712661890625 0.384297673828125 0.682394076171875 0.3854352578125 0.658536818359375 0.380250890625 0.656653234375 0.360314185546875 0.662021486328125 0.353086171875 0.661994328125 0.324698603515625 0.67343252734375 0.306277716796875 0.67055427734375 0.300115828125 0.623251828125 0.31663932421875 0.62379680078125 0.32443279296875 0.64124350390625 0.33593911328125 0.6447791484375 0.34450240234375 0.63093955078125 0.36358068359375 0.614787158203125 0.3705838515625 0.57151434765625 0.36773609765625 0.565642087890625 0.3397572578125 0.537322640625 0.340758599609375 0.532455060546875 0.362146337890625 0.520018857421875 0.373294908203125 0.4883476484375 0.382362205078125 0.45044308984375 0.372286435546875 0.429917111328125 0.3727428046875 0.422624314453125 0.387447501953125 0.415420119140625 0.389419689453125 0.4109579296875 0.3956053984375 0.38193678515625 0.400571595703125 0.38427673828125 0.44103427734375 0.3534672890625 0.4554255234375 0.336838044921875 0.45560940625 0.310964298828125 0.44958709765625 0.30216948828125 0.421812623046875 0.2780873828125 0.427412396484375 0.274738958984375 0.456525482421875 0.26937070703125 0.463753498046875 0.272497623046875 0.46647168359375 0.2699156796875 0.471546966796875 0.27531108984375 0.492706521484375 0.271438173828125 0.5003194453125 0.26002045703125 0.505033638671875 0.2194453515625 0.512765662109375 0.209206181640625 0.52033428515625 0.179980673828125 0.522377931640625 0.17406744921875 0.5218124765625 0.157526810546875 0.5092638515625 0.133873916015625 0.507002033203125 0.125947541015625 0.52664576953125 0.130954703125 0.528253529296875 0.139701875 0.541347126953125 0.147951712890625 0.5613281328125 0.16230533203125 0.64059809765625 0.190083146484375 0.65285041796875 0.2185388359375 0.653797443359375 0.212390751953125 0.60087473828125 0.217329791015625 0.601508314453125 0.230572984375 0.678898033203125 0.235263359375 0.6829753125 0.24688544140625 0.681183671875 0.24527434375 0.665143701171875 0.249283501953125 0.65947914453125 0.2532516953125 0.68122797265625 0.266505357421875 0.681769607421875 0.27223803515625 0.68675294921875 0.30264876953125 0.7296579921875 0.29904833984375 0.74116765234375 0.27927169921875 0.752340041015625 0.243158783203125 0.753886353515625 0.230514876953125 0.7410652421875 0.2054790703125 0.7330264453125 0.201173607421875 0.727453828125 0.188168611328125 0.723468490234375 0.163882142578125 0.726145712890625 0.147818353515625 0.720416373046875 0.123981576171875 0.7015253125 0.10916445703125 0.699624583984375 0.0973823125 0.692127421875 0.09998473828125 0.6733454453125 0.107550021484375 0.662537484375 0.12990860546875 0.6462898125 0.15152119140625 0.640373251953125 0.14464758984375 0.58407496484375 0.137961208984375 0.565453052734375 0.10622187890625 0.573546166015625 0.097317982421875 0.572210892578125 0.080487712890625 0.59051935546875 0.082981052734375 0.598176580078125 0.11515626953125 0.624316138671875 0.117922095703125 0.635870099609375 0.109246384765625 0.644797814453125 0.070054193359375 0.658306818359375 0.0436149921875 0.658197732421875 0.016153966796875 0.643475892578125 0.008244736328125 0.628365806640625 0.025571431640625 0.883148888671875 0.03755794140625 0.893568603515625 0.053281123046875 0.894427025390625 0.064927025390625 0.899975822265625 0.0691643671875 0.90457425390625 0.0699375234375 0.9226307109375 0.088968166015625 0.92178943359375 0.0907531328125 0.89131725390625 0.08481275 0.86236423046875 0.071354724609375 0.858900044921875 0.054156689453125 0.843950021484375 0.0504166796875 0.832464181640625 0.037909017578125 0.8215914375 0.03799762109375 0.808858927734375 0.05142848828125 0.783935544921875 0.0811718125 0.761297798828125 0.10636434375 0.757578271484375 0.1215220703125 0.764349916015625 0.129407482421875 0.77211956640625 0.144115515625 0.800459494140625 0.145253099609375 0.83072730859375 0.138096544921875 0.847380373046875 0.11716517578125 0.86303876953125 0.114085900390625 0.8750014609375 0.118980638671875 0.882001291015625 0.131576904296875 0.88014152734375 0.163319572265625 0.893095544921875 0.17261171484375 0.913982611328125 0.16808140625 0.919194138671875 0.1685377734375 0.939720115234375 0.194956494140625 0.95353589453125 0.1959101953125 0.96717446484375 0.188934185546875 0.979409640625 0.22305443359375 0.98436582421875 0.241996470703125 0.9962570546875 0.242258203125 1 0.32891431640625 1 0.32745214453125 0.986365623046875 0.296526935546875 0.985101810546875 0.29129158984375 0.973231060546875 0.283225634765625 0.969879298828125 0.27968998828125 0.96131601171875 0.26752293359375 0.95531418359375 0.2657517734375 0.92998541015625 0.2684223203125 0.9121776171875 0.28554555859375 0.884059197265625 0.30128922265625 0.871210927734375 0.3296972734375 0.857477076171875 0.34242978125 0.8575656796875 0.359535875 0.86420108203125 0.375827849609375 0.880193412109375 0.380814529296875 0.89550786328125 0.382408482421875 0.94630165625 0.37121894921875 0.96127883984375 0.360390505859375 0.96742024609375 0.357491775390625 0.974965048828125 0.34575726953125 0.982148763671875 0.34789081640625 1 0.3922411015625 1 0.39426542578125 0.996867265625 0.41014533203125 0.985967361328125 0.426433966796875 0.980912560546875 0.48905420703125 0.980449515625 0.505322361328125 0.989101408203125 0.514753 1 0.517226171875 1 0.722793498046875 0.9841732890625 0.71918973046875 0.974635818359375 0.697369443359375 0.956582697265625 0.694876103515625 0.948925470703125 0.705088115234375 0.912969279296875 0.7155316484375 0.908323208984375 0.710705033203125 0.9022975625 0.698742341796875 0.89921828515625 0.697747677734375 0.912993099609375 0.68458595703125 0.920766087890625 0.672963875 0.922557728515625 0.669860779296875 0.92717998046875 0.668525505859375 0.936083876953125 0.678022013671875 0.95989349609375 0.6707973359375 0.975572375 0.658473556640625 0.981328873046875 0.6309239296875 0.97933954296875 0.605479392578125 0.965455642578125 0.594695251953125 0.965230796875 0.575344484375 0.94749446484375 0.572646779296875 0.9369146875 0.576768361328125 0.925858060546875 0.573958232421875 0.920670353515625 0.515255208984375 0.907154220703125 0.489810673828125 0.8932703203125 0.48301187109375 0.880040478515625 0.45929085546875 0.876804478515625 0.43495674609375 0.86480082421875 0.411617302734375 0.839022357421875 0.381145123046875 0.837237390625 0.350805849609375 0.81635366015625 0.3489460859375 0.80375739453125 0.353023365234375 0.799067021484375 0.3822250546875 0.7896829375 0.372524181640625 0.762950767578125 0.35086395703125 0.754186453125 0.3449269140625 0.746280560546875 0.343271513671875 0.736606845703125 0.348367279296875 0.725482095703125 0.38565540625 0.705743080078125 0.38995753125 0.69026856640625 0.404907556640625 0.673070529296875 0.431210513671875 0.671231248046875 0.450537462890625 0.681627142578125 0.4563792265625 0.66017128125 0.4708523984375 0.6361539609375 0.4870729140625 0.6301249765625 0.49955341796875 0.61261015234375 0.52037236328125 0.60234382421875 0.544795076171875 0.601614970703125 0.559884681640625 0.607412431640625 0.569854703125 0.616994205078125 0.574071564453125 0.635299330078125 0.5721708359375 0.65011644921875 0.55307541015625 0.67103067578125 0.562752462890625 0.69042240625 0.64320765234375 0.7210174765625 0.649754451171875 0.716643890625 0.653221974609375 0.72423299609375 0.68645998046875 0.737571921875 0.6991720078125 0.75136721875 0.70791583984375 0.743413685546875 0.712670998046875 0.72741801953125 0.71928591796875 0.7240186171875 0.708665177734375 0.75412970703125 0.69897098046875 0.769491798828125 0.693834251953125 0.80802993359375 0.687287453125 0.812403517578125 0.66866887890625 0.840137029296875 0.6811117578125 0.871082720703125 0.694024810546875 0.8667534375 0.69975415234375 0.8506896484375 0.69719269140625 0.84205823828125 0.707636224609375 0.83741216796875 0.740363544921875 0.773449978515625 0.748473802734375 0.770435486328125 0.90270113671875 0.834050845703125 0.917695462890625 0.8104865546875 0.91262351953125 0.8289517421875 0.915433646484375 0.834139447265625 0.930250765625 0.83604017578125 0.9526365078125 0.848180072265625 0.98616748046875 0.851709041015625 1 0.859256802734375 1 0.77993710546875
0 0.986240755859375 0.31377244921875 0.9857400859375 0.2996127265625 0.949899654296875 0.305055775390625 0.93598859765625 0.3021127421875 0.928014583984375 0.3070756015625 0.93798460546875 0.316657375 0.945982439453125 0.319034953125 0.97495928125 0.320435009765625 0.986240755859375 0.31377244921875
0 0.907846357421875 0.27764906640625 0.910745087890625 0.270104263671875 0.940328349609375 0.2381777109375 0.97365495703125 0.23878412890625 0.976689931640625 0.233187693359375 0.974986892578125 0.208833103515625 0.94460665625 0.2153627578125 0.92594044140625 0.228415392578125 0.895672626953125 0.2295529765625 0.88897244140625 0.26673201953125 0.890539236328125 0.2891382421875 0.907846357421875 0.27764906640625
0 0.823780271484375 0.33541173828125 0.836713806640625 0.31737576171875 0.799671009765625 0.312623943359375 0.80453858984375 0.291236205078125 0.8152307890625 0.2831464296875 0.823998443359375 0.2825333359375 0.8488775234375 0.302330458984375 0.855356201171875 0.296982689453125 0.876992607421875 0.29840656640625 0.880865521484375 0.290793642578125 0.88129139453125 0.261884919921875 0.842324048828125 0.264609783203125 0.825538080078125 0.276551990234375 0.77121198046875 0.290629787109375 0.770946169921875 0.328827314453125 0.775680845703125 0.326538337890625 0.77905308984375 0.30476569140625 0.783198490234375 0.301049501953125 0.7817303125 0.32905216015625 0.801735138671875 0.328142759765625 0.818456322265625 0.3362735 0.823780271484375 0.33541173828125