1 0.6103515625 0.5546875 0.12890625 0.16015625
1 0.173828125 0.494140625 0.130859375 0.16015625
1 0.11328125 0.1943359375 0.05859375 0.07421875
1 0.5185546875 0.255859375 0.056640625 0.056640625
1 0.0654296875 0.220703125 0.0703125 0.072265625
1 0.048828125 0.28515625 0.0546875 0.072265625
1 0.33984375 0.2353515625 0.0703125 0.07421875
1 0.5068359375 0.1953125 0.072265625 0.0703125
1 0.1689453125 0.1728515625 0.0703125 0.052734375
1 0.4140625 0.1484375 0.0625 0.06640625
1 0.6708984375 0.2626953125 0.05859375 0.07421875
1 0.255859375 0.3046875 0.09765625 0.083984375
0 0.498122412109375 0.073153822265625 0.501356833984375 0.08209014453125 0.511636650390625 0.05509605859375 0.521696955078125 0.054514234375 0.530334431640625 0.042756060546875 0.527390921875 0.038849890625 0.472738935546875 0.0336636875 0.486446228515625 0.039082607421875 0.492907138671875 0.053461650390625 0.481720193359375 0.111760626953125 0.4881573046875 0.115658865234375 0.498122412109375 0.073153822265625
0 0.285229568359375 0.107595224609375 0.29096319921875 0.10939888671875 0.293745388671875 0.103802779296875 0.296834353515625 0.1102240234375 0.305487697265625 0.105453052734375 0.328697271484375 0.11071065234375 0.350743197265625 0.09584764453125 0.368631705078125 0.09636600390625 0.37546551953125 0.090341458984375 0.379104578125 0.092848603515625 0.384531431640625 0.082634912109375 0.403260943359375 0.084269318359375 0.41568293359375 0.07753336328125 0.41790709765625 0.072357755859375 0.422799728515625 0.073045369140625 0.43438071484375 0.065193365234375 0.382986947265625 0.079424287109375 0.310211072265625 0.093144787109375 0.285367091796875 0.10661669921875 0.282003080078125 0.102152505859375 0.27097218359375 0.106090408203125 0.279228822265625 0.11124221484375 0.285229568359375 0.107595224609375
0 0.096580353515625 0.1718869609375 0.107449927734375 0.158446779296875 0.117647755859375 0.1568864296875 0.133182509765625 0.1670525234375 0.1454669765625 0.16129509375 0.15172690234375 0.14870384765625 0.1634692109375 0.15035412109375 0.173085212890625 0.13873346875 0.1805008515625 0.14276923046875 0.1955913046875 0.141896494140625 0.2056357421875 0.13432746875 0.21346394921875 0.13542765234375 0.219731806640625 0.1263300078125 0.2313207265625 0.12197160546875 0.235509875 0.12056464453125 0.239852412109375 0.125166361328125 0.24711466015625 0.123193443359375 0.2517084453125 0.1153573046875 0.26134824609375 0.11421745703125 0.266783033203125 0.107497365234375 0.229897900390625 0.110795251953125 0.202530912109375 0.12091901953125 0.172074955078125 0.124621541015625 0.1613270390625 0.1300959921875 0.1020971328125 0.1397331328125 0.05335596484375 0.152840076171875 0.043294111328125 0.156982984375 0.03877421484375 0.18914371875 0.04993376171875 0.184290421875 0.061125978515625 0.189854798828125 0.0696338671875 0.182568751953125 0.0758937890625 0.169977505859375 0.084134564453125 0.168142111328125 0.096580353515625 0.1718869609375
0 1 0.426493125 0.982920427734375 0.418637671875 0.893488478515625 0.359169724609375 0.880064162109375 0.355287353515625 0.85163931640625 0.33033758203125 0.806981240234375 0.30229942578125 0.75660065625 0.26330696875 0.7565439765625 0.263295361328125 0.75729887109375 0.26319481640625 0.708737552734375 0.232421490234375 0.69850799609375 0.220007431640625 0.687178255859375 0.215421580078125 0.61829534375 0.15884161328125 0.568592685546875 0.116540857421875 0.521082263671875 0.05002887890625 0.5546197734375 0.11846021484375 0.567097294921875 0.136179470703125 0.57884753515625 0.141323345703125 0.58279337109375 0.155847841796875 0.59412311328125 0.160433693359375 0.60309909765625 0.174667279296875 0.612609310546875 0.17799955859375 0.6354539140625 0.207154345703125 0.651385369140625 0.207397658203125 0.664978939453125 0.22427591015625 0.676996294921875 0.2239691328125 0.692118482421875 0.2370708046875 0.696209771484375 0.254110376953125 0.69345931640625 0.273680892578125 0.66313294921875 0.272911287109375 0.657438982421875 0.288575630859375 0.643763421875 0.2971311171875 0.636000390625 0.300082515625 0.61930027734375 0.293693046875 0.6090865859375 0.288266193359375 0.60513281640625 0.27024809375 0.608449232421875 0.253750677734375 0.58579768359375 0.248072578125 0.5713789765625 0.237065478515625 0.55711366015625 0.232067060546875 0.55666142578125 0.21753462890625 0.5493674453125 0.205533140625 0.54638426953125 0.184158962890625 0.539251609375 0.18165975390625 0.533073677734375 0.16881726171875 0.524832904296875 0.17065265625 0.519366384765625 0.163398341796875 0.50786438671875 0.073102404296875 0.502757908203125 0.111171505859375 0.494379611328125 0.113985423828125 0.493464548828125 0.14179671484375 0.4997879375 0.157154283203125 0.50986410546875 0.163559662109375 0.5273797109375 0.184481607421875 0.531325546875 0.19900610546875 0.528696748046875 0.210610890625 0.54735219921875 0.24117263671875 0.53841587890625 0.244407060546875 0.524258052734375 0.243016392578125 0.50081933203125 0.242116767578125 0.483197935546875 0.236147755859375 0.48512325390625 0.22244839453125 0.477982662109375 0.216455583984375 0.478929455078125 0.202618701171875 0.472857314453125 0.17482327734375 0.46823973046875 0.172178611328125 0.4720824375 0.141286287109375 0.45579394140625 0.168433763671875 0.43919073828125 0.18007028125 0.444130962890625 0.20171950390625 0.442335234375 0.21094673828125 0.426282119140625 0.21866915234375 0.40475455078125 0.215643650390625 0.382782685546875 0.2015793203125 0.3730212265625 0.210684896484375 0.36459266796875 0.2529069609375 0.35202522265625 0.25712783984375 0.310813044921875 0.247589896484375 0.312034310546875 0.222656294921875 0.313653798828125 0.2213005625 0.31894312890625 0.21206539453125 0.33679990625 0.198609349609375 0.34135402734375 0.173305201171875 0.351964421875 0.168809275390625 0.357949298828125 0.15817508203125 0.370662201171875 0.15646927734375 0.375385576171875 0.144161009765625 0.38390139453125 0.140368564453125 0.395458583984375 0.12203575390625 0.42560776171875 0.10631587890625 0.431172138671875 0.095123662109375 0.442332625 0.086713630859375 0.441346166015625 0.083082505859375 0.413437017578125 0.10061398046875 0.407864708984375 0.108312595703125 0.40087750390625 0.1083284609375 0.39697926953125 0.11476557421875 0.387331533203125 0.112411818359375 0.37409233984375 0.12851253125 0.362365896484375 0.1338494609375 0.354675212890625 0.131770751953125 0.344905822265625 0.1373827265625 0.339624423828125 0.15011149609375 0.324258921875 0.15294128125 0.317861474609375 0.16651105078125 0.30723521484375 0.164019775390625 0.28619161328125 0.189501109375 0.282269578125 0.18545741796875 0.277392814453125 0.191757005859375 0.27138413671875 0.19191039453125 0.255071841796875 0.208577064453125 0.2492006875 0.207751927734375 0.240409822265625 0.21350142578125 0.230899611328125 0.21016914453125 0.217530826171875 0.230741984375 0.2080444140625 0.23789051171875 0.19588953515625 0.2391758125 0.180555765625 0.2559800078125 0.15078742578125 0.2547898984375 0.148150693359375 0.262901083984375 0.151424779296875 0.2893054140625 0.14250432421875 0.299527037109375 0.11749108984375 0.300003072265625 0.099303734375 0.29096095703125 0.09520451171875 0.270427783203125 0.104513736328125 0.24678977734375 0.115528765625 0.235864669921875 0.127263142578125 0.23402134375 0.127950755859375 0.22912871484375 0.10418316015625 0.2242916171875 0.099435986328125 0.226119078125 0.0952785703125 0.241500443359375 0.073645212890625 0.253427875 0.070117216796875 0.29983115234375 0.048904359375 0.312316609375 0.02170398828125 0.310604689453125 0.0160376640625 0.3509226875 0.0318224609375 0.35930964453125 0.035234068359375 0.384735447265625 0.03300990625 0.3899110546875 0.009961654296875 0.394155734375 0.031108384765625 0.414091220703125 0.041530998046875 0.449981962890625 0.110731279296875 0.461703134765625 0.129267740234375 0.439860857421875 0.15132159765625 0.428491453125 0.1728491640625 0.431516955078125 0.194069953125 0.4225251015625 0.203886943359375 0.437874736328125 0.22444391796875 0.44425631640625 0.235432486328125 0.48322016015625 0.294144033203125 0.491471529296875 0.31144278515625 0.478435984375 0.327876736328125 0.4538035859375 0.3457573125 0.450828341796875 0.382407064453125 0.466955517578125 0.397399662109375 0.484529314453125 0.400398703125 0.512890697265625 0.41683792578125 0.552121650390625 0.4171764375 0.5781134140625 0.415526162109375 0.58985572265625 0.407851345703125 0.594764216796875 0.403831451171875 0.60916705859375 0.390560525390625 0.61129336328125 0.384300599609375 0.623884609375 0.3172107578125 0.618447158203125 0.295392279296875 0.610391505859375 0.28137820703125 0.59295523046875 0.28535050390625 0.557590779296875 0.282528650390625 0.545718880859375 0.22675268359375 0.537880080078125 0.222005509765625 0.539707541015625 0.219651755859375 0.549355275390625 0.21462953515625 0.5531397890625 0.129513662109375 0.5481625078125 0.119582947265625 0.544272203125 0.112249302734375 0.514802705078125 0.07226726953125 0.508185744140625 0.06990558203125 0.514339876953125 0.0770620390625 0.527319890625 0.0625692734375 0.5452401328125 0.05673778515625 0.56188300390625 0.007705705078125 0.569959794921875 0 0.5690193359375 0 0.934643369140625 0.465036595703125 1 0.934643369140625 1 0.982417244140625 0.660071220703125 0.978162609375 0.66194414453125 0.97553380859375 0.6735489296875 0.964518779296875 0.68447403515625 0.94762466015625 0.69108040234375 0.932534205078125 0.69195313671875 0.916724404296875 0.68374409375 0.8747853203125 0.676852087890625 0.859678998046875 0.670737619140625 0.85350106640625 0.657895126953125 0.84734693359375 0.655533439453125 0.853260416015625 0.61345683203125 0.83854286328125 0.593925982421875 0.8300349765625 0.60121203125 0.81655246875 0.633244201171875 0.80370204296875 0.63592853125 0.79254155859375 0.644338560546875 0.772558474609375 0.644523681640625 0.7196863515625 0.62312304296875 0.7074997421875 0.6104339375 0.69589495703125 0.607805140625 0.681370458984375 0.611750974609375 0.6615248984375 0.610957568359375 0.6498143203125 0.623281701171875 0.624372650390625 0.619706107421875 0.61683535546875 0.623636078125 0.6106732890625 0.617780787109375 0.581745951171875 0.61770673046875 0.579360466796875 0.61338005859375 0.56272552734375 0.611042169921875 0.550644708984375 0.583400134765625 0.518353357421875 0.578861880859375 0.50498457421875 0.599434720703125 0.503188845703125 0.608661955078125 0.50353794921875 0.577777564453125 0.457401783203125 0.568798916015625 0.46456090234375 0.521409177734375 0.483565458984375 0.52108653515625 0.55779589453125 0.532516796875 0.570720380859375 0.500905126953125 0.5948846796875 0.4958194453125 0.606029298828125 0.4804222109375 0.616655560546875 0.48291348828125 0.6253565 0.499104126953125 0.64954459765625 0.504499248046875 0.669897923828125 0.544280294921875 0.713794060546875 0.55144734765625 0.724962478515625 0.546530919921875 0.739576900390625 0.520644951171875 0.750607796875 0.516707046875 0.757854181640625 0.507746927734375 0.76637 0.50395448046875 0.790695623046875 0.508371078125 0.820826271484375 0.546033751953125 0.82224909765625 0.557210103515625 0.82883959765625 0.567117017578125 0.82762569140625 0.586404552734375 0.83278543359375 0.581641515625 0.83344131640625 0.56277448046875 0.8518561171875 0.5488979296875 0.85954680078125 0.550976638671875 0.885797740234375 0.541693875 0.91634362109375 0.516051220703125 0.932841037109375 0.5193676328125 0.962704572265625 0.562480958984375 0.980455560546875 0.563977845703125 0.99189108984375 0.553610763671875 0.997363748046875 0.5537213125 1 0.534963404296875 1 0.426493125