1 0.568359375 0.2900390625 0.169921875 0.087890625
1 0.6923828125 0.3388671875 0.2421875 0.138671875
1 0.4912109375 0.697265625 0.32421875 0.23046875
1 0.203125 0.578125 0.2890625 0.173828125
1 0.4033203125 0.361328125 0.197265625 0.115234375
1 0.48828125 0.4267578125 0.26953125 0.142578125
1 0.1220703125 0.4619140625 0.205078125 0.142578125
1 0.8662109375 0.4853515625 0.267578125 0.169921875
1 0.8134765625 0.75 0.373046875 0.28125
1 0.068359375 0.7607421875 0.1015625 0.14453125
0 0 0.4324174921875 0.0028675078125 0.43314964453125 0.0152645 0.4508185234375 0.04483888671875 0.441386177734375 0.094113892578125 0.408803376953125 0.159567580078125 0.419841779296875 0.171034814453125 0.418636525390625 0.178829923828125 0.39252141796875 0.1978167734375 0.372607958984375 0.210711546875 0.364928712890625 0.249940564453125 0.367129529296875 0.27511961328125 0.396102861328125 0.272812376953125 0.41426322265625 0.257613515625 0.42007665625 0.242139158203125 0.433296986328125 0.244771951171875 0.438290228515625 0.270392423828125 0.45140728515625 0.265947025390625 0.4592524609375 0.2511864375 0.469235796875 0.220021732421875 0.47356533203125 0.106607861328125 0.507619439453125 0.085758345703125 0.5098108125 0.02063336328125 0.5018998359375 0.02073978515625 0.522968490234375 0.028966873046875 0.541075640625 0.042187205078125 0.556549998046875 0.067040697265625 0.5623697265625 0.081416220703125 0.558750814453125 0.142211669921875 0.5354970859375 0.1842425546875 0.514215591796875 0.201964642578125 0.512352923828125 0.30072119921875 0.52937698046875 0.308294025390625 0.5212031015625 0.30763661328125 0.514948248046875 0.298091552734375 0.5043575625 0.2988616796875 0.49162871484375 0.312802076171875 0.463813724609375 0.368989349609375 0.436828365234375 0.370636025390625 0.43243932421875 0.364218392578125 0.42151993359375 0.410309611328125 0.398757689453125 0.407786384765625 0.394806923828125 0.374536728515625 0.399355595703125 0.320384345703125 0.3955613125 0.3080437109375 0.368400583984375 0.311446634765625 0.36066498046875 0.383822033203125 0.31722229296875 0.4361086015625 0.3233206640625 0.47851825390625 0.335727099609375 0.487900537109375 0.334740982421875 0.49454045703125 0.3277191484375 0.493829833984375 0.310929966796875 0.48900251953125 0.305113388671875 0.491582103515625 0.29957230078125 0.5570984453125 0.2610665 0.609660509765625 0.25975797265625 0.648009828125 0.273645158203125 0.648667240234375 0.279900013671875 0.6420273203125 0.28692184765625 0.6421901015625 0.298498650390625 0.64932150390625 0.306181044921875 0.65672840234375 0.306456541015625 0.676482232421875 0.29384041015625 0.69793594921875 0.28736956640625 0.7533499453125 0.29313923046875 0.7965829375 0.3033511484375 0.7980636875 0.30741148046875 0.790819568359375 0.3187127890625 0.803654833984375 0.3405515703125 0.8050228671875 0.363595607421875 0.78899751953125 0.391629734375 0.79009320703125 0.402054494140625 0.803535822265625 0.399587625 0.808475853515625 0.38642050390625 0.8353110234375 0.350926265625 0.867630921875 0.3275034609375 0.89457566015625 0.293051697265625 0.91548153515625 0.281368474609375 0.939568044921875 0.279890873046875 0.9569050703125 0.28439262890625 0.963651408203125 0.298439447265625 0.9832361640625 0.3142988671875 0.96622172265625 0.152417271484375 0.961425712890625 0.14689854296875 0.957753591796875 0.12198869140625 0.950950892578125 0.117433724609375 0.90914229296875 0.120773994140625 0.898880314453125 0.133446482421875 0.881486931640625 0.138436576171875 0.827663255859375 0.137769720703125 0.819980861328125 0.144901125 0.810758208984375 0.177490220703125 0.784092115234375 0.184508908203125 0.71216128515625 0.19206914453125 0.69180640234375 0.188938568359375 0.6785860703125 0.1734642109375 0.668825021484375 0.1407623984375 0.659114033203125 0.138621087890625 0.64254398828125 0.14141666015625 0.599361060546875 0.16176525 0.56715387890625 0.1662043515625 0.536537015625 0.175746265625 0.5217764296875 0.185729599609375 0.515793921875 0.199006291015625 0.5098677734375 0.20279112890625 0.45692064453125 0.210464080078125 0.434699947265625 0.20963759375 0.4413398671875 0.2026157578125 0.426087794921875 0.19789486328125 0.412648326171875 0.1803355546875 0.373691658203125 0.190754017578125 0.354269681640625 0.1864713984375 0.345272462890625 0.181093091796875 0.339678169921875 0.167979181640625 0.33079051953125 0.1636433515625 0.291176439453125 0.167806958984375 0.2843173828125 0.172743841796875 0.2868938203125 0.187228935546875 0.310758046875 0.20369255859375 0.318875568359375 0.220757234375 0.3162928359375 0.246324498046875 0.30411183203125 0.25076674609375 0.246885234375 0.257835498046875 0.228286595703125 0.251358357421875 0.229717283203125 0.224858189453125 0.240639822265625 0.198414376953125 0.237787888671875 0.191336185546875 0.2014108046875 0.1962135625 0.1295331875 0.214308125 0.128928986328125 0.218587595703125 0.143630068359375 0.238122287109375 0.14324185546875 0.264512888671875 0.08875762109375 0.27761735546875 0.054136783203125 0.27914816796875 0.04552148046875 0.287431615234375 0.044860921875 0.3012029375 0.017371486328125 0.310416146484375 0 0.3126514140625 0 0.4324174921875
0 1 0.47402271484375 0.984691732421875 0.478568619140625 0.93969619921875 0.511755623046875 0.902217134765625 0.546260595703125 0.881805892578125 0.552621873046875 0.7786039375 0.54344298828125 0.748923130859375 0.5318066796875 0.707552806640625 0.5393168515625 0.70530507421875 0.5279591875 0.698502376953125 0.523404220703125 0.61692006640625 0.4993051171875 0.612311890625 0.495573486328125 0.796534501953125 0.402188796875 0.708652076171875 0.3760329921875 0.597861330078125 0.372509314453125 0.595583685546875 0.35083897265625 0.579480681640625 0.3500034296875 0.579337765625 0.34616548046875 0.65494401953125 0.305998779296875 0.64351178515625 0.29629506640625 0.5664111484375 0.322243693359375 0.49672337890625 0.31965427734375 0.48688682421875 0.334567591796875 0.496719892578125 0.33849104296875 0.49455040625 0.34615448828125 0.478057732421875 0.3449137578125 0.4820684296875 0.3695113515625 0.4023982265625 0.394008578125 0.41026965234375 0.398138205078125 0.43293321484375 0.387329353515625 0.475287814453125 0.389321736328125 0.487704375 0.38008559375 0.5861166328125 0.396509556640625 0.62001178125 0.414843306640625 0.5962727109375 0.4215517890625 0.595828783203125 0.44940698828125 0.5614560078125 0.46297494921875 0.503787986328125 0.48589997265625 0.474758296875 0.520570873046875 0.44622638671875 0.5298936484375 0.434593224609375 0.539548279296875 0.385211798828125 0.55106242578125 0.365348400390625 0.562636080078125 0.329465951171875 0.56219151171875 0.32309837890625 0.581832625 0.316348892578125 0.587811982421875 0.201560693359375 0.638874408203125 0.174456322265625 0.641723193359375 0.09894149609375 0.621874048828125 0.096095970703125 0.5867805078125 0.052659232421875 0.57449226953125 0.009158763671875 0.613343705078125 0.01167501171875 0.637284212890625 0.0544052734375 0.6231842578125 0.121315474609375 0.64227484765625 0.139941904296875 0.66432266015625 0.149925240234375 0.67908324609375 0.151459201171875 0.693677908203125 0.146738306640625 0.70892998046875 0.13576255859375 0.724839466796875 0.106736013671875 0.739484189453125 0.111669751953125 0.766369421875 0.02973711328125 0.809133626953125 0.0497979765625 1 0.526203884765625 1 0.696975314453125 0.98205119921875 0.6960163203125 0.981098001953125 0.676268787109375 0.953661779296875 0.67331043359375 0.92551493359375 0.680557701171875 0.894187447265625 0.70108166015625 0.868842470703125 0.7215492578125 0.852989345703125 0.71984937109375 0.84684405859375 0.70613440625 0.836691650390625 0.680019302734375 0.828896537109375 0.674756861328125 0.79888387890625 0.667187181640625 0.787031580078125 0.646111537109375 0.783461310546875 0.644567150390625 0.774272314453125 0.66011213671875 0.7698573359375 0.7417571015625 0.744412234375 0.790615298828125 0.70675759765625 0.845300353515625 0.676613833984375 0.87539812890625 0.647285689453125 0.88952890625 0.636129501953125 0.9094526328125 0.61842598046875 0.923382763671875 0.627301359375 0.960961955078125 0.653917392578125 0.999749546875 0.671974482421875 0.994809517578125 0.685141603515625 0.9794447265625 0.699404412109375 0.971978322265625 0.728646943359375 0.961278068359375 0.73714952734375 0.907607728515625 0.808138005859375 0.876383517578125 0.841985568359375 0.865351412109375 0.867386904296875 0.85097588671875 0.87100581640625 0.828316916015625 0.866009427734375 0.815093435546875 0.87056124609375 0.8309997734375 0.901563171875 0.83192953125 0.9204373046875 0.82539603515625 0.94852779296875 0.8285203125 0.968225263671875 0.889961228515625 0.9617675625 0.902977515625 0.944589619140625 0.93601118359375 0.917929818359375 0.99450254296875 0.8928102734375 1 0.88861798046875 1 0.589727111328125 0.99449655078125 0.581883291015625 0.998779169921875 0.562461314453125 1 0.56075818359375 1 0.47402271484375