1 0.6787109375 0.30859375 0.2265625 0.193359375
1 0.744140625 0.556640625 0.486328125 0.369140625
1 0.4599609375 0.3896484375 0.3828125 0.2734375
1 0.884765625 0.40625 0.23046875 0.23828125
1 0.5927734375 0.2041015625 0.1484375 0.09375
1 0.4296875 0.2197265625 0.203125 0.142578125
1 0.224609375 0.234375 0.279296875 0.193359375
1 0.1123046875 0.1787109375 0.166015625 0.140625
0 0.9423626328125 1 0.961937857421875 0.84057258984375 0.9569758515625 0.843383255859375 0.901172802734375 0.85499909765625 0.8817384609375 0.862872634765625 0.831024935546875 0.891529029296875 0.80393073046875 0.920007578125 0.77250953125 0.93359115625 0.7505393828125 0.93704942578125 0.69895713671875 0.972780998046875 0.663120669921875 0.98890037890625 0.6333307265625 0.997554365234375 0.612601609375 0.990905240234375 0.5946916875 0.97382950390625 0.58327160546875 0.949855791015625 0.551725009765625 0.90596923828125 0.52615328125 0.82177720703125 0.5273943125 0.8116698125 0.54523258203125 0.79590547265625 0.56668840234375 0.788280142578125 0.636979580078125 0.817430361328125 0.647211078125 0.817660654296875 0.696701482421875 0.807321671875 0.7394531953125 0.77666171484375 0.780893513671875 0.7817499453125 0.78807487890625 0.773397908203125 0.801639896484375 0.76736865234375 0.81304141796875 0.75389191015625 0.819921482421875 0.752171734375 0.823255001953125 0.745912185546875 0.85279673828125 0.7392796796875 0.874482853515625 0.7214228515625 0.8977119453125 0.716067205078125 0.918901646484375 0.7022533359375 0.944524529296875 0.694113677734375 0.9496313203125 0.690123814453125 0.942343119140625 0.678456171875 0.88199940625 0.6351376875 0.73264284375 0.723500658203125 0.716098705078125 0.7245472265625 0.582359939453125 0.618866134765625 0.557073541015625 0.607553537109375 0.56212658984375 0.5789336171875 0.556115248046875 0.5735786171875 0.51382412109375 0.58377558203125 0.481711396484375 0.598813216796875 0.477331958984375 0.617769060546875 0.492600533203125 0.66889072265625 0.48119901171875 0.68236746484375 0.43422649609375 0.688911693359375 0.418072580078125 0.6951360625 0.399382857421875 0.69694516015625 0.380427013671875 0.69256572265625 0.356931154296875 0.662492390625 0.3440563671875 0.60858671875 0.292454265625 0.548386962890625 0.258726908203125 0.51808333984375 0.2450192265625 0.48767287890625 0.22134616796875 0.46322066796875 0.2168950703125 0.449336435546875 0.2204057890625 0.437455767578125 0.22928941796875 0.427773779296875 0.249734501953125 0.42002434375 0.2710841328125 0.421619771484375 0.28722078125 0.4364258203125 0.29844575390625 0.4578106328125 0.3098300078125 0.465364310546875 0.314245275390625 0.46282850390625 0.3227572421875 0.48541916796875 0.33869878125 0.49763631640625 0.3754935390625 0.5154918515625 0.41028473046875 0.541309197265625 0.449171330078125 0.533772142578125 0.499442181640625 0.533788763671875 0.5114290390625 0.52807872265625 0.5310053984375 0.52740446484375 0.532955869140625 0.52405303125 0.522511345703125 0.513023818359375 0.49816467578125 0.498235685546875 0.50046954296875 0.483642013671875 0.48708172265625 0.484050150390625 0.446439765625 0.497527541015625 0.424841927734375 0.497953591796875 0.354621111328125 0.443162576171875 0.34311275390625 0.436619638671875 0.333767892578125 0.437524189453125 0.33626722265625 0.396278982421875 0.333412203125 0.3902855546875 0.27266164453125 0.392060123046875 0.215209427734375 0.400395537109375 0.17504596875 0.40161994921875 0.1234982578125 0.395290685546875 0.11647617578125 0.389811583984375 0.11757519140625 0.37250491015625 0.10902804296875 0.36273464453125 0.065636607421875 0.33175741015625 0.049180740234375 0.315373201171875 0.0364134375 0.310727640625 0.0211988828125 0.29676765234375 0.019011421875 0.3145830859375 0.027086490234375 0.319842208984375 0.04563484375 0.340074265625 0.07806807421875 0.385095662109375 0.080887916015625 0.403909490234375 0.068209533203125 0.4110735859375 0.00653423828125 0.416201587890625 0 0.4694186875 0 0.9423626328125 0.094932046875 0.954018822265625 0.10446578125 0.9346698671875 0.1044094921875 0.955182505859375 0.131348359375 0.95849018359375 0.135320205078125 0.950770044921875 0.1355713671875 0.959008703125 0.4694186875 1 0.9423626328125 1
0 0.273046693359375 0.16331443359375 0.297481638671875 0.16067179296875 0.26783306640625 0.14728462109375 0.233716130859375 0.1410436328125 0.22811292578125 0.149076455078125 0.23180148828125 0.160815103515625 0.273046693359375 0.16331443359375
0 0.122289818359375 0.275615939453125 0.12452367578125 0.25742262890625 0.122342265625 0.241765123046875 0.115444287109375 0.235275283203125 0.090299904296875 0.231161962890625 0.043504587890625 0.23208507421875 0.042884072265625 0.237138771484375 0.052441958984375 0.247033140625 0.081789232421875 0.267052171875 0.111047580078125 0.27526154296875 0.122289818359375 0.275615939453125
0 1 0.295318123046875 0.995690875 0.29410905859375 0.979519044921875 0.292123408203125 0.966202232421875 0.29613118359375 0.967053689453125 0.310086423828125 0.98070762890625 0.315866826171875 0.987428408203125 0.327977787109375 1 0.33744946875 1 0.295318123046875
0 1 0.508438119140625 0.977750947265625 0.52377720703125 0.932196662109375 0.514592923828125 0.93214356640625 0.519203302734375 0.9463649296875 0.524540388671875 0.94487569140625 0.53666926171875 0.960338728515625 0.56113938671875 0.959594109375 0.56720382421875 0.945461671875 0.5736763984375 0.9454795859375 0.58188641796875 0.977912169921875 0.597667376953125 0.9906650625 0.60660828125 1 0.530581314453125 1 0.508438119140625
0 0.6621328203125 0.42038759765625 0.677275998046875 0.414039125 0.68624855078125 0.416166794921875 0.69233090234375 0.42512143359375 0.699406076171875 0.42599015625 0.743984802734375 0.4222299375 0.748524173828125 0.418683392578125 0.778704341796875 0.415207208984375 0.786329025390625 0.40742259375 0.786435212890625 0.3982018359375 0.779022908203125 0.38754493359375 0.75400262890625 0.382420875 0.751005591796875 0.36922816796875 0.74676751953125 0.366142853515625 0.663940626953125 0.38059644921875 0.601629177734375 0.3616598125 0.60398778515625 0.37169619921875 0.639329130859375 0.41810064453125 0.6621328203125 0.42038759765625
0 0.30284051953125 0.33010306640625 0.316210423828125 0.32148491015625 0.350805857421875 0.315472921875 0.3875289609375 0.300488380859375 0.4628021796875 0.297419041015625 0.517027068359375 0.286122416015625 0.514047943359375 0.281139724609375 0.49470187890625 0.271582486328125 0.414889287109375 0.27819837109375 0.356869001953125 0.257736669921875 0.32402892578125 0.25780832421875 0.315270046875 0.29572001171875 0.19605653125 0.305705890625 0.15348137109375 0.301504294921875 0.14904819140625 0.295830080078125 0.135589361328125 0.292638580078125 0.136316712890625 0.30760455859375 0.153126974609375 0.31274653125 0.170646673828125 0.324644466796875 0.30284051953125 0.33010306640625
0 0.19963373046875 0.0927418125 0.203853884765625 0.08761710546875 0.1951826328125 0.078857580078125 0.108968478515625 0.074940666015625 0.137091984375 0.084036673828125 0.184915955078125 0.09144768359375 0.19963373046875 0.0927418125
0 0.785171091796875 0.166175724609375 0.790579185546875 0.15555400390625 0.787848267578125 0.1485498359375 0.732009390625 0.143745638671875 0.724508810546875 0.150519515625 0.729013 0.1597933671875 0.77885844921875 0.167452583984375 0.785171091796875 0.166175724609375
0 0.976503447265625 0.241480244140625 0.99329579296875 0.238412197265625 0.9995374296875 0.233535697265625 0.9825320546875 0.22580482421875 0.920504638671875 0.221266748046875 0.910220046875 0.2256468359375 0.910486166015625 0.231835375 0.915415759765625 0.233466630859375 0.976503447265625 0.241480244140625
0 1 0.172083873046875 0.932880423828125 0.16225363671875 0.879949662109375 0.15883248828125 0.867767693359375 0.16195362890625 0.865391818359375 0.172947658203125 0.86812273828125 0.179951826171875 0.8973810859375 0.188161201171875 1 0.198707583984375 1 0.172083873046875
0 0.279748267578125 0.10873450390625 0.291486916015625 0.105045943359375 0.314361615234375 0.110932533203125 0.329008380859375 0.108627021484375 0.4717708515625 0.12410409375 0.63008463671875 0.146620515625 0.633985578125 0.139917646484375 0.695888890625 0.145466462890625 0.69922241015625 0.1392069140625 0.69725402734375 0.134348330078125 0.55777198046875 0.117222087890625 0.507749333984375 0.115183990234375 0.30900596875 0.087703439453125 0.294483306640625 0.08899821484375 0.286415306640625 0.09621540625 0.23334252734375 0.08559498046875 0.2262142578125 0.08933663671875 0.22781033203125 0.09722744140625 0.269197552734375 0.10692605078125 0.279748267578125 0.10873450390625
0 0.52268207421875 0.214998341796875 0.526937412109375 0.19705323828125 0.52193680859375 0.19182234375 0.506527509765625 0.1919822734375 0.50521546875 0.19849002734375 0.517380169921875 0.2163993046875 0.52268207421875 0.214998341796875
0 0.204511521484375 0.157464318359375 0.209529392578125 0.141664794921875 0.18090947265625 0.13661174609375 0.1812466015625 0.146399923828125 0.19516666015625 0.158368869140625 0.204511521484375 0.157464318359375
0 0.688124130859375 0.233773107421875 0.705856208984375 0.2272295234375 0.667501205078125 0.21790322265625 0.660887259765625 0.22581194140625 0.66406149609375 0.233383529296875 0.688124130859375 0.233773107421875
0 0.300833072265625 0.162622263671875 0.321562189453125 0.169271388671875 0.3550937890625 0.16774567578125 0.34807170703125 0.16226657421875 0.299059798828125 0.160352578125 0.268719703125 0.148419462890625 0.229815189453125 0.1477465 0.22775853125 0.16031869140625 0.23976330078125 0.162818669921875 0.300833072265625 0.162622263671875
0 0.5722626953125 0.274949890625 0.582405271484375 0.26337052734375 0.53988320703125 0.25455855078125 0.51117436328125 0.237695841796875 0.49899239453125 0.240816982421875 0.496492416015625 0.25282175390625 0.49959564453125 0.256793703125 0.5256266640625 0.262041865234375 0.56323705078125 0.277432603515625 0.5722626953125 0.274949890625