1 0.45703125 0.2119140625 0.1669921875 0.2080078125
1 0.703125 0.240234375 0.208984375 0.1884765625
1 0.9072265625 0.2734375 0.1845703125 0.283203125
1 0.322265625 0.1484375 0.138671875 0.138671875
1 0.07421875 0.224609375 0.1474609375 0.2587890625
1 0.185546875 0.28515625 0.2646484375 0.2421875
1 0.798828125 0.05859375 0.0830078125 0.0595703125
1 0.857421875 0.1298828125 0.171875 0.1435546875
1 0.462890625 0.509765625 0.4462890625 0.4189453125
1 0.939453125 0.130859375 0.0810546875 0.1201171875
1 0.55859375 0.048828125 0.0966796875 0.0615234375
1 0.41015625 0.0537109375 0.0888671875 0.0546875
1 0.6806640625 0.05859375 0.083984375 0.064453125
0 1 0.42612934375 0.819714556640625 0.359763263671875 0.6127543125 0.30315709375 0.5639429609375 0.30901304296875 0.522941458984375 0.28558962109375 0.53465615234375 0.2426469609375 0.448748146484375 0.271926037109375 0.222263509765625 0.176281103515625 0.23202578125 0.207512087890625 0.308171517578125 0.266070236328125 0.321838634765625 0.30315709375 0.638136275390625 0.41636965234375 0.686947625 0.455408419921875 0.661565662109375 0.5686206796875 0.55078125 0.69189453125 0.54541015625 0.7021484375 0.52978515625 0.716796875 0.52001953125 0.71484375 0.43505859375 0.66015625 0.40576171875 0.6435546875 0.39599609375 0.642578125 0.3896484375 0.63037109375 0.3828125 0.59716796875 0.30419921875 0.5458984375 0.298828125 0.54833984375 0.302734375 0.57958984375 0.306640625 0.58154296875 0.3017578125 0.58056640625 0.2978515625 0.56982421875 0.2978515625 0.54931640625 0.29052734375 0.5419921875 0.283203125 0.54150390625 0.287109375 0.53466796875 0.28515625 0.52197265625 0.2763671875 0.48974609375 0.265625 0.47216796875 0.267578125 0.45947265625 0.263671875 0.44384765625 0.2412109375 0.42822265625 0.2763671875 0.36376953125 0.27490234375 0.359375 0.25830078125 0.36328125 0.19970703125 0.3916015625 0.18798828125 0.3935546875 0.13037109375 0.361328125 0.10888671875 0.359375 0.07861328125 0.34375 0.0625 0.33154296875 0.05712890625 0.3212890625 0.04345703125 0.31640625 0.02783203125 0.2958984375 0.01513671875 0.2958984375 0.01220703125 0.3037109375 0.00830078125 0.2978515625 0.00048828125 0.2978515625 0 0.99951171875 1 1 1 0.42612934375
0 0.11474609375 0.119140625 0.12353515625 0.119140625 0.13720703125 0.1259765625 0.166015625 0.11474609375 0.169921875 0.09619140625 0.18359375 0.07861328125 0.1748046875 0.05810546875 0.1796875 0.03564453125 0.00048828125 0.0341796875 0 0.10205078125 0.01611328125 0.109375 0.02978515625 0.107421875 0.03125 0.08056640625 0.03564453125 0.0830078125 0.05029296875 0.078125 0.06494140625 0.0888671875 0.0849609375 0.11279296875 0.0927734375 0.14111328125 0.1025390625 0.15087890625 0.103515625 0.14599609375 0.095703125 0.13720703125 0.09912109375 0.1259765625 0.11474609375 0.119140625
0 0.66357421875 0.173828125 0.68603515625 0.1689453125 0.74072265625 0.1474609375 0.74658203125 0.1474609375 0.75830078125 0.1611328125 0.763671875 0.15087890625 0.76953125 0.11962890625 0.79052734375 0.1064453125 0.806640625 0.09033203125 0.802734375 0.08642578125 0.8046875 0.08251953125 0.80029296875 0.0791015625 0.79638671875 0.0849609375 0.78076171875 0.0888671875 0.76123046875 0.0849609375 0.7529296875 0.07861328125 0.751953125 0.06298828125 0.73974609375 0.060546875 0.72509765625 0.0654296875 0.71875 0.07958984375 0.71142578125 0.083984375 0.62841796875 0.0888671875 0.6259765625 0.07958984375 0.634765625 0.07568359375 0.640625 0.05224609375 0.63232421875 0.046875 0.60986328125 0.0419921875 0.6044921875 0.04541015625 0.603515625 0.05908203125 0.59814453125 0.0693359375 0.56689453125 0.0751953125 0.51806640625 0.0751953125 0.515625 0.05908203125 0.509765625 0.05712890625 0.50634765625 0.04296875 0.48388671875 0.048828125 0.45556640625 0.0498046875 0.44775390625 0.0693359375 0.39599609375 0.0732421875 0.3916015625 0.06689453125 0.390625 0.03955078125 0.38623046875 0.03515625 0.37744140625 0.03515625 0.369140625 0.04541015625 0.36669921875 0.0693359375 0.3271484375 0.07568359375 0.32958984375 0.0908203125 0.36279296875 0.08984375 0.380859375 0.10595703125 0.3916015625 0.12451171875 0.40185546875 0.1318359375 0.45361328125 0.125 0.455078125 0.10107421875 0.46728515625 0.0947265625 0.4716796875 0.09912109375 0.4716796875 0.10595703125 0.4755859375 0.10693359375 0.4755859375 0.11279296875 0.46240234375 0.126953125 0.49951171875 0.1220703125 0.509765625 0.13134765625 0.51806640625 0.146484375 0.52978515625 0.1416015625 0.54541015625 0.142578125 0.55615234375 0.1572265625 0.5615234375 0.15576171875 0.5693359375 0.13818359375 0.564453125 0.13037109375 0.564453125 0.11669921875 0.57666015625 0.1025390625 0.58642578125 0.1015625 0.60546875 0.12548828125 0.6083984375 0.16162109375 0.60205078125 0.1689453125 0.59130859375 0.171875 0.56396484375 0.169921875 0.5625 0.18505859375 0.57275390625 0.1943359375 0.58837890625 0.19140625 0.5927734375 0.19580078125 0.59375 0.21728515625 0.599609375 0.21923828125 0.62451171875 0.203125 0.64013671875 0.1845703125 0.64697265625 0.185546875 0.66357421875 0.173828125
0 0.98681640625 0.1484375 1 0.14794921875 0.99951171875 0.0908203125 0.9892578125 0.10205078125 0.978515625 0.14208984375 0.98681640625 0.1484375
0 0.9619140625 0.15869140625 0.95751953125 0.15625 0.95166015625 0.1611328125 0.94189453125 0.162109375 0.90673828125 0.185546875 0.88525390625 0.185546875 0.87451171875 0.1904296875 0.85009765625 0.189453125 0.84033203125 0.193359375 0.80126953125 0.1796875 0.79638671875 0.1787109375 0.79248046875 0.18359375 0.78173828125 0.17578125 0.77685546875 0.177734375 0.7724609375 0.17431640625 0.7763671875 0.19189453125 0.80029296875 0.224609375 0.81201171875 0.22265625 0.82373046875 0.2333984375 0.83935546875 0.23046875 0.8515625 0.23876953125 0.89208984375 0.2099609375 0.93408203125 0.1875 0.9560546875 0.16845703125 0.9619140625 0.15869140625