1 0.7158203125 0.552734375 0.2265625 0.1259765625
1 0.5068359375 0.6142578125 0.244140625 0.1513671875
1 0.302734375 0.513671875 0.16015625 0.0830078125
1 0.865234375 0.525390625 0.1884765625 0.150390625
1 0.763671875 0.416015625 0.0810546875 0.05078125
1 0.234375 0.6875 0.2783203125 0.1982421875
1 0.59375 0.45703125 0.0966796875 0.07421875
1 0.2099609375 0.462890625 0.107421875 0.068359375
1 0.3818359375 0.44140625 0.099609375 0.078125
1 0.4580078125 0.37890625 0.111328125 0.0634765625
1 0.517578125 0.4189453125 0.0869140625 0.072265625
1 0.0791015625 0.5615234375 0.1416015625 0.1025390625
1 0.6865234375 0.439453125 0.08203125 0.068359375
1 0.46484375 0.484375 0.1171875 0.08203125
1 0.9462890625 0.4677734375 0.107421875 0.099609375
1 0.1298828125 0.396484375 0.095703125 0.0576171875
1 0.84765625 0.412109375 0.0732421875 0.0546875
1 0.6142578125 0.392578125 0.0830078125 0.052734375
1 0.04296875 0.513671875 0.0859375 0.11328125
1 0.0810546875 0.369140625 0.0673828125 0.0537109375
1 0.341796875 0.3984375 0.0908203125 0.0556640625
0 1 0.36461076953125 0.97717051953125 0.369490615234375 0.9462566640625 0.36526141796875 0.93031164453125 0.373069177734375 0.9124141484375 0.38120225390625 0.87954784375 0.375997078125 0.86588065234375 0.376322408203125 0.86197575390625 0.383479505859375 0.881825748046875 0.384780802734375 0.882476505859375 0.39746840625 0.893540416015625 0.399745658203125 0.90232644921875 0.40462550390625 0.8951674609375 0.40722809765625 0.903628115234375 0.415361173828125 0.904929732421875 0.433904578125 0.923828125 0.42333984375 0.93291492578125 0.424470216796875 0.9400739140625 0.4169877890625 0.944304240234375 0.42609683203125 0.952764845703125 0.427723447265625 0.9541015625 0.41162109375 0.943359375 0.40869140625 0.944304240234375 0.394540494140625 0.955078125 0.40576171875 0.95703125 0.38427734375 0.965455826171875 0.3831541875 0.971313197265625 0.388684681640625 1 0.3948658125 1 0.36461076953125
0 0.489736646484375 0.436601599609375 0.47053751171875 0.425540623046875 0.46728515625 0.4072265625 0.42919921875 0.4072265625 0.4288851484375 0.417407544921875 0.429535982421875 0.44538534765625 0.416845025390625 0.4473372578125 0.371287763671875 0.456446314453125 0.400249169921875 0.4759656953125 0.47021484375 0.4541015625 0.48485551171875 0.44798790625 0.5170710078125 0.4557956640625 0.51088820703125 0.440830796875 0.489736646484375 0.436601599609375
0 0.326171875 0.44580078125 0.31005859375 0.4287109375 0.29833984375 0.423828125 0.29345703125 0.4169921875 0.28271484375 0.416015625 0.27880859375 0.41015625 0.26708984375 0.4091796875 0.25146484375 0.3994140625 0.24755859375 0.392578125 0.23583984375 0.3916015625 0.23193359375 0.3828125 0.20458984375 0.3720703125 0.20068359375 0.3583984375 0.18798828125 0.3583984375 0.18505859375 0.3525390625 0.1728515625 0.34619140625 0.16455078125 0.3271484375 0.15673828125 0.328125 0.14794921875 0.33984375 0.140625 0.34326171875 0.14111328125 0.3603515625 0.15283203125 0.3603515625 0.154296875 0.37255859375 0.15771484375 0.375 0.17822265625 0.376953125 0.18701171875 0.3916015625 0.20068359375 0.392578125 0.20458984375 0.4052734375 0.2177734375 0.40869140625 0.2216796875 0.43408203125 0.24755859375 0.439453125 0.25146484375 0.447265625 0.2646484375 0.45556640625 0.26708984375 0.4677734375 0.29833984375 0.4765625 0.31494140625 0.4736328125 0.3427734375 0.47705078125 0.3525390625 0.47119140625 0.34228515625 0.466796875 0.33056640625 0.4677734375 0.326171875 0.44580078125
0 1 0.53125 0.98779296875 0.53076171875 0.98486328125 0.52490234375 0.95751953125 0.51708984375 0.9541015625 0.546875 0.9501953125 0.5498046875 0.951171875 0.55859375 0.9462890625 0.5703125 0.94189453125 0.56982421875 0.93798828125 0.57861328125 0.92431640625 0.58056640625 0.89892578125 0.59716796875 0.87939453125 0.59326171875 0.87353515625 0.58642578125 0.82373046875 0.56591796875 0.81591796875 0.59423828125 0.80419921875 0.59228515625 0.78466796875 0.59716796875 0.76416015625 0.60986328125 0.74658203125 0.61376953125 0.72216796875 0.60986328125 0.71826171875 0.60400390625 0.70263671875 0.59716796875 0.67431640625 0.59423828125 0.66943359375 0.58447265625 0.64404296875 0.58056640625 0.63916015625 0.57177734375 0.62451171875 0.56494140625 0.61181640625 0.56494140625 0.607421875 0.5224609375 0.59716796875 0.51123046875 0.58447265625 0.51416015625 0.5830078125 0.5107421875 0.59716796875 0.51025390625 0.60302734375 0.50244140625 0.67236328125 0.49169921875 0.68310546875 0.49951171875 0.70068359375 0.50244140625 0.70556640625 0.50830078125 0.72021484375 0.51416015625 0.76318359375 0.51904296875 0.76123046875 0.51416015625 0.7529296875 0.51171875 0.751953125 0.4716796875 0.76416015625 0.46826171875 0.76904296875 0.45556640625 0.81494140625 0.45263671875 0.83056640625 0.45556640625 0.84814453125 0.46630859375 0.87548828125 0.47119140625 0.87890625 0.466796875 0.880859375 0.435546875 0.88235978125 0.42064870703125 0.896027 0.41479289453125 0.881708974609375 0.406009169921875 0.83875499609375 0.41999805859375 0.80296000390625 0.411864982421875 0.80126953125 0.42724609375 0.76488713671875 0.438866794921875 0.73462411328125 0.426829849609375 0.728115935546875 0.42878180859375 0.72323480078125 0.44765051953125 0.679955392578125 0.46066344140625 0.65066858203125 0.454156978515625 0.64643828125 0.45578359375 0.6461128515625 0.475628296875 0.576800736328125 0.492545111328125 0.546537701171875 0.483761373046875 0.5478515625 0.447265625 0.56298828125 0.43896484375 0.57958984375 0.43603515625 0.59939122265625 0.4220236640625 0.60720104296875 0.426578193359375 0.64527388671875 0.42462624609375 0.702545892578125 0.415842533203125 0.67944183203125 0.396323150390625 0.6804180703125 0.383310228515625 0.653734541015625 0.375177150390625 0.6553615859375 0.40348024609375 0.6026453125 0.4174691484375 0.601018267578125 0.40836009375 0.574985548828125 0.39762443359375 0.56103515625 0.40283203125 0.556640625 0.4228515625 0.546683197265625 0.427330189453125 0.5076341171875 0.43643923046875 0.5029296875 0.443359375 0.515625 0.453125 0.515625 0.4677734375 0.5224609375 0.4716796875 0.5234375 0.494140625 0.51318359375 0.50244140625 0.50491615625 0.50244140625 0.474641455078125 0.53914783984375 0.469423115234375 0.53940232421875 0.468784083984375 0.53914783984375 0.50179462109375 0.50314678515625 0.45458984375 0.51806640625 0.43603515625 0.52490234375 0.42529296875 0.52392578125 0.41943359375 0.51806640625 0.40869140625 0.51708984375 0.40220162109375 0.51061288671875 0.400899978515625 0.4764539765625 0.394391798828125 0.474502033203125 0.3764943046875 0.455958615234375 0.334191134765625 0.462790408203125 0.337119818359375 0.4764539765625 0.36380334765625 0.482960439453125 0.378446751953125 0.48946688671875 0.3798828125 0.5224609375 0.37353515625 0.53271484375 0.35791015625 0.53369140625 0.32373046875 0.54736328125 0.25146484375 0.56005859375 0.24658203125 0.55029296875 0.2353515625 0.5458984375 0.232421875 0.5341796875 0.2197265625 0.5283203125 0.21484375 0.505859375 0.20849609375 0.49755859375 0.19873046875 0.50146484375 0.17333984375 0.50244140625 0.1572265625 0.484375 0.14990234375 0.45947265625 0.14208984375 0.45947265625 0.1376953125 0.44921875 0.12158203125 0.43798828125 0.11083984375 0.43701171875 0.10595703125 0.42431640625 0.09423828125 0.42333984375 0.08349609375 0.40673828125 0.06396484375 0.39697265625 0.05908203125 0.39013671875 0.04833984375 0.38818359375 0.04345703125 0.37841796875 0.03173828125 0.37548828125 0.02392578125 0.36279296875 0.00048828125 0.34912109375 0 0.408203125 0.01220703125 0.40869140625 0.01806640625 0.41650390625 0.044921875 0.4248046875 0.0537109375 0.4619140625 0.06103515625 0.46826171875 0.07470703125 0.46923828125 0.083984375 0.4775390625 0.0908203125 0.4931640625 0.09326171875 0.51904296875 0.12060546875 0.52294921875 0.13037109375 0.53076171875 0.15283203125 0.53662109375 0.15196583203125 0.58197475 0.14990234375 0.58447265625 0.14111328125 0.58056640625 0.13427734375 0.59033203125 0.12646484375 0.58740234375 0.10888671875 0.59912109375 0.09130859375 0.59716796875 0.06787109375 0.61083984375 0.03466796875 0.61376953125 0.01904296875 0.62060546875 0.00048828125 0.60400390625 0 1 1 1 1 0.53125
0 0.81201171875 0.3681640625 0.79345703125 0.3603515625 0.77978515625 0.361328125 0.74951171875 0.349609375 0.73193359375 0.3486328125 0.72021484375 0.3505859375 0.708984375 0.36279296875 0.7080078125 0.37451171875 0.71923828125 0.3779296875 0.72509765625 0.388671875 0.73388671875 0.3818359375 0.74169921875 0.3916015625 0.76220703125 0.3896484375 0.787109375 0.39306640625 0.80517578125 0.3798828125 0.85302734375 0.376953125 0.85546875 0.36962890625 0.81201171875 0.3681640625
0 0.27001953125 0.3046875 0.24755859375 0.3046875 0.23974609375 0.2978515625 0.21875 0.29833984375 0.22021484375 0.3046875 0.23486328125 0.3095703125 0.24072265625 0.3193359375 0.25439453125 0.322265625 0.2587890625 0.33349609375 0.27197265625 0.33984375 0.27880859375 0.3515625 0.2880859375 0.35205078125 0.29296875 0.35009765625 0.2919921875 0.33740234375 0.2744140625 0.32275390625 0.27001953125 0.3046875