1 0.6083984375 0.478515625 0.42578125 0.32421875
1 0.982421875 0.4462890625 0.03515625 0.119140625
1 0.478515625 0.2685546875 0.25 0.16796875
1 0.9873046875 0.2333984375 0.025390625 0.083984375
1 0.609375 0.14453125 0.09765625 0.07421875
1 0.1904296875 0.1220703125 0.169921875 0.130859375
1 0.177734375 0.0166015625 0.07421875 0.033203125
1 0.814453125 0.17578125 0.1171875 0.0859375
1 0.970703125 0.1923828125 0.05859375 0.068359375
1 0.2880859375 0.150390625 0.16015625 0.078125
0 0.580439056640625 0.11671546875 0.58127741015625 0.112771326171875 0.57210772265625 0.10257756640625 0.58108198828125 0.07975105859375 0.577378384765625 0.07535678515625 0.56061577734375 0.07179378125 0.552012947265625 0.06378168359375 0.551889134765625 0.07406121875 0.570740544921875 0.084767013671875 0.565772330078125 0.103292107421875 0.56678223828125 0.117934962890625 0.580439056640625 0.11671546875
0 0.401436716796875 0 0.401132669921875 0.000278240234375 0.404114646484375 0.015340271484375 0.39998478515625 0.029921220703125 0.416087677734375 0.03901221484375 0.41832416015625 0.050308740234375 0.42501682421875 0.05276189453125 0.432338251953125 0.052256943359375 0.426274353515625 0.0468456796875 0.437151703125 0.046581267578125 0.4385878671875 0.04224890234375 0.431087802734375 0.041170005859375 0.428401189453125 0.0344154375 0.42167757421875 0.034532166015625 0.420808267578125 0.041046193359375 0.4188671484375 0.038057134765625 0.415527900390625 0.019827404296875 0.425007119140625 0.00432232421875 0.412187662109375 0 0.401436716796875 0
0 0.479355822265625 0.022573302734375 0.500986705078125 0.032324013671875 0.50465935546875 0.039288173828125 0.536422091796875 0.045008966796875 0.547385216796875 0.054038052734375 0.554954267578125 0.032974029296875 0.552236701171875 0.02878934375 0.47902950390625 0.01683572265625 0.479355822265625 0.022573302734375
0 0.099344146484375 0 0.114377482421875 0.0063145859375 0.1215202734375 0.00422578515625 0.142227029296875 0.008627140625 0.14464923046875 0.004504361328125 0.1311866015625 0 0.099344146484375 0
0 1 0.16050195703125 0.99193263671875 0.16141183984375 0.945293583984375 0.14325372265625 0.940301498046875 0.147345546875 0.927840302734375 0.14778859375 0.89311945703125 0.14143903515625 0.8722650234375 0.13288394921875 0.86156630859375 0.13473220703125 0.83473375390625 0.130059357421875 0.82627860546875 0.12620098828125 0.820757697265625 0.10853812109375 0.81321959765625 0.127032259765625 0.80016058984375 0.127863529296875 0.733024373046875 0.10431801953125 0.711479265625 0.103860806640625 0.695555009765625 0.09635366015625 0.664568720703125 0.0918284921875 0.649871041015625 0.080975013671875 0.650561712890625 0.072877138671875 0.659412166015625 0.06033016796875 0.65472252734375 0.0557263046875 0.60031191796875 0.042615095703125 0.6009955078125 0.05152037109375 0.628456830078125 0.053235115234375 0.643721369140625 0.066270251953125 0.63988687109375 0.089158666015625 0.6283807578125 0.092381185546875 0.627542404296875 0.096325330078125 0.64606749609375 0.101293544921875 0.6648640859375 0.100135955078125 0.686642650390625 0.11404040234375 0.68915062890625 0.11921112109375 0.683677458984375 0.130414787109375 0.6841514609375 0.140306099609375 0.693025783203125 0.14219239453125 0.70997411328125 0.13033609375 0.73953131640625 0.122190478515625 0.7464335703125 0.12365759765625 0.76089070703125 0.138066994140625 0.78700872265625 0.136404453125 0.825192626953125 0.150704205078125 0.839687802734375 0.14554056640625 0.869354654296875 0.16112171875 0.900464755859375 0.1553673515625 0.93363270703125 0.15932566015625 0.94857092578125 0.16662321875 0.96285651171875 0.162445615234375 0.994261978515625 0.164998712890625 1 0.16717221484375 1 0.16050195703125
0 0.20342297265625 0 0.208088927734375 0.006652447265625 0.20326839453125 0.0293312734375 0.217220580078125 0.0364192421875 0.22471355859375 0.0545012890625 0.220521791015625 0.074222005859375 0.241221462890625 0.095626515625 0.299359544921875 0.127565265625 0.31307826953125 0.121206001953125 0.333218166015625 0.12342569921875 0.354320224609375 0.111421716796875 0.373621765625 0.117585556640625 0.41551635546875 0.1192764296875 0.430602259765625 0.13072771875 0.45646556640625 0.166627400390625 0.451637951171875 0.206309376953125 0.50009430859375 0.237736091796875 0.506405830078125 0.22258828515625 0.52461169140625 0.204815767578125 0.526683705078125 0.180522140625 0.5417528203125 0.16053701171875 0.471953859375 0.14467019921875 0.462186359375 0.1348646640625 0.45451474609375 0.11519876953125 0.4413390078125 0.109306423828125 0.41444454296875 0.10977333984375 0.360422158203125 0.097259943359375 0.34599597265625 0.080280662109375 0.345972103515625 0.06584739453125 0.3420589140625 0.06243915625 0.296553580078125 0.048644357421875 0.22929355078125 0.0353783828125 0.216777533203125 0.023958044921875 0.211256625 0.006295177734375 0.214363044921875 0 0.20342297265625 0
0 1 0.290948560546875 0.988048556640625 0.303322314453125 0.988343921875 0.31162977734375 0.9839496484375 0.315333380859375 0.974446560546875 0.316405193359375 0.91866169140625 0.30248658203125 0.890128556640625 0.291268751953125 0.884009837890625 0.27399410546875 0.8858961328125 0.265119783203125 0.91085655859375 0.244660654296875 0.9181541171875 0.229722431640625 0.912478443359375 0.224908982421875 0.878114869140625 0.22172712109375 0.8735110078125 0.2264167578125 0.884467048828125 0.252448998046875 0.879708421875 0.269988056640625 0.870710287109375 0.278381294921875 0.870019615234375 0.286479169921875 0.852178109375 0.290416232421875 0.827527212890625 0.285176521484375 0.80314780859375 0.2738110078125 0.784062939453125 0.24965798046875 0.786492224609375 0.22853205078125 0.80568412109375 0.210969123046875 0.80458135546875 0.204035919921875 0.781754845703125 0.195061654296875 0.76693335546875 0.1944877109375 0.76680954296875 0.20476724609375 0.77394525390625 0.21968159765625 0.772478134765625 0.226583849609375 0.761950974609375 0.247019109375 0.752626521484375 0.249674767578125 0.69000130859375 0.229149271484375 0.683758775390625 0.222154162109375 0.68173187890625 0.2098716015625 0.66876573046875 0.202993220703125 0.661777705078125 0.192232599609375 0.63808897265625 0.1727692109375 0.585945798828125 0.168384642578125 0.5953798984375 0.18945575 0.612918955078125 0.194214376953125 0.62229823046875 0.203422099609375 0.63370440234375 0.224912384765625 0.63528116796875 0.24173690234375 0.62903155078125 0.25174494140625 0.60018888671875 0.266225951171875 0.592712693359375 0.2795803203125 0.560437919921875 0.283541251953125 0.565213333984375 0.29743861328125 0.588420984375 0.32401384375 0.6014490390625 0.32575245703125 0.63929954296875 0.35131777734375 0.642288603515625 0.34937666015625 0.632194787109375 0.33383354296875 0.6282886796875 0.31342215625 0.631999365234375 0.30081327734375 0.652720283203125 0.271208330078125 0.676058826171875 0.270500873046875 0.699094921875 0.2784891015625 0.71890141796875 0.291974369140625 0.73714793359375 0.3200715390625 0.731760541015625 0.340568705078125 0.70423023046875 0.360996880859375 0.664424439453125 0.36644880078125 0.679479388671875 0.380469974609375 0.699138201171875 0.389801509765625 0.737493658203125 0.42268826171875 0.742276158203125 0.41958247265625 0.750607490234375 0.433720373046875 0.771547703125 0.451568962890625 0.7734269140625 0.459697791015625 0.768434830078125 0.4637896171875 0.799857083984375 0.4977791328125 0.80086698828125 0.51242198828125 0.830595748046875 0.522863373046875 0.853291359375 0.55912032421875 0.8529579609375 0.570385896484375 0.867081697265625 0.596060865234375 0.8545444296875 0.635649982421875 0.8346379921875 0.64687751953125 0.830446224609375 0.66659823828125 0.816486958984375 0.67651341796875 0.798381041015625 0.669573130859375 0.78000362890625 0.668758646484375 0.771960578125 0.679931359375 0.755074154296875 0.68664789453125 0.747597962890625 0.700002267578125 0.744251630859375 0.698775689453125 0.752363671875 0.665460056640625 0.73491747265625 0.65299177734375 0.723085041015625 0.650476716796875 0.71508002734375 0.64207639453125 0.708130033203125 0.611742740234375 0.711335765625 0.59181243359375 0.707694072265625 0.582278392578125 0.5495606484375 0.579013701171875 0.493762318359375 0.51722467578125 0.47876219140625 0.515066884765625 0.444903572265625 0.519206451171875 0.432085103515625 0.51648180078125 0.405864525390625 0.477414423828125 0.405211890625 0.465939263671875 0.4102658828125 0.456707671875 0.406802822265625 0.448757478515625 0.39837862890625 0.4423292265625 0.3721748359375 0.434698267578125 0.370862482421875 0.42875109765625 0.378603087890625 0.42627407421875 0.37950334765625 0.4171901640625 0.3459233046875 0.3982007734375 0.33192337890625 0.36224626953125 0.306557939453125 0.35067116796875 0.279553830078125 0.32741131640625 0.2684739765625 0.31165861328125 0.236477783203125 0.292490587890625 0.22202064453125 0.278081189453125 0.19369709765625 0.26587732421875 0.188859779296875 0.257119728515625 0.189464673828125 0.239728353515625 0.203702517578125 0.206684216796875 0.16548766015625 0.194954349609375 0.1593141171875 0.1658163203125 0.139802986328125 0.160638515625 0.121642248046875 0.141834845703125 0.120694248046875 0.122052220703125 0.111531642578125 0.094855310546875 0.078992458984375 0.087938892578125 0.07231658203125 0.11692215625 0.07026337890625 0.116884671875 0.058980162109375 0.169968037109375 0.063142431640625 0.189174271484375 0.059431748046875 0.2017831484375 0.07579905078125 0.2217514921875 0.07806648828125 0.2304781328125 0.074565390625 0.242100974609375 0.089558435546875 0.261261916015625 0.0978039921875 0.266106318359375 0.11494066015625 0.3042734375 0.105220900390625 0.3233344375 0.07004284375 0.338529986328125 0.0432960625 0.343150634765625 0.020726884765625 0.362056869140625 0.01830337890625 0.361337255859375 0 0.447447880859375 0 0.5382352890625 0.0079781875 0.550520619140625 0.000773486328125 0.5577491875 0 0.557863080078125 0 0.904892017578125 0.447447880859375 1 0.904892017578125 1 0.948623240234375 0.794260771484375 0.91361896484375 0.7868203828125 0.90605699609375 0.790881255859375 0.901569865234375 0.802294509765625 0.897027908203125 0.801844380859375 0.898502109375 0.777938978515625 0.87490623828125 0.750765935546875 0.865100701171875 0.760533435546875 0.860194392578125 0.77391876171875 0.86084702734375 0.785393921875 0.86854959765625 0.80248993359375 0.865405771484375 0.817280470703125 0.855452552734375 0.822894240234375 0.83665596484375 0.824051828125 0.8048932265625 0.81833103515625 0.779737376953125 0.805769896484375 0.768416982421875 0.793573111328125 0.762538802734375 0.772742544921875 0.775154765625 0.759450080078125 0.7928176328125 0.753929171875 0.829929728515625 0.758725833984375 0.8478260546875 0.76665215625 0.852010740234375 0.76393458984375 0.8643622890625 0.73976477734375 0.848056892578125 0.714656666015625 0.8468064453125 0.70356973046875 0.870852447265625 0.72620081640625 0.877280697265625 0.717776623046875 0.8863955625 0.716106998046875 0.883873419921875 0.74494258203125 0.896684802734375 0.7646703828125 0.9041539140625 0.76831916015625 0.909953400390625 0.76285307421875 0.92742084765625 0.724311900390625 0.935401994140625 0.718278955078125 0.93749079296875 0.725421748046875 0.91610307421875 0.7775578359375 0.92473685546875 0.783000052734375 0.95016205859375 0.787021193359375 0.9691121953125 0.6978678125 0.957885396484375 0.690079220703125 0.948739578125 0.694318728515625 0.94357594140625 0.6798235546875 0.91904885546875 0.66430430859375 0.910865203125 0.654320138671875 0.90504184765625 0.645352955078125 0.906151697265625 0.6352830078125 0.914411419921875 0.606121109375 0.9391003515625 0.591787783203125 0.94316830859375 0.5823466015625 0.972492056640625 0.56075375390625 0.98145923828125 0.5549303984375 0.99690949609375 0.552546232421875 1 0.549847353515625 1 0.531625787109375 0.9479720546875 0.528231357421875 0.90013737890625 0.510849685546875 0.884718076171875 0.51066396875 0.875153080078125 0.516875546875 0.870222900390625 0.51582760546875 0.851588162109375 0.48713262109375 0.815080962890625 0.464944583984375 0.788798478515625 0.43101697265625 0.7918803984375 0.421366203125 0.800878533203125 0.41297296484375 0.810900740234375 0.38521627734375 0.81385884765625 0.385845041015625 0.81160819921875 0.4085548203125 0.824938703125 0.40159774609375 0.84217269140625 0.34960933984375 0.86471091796875 0.333272986328125 0.890471662109375 0.32844275 0.9685780859375 0.344014197265625 0.976256783203125 0.34667694140625 0.988951439453125 0.359681125 1 0.35658675390625 1 0.290948560546875
0 0.43777940625 0.40484307421875 0.421545619140625 0.42303476953125 0.426592529296875 0.430806326171875 0.4331065546875 0.4316756328125 0.454473029296875 0.430548998046875 0.45886730078125 0.42684539453125 0.464378505859375 0.396068693359375 0.447413390625 0.37648857421875 0.447087072265625 0.37075099609375 0.534594021484375 0.344520712890625 0.537823623046875 0.339023673828125 0.41304011328125 0.324867142578125 0.39020651953125 0.332896029296875 0.390742427734375 0.33764757421875 0.445115 0.370331818359375 0.43777940625 0.40484307421875
0 0.952629177734375 0.108742466796875 0.924422361328125 0.10326221484375 0.92441527734375 0.120265365234375 0.954384578125 0.127150830078125 0.97091373046875 0.117266599609375 0.952629177734375 0.108742466796875
0 0.8261380078125 0.10504410546875 0.839561369140625 0.09037737890625 0.837829837890625 0.086402283203125 0.78279046484375 0.0762491796875 0.788761501953125 0.089370095703125 0.815594060546875 0.0940429453125 0.8261380078125 0.10504410546875