1 0.7802734375 0.41796875 0.130859375 0.11328125
1 0.9208984375 0.7861328125 0.109375 0.1796875
1 0.5166015625 0.232421875 0.068359375 0.08203125
1 0.5078125 0.392578125 0.134765625 0.11328125
1 0.2138671875 0.1875 0.0625 0.08203125
1 0.208984375 0.3544921875 0.1796875 0.126953125
1 0.8857421875 0.2802734375 0.05859375 0.06640625
1 0.775390625 0.2626953125 0.068359375 0.08203125
1 0.66015625 0.24609375 0.06640625 0.0859375
1 0.94921875 0.4482421875 0.1015625 0.111328125
1 0.2890625 0.1328125 0.0390625 0.05078125
1 0.375 0.2060546875 0.064453125 0.0703125
1 0.9853515625 0.2978515625 0.029296875 0.091796875
1 0.416015625 0.142578125 0.0390625 0.04296875
1 0.091796875 0.1767578125 0.04296875 0.06640625
1 0.3076171875 0.2451171875 0.060546875 0.0859375
1 0.8173828125 0.314453125 0.05859375 0.08203125
1 0.1279296875 0.21875 0.0625 0.064453125
1 0.484375 0.1669921875 0.03515625 0.052734375
1 0.4375 0.2548828125 0.0546875 0.08203125
1 0.5908203125 0.2841796875 0.060546875 0.064453125
1 0.7314453125 0.3017578125 0.05078125 0.0625
1 0.9482421875 0.32421875 0.064453125 0.064453125
0 0.120816689453125 0.121689908203125 0.11798269921875 0.116756462890625 0.10824669140625 0.117907685546875 0.10671884375 0.128778892578125 0.114240537109375 0.14696880078125 0.120816689453125 0.121689908203125
0 0.964996576171875 0.25696055078125 0.975704849609375 0.248891287109375 0.975133244140625 0.245787517578125 0.950140154296875 0.24076325 0.93119968359375 0.228527126953125 0.934343513671875 0.245597859375 0.95100557421875 0.24894737109375 0.9576538359375 0.25542469140625 0.964996576171875 0.25696055078125
0 0.29493763671875 0.10181728515625 0.2902579453125 0.092089291015625 0.288217265625 0.063583755859375 0.2652007578125 0.058837279296875 0.264645177734375 0.0627904453125 0.27072183203125 0.066163994140625 0.262398814453125 0.06801770703125 0.271440345703125 0.071807939453125 0.278382423828125 0.083365609375 0.281256474609375 0.10594139453125 0.29493763671875 0.10181728515625
0 0.287720404296875 0.217709154296875 0.292784732421875 0.210358404296875 0.27958704296875 0.17877313671875 0.274383818359375 0.1871121796875 0.26153603125 0.185306541015625 0.244759111328125 0.193530724609375 0.2443504375 0.20002406640625 0.248581392578125 0.198603064453125 0.25367776953125 0.205366185546875 0.253383955078125 0.20028583203125 0.259885310546875 0.204222974609375 0.26834722265625 0.201380970703125 0.273550447265625 0.1930419296875 0.272030611328125 0.207441603515625 0.281512865234375 0.2188523671875 0.287720404296875 0.217709154296875
0 0.3739822421875 0.16684421875 0.379177455078125 0.154976708984375 0.352763361328125 0.145721484375 0.347634935546875 0.124844494140625 0.3377840703125 0.13756941015625 0.325230095703125 0.140844123046875 0.308853837890625 0.13904649609375 0.308028478515625 0.14850471484375 0.328782599609375 0.151421515625 0.340348283203125 0.148007908203125 0.350247220703125 0.156453796875 0.3629561171875 0.1592477265625 0.36367462890625 0.164891671875 0.3739822421875 0.16684421875
0 0.431431341796875 0.2313556328125 0.439174744140625 0.22286968359375 0.431359232421875 0.199599421875 0.442166341796875 0.17289952734375 0.46797678125 0.164937111328125 0.469087943359375 0.157030779296875 0.437601509765625 0.151597837890625 0.422956095703125 0.166168455078125 0.425707275390625 0.196789466796875 0.41316932421875 0.2071211171875 0.407132728515625 0.22138990625 0.4034653671875 0.2223862109375 0.400345572265625 0.215900880859375 0.39359046484375 0.2245257265625 0.420707044921875 0.2323679609375 0.431431341796875 0.2313556328125
0 0.7445728359375 0.272845271484375 0.74804521875 0.248137984375 0.73346658984375 0.229964099609375 0.733851224609375 0.212885353515625 0.7163317578125 0.2048801875 0.71052487890625 0.1960015859375 0.681431716796875 0.1878815625 0.674211849609375 0.178300474609375 0.684463376953125 0.15555374609375 0.67132978515625 0.15219622265625 0.668020333984375 0.18650062109375 0.661265224609375 0.195125466796875 0.646171076171875 0.198547087890625 0.647175390625 0.20574291796875 0.652835361328125 0.212081341796875 0.66186887890625 0.21234310546875 0.674022193359375 0.219090205078125 0.685064341796875 0.233743630859375 0.702281984375 0.233139978515625 0.711470423828125 0.239470388671875 0.712066064453125 0.2531595625 0.719309966796875 0.273326052734375 0.725950216796875 0.276274904296875 0.7445728359375 0.272845271484375
0 1 0.32387458984375 0.98504551953125 0.3222625859375 0.97410752734375 0.353479240234375 0.967908 0.358150919921875 0.95082925390625 0.35776628125 0.9369771484375 0.3487648125 0.9346907265625 0.336349732421875 0.921271330078125 0.33144032421875 0.91856822265625 0.321990119140625 0.91065387890625 0.317350490234375 0.9191238046875 0.318036955078125 0.943489203125 0.29525817578125 0.95846849609375 0.303410251953125 0.96340194140625 0.3005762578125 0.959702529296875 0.28745869140625 0.939813828125 0.29272601171875 0.930617376953125 0.282867134765625 0.9260685703125 0.26862237890625 0.9186029609375 0.27513174609375 0.908530388671875 0.314532521484375 0.907109388671875 0.310301564453125 0.880008830078125 0.309516265625 0.86856601953125 0.3048846484375 0.8622195859375 0.307016150390625 0.858234369140625 0.29234669921875 0.846505755859375 0.286163197265625 0.85099046484375 0.27218020703125 0.835888302734375 0.272073361328125 0.83236784765625 0.27560983984375 0.8288313671875 0.272089384765625 0.815721810546875 0.279317263671875 0.8031518125 0.275535041015625 0.790213201171875 0.295888501953125 0.749832146484375 0.289205501953125 0.748435181640625 0.295559951171875 0.752543265625 0.30218417578125 0.74470103125 0.329300755859375 0.7397675859375 0.33213474609375 0.71308371484375 0.328384572265625 0.711777572265625 0.312579921875 0.706395392578125 0.304264916015625 0.680128208984375 0.297549869140625 0.665966265625 0.276411109375 0.6265735 0.269867005859375 0.628632892578125 0.24445723046875 0.622972923828125 0.23811880859375 0.606596666015625 0.236321181640625 0.603183056640625 0.22475549609375 0.607921521484375 0.1982105234375 0.60508753125 0.193277078125 0.59308913671875 0.192598625 0.5921569296875 0.21715900390625 0.578246052734375 0.24443050390625 0.561314212890625 0.246586044921875 0.546180001953125 0.232365326171875 0.541139708984375 0.25030148046875 0.542846513671875 0.256084322265625 0.553015232421875 0.25902516015625 0.55672265625 0.2756711953125 0.560961625 0.277778662109375 0.564751857421875 0.268737130859375 0.589280189453125 0.25555546484375 0.603116271484375 0.2575 0.6218270234375 0.29288351171875 0.613944728515625 0.30235775390625 0.603081533203125 0.304358373046875 0.5994301953125 0.31241161328125 0.568237578125 0.3120590234375 0.56130351171875 0.3040298203125 0.5381721484375 0.310857041015625 0.534750525390625 0.295762888671875 0.5262806015625 0.295076423828125 0.522597212890625 0.28901579296875 0.5241250625 0.2781445859375 0.533265427734375 0.2633041875 0.488073796875 0.251409953125 0.48475101171875 0.217685173828125 0.464314740234375 0.230434126953125 0.460941193359375 0.23651078515625 0.4503557890625 0.2365348203125 0.460270751953125 0.25203764453125 0.4626960703125 0.263464431640625 0.46271209375 0.2705213671875 0.452027857421875 0.28917603515625 0.451782115234375 0.305266490234375 0.43514408984375 0.312502380859375 0.39067097265625 0.306252091796875 0.380625126953125 0.29526602734375 0.37041634765625 0.274682849609375 0.377024548828125 0.263517828125 0.382473515625 0.23908833203125 0.3665139453125 0.234325830078125 0.344354845703125 0.2342350078125 0.33951222265625 0.21490990234375 0.341178966796875 0.20305040234375 0.344421630859375 0.201490505859375 0.333264623046875 0.1984107734375 0.30903010546875 0.216672791015625 0.324474158203125 0.243030796875 0.32194731640625 0.31120688671875 0.30419812890625 0.326349109375 0.2874051875 0.327516357421875 0.284643306640625 0.354339123046875 0.2896328359375 0.37620440625 0.283580216796875 0.38341626171875 0.271589833984375 0.386266275390625 0.257646908203125 0.39942390625 0.2397347890625 0.404969015625 0.208174900390625 0.40042975390625 0.207551025390625 0.402237142578125 0.17691684375 0.400171779296875 0.168438908203125 0.395956845703125 0.127780060546875 0.391250431640625 0.12210406640625 0.377855072265625 0.123877658203125 0.350893412109375 0.126687611328125 0.345241453125 0.161491505859375 0.319898462890625 0.164579251953125 0.312269921875 0.187408791015625 0.2968338828125 0.200256580078125 0.298639521484375 0.213120392578125 0.307502095703125 0.227087357421875 0.30492987109375 0.234897544921875 0.263699419921875 0.230030884765625 0.233788908203125 0.233102607421875 0.219103431640625 0.1941345390625 0.213122919921875 0.18564858984375 0.205379521484375 0.183901724609375 0.18195433984375 0.19024816015625 0.179822837890625 0.187838865234375 0.175452986328125 0.196963208984375 0.153555654296875 0.193386666015625 0.132392859375 0.178709203125 0.13284960546875 0.1780147265625 0.1377910625 0.186230896484375 0.151039513671875 0.18386967578125 0.16784046875 0.181059720703125 0.173492427734375 0.164421697265625 0.180728318359375 0.160623451171875 0.186241380859375 0.143405810546875 0.186845037109375 0.136904455078125 0.18290789453125 0.116518947265625 0.15585541015625 0.111462630859375 0.166734630859375 0.10173463671875 0.1714143203125 0.098401150390625 0.19513331640625 0.094455994140625 0.198106203125 0.0384196875 0.191666310546875 0.0322569375 0.2355165546875 0.03710836328125 0.2404371171875 0.05658037890625 0.238134669921875 0.08728151171875 0.27066816796875 0.094910052734375 0.2737559140625 0.111505328125 0.309849927734375 0.114534298828125 0.33849435546875 0.096237544921875 0.361118212890625 0.089752212890625 0.3642380078125 0.08695026953125 0.37341843359375 0.03600784765625 0.377344873046875 0.0125982421875 0.37539544921875 0 0.465036599609375 0 0.934643369140625 0.465036595703125 1 0.934643369140625 1 0.9526153984375 0.872122369140625 0.9479476640625 0.87146636328125 0.88508638671875 0.7430851015625 0.898025 0.722731642578125 0.898548533203125 0.70466460546875 0.902354791015625 0.702680009765625 0.925069470703125 0.698817666015625 0.962485650390625 0.70508398046875 0.972662380859375 0.71155328515625 0.9751088828125 0.71207290234375 1 0.534963408203125 1 0.49685078125 0.995884623046875 0.496121767578125 0.988672767578125 0.490069146484375 0.982342357421875 0.499257583984375 0.932356177734375 0.48920905078125 0.904774837890625 0.4631608828125 0.896158005859375 0.4599342421875 0.892506666015625 0.46798748046875 0.8865849296875 0.470682576171875 0.837880857421875 0.4658532890625 0.83142757421875 0.483086955078125 0.829296072265625 0.47674051953125 0.82111194921875 0.47760594140625 0.8147494921875 0.4726805078125 0.800635619140625 0.472712556640625 0.793023103515625 0.47668174609375 0.78397355859375 0.469363044921875 0.76013169140625 0.474074783203125 0.7393775703125 0.471157982421875 0.727371166015625 0.4669510625 0.724088439453125 0.450868619140625 0.712367837890625 0.448213583984375 0.696665740234375 0.473836671875 0.6979864765625 0.502671498046875 0.7091270859375 0.493493771484375 0.7125453359375 0.50740350390625 0.720724650390625 0.51929646875 0.7216462421875 0.5382270703125 0.74521921875 0.53616831640625 0.7662010625 0.552546453125 0.770802205078125 0.58989991796875 0.750139404296875 0.603111169921875 0.7576073671875 0.632809931640625 0.775678958984375 0.63803562109375 0.7977712890625 0.646512212890625 0.8009717421875 0.674715939453125 0.766011376953125 0.6877083515625 0.738526529296875 0.679369166015625 0.719547791015625 0.661482 0.726145208984375 0.6400269921875 0.75133675390625 0.6328239296875 0.737721556640625 0.602261232421875 0.703102384765625 0.6000816484375 0.679485978515625 0.583333251953125 0.680690939453125 0.5620157265625 0.69257187890625 0.54757026171875 0.660696134765625 0.538613974609375 0.64861947265625 0.522592107421875 0.6509638359375 0.50591108984375 0.6719023203125 0.50348205078125 0.68844982421875 0.500436 0.679679421875 0.47284607421875 0.617278162109375 0.4650839609375 0.5969407265625 0.45920228515625 0.587311564453125 0.445251345703125 0.58188932421875 0.419294 0.5834011484375 0.401365857421875 0.57418867578125 0.384450044921875 0.557115251953125 0.448566119140625 0.55555535546875 0.445323455078125 0.554136220703125 0.4480559140625 0.52985977734375 0.44171217578125 0.50190982421875 0.43979969140625 0.486513845703125 0.4346124921875 0.4749481640625 0.438026099609375 0.452078564453125 0.435819798828125 0.44600190625 0.432446251953125 0.437916619140625 0.41468104296875 0.42562441015625 0.408922236328125 0.412728548828125 0.385945791015625 0.407549361328125 0.404870236328125 0.394757658203125 0.42776387109375 0.36202116796875 0.4312255546875 0.331245236328125 0.427908091796875 0.319663529296875 0.424264765625 0.29686071484375 0.3893139609375 0.29710645703125 0.3732235078125 0.302988134765625 0.352886072265625 0.3183520625 0.3439593984375 0.3262103203125 0.32389975390625 0.35188186328125 0.31692562890625 0.357795587890625 0.31070206640625 0.3803873984375 0.314884951171875 0.39940798828125 0.362405751953125 0.41143041796875 0.373669607421875 0.41688739453125 0.352768578125 0.430544521484375 0.338059064453125 0.451421513671875 0.332930638671875 0.49492236328125 0.34609896875 0.504642345703125 0.337890810546875 0.504765216796875 0.329845583984375 0.52109340234375 0.31047240234375 0.554572439453125 0.3232400703125 0.56164540234375 0.33028098046875 0.55903042578125 0.359643923828125 0.5723189375 0.369070091796875 0.59622758984375 0.331613849609375 0.623459029296875 0.327882388671875 0.641542091796875 0.335462857421875 0.662066494140625 0.361527048828125 0.68760715234375 0.35906968359375 0.702308654296875 0.36919833984375 0.70820635546875 0.35591783984375 0.72034364453125 0.355608 0.73252900390625 0.37646896875 0.742967501953125 0.373904755859375 0.757097396484375 0.380929642578125 0.794481529296875 0.3730820859375 0.81710538671875 0.39137883984375 0.83442186328125 0.3721445546875 0.821974734375 0.36031710546875 0.81968030078125 0.34437355859375 0.799203970703125 0.339480173828125 0.798608328125 0.325791001953125 0.78926496875 0.3133919453125 0.794884880859375 0.30208803125 0.815737833984375 0.286374201171875 0.82293366796875 0.285369884765625 0.8432711015625 0.291251560546875 0.8426166875 0.313835357421875 0.895778744140625 0.35506849609375 0.901756568359375 0.37707267578125 0.9247650625 0.378290685546875 0.940871541015625 0.38559336328125 0.943443765625 0.399560328125 0.949814236328125 0.408014228515625 0.960391626953125 0.404461724609375 0.9708461484375 0.408954447265625 0.975354896484375 0.405556861328125 1 0.407831705078125 1 0.32387458984375