1 0.611328125 0.4580078125 0.37109375 0.2431640625
1 0.9765625 0.3505859375 0.0458984375 0.109375
1 0.4453125 0.2861328125 0.2216796875 0.1201171875
1 0.95703125 0.142578125 0.0849609375 0.0654296875
1 0.544921875 0.142578125 0.0849609375 0.0556640625
1 0.142578125 0.205078125 0.146484375 0.0986328125
1 0.107421875 0.09765625 0.0654296875 0.0400390625
1 0.7451171875 0.130859375 0.103515625 0.0625
1 0.9140625 0.111328125 0.0849609375 0.048828125
1 0.240234375 0.212890625 0.1494140625 0.0458984375
0 0.5048828125 0.08642578125 0.50048828125 0.0830078125 0.48388671875 0.0830078125 0.47412109375 0.0771484375 0.47607421875 0.0869140625 0.49609375 0.09326171875 0.4951171875 0.11181640625 0.4990234375 0.12548828125 0.51171875 0.12158203125 0.51171875 0.11767578125 0.5009765625 0.10986328125 0.5048828125 0.08642578125
0 0.3623046875 0.07958984375 0.35498046875 0.080078125 0.35107421875 0.07421875 0.3447265625 0.07568359375 0.34521484375 0.08203125 0.3427734375 0.07958984375 0.3359375 0.06298828125 0.341796875 0.04638671875 0.32080078125 0.0439453125 0.318359375 0.04736328125 0.32421875 0.06103515625 0.3232421875 0.07568359375 0.34033203125 0.0810546875 0.3447265625 0.09130859375 0.3515625 0.09228515625 0.3583984375 0.09033203125 0.3515625 0.08642578125 0.36181640625 0.083984375 0.3623046875 0.07958984375
0 0.39697265625 0.052734375 0.41943359375 0.0576171875 0.42431640625 0.0634765625 0.45556640625 0.0625 0.4677734375 0.06884765625 0.470703125 0.04736328125 0.46728515625 0.0439453125 0.3955078125 0.04736328125 0.39697265625 0.052734375
0 0.03759765625 0.0986328125 0.0322265625 0.09033203125 0.0361328125 0.07861328125 0.029296875 0.06884765625 0.0283203125 0.05224609375 0.02392578125 0.048828125 0.00048828125 0.0498046875 0 0.06884765625 0.01611328125 0.0712890625 0.0302734375 0.08544921875 0.02734375 0.10693359375 0.0478515625 0.11083984375 0.05419921875 0.107421875 0.07470703125 0.107421875 0.076171875 0.10302734375 0.03759765625 0.0986328125
0 0.97314453125 0.087890625 0.98974609375 0.083984375 0.99072265625 0.078125 0.92529296875 0.076171875 0.91064453125 0.0810546875 0.86279296875 0.0732421875 0.85888671875 0.078125 0.84716796875 0.0810546875 0.81298828125 0.08203125 0.79150390625 0.078125 0.78173828125 0.08203125 0.75537109375 0.0830078125 0.74658203125 0.0810546875 0.73779296875 0.0654296875 0.734375 0.08447265625 0.72216796875 0.087890625 0.65380859375 0.0791015625 0.63330078125 0.0830078125 0.61669921875 0.0791015625 0.58642578125 0.0810546875 0.5703125 0.07373046875 0.5693359375 0.06591796875 0.5751953125 0.05224609375 0.56982421875 0.048828125 0.515625 0.04736328125 0.51806640625 0.0556640625 0.54443359375 0.0517578125 0.5615234375 0.06103515625 0.5625 0.08349609375 0.55224609375 0.0888671875 0.55224609375 0.0927734375 0.57080078125 0.09375 0.58837890625 0.0888671875 0.61181640625 0.09765625 0.615234375 0.10205078125 0.6123046875 0.11376953125 0.61474609375 0.123046875 0.62353515625 0.123046875 0.63720703125 0.1083984375 0.66357421875 0.0947265625 0.67041015625 0.0947265625 0.68701171875 0.10546875 0.71142578125 0.0986328125 0.75048828125 0.1044921875 0.76318359375 0.0966796875 0.79443359375 0.10546875 0.82275390625 0.09375 0.85498046875 0.0908203125 0.87060546875 0.0947265625 0.88330078125 0.087890625 0.91357421875 0.083984375 0.92626953125 0.0859375 0.93212890625 0.091796875 0.95556640625 0.09375 0.951171875 0.12353515625 0.958984375 0.12548828125 0.978515625 0.11767578125 0.9658203125 0.10498046875 0.96484375 0.09814453125 0.97314453125 0.087890625
0 0.48388671875 0.1708984375 0.41455078125 0.169921875 0.4033203125 0.16259765625 0.39208984375 0.1455078125 0.37841796875 0.142578125 0.35302734375 0.1484375 0.29931640625 0.1474609375 0.2822265625 0.13427734375 0.279296875 0.12060546875 0.27490234375 0.1181640625 0.22900390625 0.1142578125 0.16259765625 0.115234375 0.1484375 0.10693359375 0.1396484375 0.09130859375 0.14697265625 0.0625 0.20751953125 0.0537109375 0.22705078125 0.060546875 0.23583984375 0.068359375 0.25341796875 0.0625 0.26904296875 0.0654296875 0.2744140625 0.05126953125 0.27197265625 0.0478515625 0.20751953125 0.0439453125 0.18798828125 0.044921875 0.17138671875 0.05078125 0.072265625 0.05419921875 0.08447265625 0.078125 0.12255859375 0.0791015625 0.13671875 0.09228515625 0.13671875 0.11474609375 0.1513671875 0.11865234375 0.162109375 0.13427734375 0.162109375 0.15380859375 0.18603515625 0.169921875 0.24755859375 0.1884765625 0.25927734375 0.1796875 0.27880859375 0.177734375 0.29638671875 0.162109375 0.31591796875 0.1640625 0.35595703125 0.1572265625 0.37255859375 0.1650390625 0.404296875 0.19384765625 0.40771484375 0.232421875 0.4599609375 0.25244140625 0.462890625 0.23681640625 0.4765625 0.21630859375 0.4736328125 0.19287109375 0.48388671875 0.1708984375
0 1 0.42919921875 0.94287109375 0.4375 0.89404296875 0.4306640625 0.87939453125 0.43359375 0.87158203125 0.44140625 0.86669921875 0.44140625 0.84326171875 0.41796875 0.80419921875 0.404296875 0.7724609375 0.37744140625 0.7734375 0.36767578125 0.7802734375 0.35791015625 0.7841796875 0.32958984375 0.787109375 0.32958984375 0.78955078125 0.3515625 0.80078125 0.34228515625 0.806640625 0.28955078125 0.82470703125 0.26953125 0.84814453125 0.259765625 0.92529296875 0.2587890625 0.93310546875 0.259765625 0.94775390625 0.26953125 0.96826171875 0.2587890625 0.99951171875 0.2607421875 1 0.17529296875 0.93798828125 0.166015625 0.9365234375 0.16943359375 0.9453125 0.18701171875 0.9453125 0.20068359375 0.935546875 0.21630859375 0.9375 0.22412109375 0.93408203125 0.228515625 0.92529296875 0.2314453125 0.86962890625 0.2294921875 0.84033203125 0.224609375 0.8310546875 0.20947265625 0.8310546875 0.20068359375 0.8505859375 0.17626953125 0.8544921875 0.16064453125 0.84814453125 0.1572265625 0.81494140625 0.1611328125 0.8115234375 0.16650390625 0.8271484375 0.18896484375 0.826171875 0.20654296875 0.8193359375 0.21630859375 0.8203125 0.22412109375 0.80419921875 0.2314453125 0.77978515625 0.2314453125 0.75439453125 0.2255859375 0.7314453125 0.20654296875 0.7294921875 0.18603515625 0.744140625 0.16552734375 0.74169921875 0.1591796875 0.71826171875 0.1552734375 0.7041015625 0.15771484375 0.7060546875 0.16748046875 0.7158203125 0.18017578125 0.7158203125 0.18701171875 0.7099609375 0.20849609375 0.70166015625 0.212890625 0.63818359375 0.2060546875 0.630859375 0.20068359375 0.62646484375 0.189453125 0.61279296875 0.185546875 0.60400390625 0.1767578125 0.57763671875 0.1630859375 0.52734375 0.16943359375 0.54052734375 0.1875 0.55810546875 0.1884765625 0.56884765625 0.1953125 0.583984375 0.21337890625 0.5888671875 0.22900390625 0.5849609375 0.23974609375 0.560546875 0.25927734375 0.55615234375 0.2734375 0.5263671875 0.28369140625 0.53369140625 0.2958984375 0.56103515625 0.31640625 0.57373046875 0.3154296875 0.61474609375 0.33203125 0.6171875 0.32958984375 0.6044921875 0.31689453125 0.5966796875 0.29833984375 0.59765625 0.28564453125 0.611328125 0.25341796875 0.63330078125 0.248046875 0.65673828125 0.2509765625 0.67822265625 0.259765625 0.701171875 0.28271484375 0.7001953125 0.30322265625 0.67822265625 0.328125 0.6416015625 0.34130859375 0.65869140625 0.3515625 0.67919921875 0.3564453125 0.72216796875 0.3798828125 0.72607421875 0.3759765625 0.73681640625 0.3876953125 0.76025390625 0.400390625 0.763671875 0.40771484375 0.759765625 0.41259765625 0.79638671875 0.4384765625 0.80029296875 0.4521484375 0.83056640625 0.4560546875 0.859375 0.48583984375 0.861328125 0.49658203125 0.8798828125 0.51806640625 0.8759765625 0.55810546875 0.859375 0.57275390625 0.859375 0.59228515625 0.84814453125 0.6044921875 0.82958984375 0.6015625 0.81201171875 0.6044921875 0.806640625 0.61669921875 0.7919921875 0.62646484375 0.78759765625 0.640625 0.7841796875 0.64013671875 0.78515625 0.60693359375 0.76611328125 0.5986328125 0.75439453125 0.5986328125 0.7451171875 0.59228515625 0.732421875 0.56494140625 0.7314453125 0.54541015625 0.72607421875 0.537109375 0.575572517578125 0.565866171875 0.51025390625 0.5185546875 0.49560546875 0.51953125 0.46435546875 0.5302734375 0.45166015625 0.5302734375 0.4189453125 0.49853515625 0.416015625 0.48779296875 0.4189453125 0.47802734375 0.4140625 0.47119140625 0.40478515625 0.466796875 0.37841796875 0.46484375 0.3759765625 0.45947265625 0.3828125 0.45556640625 0.3818359375 0.44677734375 0.34619140625 0.435546875 0.32568359375 0.404296875 0.29931640625 0.3984375 0.26904296875 0.3818359375 0.25537109375 0.369140625 0.22119140625 0.357421875 0.20458984375 0.3466796875 0.17529296875 0.3408203125 0.1689453125 0.33349609375 0.166015625 0.31689453125 0.1728515625 0.28271484375 0.13427734375 0.279296875 0.12255859375 0.2529296875 0.10302734375 0.251953125 0.08203125 0.23779296875 0.0771484375 0.21923828125 0.06298828125 0.1953125 0.03076171875 0.1953125 0.0302734375 0.22412109375 0 0.22998046875 0 0.25830078125 0.02001953125 0.2666015625 0.02734375 0.27490234375 0.0361328125 0.29443359375 0.03515625 0.30712890625 0.0546875 0.32275390625 0.05859375 0.33056640625 0.0576171875 0.34228515625 0.07568359375 0.357421875 0.08447265625 0.3603515625 0.1083984375 0.39306640625 0.10302734375 0.4130859375 0.07275390625 0.4345703125 0.04833984375 0.4443359375 0.03076171875 0.466796875 0 0.46435546875 0 0.57568359375 0.01953125 0.59814453125 0.0341796875 0.62548828125 0.056640625 0.64794921875 0.05126953125 0.65625 0 0.67529296875 0 0.72021484375 0.01904296875 0.72265625 0.029296875 0.73095703125 0.033203125 0.74072265625 0.02783203125 0.751953125 0 0.76513671875 0 1 1 1 0.99951171875 0.689453125 0.96240234375 0.689453125 0.9560546875 0.69482421875 0.9541015625 0.70654296875 0.94970703125 0.70703125 0.9462890625 0.68408203125 0.91845703125 0.6630859375 0.9111328125 0.67431640625 0.9091796875 0.68798828125 0.912109375 0.69873046875 0.9228515625 0.71337890625 0.9228515625 0.72802734375 0.91455078125 0.7353515625 0.89697265625 0.740234375 0.86572265625 0.7412109375 0.83935546875 0.734375 0.826171875 0.72509765625 0.81640625 0.70654296875 0.82568359375 0.69140625 0.84130859375 0.6826171875 0.87744140625 0.6796875 0.89599609375 0.68359375 0.8994140625 0.68017578125 0.90625 0.65478515625 0.8857421875 0.63427734375 0.88232421875 0.6240234375 0.90966796875 0.640625 0.9140625 0.63134765625 0.92236328125 0.6279296875 0.92578125 0.65576171875 0.94189453125 0.671875 0.94970703125 0.673828125 0.9541015625 0.66748046875 0.962890625 0.62744140625 0.96923828125 0.6201171875 0.97265625 0.62646484375 0.962890625 0.68017578125 0.97216796875 0.68359375 1 0.68212890625 1 0.59521484375 0.98486328125 0.5888671875 0.97705078125 0.5947265625 0.96923828125 0.58203125 0.94287109375 0.572265625 0.93310546875 0.564453125 0.92578125 0.55712890625 0.9248046875 0.54736328125 0.9267578125 0.51806640625 0.947265625 0.49951171875 0.94921875 0.48974609375 0.97265625 0.46337890625 0.97998046875 0.4560546875 0.994140625 0.45068359375 1 0.44287109375 1 0.42919921875
0 0.43798828125 0.39453125 0.4365234375 0.38916015625 0.51416015625 0.3466796875 0.51611328125 0.3408203125 0.39501953125 0.3525390625 0.375 0.36474609375 0.37646484375 0.369140625 0.4345703125 0.38916015625 0.4345703125 0.42333984375 0.4228515625 0.44384765625 0.42919921875 0.4501953125 0.435546875 0.44970703125 0.45556640625 0.4443359375 0.458984375 0.43994140625 0.4580078125 0.40966796875 0.43798828125 0.39453125
0 0.83837890625 0.0556640625 0.8681640625 0.05615234375 0.8818359375 0.04345703125 0.86279296875 0.0390625 0.8349609375 0.03955078125 0.83837890625 0.0556640625
0 0.70361328125 0.0537109375 0.72998046875 0.052734375 0.7421875 0.06103515625 0.751953125 0.04443359375 0.74951171875 0.041015625 0.6953125 0.04248046875 0.70361328125 0.0537109375