1 0.3623046875 0.333984375 0.31640625 0.18359375
1 0.755859375 0.310546875 0.283203125 0.14453125
1 0.0498046875 0.337890625 0.08984375 0.1953125
1 0.8369140625 0.5869140625 0.326171875 0.267578125
1 0.46875 0.1318359375 0.1875 0.123046875
1 0.85546875 0.44140625 0.2890625 0.1796875
1 0.10546875 0.052734375 0.09765625 0.10546875
1 0.388671875 0.5146484375 0.34375 0.275390625
1 0.595703125 0.21875 0.21484375 0.126953125
1 0.2470703125 0.119140625 0.18359375 0.1640625
1 0.302734375 0.2216796875 0.234375 0.13671875
1 0.310546875 0.6162109375 0.19140625 0.154296875
0 0.197905203125 0.0434755546875 0.20911542578125 0.042614451171875 0.21686208984375 0.036986169921875 0.219800021484375 0.0084485859375 0.20068496875 0.005948384765625 0.19514458203125 0.040929013671875 0.197905203125 0.0434755546875
0 0.52457853515625 0.11841785546875 0.535891009765625 0.130228759765625 0.555057189453125 0.139064966796875 0.561249388671875 0.09996896875 0.557515837890625 0.093577052734375 0.55274866015625 0.097040609375 0.5496110078125 0.090215748046875 0.52457853515625 0.11841785546875
0 0.427113322265625 0.094543671875 0.473308958984375 0.08920452734375 0.45675001953125 0.06390684765625 0.441103310546875 0.0561553984375 0.415219306640625 0.05311042578125 0.41991142578125 0.09340300390625 0.427113322265625 0.094543671875
0 0.69477519921875 0.135882498046875 0.674188787109375 0.15266030078125 0.670664529296875 0.161593974609375 0.684686498046875 0.16961541796875 0.70325199609375 0.18890299609375 0.719192630859375 0.148187046875 0.717847455078125 0.130044923828125 0.70940742578125 0.1134157109375 0.69477519921875 0.135882498046875
0 0.312678732421875 0 0.305254609375 0.008272796875 0.2917167109375 0.0071832578125 0.282075314453125 0.011456791015625 0.273224748046875 0.060678255859375 0.272949970703125 0.0690719453125 0.278578251953125 0.076818607421875 0.308786916015625 0.09584098046875 0.310365314453125 0.079216556640625 0.299266919921875 0.072712814453125 0.29104096875 0.061390763671875 0.288015140625 0.0472010546875 0.302866234375 0.020023005859375 0.33016568359375 0.00747239453125 0.324736669921875 0 0.312678732421875 0
0 0.729014599609375 0.219349671875 0.7526364140625 0.196724720703125 0.737371521484375 0.183233162109375 0.72037963671875 0.1573395859375 0.712185669921875 0.19242725390625 0.7109236015625 0.2270308515625 0.699107908203125 0.24836175390625 0.7018126171875 0.25459071875 0.707552724609375 0.2549725390625 0.717790017578125 0.250266060546875 0.729014599609375 0.219349671875
0 1 0.27823925 0.9951539921875 0.2736305 0.983780818359375 0.275520443359375 0.959813953125 0.34027679296875 0.959427349609375 0.356035328125 0.952332494140625 0.357548240234375 0.9491389296875 0.354405802734375 0.950931408203125 0.3430885390625 0.969479283203125 0.2859111171875 0.970624736328125 0.268690794921875 0.952105580078125 0.2657576484375 0.936011568359375 0.2874655859375 0.916463568359375 0.284369486328125 0.87443442578125 0.2966964453125 0.831763044921875 0.293101916015625 0.83387185546875 0.299763826171875 0.881887166015625 0.339535564453125 0.881449435546875 0.348958095703125 0.868828552734375 0.3553963515625 0.864107712890625 0.37521434375 0.90542434765625 0.380703603515625 0.917118642578125 0.38677440234375 0.967899359375 0.419074255859375 1 0.447691009765625 1 0.424420056640625 0.97883958984375 0.4165884140625 0.96029323828125 0.35722712109375 0.974273654296875 0.338875703125 1 0.322683783203125 1 0.27823925
0 0 0.660530326171875 0.0025518359375 0.654289861328125 0.03325414453125 0.660207279296875 0.032434595703125 0.675369916015625 0.046242486328125 0.678084197265625 0.048956767578125 0.664276306640625 0.06531119921875 0.664229966796875 0.069813171875 0.6491232421875 0.146110435546875 0.660152888671875 0.152390525390625 0.6637841875 0.148693744140625 0.693783556640625 0.163637515625 0.69931437109375 0.154726251953125 0.762236689453125 0.1838038203125 0.768424099609375 0.194712068359375 0.719528541015625 0.24203880078125 0.727024359375 0.244575771484375 0.74430059375 0.305277451171875 0.753914794921875 0.306785578125 0.771028076171875 0.368516099609375 0.78080523046875 0.372422173828125 0.766131451171875 0.3875848125 0.766951 0.393278578125 0.75097838671875 0.42387384765625 0.754242224609375 0.431416005859375 0.723269923828125 0.462281267578125 0.7281585 0.462760552734375 0.745108830078125 0.49156812890625 0.749671501953125 0.49410509765625 0.76694773828125 0.55480677734375 0.776561939453125 0.558549900390625 0.762917 0.542740236328125 0.756194390625 0.5466463125 0.741520611328125 0.610434517578125 0.751623669921875 0.610643810546875 0.766949259765625 0.62645347265625 0.77367187109375 0.62433508984375 0.78704681640625 0.60798065625 0.78709315625 0.605429328125 0.799872205078125 0.619074265625 0.803615328125 0.619283560546875 0.81894091796875 0.63509322265625 0.825663529296875 0.634436625 0.83979732421875 0.696167146484375 0.849574478515625 0.699584365234375 0.83798722265625 0.684207646484375 0.83186051171875 0.683453583984375 0.82330387109375 0.67110748046875 0.821348439453125 0.66829573046875 0.812465892578125 0.65492078515625 0.810347509765625 0.652434943359375 0.799407279296875 0.640791775390625 0.799672486328125 0.638738876953125 0.78932815234375 0.643836748046875 0.77378848046875 0.72408642578125 0.78649878125 0.7245657109375 0.80344911328125 0.75440212890625 0.808174736328125 0.755910255859375 0.82528801953125 0.83410225 0.8376724140625 0.834311541015625 0.85299800390625 0.850121205078125 0.859720615234375 0.849464607421875 0.873854412109375 0.862406609375 0.875376896484375 0.86750448046875 0.8598372265625 0.91380237109375 0.867170091796875 0.915310498046875 0.884283375 0.944118072265625 0.888846046875 0.944159931640625 0.8919111640625 0.97195784765625 0.71640203125 0.8530654453125 0.704625888671875 0.81413240234375 0.697404849609375 0.7603354296875 0.6308784296875 0.7120549140625 0.579463525390625 0.719867064453125 0.550115962890625 0.700328638671875 0.526983009765625 0.707428279296875 0.51545166796875 0.7240574921875 0.507011638671875 0.80177019921875 0.502445705078125 0.82278476953125 0.496282224609375 0.83675561328125 0.497967662109375 0.773400353515625 0.488460501953125 0.745305287109375 0.466081609375 0.70790430078125 0.425881712890625 0.71387284765625 0.40151541015625 0.70743458984375 0.388894525390625 0.709115240234375 0.384942111328125 0.7218431640625 0.38115743359375 0.8079495625 0.376866279296875 0.839140728515625 0.379697169921875 0.85024391015625 0.376182486328125 0.83118476953125 0.369999861328125 0.6614258359375 0.3431126875 0.617688845703125 0.302963916015625 0.622954455078125 0.276376978515625 0.61435147265625 0.260776609375 0.52603401171875 0.24573384375 0.49642124609375 0.22627852734375 0.497515572265625 0.202722201171875 0.49362385546875 0.187340697265625 0.4998016953125 0.178299982421875 0.51518319921875 0.174408267578125 0.424105115234375 0.156818962890625 0.419174986328125 0.16131136328125 0.41690322265625 0.155678294921875 0.40195944921875 0.15014748046875 0.38604753515625 0.130752861328125 0.3279435234375 0.124714044921875 0.32566697265625 0.129099404296875 0.334539947265625 0.146324513671875 0.32765438671875 0.163163017578125 0.32867844140625 0.173344396484375 0.3549394765625 0.180667689453125 0.369394392578125 0.18928503125 0.395208123046875 0.2260677109375 0.400729365234375 0.231160794921875 0.406632423828125 0.230513771484375 0.407376916015625 0.259107267578125 0.398331416015625 0.262947857421875 0.395072365234375 0.283524697265625 0.4559322109375 0.302128486328125 0.46112276171875 0.3192976796875 0.49580946484375 0.373305470703125 0.491684525390625 0.392690515625 0.4885420859375 0.39588408203125 0.48096316015625 0.390465091796875 0.477983673828125 0.39262981640625 0.467629767578125 0.4147195703125 0.400052099609375 0.401907015625 0.39246838671875 0.406506455078125 0.48417434765625 0.47007253125 0.505164986328125 0.514001193359375 0.541150525390625 0.569796673828125 0.545861791015625 0.5700155390625 0.549386048828125 0.561081865234375 0.571100294921875 0.450618736328125 0.5711098671875 0.430581880859375 0.55854968359375 0.423319287109375 0.5773436171875 0.41785874609375 0.582446275390625 0.392300646484375 0.586943458984375 0.387212349609375 0.589536341796875 0.400806162109375 0.53497594921875 0.685357669921875 0.52658226171875 0.685082892578125 0.54064730859375 0.602938484375 0.52667646484375 0.601253044921875 0.5000383984375 0.589651431640625 0.4865931796875 0.621270755859375 0.382354232421875 0.60687023046875 0.378019998046875 0.610929685546875 0.377582265625 0.620352216796875 0.385416826171875 0.657451228515625 0.374467021484375 0.679973927734375 0.36774919921875 0.68576516015625 0.246234015625 0.67390160546875 0.235531794921875 0.63160246875 0.23538798828125 0.592557599609375 0.23031405078125 0.55800512890625 0.221492203125 0.5471160234375 0.22896561328125 0.43334271875 0.243537140625 0.42457678515625 0.3278606328125 0.41156603515625 0.353046486328125 0.40237194140625 0.348609998046875 0.39375938671875 0.3425998984375 0.391752830078125 0.212965802734375 0.371220806640625 0.2053916640625 0.355783390625 0.19809708984375 0.32193385546875 0.200439125 0.293829216796875 0.213441826171875 0.2816508515625 0.27675074609375 0.274803580078125 0.311359130859375 0.26604721875 0.193964099609375 0.244817046875 0.185849974609375 0.226130150390625 0.18326187890625 0.20251791015625 0.2147885234375 0.183254263671875 0.16735475 0.17310486328125 0.162541232421875 0.16021398828125 0.15323052734375 0.15241141015625 0.1509172109375 0.120405482421875 0.15861753515625 0.09842276953125 0.159334830078125 0.070588119140625 0.14081088671875 0.07767340234375 0.131597650390625 0.09256126171875 0.1092331171875 0.090601044921875 0.11539659765625 0.111615615234375 0.1143070546875 0.125153513671875 0.101849126953125 0.130562931640625 0.098701900390625 0.143774923828125 0.083529689453125 0.16299223046875 0.0628410234375 0.16709802734375 0.057422033203125 0.174676951171875 0.04552718359375 0.173201818359375 0.033047796875 0.25199357421875 0.093658419921875 0.272170884765625 0.09657720703125 0.28370701171875 0.09271747265625 0.314735224609375 0.10202817578125 0.322537802734375 0.092167916015625 0.331522603515625 0.089020689453125 0.344734595703125 0.080678126953125 0.350795822265625 0.06944397265625 0.40174906640625 0.062889103515625 0.40651145703125 0.054388373046875 0.40358309765625 0.046418056640625 0.42394107421875 0.040784990234375 0.426212837890625 0.00627773828125 0.4210130703125 0 0.4606491484375 0 0.660530326171875