1 0.8828125 0.58984375 0.14453125 0.15234375
1 0.333984375 0.3603515625 0.13671875 0.12890625
1 0.5634765625 0.2587890625 0.080078125 0.078125
1 0.69140625 0.4248046875 0.1328125 0.119140625
1 0.67578125 0.6474609375 0.1953125 0.20703125
1 0.1474609375 0.4287109375 0.123046875 0.12890625
1 0.482421875 0.501953125 0.146484375 0.150390625
1 0.13671875 0.25 0.125 0.12890625
1 0.810546875 0.3017578125 0.0859375 0.095703125
1 0.7919921875 0.501953125 0.1171875 0.109375
1 0.5185546875 0.0390625 0.06640625 0.07421875
1 0.4267578125 0.1005859375 0.072265625 0.064453125
1 0.6103515625 0.361328125 0.09765625 0.0859375
1 0.19921875 0.0556640625 0.072265625 0.078125
1 0.0361328125 0.3115234375 0.033203125 0.09765625
1 0.9267578125 0.3955078125 0.103515625 0.083984375
1 0.2783203125 0.744140625 0.123046875 0.087890625
0 0.871333408203125 1 0.871992830078125 0.997559650390625 0.902035255859375 0.98129973046875 0.95535430859375 0.75034954296875 0.946124775390625 0.7470571484375 0.92692730859375 0.7300065703125 0.91364213671875 0.723784826171875 0.90281523046875 0.709192513671875 0.898209431640625 0.68814990234375 0.9025886015625 0.6691816328125 0.898213927734375 0.6403058203125 0.885157953125 0.64675548046875 0.87694083203125 0.64590994921875 0.81750328125 0.61641459375 0.814662375 0.610501013671875 0.767817263671875 0.6038921328125 0.75376424609375 0.596441572265625 0.738329615234375 0.58131125390625 0.683113298828125 0.579078974609375 0.678351490234375 0.5837631015625 0.6858771640625 0.58760362109375 0.68579883984375 0.60388442578125 0.715440572265625 0.621243169921875 0.738476634765625 0.6512726796875 0.74554005859375 0.67077959765625 0.735244740234375 0.71992825 0.73125077734375 0.7258411875 0.68947371875 0.724608521484375 0.6443171015625 0.72890487109375 0.620438076171875 0.679753009765625 0.61268448828125 0.649571341796875 0.595715447265625 0.618313662109375 0.603167291015625 0.590590904296875 0.621139158203125 0.574234986328125 0.561469841796875 0.559407697265625 0.559628548828125 0.540054861328125 0.543654625 0.5432020078125 0.53935249609375 0.559559212890625 0.524224748046875 0.547654369140625 0.493736201171875 0.552182482421875 0.470083162109375 0.549876373046875 0.427081142578125 0.508402341796875 0.42577400390625 0.525450994140625 0.4157136640625 0.525757232421875 0.402042640625 0.5394256875 0.3802321796875 0.542802673828125 0.364258900390625 0.539114951171875 0.359882298828125 0.53074374609375 0.35381527734375 0.531971916015625 0.35151044921875 0.54195521484375 0.356193935546875 0.55355189453125 0.35173836328125 0.568296361328125 0.3418301796875 0.583885076171875 0.321631171875 0.600778359375 0.29191046875 0.606535287109375 0.2699472109375 0.601464669921875 0.260885841796875 0.595166521484375 0.24921276171875 0.595626203125 0.23446637109375 0.6116752421875 0.235541099609375 0.61612952734375 0.2267095703125 0.615667919921875 0.23247227734375 0.58387480078125 0.21588459375 0.580571001953125 0.215501310546875 0.5731217265625 0.212582078125 0.58348894921875 0.19430397265625 0.58978452734375 0.19138409765625 0.60698662109375 0.17779140234375 0.60437426953125 0.17272142578125 0.61950266015625 0.165809513671875 0.622113083984375 0.178095072265625 0.641774087890625 0.171795642578125 0.664505193359375 0.158968865234375 0.68362626171875 0.129478005859375 0.69521973046875 0.093536841796875 0.700592091796875 0.0723414296875 0.696750287109375 0.0615138828125 0.68899284375 0.0509174609375 0.673402205078125 0.047923755859375 0.65904101953125 0.052611091796875 0.629628484375 0.057680423828125 0.621334962890625 0.078416798828125 0.606668822265625 0.11382059765625 0.599069314453125 0.141620396484375 0.60391009375 0.148687673828125 0.582407798828125 0.1355565859375 0.570963919921875 0.13471298046875 0.558676435546875 0.068974716796875 0.565581923828125 0.019288701171875 0.553059462890625 0 0.542693048828125 0 0.723489171875 0.01120896484375 0.724698390625 0.0265665546875 0.7424397734375 0.02902289453125 0.75457381640625 0.0191147109375 0.770162529296875 0 0.778710083984375 0 0.897717958984375 0.0818025546875 0.91660356640625 0.06855996875 0.89304122265625 0.06718092578125 0.85802198828125 0.04805921484375 0.852030083984375 0.037539193359375 0.84066324609375 0.032702912109375 0.820618962890625 0.03592966796875 0.80664234375 0.061581291015625 0.7889048125 0.098519501953125 0.797432669921875 0.107813279296875 0.78222787890625 0.123941927734375 0.76702373046875 0.15665826171875 0.755123380859375 0.166489404296875 0.742145734375 0.184537669921875 0.7300136171875 0.208268390625 0.72287379296875 0.232535833984375 0.72479598046875 0.2409853671875 0.70413857421875 0.29143923046875 0.71788984765625 0.286907904296875 0.72157564453125 0.291361546875 0.72733578515625 0.302726458984375 0.737320369140625 0.312709755859375 0.7396251953125 0.325686763671875 0.75629120703125 0.36984633203125 0.73809463671875 0.391733193359375 0.738941453125 0.40524884765625 0.744164869140625 0.42475319921875 0.764440919921875 0.44172159765625 0.80253346875 0.438955806640625 0.8145134296875 0.421597060546875 0.844155162109375 0.3970978515625 0.85690104296875 0.377745015625 0.858742333984375 0.370219341796875 0.854901814453125 0.363691353515625 0.85812664453125 0.360617396484375 0.880550869140625 0.37620482421875 0.904128791015625 0.37113420703125 0.92609205078125 0.341028296875 0.944904310546875 0.3001718828125 0.953348064453125 0.280141603515625 0.962393744140625 0.443032193359375 1 0.871333408203125 1
0 1 0.379388216796875 0.978645947265625 0.36023734375 0.960138640625 0.353861513671875 0.94854324609375 0.344875259765625 0.942554552734375 0.329822626953125 0.91913199609375 0.326518185546875 0.90331280078125 0.317608330078125 0.8990138828125 0.2997911875 0.862536638671875 0.289266671875 0.858544603515625 0.27467500390625 0.842724763671875 0.272600017578125 0.84118778515625 0.28381212890625 0.85178356640625 0.306237638671875 0.848326326171875 0.32121258984375 0.822444220703125 0.33994844921875 0.844329794921875 0.354465001953125 0.85630975390625 0.357230794921875 0.8586896953125 0.36514103515625 0.865678005859375 0.3667544140625 0.887950716796875 0.34771102734375 0.924121078125 0.35501007421875 0.94132188671875 0.371599685546875 0.969888890625 0.38450414453125 0.970195130859375 0.39456448828125 0.98132955859375 0.405547400390625 0.978332 0.432195427734375 0.99514952734375 0.441335765625 1 0.4410221640625 1 0.379388216796875
0 1 0.221960830078125 0.943948365234375 0.207639875 0.94886618359375 0.17722901171875 0.955548896484375 0.1619471796875 0.971445775390625 0.16141109765625 0.97259883203125 0.149584578125 0.94587440625 0.14236321875 0.933050197265625 0.134144810546875 0.9279815078125 0.13560346484375 0.925676681640625 0.145586763671875 0.939575615234375 0.15825945703125 0.938421919921875 0.17692084375 0.927360677734375 0.204336078125 0.88220534765625 0.194962689453125 0.88474258203125 0.163476453125 0.8722252578125 0.158483517578125 0.8606247265625 0.20417621484375 0.874754787109375 0.20901570703125 0.8740620546875 0.225680435546875 0.902783142578125 0.23336276171875 0.9016300859375 0.245189279296875 0.909539685546875 0.24964420703125 0.922058935546875 0.23413253515625 0.9248247265625 0.22215257421875 0.93864790625 0.223766595703125 0.9405668828125 0.23367349609375 0.953314046875 0.24450296875 0.952467875 0.2595549609375 0.965369123046875 0.265162302734375 0.9637551015625 0.27898548046875 0.99324403515625 0.287896619140625 0.994088283203125 0.293349234375 0.998312083984375 0.2932728359375 1 0.29570810546875 1 0.252246603515625 0.99992867578125 0.2521101796875 1 0.25186165234375 1 0.221960830078125
0 0.891377775390625 0.653974916015625 0.89299115234375 0.64698660546875 0.8774781953125 0.648137091796875 0.84330577734375 0.627629275390625 0.81827112890625 0.61764340625 0.81389452734375 0.609272201171875 0.774344611328125 0.607502169921875 0.7529963984375 0.595212759765625 0.748235873046875 0.5862271484375 0.750848865234375 0.56579958203125 0.755534919921875 0.55005678515625 0.768668576171875 0.534161189453125 0.767594490234375 0.52287203515625 0.75208153125 0.524022521484375 0.7390242734375 0.544141919921875 0.73026914453125 0.547904115234375 0.70715347265625 0.547825146484375 0.675130513671875 0.536225900390625 0.67175031640625 0.548589783203125 0.66138244921875 0.552505419921875 0.659077623046875 0.562488720703125 0.665758408203125 0.56771149609375 0.68679716796875 0.604114908203125 0.70046562109375 0.6177859296875 0.7144422421875 0.6210126875 0.736250134765625 0.64497517578125 0.74638558984375 0.662562474609375 0.747000638671875 0.655343681640625 0.755909208984375 0.653194224609375 0.761286068359375 0.641291306640625 0.775185001953125 0.653963998046875 0.78416997265625 0.656038341796875 0.8146585234375 0.651510224609375 0.824794619140625 0.662262658203125 0.846066431640625 0.670328265625 0.8591988046875 0.66810240625 0.8754038515625 0.6571220625 0.8858481171875 0.657430228515625 0.891377775390625 0.653974916015625
0 1 0.548200830078125 0.9919908203125 0.548389482421875 0.972254703125 0.5427815 0.96273301171875 0.53164514453125 0.96189069140625 0.505687921875 0.932708638671875 0.500002255859375 0.92211157421875 0.491246484375 0.917659216796875 0.471816609375 0.9223471953125 0.435569205078125 0.91850731640625 0.436260009765625 0.9120550859375 0.45054351171875 0.904298287109375 0.454536189453125 0.885943783203125 0.45660796484375 0.856992212890625 0.44992396875 0.853996580078125 0.456067388671875 0.84132453125 0.46313145703125 0.820205517578125 0.463513455078125 0.8073055546875 0.444236375 0.8136813828125 0.4257290703125 0.789876189453125 0.408140486328125 0.784347818359375 0.3979260625 0.7866545703125 0.367438154296875 0.769144310546875 0.374962544921875 0.742496283203125 0.371964986328125 0.7241430625 0.3603670234375 0.718845814453125 0.34231940234375 0.68037191015625 0.33133391796875 0.6654759296875 0.304761005859375 0.64497196484375 0.297924208984375 0.6399039140625 0.292547994140625 0.640289765625 0.272657794921875 0.628770771484375 0.267895341796875 0.613720064453125 0.253379431640625 0.609575228515625 0.230340158203125 0.61917653125 0.21152597265625 0.61464648828125 0.201542029296875 0.580165904296875 0.1914784765625 0.5782475703125 0.17473670703125 0.574100810546875 0.172202041015625 0.556744634765625 0.174504298828125 0.532861755859375 0.166361650390625 0.529019951171875 0.187557060546875 0.531553333984375 0.1970800390625 0.5384646015625 0.201304482421875 0.53892235546875 0.23348216796875 0.547907326171875 0.23555651171875 0.574095673828125 0.2268809921875 0.581851830078125 0.22972318359375 0.595980607421875 0.2482324140625 0.597515017578125 0.26435977734375 0.60596198046875 0.271041845703125 0.624850638671875 0.30537155859375 0.6263073671875 0.330944857421875 0.64204951953125 0.34246577734375 0.658558880859375 0.362050380859375 0.661322103515625 0.377409896484375 0.67522232421875 0.376412849609375 0.697799349609375 0.387934412109375 0.721681583984375 0.402911931640625 0.73719261328125 0.42226605078125 0.744256681640625 0.4349381015625 0.742410251953125 0.47026421875 0.746555728515625 0.48646862109375 0.777353728515625 0.457826501953125 0.8094530859375 0.473649552734375 0.828343671875 0.487474658203125 0.832796671875 0.500069666015625 0.842011484375 0.507980548828125 0.844390140625 0.52956052734375 0.838936240234375 0.54407451171875 0.82012076953125 0.548142947265625 0.827799884765625 0.553596205078125 0.8284136484375 0.560047150390625 0.83701533984375 0.554672216796875 0.8452324609375 0.555517748046875 0.885322310546875 0.5321754453125 0.894768248046875 0.532253130859375 0.91557780859375 0.55598513671875 0.930398673828125 0.5646645078125 0.94007316796875 0.584248466796875 0.940531564453125 0.609591283203125 0.94805723828125 0.6134318046875 0.987954091796875 0.609144365234375 1 0.556967802734375 1 0.548200830078125
0 0.102282041015625 0 0.083918861328125 0.079539671875 0.090061638671875 0.089370173828125 0.092440939453125 0.104115283203125 0.1177060703125 0.1131028203125 0.12976050390625 0.140597021484375 0.128684490234375 0.149812474609375 0.10479840234375 0.175844169921875 0.10019067578125 0.175306162109375 0.089438244140625 0.18544226171875 0.063859669921875 0.166425578125 0.0355244921875 0.289158716796875 0.067464708984375 0.289729544921875 0.07975155078125 0.29572080859375 0.088044431640625 0.30762501171875 0.0890414765625 0.321525232421875 0.0854314375 0.328052576171875 0.07275938671875 0.33511664453125 0.04534287109375 0.337725140625 0.04088730078125 0.352469609375 0.031748248046875 0.355617396484375 0.025066177734375 0.364064361328125 0.018453658203125 0.363100623046875 0.00901200390625 0.40399691796875 0.026829787109375 0.392863130859375 0.03474002734375 0.390483189453125 0.05294044921875 0.393633546875 0.087189267578125 0.418365166015625 0.096174236328125 0.420439509765625 0.100244599609375 0.418750375 0.10715779296875 0.402470212890625 0.1292770625 0.381814091796875 0.1410265390625 0.385578212890625 0.186332744140625 0.4239038125 0.193165685546875 0.4444090625 0.187786900390625 0.476816587890625 0.16881734765625 0.48610715625 0.166895802734375 0.50353973046875 0.176800775390625 0.522125359375 0.20851685546875 0.530499134765625 0.213276736328125 0.5463196171875 0.225103255859375 0.547472669921875 0.232555099609375 0.5197499140625 0.25190921875 0.504238884765625 0.257286720703125 0.485501095703125 0.275104501953125 0.474367310546875 0.30290366015625 0.48604295703125 0.308048107421875 0.495642974609375 0.34014746484375 0.511466025390625 0.347058091796875 0.522525337890625 0.35566170703125 0.49664580078125 0.33101098046875 0.487274337890625 0.3267878203125 0.480515869140625 0.32924865625 0.444805830078125 0.30244783203125 0.433360666015625 0.2968411328125 0.439427044921875 0.2790239921875 0.443725962890625 0.251070751953125 0.43727244921875 0.2440830859375 0.428824201171875 0.244160767578125 0.419378267578125 0.23809503125 0.40693669921875 0.225347224609375 0.402942095703125 0.2092981875 0.388195701171875 0.210528283203125 0.3737581171875 0.215828099609375 0.364466263671875 0.236410390625 0.355022255859375 0.25384296484375 0.35694380078125 0.27342371484375 0.381443654296875 0.27726359375 0.38075284765625 0.279800185546875 0.35610148046875 0.28632881640625 0.34604178125 0.312596130859375 0.31425058984375 0.321427658203125 0.314712197265625 0.35736625390625 0.336679310546875 0.392151794921875 0.37047294140625 0.39176466015625 0.40403287890625 0.3880005390625 0.415782357421875 0.374177359375 0.4141683359375 0.369568349609375 0.42730006640625 0.36342428515625 0.431139302734375 0.3635770859375 0.439586908203125 0.370027388671875 0.44580801171875 0.38039461328125 0.44872724609375 0.3876146875 0.435672556640625 0.40643144140625 0.417934384765625 0.4255544375 0.410256552734375 0.44628888671875 0.416095017578125 0.45596401953125 0.428844109375 0.47132225 0.439750625 0.49912269140625 0.43775653125 0.5035776171875 0.42984693359375 0.522470130859375 0.42316743359375 0.534450091796875 0.425933224609375 0.546659248046875 0.441370423828125 0.57307679296875 0.4453663125 0.581523755859375 0.4520483828125 0.584209294921875 0.47685383203125 0.57284181640625 0.494208724609375 0.583668078125 0.515635904296875 0.580902287109375 0.52761586328125 0.55863021875 0.53982437890625 0.543347744140625 0.539976537109375 0.53743159375 0.570156919921875 0.53290026953125 0.573842712890625 0.528062701171875 0.567468169921875 0.516389623046875 0.567927849609375 0.5179259609375 0.56355060546875 0.514470646484375 0.55802094921875 0.5095553984375 0.561092337890625 0.507175455078125 0.55318209765625 0.49058712890625 0.55671316796875 0.470851009765625 0.551105185546875 0.460408029296875 0.53712728125 0.44935 0.530368169921875 0.446739576171875 0.523456259765625 0.4260828125 0.508171859375 0.419863634765625 0.4941175546875 0.401279287109375 0.490352791015625 0.403505146484375 0.5034851640625 0.414639576171875 0.514468078125 0.4084935859375 0.538811921875 0.37700670703125 0.5431095546875 0.349515076171875 0.527824513671875 0.356731298828125 0.555779037109375 0.342597384765625 0.591948755859375 0.363101349609375 0.59878555078125 0.3657117734375 0.6056974609375 0.37385249609375 0.602319189453125 0.38222241796875 0.611612328125 0.3918224375 0.606467876953125 0.39458566015625 0.62182739453125 0.411250388671875 0.622520125 0.432138275390625 0.629971328125 0.451337669921875 0.626517298828125 0.46454644140625 0.6285152421875 0.475759197265625 0.623217353515625 0.48390248828125 0.592499607421875 0.467775767578125 0.5871991484375 0.4701569921875 0.581439650390625 0.49089144140625 0.5872781171875 0.513393349609375 0.580906138671875 0.527600451171875 0.58313456640625 0.5309800078125 0.577605552734375 0.5326685 0.588510783203125 0.550254517578125 0.592045064453125 0.546259912109375 0.60479287109375 0.548792654296875 0.62115071484375 0.5684504453125 0.64303950390625 0.57436209765625 0.660703201171875 0.5775875703125 0.6603963203125 0.58042976171875 0.6526401640625 0.58780263671875 0.648033080078125 0.590798912109375 0.6350547890625 0.58695967578125 0.6289107265625 0.605087552734375 0.586828068359375 0.64110768359375 0.558340033203125 0.623368869140625 0.546358146484375 0.61661168359375 0.5369115703125 0.62029940625 0.5209382890625 0.6328950546875 0.509650419921875 0.64748672265625 0.505658384765625 0.669142458984375 0.5143383984375 0.679821060546875 0.472639021484375 0.6335152421875 0.44775267578125 0.6138555234375 0.44636849609375 0.58037326953125 0.43653542578125 0.573846568359375 0.42609051953125 0.5849861328125 0.382394482421875 0.567554201171875 0.373638068359375 0.56279367578125 0.36465245703125 0.566404998046875 0.344455373046875 0.5750066875 0.33908044140625 0.580306501953125 0.329788591796875 0.578386884765625 0.32671655859375 0.57262738671875 0.324335333984375 0.558649482421875 0.334778314453125 0.5180248359375 0.328554 0.499977212890625 0.33385124609375 0.484310814453125 0.333388998046875 0.45359306640625 0.325245703125 0.446759482421875 0.311575326171875 0.447528615234375 0.299134400390625 0.4426140078125 0.295370919921875 0.410667447265625 0.287995474609375 0.39408040234375 0.27785680859375 0.362747609375 0.27693230859375 0.337789357421875 0.2711702421875 0.326731970703125 0.25757626171875 0.326964380859375 0.236073326171875 0.288720958984375 0.224089513671875 0.280275921875 0.196902837890625 0.259465076171875 0.186840568359375 0.254398953125 0.16095974609375 0.246873919921875 0.150284357421875 0.234587078125 0.144293091796875 0.23305266796875 0.12816573046875 0.204638462890625 0.123708875 0.190354962890625 0.11725664453125 0.18306233984375 0.0850783203125 0.132608474609375 0.071327044921875 0.1201694765625 0.05005330859375 0.123396234375 0.0360766875 0.142673310546875 0.023176724609375 0.15611256640625 0.024176337890625 0.16310216015625 0.012119978515625 0.18798401171875 0.013658240234375 0.2082574921875 0.0214933671875 0.229296251953125 0.05789678125 0.235593115234375 0.0625051484375 0.26531253125 0.07041795703125 0.278520021484375 0.086085638671875 0.3085463203125 0.097223921875 0.3111567421875 0.10413583203125 0.319373865234375 0.10498136328125 0.324750080078125 0.099913314453125 0.325363845703125 0.106364259765625 0.33565402734375 0.111894556640625 0.347632703125 0.128330087890625 0.35700223828125 0.12418396875 0.36998052734375 0.127180244140625 0.382113287109375 0.138393640625 0.388792787109375 0.15728615234375 0.3797288515625 0.17832748046875 0.38587162890625 0.18815798046875 0.382414388671875 0.203132931640625 0.395853001953125 0.210967416015625 0.4035314765625 0.223255541015625 0.427262197265625 0.216115716796875 0.454371189453125 0.2171166171875 0.480326484375 0.23677890234375 0.486852544921875 0.254058677734375 0.505897212890625 0.262661650390625 0.523404904296875 0.282476736328125 0.52785983203125 0.274567138671875 0.526249021484375 0.25421597265625 0.508585322265625 0.260127625 0.495607033203125 0.2571313515625 0.4870843125 0.239390611328125 0.48193922265625 0.236625462890625 0.485704626953125 0.211206244140625 0.471728650390625 0.201144619140625 0.467583173828125 0.184940216796875 0.45560385546875 0.1753395546875 0.447234576171875 0.15921155078125 0.454916904296875 0.130490462890625 0.4652077265625 0.129185892578125 0.47596016015625 0.119049794921875 0.50713887109375 0.12519642578125 0.509442412109375 0.128882865234375 0.51612383984375 0.12727076953125 0.51942635546875 0.124352822265625 0.51919715625 0.1116814140625 0.505298861328125 0.092173853515625 0.496774857421875 0.088102849609375 0.477728904296875 0.09316961328125 0.45853015234375 0.089788775390625 0.455995486328125 0.09393553515625 0.46636078125 0.117359375 0.463057626953125 0.12711219140625 0.4571446875 0.12311823046875 0.432339236328125 0.12580376953125 0.417593484375 0.1350179375 0.40630497265625 0.12925715625 0.40438599609375 0.11935025390625 0.392406037109375 0.116584462890625 0.3893346484375 0.111669212890625 0.362456138671875 0.109669984375 0.348020478515625 0.087935279296875 0.351708201171875 0.071962001953125 0.361922626953125 0.066433626953125 0.380584013671875 0.067587326171875 0.379893208984375 0.063747447265625 0.383502603515625 0.064054970703125 0.38772512109375 0.07764830859375 0.400011962890625 0.08363957421875 0.41268337109375 0.083410375 0.418828078125 0.07273626953125 0.43096212109375 0.070279927734375 0.42835233984375 0.0565331484375 0.395331048828125 0.044703419921875 0.3877289765625 0.03663909765625 0.379436095703125 0.024734892578125 0.3798213046875 0.0116795625 0.367073498046875 0.007684958984375 0.360006861328125 0.022352384765625 0.344032939453125 0.02549953125 0.315926900390625 0.01059841015625 0.305173185546875 0.034404248046875 0.2812896640625 0.033096466796875 0.26447213671875 0.02395612890625 0.262706603515625 0.01566196484375 0.266322453125 0 0.102282041015625 0
0 1 0.140151205078125 0.988956677734375 0.147051837890625 0.96054247265625 0.142594986328125 0.9245274765625 0.1164040703125 0.9177690078125 0.12062723046875 0.924295068359375 0.137907005859375 0.9232190546875 0.147122458984375 0.937348474609375 0.1587968203125 0.936655740234375 0.175461548828125 0.919221240234375 0.194044609375 0.90009888671875 0.194887572265625 0.886353392578125 0.1838276171875 0.885511072265625 0.157870396484375 0.8656985546875 0.148038609375 0.85702175390625 0.13552 0.82062219140625 0.115549548828125 0.812250986328125 0.119926150390625 0.800271025390625 0.117160359375 0.776388791015625 0.10218283984375 0.752659353515625 0.095652927734375 0.713649369140625 0.0687705625 0.705203048828125 0.055253623046875 0.678248138671875 0.04903059375 0.664195119140625 0.04158003515625 0.655902880859375 0.022840962890625 0.602290810546875 0.010463640625 0.596155240234375 0.0242944765625 0.5670495859375 0.02283261328125 0.5637464296875 0.032585431640625 0.552763515625 0.043719859375 0.5524559921875 0.0473292578125 0.556372912109375 0.044027384765625 0.556833236328125 0.04886559375 0.546926333984375 0.050784568359375 0.553221912109375 0.06906267578125 0.549457791015625 0.08081215234375 0.5519147734375 0.086111328125 0.564432740234375 0.084269392578125 0.57388124609375 0.057007599609375 0.584863515625 0.052708041015625 0.598762453125 0.065380734375 0.603216736328125 0.064306001953125 0.60075846875 0.07267656640625 0.6035223359375 0.081201212890625 0.621877484375 0.0722945703125 0.623106939453125 0.064691853515625 0.610820095703125 0.058700587890625 0.602450818359375 0.042572583984375 0.605216609375 0.030592625 0.620500365234375 0.016770728515625 0.63823982421875 0.02191774609375 0.645457974609375 0.0293676640625 0.647529107421875 0.0545570390625 0.701515326171875 0.071226904296875 0.73353571484375 0.110165626953125 0.742365318359375 0.131131841796875 0.755343609375 0.134128115234375 0.770547755859375 0.150256763671875 0.78099009375 0.17106953515625 0.7810658515625 0.182128205078125 0.797269615234375 0.18481759765625 0.811629515625 0.195493630859375 0.817156603515625 0.21937779296875 0.7931947578125 0.23435081640625 0.770770533203125 0.231276857421875 0.757025037109375 0.22021690234375 0.75917770703125 0.19495112890625 0.748502958984375 0.19564129296875 0.723237828125 0.18665375390625 0.7088785703125 0.169142853515625 0.709417216796875 0.1577002578125 0.705731421875 0.153168931640625 0.690141423828125 0.156930484375 0.672401966796875 0.151783466796875 0.646062107421875 0.138341642578125 0.640764857421875 0.12029401953125 0.626941037109375 0.1255148671875 0.617188220703125 0.1222117109375 0.60666819921875 0.110844873046875 0.60075654296875 0.093181173828125 0.583553810546875 0.09709616796875 0.5927679765625 0.11184191796875 0.588540962890625 0.1460926640625 0.62210090234375 0.146479796875 0.63169963671875 0.1550050859375 0.63768833203125 0.170057720703125 0.649207966796875 0.167985302734375 0.65389337890625 0.159077373046875 0.659883359375 0.16046026953125 0.69536098828125 0.18442404296875 0.698891416015625 0.20784723828125 0.685910556640625 0.23219044140625 0.71317170703125 0.2484738125 0.72169378515625 0.273049423828125 0.74810940234375 0.297549919921875 0.75002837890625 0.3074568203125 0.7679983203125 0.3116055078125 0.77398894140625 0.306153533203125 0.7749885546875 0.292714279296875 0.79434267578125 0.27720325 0.8301303984375 0.2702181484375 0.848942658203125 0.30032405859375 0.842950109375 0.326280638671875 0.83488578515625 0.333882712890625 0.835269068359375 0.34133198828125 0.842794099609375 0.35200737890625 0.852777400390625 0.354312205078125 0.855387822265625 0.361224115234375 0.863911828125 0.365295119140625 0.890177859375 0.3471736640625 0.908608763671875 0.34932569140625 0.923890595703125 0.35600840234375 0.94132188671875 0.371599685546875 0.9658955703125 0.38358221484375 0.974341890625 0.397099154296875 0.979718107421875 0.392031103515625 0.983172134765625 0.411230498046875 0.979023447265625 0.429200439453125 0.986241599609375 0.436650357421875 0.998605482421875 0.4400305546875 1 0.4396940859375 1 0.3798265546875 0.9788764296875 0.359239013671875 0.9576046171875 0.351173404296875 0.943015517578125 0.32782596484375 0.92435412890625 0.32667226953125 0.90730612109375 0.318530259765625 0.902854404296875 0.292265513671875 0.89217965625 0.2929556796875 0.868680703125 0.28542743359375 0.8581613203125 0.267225728515625 0.846027279296875 0.2696820703125 0.832281140625 0.26545698046875 0.81876612890625 0.253398697265625 0.822070568359375 0.229976140625 0.84303742578125 0.214311669921875 0.8646938046875 0.21615681640625 0.878054091796875 0.240272103515625 0.894027369140625 0.243959826171875 0.91138226171875 0.2553273046875 0.922826783203125 0.23536134765625 0.93534475 0.2335194140625 0.950856421875 0.2460386640625 0.949933208984375 0.26370172265625 0.96605864453125 0.28267191796875 0.967977619140625 0.292578818359375 0.991630658203125 0.294884927734375 1 0.301077591796875 1 0.215976552734375 0.984265486328125 0.217473587890625 0.95554440234375 0.209791259765625 0.946944640625 0.194661583984375 0.951861173828125 0.177920458984375 0.9827349296875 0.16033701171875 1 0.1647481640625 1 0.140151205078125