1 0.6650390625 0.4052734375 0.240234375 0.228515625
1 0.484375 0.2841796875 0.15625 0.134765625
1 0.5830078125 0.7578125 0.326171875 0.326171875
1 0.9345703125 0.34375 0.130859375 0.1328125
1 0.8134765625 0.517578125 0.19140625 0.189453125
1 0.7900390625 0.2568359375 0.123046875 0.107421875
1 0.2412109375 0.1103515625 0.107421875 0.087890625
1 0.36328125 0.185546875 0.14453125 0.111328125
1 0.1044921875 0.2998046875 0.181640625 0.18359375
1 0.57421875 0.158203125 0.115234375 0.109375
1 0.3466796875 0.517578125 0.255859375 0.212890625
1 0.1640625 0.0712890625 0.080078125 0.091796875
1 0.1279296875 0.0439453125 0.076171875 0.0859375
1 0.220703125 0.4208984375 0.265625 0.2578125
1 0.984375 0.423828125 0.03125 0.125
1 0.3642578125 0.0244140625 0.076171875 0.048828125
1 0.091796875 0.0302734375 0.0703125 0.060546875
1 0.9677734375 0.6552734375 0.048828125 0.146484375
1 0.4931640625 0.0869140625 0.103515625 0.0703125
1 0.466796875 0.6044921875 0.3046875 0.234375
0 0.1449880703125 0.935063046875 0.142076291015625 0.945131283203125 0.125449287109375 0.94628699609375 0.12266709765625 0.95188310546875 0.195529630859375 0.962123265625 0.1933801328125 0.952840494140625 0.181928736328125 0.956220373046875 0.179543248046875 0.95189369921875 0.166547369140625 0.952062955078125 0.163151625 0.93362435546875 0.1449880703125 0.935063046875
0 0.735214669921875 1 0.739828603515625 0.97326010546875 0.745271322265625 0.9700336171875 0.7511028125 0.95339074609375 0.734467875 0.951052857421875 0.727366947265625 0.962528052734375 0.71298790625 0.96898896484375 0.680421509765625 0.96640776171875 0.633711453125 0.950862412109375 0.626142427734375 0.940817974609375 0.6104701484375 0.93163040625 0.59994174609375 0.910692595703125 0.599788357421875 0.90468391796875 0.610091974609375 0.888170638671875 0.610731990234375 0.862316400390625 0.621479908203125 0.856841947265625 0.62621121484375 0.848027283203125 0.6365624296875 0.852475611328125 0.64981748828125 0.8433621015625 0.666314904296875 0.846678515625 0.673714677734375 0.843727072265625 0.68700146875 0.84858796875 0.698727912109375 0.843251041015625 0.733849048828125 0.863154794921875 0.7383687734375 0.8842459921875 0.761771400390625 0.91298027734375 0.78099547265625 0.88624537109375 0.7930392890625 0.83604964453125 0.803358771484375 0.826523568359375 0.80557500390625 0.817854359375 0.795369244140625 0.815921107421875 0.794657830078125 0.8103329296875 0.810573421875 0.803589041015625 0.82575380078125 0.780776169921875 0.83559725390625 0.746236857421875 0.853033529296875 0.732222787109375 0.859891140625 0.736679046875 0.863852841796875 0.758190748046875 0.86330275 0.7621048515625 0.853387904296875 0.76520175 0.845583498046875 0.774582373046875 0.840479287109375 0.803800623046875 0.84412627734375 0.8098013671875 0.870149771484375 0.823437263671875 0.8964007109375 0.8141545 0.921842380859375 0.81773009375 0.92954099609375 0.82330240234375 0.93572686328125 0.83963849609375 0.95671140625 0.842977751953125 0.96258093359375 0.8012138984375 0.91710580078125 0.762681404296875 0.916492248046875 0.7386466953125 0.904427294921875 0.71799186328125 0.905374087890625 0.704154978515625 0.899074498046875 0.699278216796875 0.899058634765625 0.692291013671875 0.8914975390625 0.685740177734375 0.847035447265625 0.6755000234375 0.835139748046875 0.667841072265625 0.808939068359375 0.6377156953125 0.820205345703125 0.614352732421875 0.818790451171875 0.606669982421875 0.807056076171875 0.608513310546875 0.799582244140625 0.640392091796875 0.796226166015625 0.6394215 0.785631638671875 0.65090462890625 0.77682490625 0.649666923828125 0.762681244140625 0.6367027734375 0.746733921875 0.6294722578125 0.6978737578125 0.59017517578125 0.700915126953125 0.575634814453125 0.714016796875 0.560512625 0.7188776953125 0.547225833984375 0.72398190625 0.518007583984375 0.71866084375 0.51326834375 0.71934845703125 0.50837571484375 0.73064646484375 0.49898716015625 0.733679900390625 0.4809531953125 0.667494525390625 0.504580607421875 0.664299767578125 0.51311229296875 0.663863400390625 0.50556706640625 0.6579843125 0.501248326171875 0.648085330078125 0.5113324296875 0.647842017578125 0.527263888671875 0.6425368203125 0.529511849609375 0.636713263671875 0.549648322265625 0.627639419921875 0.553861271484375 0.623992427734375 0.547860525390625 0.6274305 0.5233973828125 0.63077864453125 0.520874373046875 0.62894325 0.51263359765625 0.6347985390625 0.50647153125 0.638665044921875 0.486060013671875 0.630400470703125 0.477414603515625 0.60902629296875 0.480397779296875 0.60146519921875 0.473846943359375 0.599346826171875 0.464069619140625 0.581992541015625 0.452649955078125 0.578062572265625 0.44511266015625 0.574010947265625 0.44554109375 0.5786126640625 0.4411985546875 0.556640796875 0.427134224609375 0.552451646484375 0.428541185546875 0.548474080078125 0.40004228125 0.510634220703125 0.41368344921875 0.482822931640625 0.41276838671875 0.467441564453125 0.408610970703125 0.4540013828125 0.397741396484375 0.442914955078125 0.377224087890625 0.405455931640625 0.373955271484375 0.38168040234375 0.3656245703125 0.37312491796875 0.35194901171875 0.372939794921875 0.331965927734375 0.38059874609375 0.3200702265625 0.402644671875 0.305207220703125 0.406259931640625 0.297233560546875 0.353282017578125 0.290785853515625 0.32559238671875 0.281905060546875 0.277644623046875 0.275166443359375 0.263630552734375 0.25773016796875 0.267909623046875 0.234383072265625 0.2849253984375 0.2198109765625 0.286567740234375 0.20457506640625 0.200335818359375 0.200438787109375 0.182018873046875 0.19586880078125 0.16575683984375 0.173127328125 0.166275197265625 0.155238818359375 0.177298162109375 0.147807314453125 0.175883267578125 0.140124564453125 0.1402437734375 0.1381093203125 0.124296447265625 0.130878802734375 0.109287984375 0.10631780078125 0.1137521796875 0.1029537890625 0.10997559765625 0.101425171875 0.111059916015625 0.086609763671875 0.087519767578125 0.05885400390625 0.064860287109375 0.04968230078125 0.058106552734375 0.05158698828125 0.0481443984375 0.122471392578125 0.051893474609375 0.12419571484375 0.056267744140625 0.14277183984375 0.07433344140625 0.1597796796875 0.087191798828125 0.160588951171875 0.09769640234375 0.17104595703125 0.112236765625 0.174087326171875 0.12176284375 0.184406806640625 0.126234970703125 0.1845363984375 0.13060130859375 0.199618919921875 0.158169283203125 0.216465439453125 0.168010072265625 0.242295876953125 0.18046379296875 0.249534328125 0.18817827734375 0.262093841796875 0.194356208984375 0.27493633203125 0.192277501953125 0.282627017578125 0.19928850390625 0.293091955078125 0.22558704296875 0.30477080078125 0.245295080078125 0.30654273046875 0.24586896875 0.31310943359375 0.267880501953125 0.344641771484375 0.282865166015625 0.35872196875 0.292512900390625 0.36107572265625 0.308346501953125 0.3797655703125 0.30840996484375 0.4077143828125 0.326200615234375 0.426679275390625 0.331659203125 0.430439990234375 0.3526208125 0.430392392578125 0.378628439453125 0.4370410859375 0.4252644375 0.481513775390625 0.46009466015625 0.496387376953125 0.46485769921875 0.501547119140625 0.46670102734375 0.513281494140625 0.489053732421875 0.510435841796875 0.51269173828125 0.51974506640625 0.54393050390625 0.55307313671875 0.553303193359375 0.557383943359375 0.56437375390625 0.570914048828125 0.595871697265625 0.595297861328125 0.6104517265625 0.61580723828125 0.611308595703125 0.623910490234375 0.628961724609375 0.64385391015625 0.64308951953125 0.649830853515625 0.675349138671875 0.640394701171875 0.71626737109375 0.690050931640625 0.744837671875 0.71751577734375 0.74387501171875 0.724365458984375 0.72505557421875 0.74467118359375 0.71048081640625 0.788025162109375 0.681860255859375 0.799968458984375 0.55583669140625 0.873061654296875 0.53224628125 0.8847140390625 0.51590225390625 0.887406302734375 0.44850036328125 0.80608814453125 0.428906048828125 0.7928568828125 0.433825140625 0.743655548828125 0.425835611328125 0.733053087890625 0.39594561328125 0.7398287109375 0.36743084375 0.73681907421875 0.337218201171875 0.72459013671875 0.3233495859375 0.7096689375 0.31299837109375 0.705220607421875 0.2562914765625 0.71820589453125 0.246506216796875 0.716830666015625 0.23321942578125 0.711969767578125 0.2166982109375 0.69817255078125 0.20600848828125 0.6677324609375 0.209033990234375 0.64620489453125 0.22201400390625 0.639048435546875 0.227861359375 0.629392767578125 0.2400083046875 0.62461386328125 0.240558396484375 0.620699759765625 0.2306038828125 0.606328650390625 0.24048966015625 0.52888759375 0.239196423828125 0.513239115234375 0.21546055859375 0.522376421875 0.227694767578125 0.55602713671875 0.21531244140625 0.580231099609375 0.1911640078125 0.592303984375 0.17789308203125 0.59443029296875 0.154974419921875 0.59420284375 0.139730576171875 0.58906690234375 0.119416916015625 0.56675386328125 0.116846310546875 0.54244410546875 0.140122009765625 0.515280765625 0.162466779296875 0.50894151171875 0.1576482109375 0.47932655859375 0.153863697265625 0.474304341796875 0.1457842421875 0.485642013671875 0.127078529296875 0.494488412109375 0.097188533203125 0.50126403515625 0.07650196875 0.499354580078125 0.05648715234375 0.485565294921875 0.045683703125 0.46658453515625 0.051919830078125 0.443512486328125 0.02197430078125 0.425832896484375 0.00881974609375 0.402280833984375 0 0.46503658984375 0 0.934643369140625 0.465036595703125 1 0.735214669921875 1
0 0.197416498046875 0 0.20298053515625 0.01121834375 0.2121998359375 0.00952047265625 0.22014969921875 0.00265492578125 0.2289564296875 0.003892630859375 0.246173193359375 0.016290822265625 0.26299325 0.038611794921875 0.27808370703125 0.03773905859375 0.272987427734375 0.07045091015625 0.2752512578125 0.082743310546875 0.28588544921875 0.088728189453125 0.29402043359375 0.1018457265625 0.301848640625 0.10294591015625 0.304662560546875 0.11132420703125 0.338376736328125 0.127038810546875 0.34736858984375 0.148259599609375 0.402991169921875 0.150089724609375 0.418282609375 0.17618727734375 0.4289168046875 0.18217215625 0.4400111640625 0.20618306640625 0.458740677734375 0.207817474609375 0.46362537109375 0.205011486328125 0.4647255546875 0.197183279296875 0.469060158203125 0.198291396484375 0.470215873046875 0.214918400390625 0.476401736328125 0.231254494140625 0.496797390625 0.228133796875 0.50656678125 0.222521822265625 0.515373513671875 0.22375952734375 0.52645994140625 0.2442768359375 0.534288146484375 0.245377017578125 0.540870712890625 0.25179033203125 0.554083447265625 0.28557856640625 0.5435523828125 0.3250105078125 0.541214494140625 0.341645447265625 0.5449990078125 0.3466676640625 0.56108385546875 0.35291965625 0.6058791875 0.325288216796875 0.6367477109375 0.3186501171875 0.64315308984375 0.308573947265625 0.6521132109375 0.315820330078125 0.66831971484375 0.31410659375 0.689112068359375 0.301063115234375 0.694004697265625 0.301750728515625 0.699777994140625 0.321022400390625 0.70025402734375 0.346035634765625 0.704742021484375 0.353152427734375 0.7294802109375 0.354633447265625 0.74475578515625 0.373743796875 0.7536762421875 0.363522171875 0.758706392578125 0.363231259765625 0.7573311640625 0.373016515625 0.7678675 0.3974479296875 0.773098638671875 0.424127302734375 0.7714721640625 0.44635041796875 0.788511736328125 0.442259126953125 0.807405232421875 0.3930260625 0.8136810234375 0.38742201953125 0.81857365234375 0.388109634765625 0.8169313125 0.403345544921875 0.79523976171875 0.451187515625 0.79235178125 0.471736556640625 0.798643435546875 0.473119716796875 0.8688804375 0.44906387109375 0.8818763203125 0.4488946171875 0.907193669921875 0.52080569140625 0.904855783203125 0.53744062890625 0.890394748046875 0.569335275390625 0.919345884765625 0.579890140625 0.936393392578125 0.579292451171875 0.9357137109375 0.587678681640625 0.949849439453125 0.597149228515625 0.955477279296875 0.61390582421875 0.96372598828125 0.61556403125 0.9627791953125 0.6294009140625 0.97438398046875 0.63202971484375 0.988173265625 0.6120148984375 0.992039771484375 0.59160337890625 1 0.53496340234375 1 0.525193529296875 0.995091734375 0.520186865234375 0.993959818359375 0.514040666015625 1 0.48455337109375 1 0.482819435546875 0.978628712890625 0.47047510546875 0.97258037109375 0.453160486328125 0.97783796875 0.4299509140625 0.988829201171875 0.40854500390625 0.987115462890625 0.3923385 1 0.384507841796875 1 0.37190584765625 0.94015416015625 0.389231005859375 0.904149693359375 0.411112947265625 0.89590891796875 0.41294834375 0.8871021875 0.411710638671875 0.88107764453125 0.40487682421875 0.87185834375 0.4065746953125 0.863133603515625 0.37990325390625 0.87076082421875 0.354033150390625 0.86738887890625 0.346075353515625 0.800986650390625 0.335745275390625 0.772762791015625 0.3377657890625 0.7358379921875 0.323595669921875 0.73203761328125 0.31158624609375 0.721961443359375 0.3051808671875 0.716471126953125 0.28744574609375 0.721469544921875 0.273180427734375 0.720742265625 0.26060505078125 0.691555748046875 0.26947524609375 0.671281751953125 0.26463021484375 0.647612013671875 0.24134658203125 0.63811766796875 0.245001505859375 0.63475365625 0.2405373125 0.624984263671875 0.246149287109375 0.597601408203125 0.2492858515625 0.574254314453125 0.24500677734375 0.557029619140625 0.229114982421875 0.55473405859375 0.202848177734375 0.527716171875 0.1820875546875 0.523593150390625 0.151073576171875 0.48738769921875 0.14598523046875 0.47504769921875 0.12728744921875 0.4591162421875 0.12704413671875 0.4446499375 0.0950754296875 0.394316689453125 0.084010140625 0.386975109375 0.051047041015625 0.356656677734375 0.05377103515625 0.343782455078125 0.0459745625 0.312744673828125 0.03961678125 0.300566 0.030421279296875 0.296911076171875 0.02092693359375 0.29814084765625 0.008626599609375 0.249264625 0 0.197416498046875 0
0 0.3980449375 0 0.399447359375 0.00490294140625 0.420699880859375 0.00988549609375 0.424492326171875 0.01840131640625 0.437641595703125 0.02424073828125 0.449092994140625 0.020860861328125 0.457624681640625 0.0240556171875 0.47261727734375 0.041629416015625 0.480072580078125 0.063133185546875 0.491523978515625 0.059753306640625 0.5239528515625 0.063313033203125 0.537133853515625 0.08312686328125 0.548294337890625 0.07471683203125 0.558217119140625 0.07511353515625 0.5729743359375 0.11211239453125 0.599532052734375 0.114846984375 0.609486564453125 0.12921809375 0.62318592578125 0.1311434140625 0.624899662109375 0.147349916015625 0.646014662109375 0.15331099609375 0.65345409765625 0.167827560546875 0.66774321484375 0.18330678515625 0.673881482421875 0.17868126953125 0.6767694609375 0.1581322265625 0.687363990234375 0.14664909765625 0.693089689453125 0.14495916015625 0.708058486328125 0.15205215234375 0.719435826171875 0.177599615234375 0.745290064453125 0.178239630859375 0.750894107421875 0.184515421875 0.743719119140625 0.224917955078125 0.763686337890625 0.2177456328125 0.827258779296875 0.212710208984375 0.83638022265625 0.22945887109375 0.842864931640625 0.25431871875 0.85210009765625 0.259608048828125 0.845022970703125 0.28156405078125 0.857048259765625 0.284750875 0.865029853515625 0.291859734375 0.877306388671875 0.282608703125 0.8741195625 0.29463398828125 0.88181024609375 0.296712697265625 0.88732436328125 0.324928623046875 0.91845206640625 0.309346271484375 0.95380065234375 0.30633136328125 0.98494422265625 0.297736212890625 0.99668653125 0.299386486328125 1 0.304926291015625 1 0.2651848984375 0.996607201171875 0.264450470703125 0.994271974609375 0.22071565625 0.97656941796875 0.176960521484375 0.99056151953125 0.186766099609375 1 0.18605508984375 1 0.151665900390625 0.995374818359375 0.152517697265625 0.969229669921875 0.146847529296875 0.955376919921875 0.13891353125 0.95952640234375 0.120038564453125 0.98713670703125 0.09398333984375 0.981257619140625 0.0896646015625 0.9579105234375 0.08538552734375 0.945366876953125 0.100087212890625 0.9374408125 0.117433564453125 0.912565099609375 0.1169310703125 0.8943856796875 0.11138255859375 0.88807815625 0.1030121953125 0.896546380859375 0.078258138671875 0.912033537109375 0.067462623046875 0.911459646484375 0.060895921875 0.886568068359375 0.053406224609375 0.884941591796875 0.07562933984375 0.876319982421875 0.09437471875 0.84515261328125 0.092489064453125 0.83284434765625 0.087765689453125 0.82835635546875 0.080648896484375 0.83723714453125 0.052959263671875 0.850920638671875 0.047897380859375 0.851582224609375 0.044497873046875 0.8065700390625 0.038171822265625 0.80231699609375 0.060025796875 0.79492515625 0.066470841796875 0.786821904296875 0.067327708984375 0.765569384765625 0.062345158203125 0.7581458125 0.054815794921875 0.759933609375 0.0420949609375 0.76667053515625 0.0325643125 0.745765666015625 0.029626326171875 0.745255724609375 0.0400321171875 0.7387128203125 0.0510868125 0.722223337890625 0.051264 0.70964002734375 0.048497677734375 0.7068340390625 0.043612982421875 0.71063816015625 0.0246894765625 0.6327014609375 0.0137361875 0.63751209765625 0.0398575390625 0.63515834375 0.0495052734375 0.62233965234375 0.066164009765625 0.605292146484375 0.066761701171875 0.56473622265625 0.05357803515625 0.564125318359375 0.004098439453125 0.545877685546875 0.00153390234375 0.542579234375 0.01953062109375 0.53240520703125 0.031571775390625 0.52541800390625 0.031587640625 0.48011490625 0.020231439453125 0.478259275390625 0 0.3980449375 0
0 0.7397458515625 0.124400189453125 0.7421944375 0.124789015625 0.744375595703125 0.148882005859375 0.794969443359375 0.174211916015625 0.836549154296875 0.162848345703125 0.85237734375 0.172664271484375 0.8566296015625 0.203627568359375 0.89963934765625 0.228903791015625 0.934536443359375 0.23988139453125 0.97617850390625 0.1766865703125 0.897978326171875 0.121884373046875 0.86264661328125 0.10679693359375 0.8356262890625 0.16221255078125 0.821163642578125 0.160686052734375 0.83132040625 0.13883313671875 0.823135197265625 0.092640357421875 0.78000207421875 0.07544430859375 0.7397458515625 0.124400189453125