1 0.91796875 0.453125 0.1640625 0.19140625
1 0.4404296875 0.419921875 0.310546875 0.2578125
1 0.16796875 0.4169921875 0.3359375 0.353515625
1 0.794921875 0.59375 0.37109375 0.310546875
1 0.67578125 0.4033203125 0.24609375 0.201171875
1 0.3447265625 0.677734375 0.58203125 0.521484375
1 0.34765625 0.1376953125 0.185546875 0.140625
1 0.517578125 0.146484375 0.1484375 0.099609375
1 0.6376953125 0.1826171875 0.138671875 0.09765625
1 0.142578125 0.0517578125 0.109375 0.103515625
1 0.87109375 0.228515625 0.1484375 0.087890625
1 0.9814453125 0.2646484375 0.037109375 0.076171875
1 0.259765625 0.080078125 0.1171875 0.078125
0 1 0.5351650703125 0.96362309765625 0.5415188671875 0.847885609375 0.497632486328125 0.84257455078125 0.488793400390625 0.822492849609375 0.493985251953125 0.8212355546875 0.503333775390625 0.828944708984375 0.509013328125 0.9057679375 0.5410501796875 0.9539413984375 0.6126435234375 0.949269853515625 0.61630977734375 0.940173330078125 0.614041759765625 0.9232484453125 0.6173368046875 0.917314173828125 0.62176178125 0.890076224609375 0.69656084375 0.872010541015625 0.693666896484375 0.793450466796875 0.711654125 0.644976841796875 0.63759781640625 0.663118265625 0.560530736328125 0.662484185546875 0.5566151953125 0.646309875 0.548288263671875 0.646683802734375 0.540329826171875 0.697946158203125 0.50265383984375 0.708297255859375 0.49127843359375 0.70614844921875 0.489132341796875 0.65485620703125 0.479564416015625 0.569185740234375 0.439953919921875 0.553520865234375 0.43819533984375 0.546074580078125 0.448684666015625 0.535233064453125 0.48355602734375 0.536501224609375 0.49138710546875 0.52678148828125 0.50238315234375 0.5078324375 0.500879291015625 0.498234626953125 0.504927623046875 0.445939810546875 0.5079923984375 0.414862064453125 0.503464513671875 0.31706018359375 0.45653509375 0.314656658203125 0.451104826171875 0.327752611328125 0.3856624375 0.310944216796875 0.37341996484375 0.311066142578125 0.366472251953125 0.36283521875 0.33106971875 0.365227880859375 0.3193203828125 0.2735093671875 0.30396728125 0.1529919921875 0.292169373046875 0.155774880859375 0.298231005859375 0.17447736328125 0.309335392578125 0.206823271484375 0.321694357421875 0.29656923828125 0.413851669921875 0.302262375 0.427617021484375 0.282429958984375 0.42750324609375 0.275232958984375 0.4326869453125 0.272848451171875 0.457320984375 0.295843115234375 0.46412775390625 0.3620659609375 0.512845640625 0.50789220703125 0.595367107421875 0.5905631015625 0.685760408203125 0.5939800703125 0.695737580078125 0.5631597578125 0.698788771484375 0.5479014140625 0.7406105625 0.54271499609375 0.729118662109375 0.5477496015625 0.7003143671875 0.51951723046875 0.80063083203125 0.4830146484375 0.80709627734375 0.413299095703125 0.828362248046875 0.337272625 0.857716734375 0.30848462890625 0.878451533203125 0.30039883203125 0.876435517578125 0.268546060546875 0.8448755 0.2124331796875 0.80297253515625 0.20990229296875 0.795900177734375 0.18589146875 0.78025160546875 0.13116323828125 0.730642205078125 0.15029637109375 0.6237628203125 0.1116178125 0.5851331640625 0.11439255078125 0.57831009375 0.174745998046875 0.53431232421875 0.1778946640625 0.519530814453125 0.161219064453125 0.517520234375 0.095031537109375 0.52463605859375 0.062439060546875 0.52187762109375 0 0.47325673046875 0 0.890642814453125 0.438607716796875 1 0.61067955859375 1 0.64645962890625 0.984726060546875 0.64897421484375 0.96602901171875 0.6653869453125 0.95187071484375 0.664620072265625 0.937723287109375 0.65450195703125 0.918023662109375 0.65879142578125 0.909431142578125 0.666999150390625 0.904499447265625 0.68721092578125 0.905244583984375 0.710942580078125 0.878954875 0.73090507421875 0.885005640625 0.747087537109375 0.9062172734375 0.7619936875 0.906713126953125 0.774620955078125 0.899125900390625 0.791548556640625 0.9001257578125 0.793672912109375 0.8636177421875 0.790635306640625 0.854271935546875 0.793155326171875 0.8441646875 0.802875060546875 0.833168640625 0.826368296875 0.82936416015625 0.853164728515625 0.855369267578125 0.8791888515625 0.858637142578125 0.8866405703125 0.8567376171875 0.898248962890625 0.836013685546875 0.9069606875 0.8290605390625 0.935652384765625 0.819476470703125 1 0.561392283203125 1 0.5351650703125
0 1 0.3751334296875 0.729300029296875 0.344606857421875 0.7271539375 0.346755666015625 0.731072193359375 0.350416486328125 0.750278677734375 0.359499423828125 0.784803279296875 0.421248390625 0.764342216796875 0.425808876953125 0.75047667578125 0.472808935546875 0.78434002734375 0.4876933515625 0.789388216796875 0.480363560546875 0.786098609375 0.472028478515625 0.790382642578125 0.454846158203125 0.812735078125 0.444852685546875 0.83320157421875 0.448882 0.842048810546875 0.456455642578125 0.84773923046875 0.46592609375 0.84269919140625 0.486140587890625 0.84876082421875 0.483357697265625 0.863133087890625 0.438631091796875 0.856556583984375 0.426255828125 0.87726421484375 0.412094814453125 0.8748606875 0.406664546875 0.865257443359375 0.402123076171875 0.8623471953125 0.394419357421875 0.86915668359375 0.375719591796875 0.87786841015625 0.3687664453125 0.89631345703125 0.372291755859375 0.902136671875 0.391994095703125 0.9213322890625 0.3838974296875 1 0.410759478515625 1 0.3751334296875
0 0.564245892578125 0.418861494140625 0.5776101484375 0.378177787109375 0.565858095703125 0.3714902265625 0.56623473828125 0.3678266875 0.603103099609375 0.340518103515625 0.607395283203125 0.336220484375 0.605498474609375 0.33306366796875 0.50544759765625 0.325295076171875 0.44342489453125 0.3264711953125 0.465034908203125 0.34098440234375 0.5072360625 0.356874111328125 0.524922384765625 0.3591366953125 0.564245892578125 0.418861494140625
0 0.94249773828125 0.294701654296875 0.932138490234375 0.293192357421875 0.92242962109375 0.3213680078125 0.924074427734375 0.325535548828125 0.9338023125 0.327424205078125 0.989766099609375 0.333325875 0.991641171875 0.302123486328125 0.9531062734375 0.290905322265625 0.94249773828125 0.294701654296875
0 0.460531142578125 0.2104980078125 0.4649615546875 0.225022080078125 0.48263701171875 0.210105060546875 0.513465474609375 0.219938572265625 0.5476973203125 0.218274748046875 0.4813661328125 0.19797908203125 0.43032589453125 0.187400431640625 0.409862115234375 0.187666017578125 0.405961513671875 0.194990802734375 0.41896135546875 0.194228935546875 0.430716125 0.2052113984375 0.43452060546875 0.228704634765625 0.45535016015625 0.207595908203125 0.460531142578125 0.2104980078125
0 0.507425576171875 0.25708066796875 0.4935328671875 0.261131716796875 0.45765078125 0.250038197265625 0.451841150390625 0.251810361328125 0.43111721875 0.24020196875 0.41242560546875 0.24627718359375 0.363661533203125 0.23948671484375 0.348644322265625 0.2631181796875 0.366967443359375 0.273591203125 0.38377040234375 0.277243873046875 0.529423103515625 0.285109939453125 0.575155 0.29114440234375 0.5815959921875 0.288992876953125 0.581842560546875 0.2793923515625 0.569705712890625 0.263483625 0.569448279296875 0.255904546875 0.582064677734375 0.23113771875 0.56702844921875 0.224704873046875 0.555533833984375 0.225596390625 0.551260666015625 0.259958314453125 0.537747318359375 0.2646407265625 0.507425576171875 0.25708066796875
0 0.2079827578125 0.15772940234375 0.2191061640625 0.1690912265625 0.22657146484375 0.18866620703125 0.22127670703125 0.205596525390625 0.223051587890625 0.2157010546875 0.218255400390625 0.22202012109375 0.223691103515625 0.228206396484375 0.288632201171875 0.24761869921875 0.299107943359375 0.233590478515625 0.290509990234375 0.220711208984375 0.298078201171875 0.203274169921875 0.320297845703125 0.18304880859375 0.27468515625 0.165771732421875 0.266745734375 0.195462109375 0.250197494140625 0.195093615234375 0.241978904296875 0.182845708984375 0.246517658203125 0.168947564453125 0.253587294921875 0.16212177734375 0.250931767578125 0.157702234375 0.117770822265625 0.127722150390625 0.108576826171875 0.171055953125 0.08332229296875 0.18623040625 0.079539546875 0.197096376953125 0.082701796875 0.20378937109375 0.125531595703125 0.215004818359375 0.144480646484375 0.2165086796875 0.144979216796875 0.2058974296875 0.15002740625 0.19856763671875 0.146992515625 0.193516732421875 0.14925781640625 0.180125306640625 0.142426595703125 0.1644658671875 0.149244232421875 0.1586508046875 0.153530982421875 0.1457633828125 0.158961251953125 0.143359857421875 0.17412212109375 0.14713988671875 0.180695908203125 0.15522025 0.2079827578125 0.15772940234375
0 0.80190137890625 0.292390498046875 0.794837173828125 0.307806087890625 0.79825142578125 0.313488357421875 0.871018171875 0.323042697265625 0.876952443359375 0.318617720703125 0.881992482421875 0.2984032265625 0.893354306640625 0.2872798203125 0.862146482421875 0.276814947265625 0.802768443359375 0.2652310078125 0.63019738671875 0.238307548828125 0.633744431640625 0.25422170703125 0.650672033203125 0.255221564453125 0.659519271484375 0.262795208984375 0.658646771484375 0.281364896484375 0.649431041015625 0.290339494140625 0.62694037890625 0.2815112734375 0.59498469921875 0.28696327734375 0.6157059140625 0.29427676953125 0.648677751953125 0.2976665703125 0.671664267578125 0.29158863671875 0.678744775390625 0.301942453125 0.68986274609375 0.304714474609375 0.766162953125 0.308708470703125 0.774118673828125 0.304787498046875 0.7688048984375 0.291653509765625 0.77334365234375 0.277755365234375 0.787109001953125 0.272062228515625 0.797722970703125 0.27685569921875 0.800885220703125 0.283548693359375 0.80190137890625 0.292390498046875