1 0.4013671875 0.1748046875 0.2265625 0.259765625
1 0.6669921875 0.1455078125 0.265625 0.248046875
1 0.857421875 0.150390625 0.203125 0.30078125
1 0.244140625 0.142578125 0.1796875 0.1796875
1 0.0537109375 0.279296875 0.107421875 0.3046875
1 0.150390625 0.318359375 0.30078125 0.3203125
1 0.7998046875 0.0439453125 0.212890625 0.087890625
1 0.478515625 0.4873046875 0.572265625 0.548828125
1 0.8662109375 0.0234375 0.076171875 0.046875
1 0.47265625 0.0107421875 0.10546875 0.021484375
1 0.31640625 0.0390625 0.09765625 0.041015625
0 1 0.44303219921875 0.957912341796875 0.260730521484375 0.817833658203125 0.24301086328125 0.58625683203125 0.23372202734375 0.5363065703125 0.251745751953125 0.48746159375 0.237055724609375 0.48935669921875 0.18901276171875 0.406054265625 0.240702890625 0.144442486328125 0.195070509765625 0.162305787109375 0.2255685390625 0.25667672265625 0.26869778125 0.280072701171875 0.304410203125 0.64047991015625 0.3467090078125 0.701338919921875 0.3759362578125 0.702133701171875 0.5012578046875 0.61548857421875 0.657920537109375 0.612327130859375 0.670017705078125 0.59944141796875 0.689231595703125 0.588688673828125 0.68954886328125 0.48598038671875 0.6526353828125 0.4511119609375 0.642281205078125 0.44059650390625 0.643626291015625 0.4309495703125 0.632320970703125 0.415686990234375 0.59903623828125 0.320490025390625 0.5641777265625 0.31543026171875 0.568052365234375 0.3271348125 0.599993333984375 0.331720658203125 0.6010998046875 0.32634428515625 0.601258439453125 0.319622828125 0.590901619140625 0.314639736328125 0.56931747265625 0.305151435546875 0.5633885234375 0.297324166015625 0.564654291015625 0.29977440234375 0.556510416015625 0.29463399609375 0.543623380859375 0.277553072265625 0.511841046875 0.261975869140625 0.495950541015625 0.26094673046875 0.482114345703125 0.2530388203125 0.466618443359375 0.2256023984375 0.45563105078125 0.24694264453125 0.37925271484375 0.244333115234375 0.374983474609375 0.22780939453125 0.38312867578125 0.17302181640625 0.42717276171875 0.16116259765625 0.432075876953125 0.09269084765625 0.41215805078125 0.0696043046875 0.415322798828125 0.0339453515625 0.40623373046875 0.01402025 0.397301310546875 0.005875712890625 0.387814333984375 0 0.387128896484375 0 0.556967802734375 0.102282041015625 1 0.556967802734375 1 1 0.897717958984375 1 0.44303219921875
0 0 0.189764177734375 0.012262052734375 0.197426357421875 0.012103419921875 0.192049984375 0.0017452734375 0.184697958984375 0.002613796875 0.17204755078125 0.017397830078125 0.1610561953125 0.0266481796875 0.158920583984375 0.042698640625 0.162793236328125 0.070290390625 0.143973287109375 0.06989314453125 0.123495611328125 0.0800113515625 0.101672853515625 0.06882793359375 0.086391861328125 0 0.102282041015625 0 0.189764177734375
0 0.49389344921875 0 0.48259882421875 0.004939115234375 0.43120799609375 0.01680362109375 0.42609873828125 0.003909396484375 0.356998322265625 0.019862484375 0.355781466796875 0.02772161328125 0.3022563515625 0.044409255859375 0.296088791015625 0.038796255859375 0.29485580078125 0.034209216796875 0.2695458203125 0.040052486328125 0.2704726953125 0.0474166953125 0.23038851171875 0.063707751953125 0.236636048828125 0.07904568359375 0.2713445234375 0.069950001953125 0.294274416015625 0.082519107421875 0.31008891015625 0.0994374296875 0.322660658203125 0.1046545078125 0.375473904296875 0.0848834140625 0.37120201953125 0.05934597265625 0.38250733984375 0.049699041015625 0.388200322265625 0.05325641015625 0.3898613515625 0.060451123046875 0.394209908203125 0.06052978125 0.3956336484375 0.0666966796875 0.38519883203125 0.084803435546875 0.42306941015625 0.070647328125 0.436115740234375 0.077920037109375 0.448530177734375 0.0918342265625 0.459677525390625 0.083847662109375 0.47635987890625 0.081078837890625 0.491225212890625 0.09388589453125 0.49652226953125 0.09103907421875 0.500473580078125 0.0706400546875 0.49343617578125 0.063603974609375 0.49011411328125 0.04921454296875 0.49952111328125 0.031345076171875 0.50956198828125 0.027944359375 0.535418017578125 0.048498705078125 0.547281203125 0.085816044921875 0.542380072265625 0.0950670546875 0.531785958984375 0.100760697265625 0.50253251953125 0.1053491875 0.504668791015625 0.121636279296875 0.517715119140625 0.12890898828125 0.5334483125 0.1220288984375 0.53914129296875 0.125586267578125 0.5453894921875 0.14796094140625 0.55203097265625 0.14859283203125 0.5743250078125 0.1255829609375 0.58626155859375 0.1022578046875 0.593693564453125 0.10162458984375 0.608318962890625 0.085256859375 0.63077229296875 0.074660103515625 0.683109634765625 0.038759892578125 0.68927653515625 0.03733615234375 0.70493239453125 0.0488781015625 0.70809383984375 0.036780931640625 0.706667453125 0.0024670625 0.709123775390625 0 0.565585017578125 0 0.550673326171875 0.004379265625 0.54836991015625 0 0.49389344921875 0
0 0.799099556640625 0.062863673828125 0.754664833984375 0.057965849609375 0.7492884609375 0.058124482421875 0.74636364453125 0.0642127265625 0.73315934375 0.058600384765625 0.72849483984375 0.061842470703125 0.723039150390625 0.059312916015625 0.731421640625 0.076864453125 0.764552365234375 0.105482697265625 0.77641158203125 0.1005795859375 0.791355572265625 0.109038083984375 0.807088765625 0.1021579921875 0.821953439453125 0.107928306640625 0.857607765625 0.067760177734375 0.896346203125 0.033916921875 0.90333460546875 0.024328373046875 0.898901234375 0.005125333984375 0.89839919140625 0.00529537109375 0.867092759765625 0.038505412109375 0.844480796875 0.043725796875 0.834361265625 0.0514750703125 0.808428560546875 0.056379505859375 0.799099556640625 0.062863673828125