1 0.4404296875 0.798828125 0.2734375 0.27734375
1 0.6220703125 0.6533203125 0.30859375 0.302734375
1 0.6689453125 0.40625 0.134765625 0.1171875
1 0.48046875 0.4462890625 0.10546875 0.12109375
1 0.431640625 0.5400390625 0.13671875 0.126953125
1 0.603515625 0.359375 0.1015625 0.0859375
1 0.5791015625 0.4912109375 0.140625 0.14453125
1 0.1259765625 0.728515625 0.185546875 0.171875
1 0.03515625 0.4453125 0.0703125 0.07421875
1 0.7431640625 0.501953125 0.15234375 0.15234375
1 0.8515625 0.3896484375 0.125 0.119140625
1 0.9462890625 0.3056640625 0.060546875 0.078125
1 0.9453125 0.4404296875 0.109375 0.154296875
1 0.380859375 0.4267578125 0.087890625 0.091796875
1 0.205078125 0.904296875 0.29296875 0.19140625
1 0.2919921875 0.630859375 0.15625 0.125
1 0.234375 0.5888671875 0.115234375 0.109375
1 0.333984375 0.50390625 0.119140625 0.11328125
0 1 0.468517478515625 0.993077005859375 0.469318654296875 0.9885135234375 0.462603341796875 0.9851411640625 0.467603068359375 0.976769080078125 0.4692304375 0.970141982421875 0.4574859921875 0.93958974609375 0.4623386953125 0.935026265625 0.455623380859375 0.914561701171875 0.450912873046875 0.906814580078125 0.452961787109375 0.909240931640625 0.46823790625 0.918659529296875 0.4664071171875 0.9340655546875 0.47861721484375 0.98541568359375 0.49415798046875 0.9655319765625 0.498022982421875 0.968232845703125 0.539854009765625 0.95807166015625 0.56300715625 0.94278083984375 0.56815149609375 0.928507125 0.57852838671875 0.925745029296875 0.5866676484375 0.91757636328125 0.58934152734375 0.892460103515625 0.594223634765625 0.8736523125 0.59244923828125 0.864640556640625 0.596373048828125 0.852577484375 0.58459919921875 0.804031142578125 0.591863548828125 0.799031416015625 0.588491189453125 0.791066171875 0.592211580078125 0.785078744140625 0.57817069140625 0.77064571484375 0.579347109375 0.77045699609375 0.575582611328125 0.78364009375 0.573563103515625 0.781809302734375 0.564144505859375 0.785385083984375 0.560191287109375 0.778439361328125 0.53004589453125 0.76232015234375 0.533722177734375 0.762246640625 0.547312115234375 0.748220453125 0.550581556640625 0.7471004296875 0.564374916015625 0.7403998203125 0.566220408203125 0.727275533203125 0.55736796484375 0.7432060234375 0.54992718359375 0.73736320703125 0.5478047578125 0.73698576953125 0.540275759765625 0.723395830078125 0.540202248046875 0.70862947265625 0.525695705078125 0.6822926875 0.52429874609375 0.676552787109375 0.50315040625 0.6763811875 0.457569580078125 0.69438999609375 0.4524399453125 0.720611578125 0.436482466796875 0.72787834375 0.445930470703125 0.749651650390625 0.4406121171875 0.778284880859375 0.4426487421875 0.794563400390625 0.44817293359375 0.799345005859375 0.45321676953125 0.801494419921875 0.48103631640625 0.805636357421875 0.488376595703125 0.86906667578125 0.473874884765625 0.903368708984375 0.471551453125 0.9061161015625 0.466130181640625 0.900216890625 0.4357813671875 0.90125111328125 0.39919759375 0.8763382734375 0.405126212890625 0.8664540234375 0.4157359296875 0.844680716796875 0.42105428515625 0.840960326171875 0.413089041015625 0.808954736328125 0.416052140625 0.80146984765625 0.40827561328125 0.796254412109375 0.36747639453125 0.7512544453125 0.376223501953125 0.725150484375 0.370437078125 0.715454953125 0.384811294921875 0.7181999296875 0.418488361328125 0.69956615625 0.423196451171875 0.689914732421875 0.429416705078125 0.686309546875 0.4388058984375 0.6553210625 0.447001552734375 0.6538383046875 0.450547927734375 0.642777634765625 0.446724619140625 0.63677550390625 0.435401716796875 0.619827908203125 0.4376099453125 0.62167340234375 0.444310556640625 0.63021950390625 0.449165671875 0.634954583984375 0.501461810546875 0.60162555078125 0.5171717578125 0.599066875 0.526357529296875 0.5701714140625 0.53414634375 0.572975201171875 0.55695145703125 0.57525694140625 0.560309115234375 0.587611650390625 0.55682155078125 0.60473326171875 0.56109580859375 0.617318380859375 0.592317119140625 0.62944026171875 0.593219021484375 0.63484683203125 0.598684400390625 0.659061193359375 0.60592417578125 0.67531030859375 0.61688434375 0.736848611328125 0.642934326171875 0.746629943359375 0.651350521484375 0.7498846796875 0.6680946953125 0.75223751953125 0.696960751953125 0.749257298828125 0.70677148828125 0.727890833984375 0.714182865234375 0.72492531640625 0.72127561328125 0.69786064453125 0.7384830234375 0.6940520390625 0.74682570703125 0.6669873671875 0.764033115234375 0.648382998046875 0.763305232421875 0.630680529296875 0.75045546484375 0.6114658984375 0.746588046875 0.605449064453125 0.737983134765625 0.591437580078125 0.7385345859375 0.586685380859375 0.728054775390625 0.570813703125 0.72462360546875 0.5654512421875 0.71100426171875 0.5514397578125 0.711555712890625 0.544025966796875 0.729287587890625 0.53774690234375 0.730508115234375 0.532894201171875 0.69995587890625 0.533852494140625 0.716060384765625 0.515873091796875 0.715754044921875 0.51572848046875 0.70383558203125 0.528316017578125 0.695958552734375 0.514988310546875 0.6860596015625 0.488899052734375 0.677555189453125 0.47427972265625 0.635868771484375 0.47599772265625 0.58883459375 0.4852423046875 0.580521318359375 0.488658771484375 0.567367626953125 0.457030619140625 0.577859724609375 0.44525676953125 0.589922796875 0.399793564453125 0.568350494140625 0.386625171875 0.567652013671875 0.373500884765625 0.558799572265625 0.36383717578125 0.528639474609375 0.340348283203125 0.54189366796875 0.318371556640625 0.54616551171875 0.312587548828125 0.533171134765625 0.289404998046875 0.528445923828125 0.280976515625 0.50184690625 0.287125673828125 0.4859899296875 0.267241966796875 0.489854931640625 0.262183427734375 0.497354521484375 0.241456630859375 0.502469455078125 0.21430616015625 0.496886453125 0.20522330859375 0.475301865234375 0.1987702265625 0.470039904296875 0.173479951171875 0.468439525390625 0.16589455859375 0.44059057421875 0.151258109375 0.440720484375 0.14399134375 0.431272478515625 0.127087857421875 0.425326744140625 0.12495314453125 0.394789208984375 0.1379475234375 0.389005203125 0.14931453125 0.374849109375 0.16666896875 0.374733904296875 0.17679833203125 0.396115072265625 0.19079511328125 0.398281607421875 0.202015095703125 0.411305390625 0.209544091796875 0.410927953125 0.22056065234375 0.4229052265625 0.23371434375 0.42632169140625 0.238873384765625 0.438894525390625 0.268379109375 0.43424524609375 0.27645955859375 0.447879291015625 0.29173567578125 0.44545294140625 0.29435074609375 0.46449355859375 0.306399115234375 0.478985396484375 0.311631669921875 0.477968291015625 0.313143833984375 0.46898594140625 0.325934791015625 0.462155423828125 0.361224521484375 0.470500521484375 0.38309833203125 0.48525458984375 0.3898259296875 0.5170714609375 0.408256283203125 0.511316861328125 0.422762826171875 0.496550501953125 0.435320955078125 0.49410944921875 0.45581492578125 0.493383982421875 0.4900287421875 0.5073684765625 0.499807658203125 0.554883009765625 0.505635771484375 0.559723423828125 0.52325244140625 0.549782779296875 0.52643608203125 0.541018552734375 0.516235619140625 0.494128984375 0.51533613671875 0.467152529296875 0.50488573046875 0.466468751953125 0.48267617578125 0.475130060546875 0.44549684375 0.46823831640625 0.44112208203125 0.465287501953125 0.43705366015625 0.444357283203125 0.441705357421875 0.434764671875 0.4422151171875 0.41783177734375 0.486678333984375 0.392355201171875 0.481097748046875 0.38040733203125 0.477524384765625 0.3452622109375 0.462248265625 0.3476885625 0.461172349609375 0.353327958984375 0.456986306640625 0.354141642578125 0.44447228515625 0.348428732421875 0.439749490234375 0.332512947265625 0.42322344140625 0.334096208984375 0.416814466796875 0.32068028515625 0.38835525390625 0.32512614453125 0.382848181640625 0.299588337890625 0.387078333984375 0.29062069140625 0.395246998046875 0.287946810546875 0.409809935546875 0.301406841796875 0.4212921484375 0.304605185546875 0.434489947265625 0.2998676875 0.448646041015625 0.311234697265625 0.48547734375 0.30516146875 0.493339669921875 0.320466994140625 0.513556703125 0.332284953125 0.51755402734375 0.32770676953125 0.516828560546875 0.30721280078125 0.52399482421875 0.29658837890625 0.534459931640625 0.29455416796875 0.531349802734375 0.289728455078125 0.53533242578125 0.287868259765625 0.541145837890625 0.2954266640625 0.567323314453125 0.287623146484375 0.556743 0.272302921875 0.56059571484375 0.255806275390625 0.537021021484375 0.24627005859375 0.496876171875 0.2464710625 0.493707234375 0.25251730078125 0.46751505859375 0.263038802734375 0.429026982421875 0.266175919921875 0.429578435546875 0.280187404296875 0.418968716796875 0.270303154296875 0.380451236328125 0.278876244140625 0.377921966796875 0.282626041015625 0.367050015625 0.28256723046875 0.362805162109375 0.294252865234375 0.316119015625 0.305499837890625 0.31784688671875 0.333944349609375 0.310710029296875 0.339132794921875 0.304649087890625 0.33868184375 0.304301056640625 0.32571687109375 0.29699018359375 0.32442283203125 0.232513353515625 0.3391279609375 0.23764298828125 0.35713676953125 0.243093666015625 0.354448189453125 0.253514666015625 0.360567939453125 0.25515673828125 0.366222041015625 0.289051927734375 0.3618055859375 0.29544619921875 0.37793949609375 0.30925426171875 0.376341533203125 0.3173347109375 0.389975580078125 0.322785388671875 0.387286998046875 0.3169425703125 0.3851645703125 0.320300228515625 0.382882830078125 0.329471294921875 0.3881594921875 0.3348190546875 0.404496822265625 0.33432399609375 0.4187117265625 0.317768541015625 0.42573096484375 0.286824166015625 0.42577265625 0.278133453125 0.408999076171875 0.27970442578125 0.389144775390625 0.286434443359375 0.38186330859375 0.26111476171875 0.385698904296875 0.26333769140625 0.39992851171875 0.2484684140625 0.4044478828125 0.236522962890625 0.370930130859375 0.206799115234375 0.37725088671875 0.203414470703125 0.345870263671875 0.198995599609375 0.351073412109375 0.18542036328125 0.34828191015625 0.18408221484375 0.363746748046875 0.121494986328125 0.376998525390625 0.118137328125 0.379280265625 0.119110326171875 0.392666783203125 0.109066763671875 0.394076029296875 0.115811482421875 0.384076572265625 0.108093765625 0.38068951171875 0.105505685546875 0.3953112578125 0.096087087890625 0.397142046875 0.0927735390625 0.39126982421875 0.083528958984375 0.3995831015625 0.043499314453125 0.41713854296875 0.04284494140625 0.422152974609375 0.056623599609375 0.425990984375 0.0846882578125 0.455832455078125 0.1155885234375 0.4639447265625 0.126183541015625 0.47654696484375 0.135994279296875 0.47952718359375 0.145557486328125 0.48961485546875 0.164568697265625 0.49243576171875 0.179131634765625 0.50589579296875 0.1931431171875 0.50534433984375 0.202706326171875 0.51543201171875 0.21565659375 0.517801966796875 0.221237181640625 0.529749833984375 0.2281265078125 0.531668841796875 0.237050048828125 0.544052955078125 0.254389783203125 0.54665573828125 0.259985072265625 0.5558856171875 0.274373990234375 0.562863162109375 0.283863685546875 0.586540771484375 0.315026185546875 0.584827603515625 0.32583932421875 0.59575836328125 0.346696029296875 0.605279880859375 0.35460246484375 0.61243144140625 0.36256529296875 0.647809388671875 0.361459970703125 0.658884759765625 0.36811647265625 0.665193232421875 0.398943224609375 0.68689544140625 0.4161236484375 0.68029775 0.447371947265625 0.701374994140625 0.454900943359375 0.700997556640625 0.45549650390625 0.706855078125 0.46630964453125 0.717785837890625 0.503400759765625 0.740985509765625 0.525433884765625 0.7649400546875 0.543369177734375 0.77340035546875 0.55474605859375 0.834722953125 0.542187927734375 0.837164005859375 0.53794307421875 0.848849640625 0.514454181640625 0.862103833984375 0.46195220703125 0.9048907421875 0.4338704296875 0.91686559765625 0.430353458984375 0.90994686328125 0.413623990234375 0.910483615234375 0.40830563671875 0.888710306640625 0.39182369140625 0.88213960546875 0.385211298828125 0.867677171875 0.371417939453125 0.866557146484375 0.365008966796875 0.853141224609375 0.351419029296875 0.8530677109375 0.347931462890625 0.840713001953125 0.339588783203125 0.83690439453125 0.33211859765625 0.8264098828125 0.3137176484375 0.8267285078125 0.3131661953125 0.8127170234375 0.289620908203125 0.797744830078125 0.271661041015625 0.71652382421875 0.260977810546875 0.720229513671875 0.2549462734375 0.714342587890625 0.249569109375 0.703441232421875 0.248000548828125 0.684197193359375 0.244032630859375 0.68333940234375 0.23938093359375 0.692932013671875 0.23499146875 0.6926991875 0.23459933203125 0.687888177734375 0.22375678515625 0.68239339453125 0.221286326171875 0.67527123828125 0.2085541796875 0.6712298046875 0.206316548828125 0.6597181875 0.19169480078125 0.65713010546875 0.183673162109375 0.632624109375 0.1694876640625 0.626693076171875 0.1657966796875 0.61329185546875 0.15600064453125 0.6075936484375 0.15727998046875 0.60300076171875 0.145390923828125 0.5977093984375 0.13856040625 0.58491844140625 0.139491712890625 0.56736058203125 0.124026876953125 0.566022435546875 0.1220073671875 0.552839337890625 0.117399779296875 0.55427798828125 0.121512310546875 0.567054244140625 0.104986259765625 0.56863750390625 0.103358890625 0.56026541796875 0.109027693359375 0.555905357421875 0.102123662109375 0.55670433984375 0.09362166796875 0.543695259765625 0.081936033203125 0.53945040625 0.079494978515625 0.5268922734375 0.06151557421875 0.52658593359375 0.057403046875 0.513809681640625 0.042141630859375 0.51351804296875 0.0298481484375 0.467035318359375 0 0.468091916015625 0 0.531495720703125 0.029581083984375 0.555057435546875 0.034754826171875 0.56491228125 0.046658587890625 0.567485658203125 0.070189169921875 0.58517583984375 0.086582896484375 0.60805446875 0.111988376953125 0.62700928515625 0.1216667890625 0.654451392578125 0.1293698046875 0.660556443359375 0.12995066015625 0.669131951171875 0.156272744140625 0.673246896484375 0.169803873046875 0.684192361328125 0.199510603515625 0.7196879296875 0.209159611328125 0.752566013671875 0.214362759765625 0.756984884765625 0.213504966796875 0.7609528046875 0.199493484375 0.7615042578125 0.16298080859375 0.78597843359375 0.10196213671875 0.81847424609375 0.0955531640625 0.80505832421875 0.07497339453125 0.782993380859375 0.068434515625 0.7549410078125 0.059234041015625 0.755100322265625 0.053202505859375 0.749213396484375 0.046430796875 0.725550490234375 0.03417330078125 0.7239509140625 0.071066021484375 0.9137475078125 0.130940982421875 0.872574185546875 0.15838308984375 0.862895771484375 0.195332013671875 0.835078642578125 0.216901900390625 0.828713779296875 0.248106091796875 0.857944986328125 0.26394836328125 0.866812130859375 0.270778880859375 0.879603087890625 0.2845281328125 0.88887707421875 0.290748388671875 0.8985285 0.305544150390625 0.907599064453125 0.3351626640625 0.959402560546875 0.320205171875 0.980229859375 0.30910039453125 0.984560513671875 0.293174390625 1 0.54814451953125 1 1 0.912168193359375 1 0.468517478515625
0 0.17679833203125 0.396115072265625 0.1897486015625 0.398485029296875 0.197218787109375 0.408979541015625 0.21184053515625 0.41156762109375 0.226200048828125 0.423981140625 0.245429384765625 0.4251305703125 0.2393390390625 0.430115595703125 0.25042911328125 0.4285029296875 0.2484537109375 0.40716587109375 0.243076546875 0.396264513671875 0.209676416015625 0.386466064453125 0.20062296875 0.3594455 0.171756912109375 0.361798337890625 0.152047220703125 0.37214582421875 0.1202303515625 0.378873423828125 0.123703212890625 0.393946119140625 0.1410870546875 0.38839494140625 0.150564462890625 0.37569219921875 0.16393627734375 0.377437189453125 0.17679833203125 0.396115072265625
0 0.636434720703125 0.305141728515625 0.626697498046875 0.288571572265625 0.6247784921875 0.295460900390625 0.60617412109375 0.294733015625 0.6077573828125 0.311259064453125 0.598483396484375 0.325008318359375 0.63545930859375 0.33085355078125 0.64769639453125 0.349109890625 0.65010804296875 0.367103994140625 0.687390294921875 0.35496982421875 0.69635794140625 0.3591999765625 0.701301275390625 0.33434594921875 0.685008052734375 0.3315397421875 0.679760794921875 0.335274837890625 0.67793000390625 0.325856240234375 0.683772822265625 0.32797866796875 0.68194203125 0.3185600703125 0.672552841796875 0.314954884765625 0.6730773046875 0.29530400390625 0.664283671875 0.297556337890625 0.657335533203125 0.306509283203125 0.650882453125 0.30124732421875 0.636434720703125 0.305141728515625
0 0.10964762109375 0.40265153515625 0.09961876171875 0.40134279296875 0.09382005078125 0.39106640234375 0.083528958984375 0.3995831015625 0.076843048828125 0.39871060546875 0.047060392578125 0.415903314453125 0.04639131640625 0.42363573046875 0.05684172265625 0.4243195078125 0.065343716796875 0.43732858984375 0.076825931640625 0.440526931640625 0.083234904296875 0.45394285546875 0.097042966796875 0.452344890625 0.10305980078125 0.4609498046875 0.11850993359375 0.465005939453125 0.1303548828125 0.478451267578125 0.1493955 0.47583619921875 0.159613078125 0.480909439453125 0.16026744921875 0.475895009765625 0.170950681640625 0.472189322265625 0.167492521484375 0.45439863671875 0.1605884921875 0.455197619140625 0.157086224609375 0.4455608984375 0.152682056640625 0.44804605859375 0.152711462890625 0.442610083984375 0.13851126171875 0.439397037109375 0.126884435546875 0.424280232421875 0.122990029296875 0.4098325 0.106900228515625 0.40807280859375 0.10964762109375 0.40265153515625
0 0.5337932734375 0.263188248046875 0.54845912890625 0.25762236328125 0.54286383984375 0.248392484375 0.531585046875 0.24624065234375 0.528575421875 0.261487365234375 0.51260082421875 0.277082109375 0.500929892578125 0.270119267578125 0.50220923046875 0.265526380859375 0.49495716796875 0.253360390625 0.481352525390625 0.256004865234375 0.474200966796875 0.26391130078125 0.468561568359375 0.2628353828125 0.45428785546875 0.273212275390625 0.44969496875 0.2719329375 0.447964681640625 0.282586765625 0.441031244140625 0.28882172265625 0.41100347265625 0.27402354296875 0.3967444609375 0.281682447265625 0.400638865234375 0.2961301796875 0.415493439453125 0.294328796875 0.414635646484375 0.29829671484375 0.403530869140625 0.302627369140625 0.43428652734375 0.298821177734375 0.438850005859375 0.3055364921875 0.447207390625 0.306627109375 0.44655301953125 0.3116415390625 0.485680763671875 0.306207982421875 0.49229315625 0.320670416015625 0.51441449609375 0.328317033203125 0.516233 0.30135528125 0.5313203984375 0.2951644296875 0.530521416015625 0.288260400390625 0.53553584765625 0.288914771484375 0.536393640625 0.2849468515625 0.53286196875 0.28074610546875 0.552556955078125 0.273116607421875 0.549228705078125 0.26996237109375 0.5408566171875 0.271589740234375 0.539636091796875 0.26531067578125 0.534592255859375 0.27009227734375 0.5337932734375 0.263188248046875
0 0.42175538671875 0.334924595703125 0.393296171875 0.339370455078125 0.3838064765625 0.31569284375 0.37922829296875 0.31169551953125 0.371873310546875 0.318555443359375 0.36393747265625 0.316839857421875 0.35185969921875 0.307783994140625 0.3483574296875 0.2981472734375 0.31694740234375 0.306967892578125 0.3183419453125 0.319729443359375 0.326481205078125 0.322491541015625 0.320550171875 0.3366770390625 0.330782453125 0.33903229296875 0.323660298828125 0.34150275 0.321493763671875 0.35549953125 0.308732212890625 0.35689407421875 0.30271537890625 0.34828916015625 0.2989361796875 0.351195865234375 0.282745873046875 0.329363748046875 0.268094720703125 0.33221164453125 0.264082693359375 0.33950781640625 0.2484144375 0.337123158203125 0.245042076171875 0.3421228828125 0.241931951171875 0.337297171875 0.23523133984375 0.3391426640625 0.238500779296875 0.353168849609375 0.253355353515625 0.351367466796875 0.257918833984375 0.358082779296875 0.26507039453125 0.350176345703125 0.27399393359375 0.3625604609375 0.28780199609375 0.36096249609375 0.29544619921875 0.37793949609375 0.323905412109375 0.37349363671875 0.329064453125 0.386066470703125 0.33531411328125 0.390281919921875 0.33383135546875 0.39382829296875 0.34929619140625 0.39516644140625 0.344673900390625 0.399323080078125 0.34675221875 0.401634224609375 0.35701390625 0.39855350390625 0.3585260703125 0.38957115234375 0.365430099609375 0.388772169921875 0.346244875 0.379468779296875 0.344720423828125 0.35207077734375 0.3706797734375 0.345938740234375 0.37916706640625 0.36166580859375 0.410765814453125 0.356609685546875 0.41553271484375 0.364371509765625 0.42410822265625 0.36379065234375 0.44871472265625 0.375841435546875 0.452143474609375 0.39906809765625 0.4381025859375 0.405055525390625 0.440543638671875 0.417613654296875 0.445776193359375 0.416596548828125 0.45650353515625 0.4047368984375 0.455064884765625 0.400129310546875 0.47160563671875 0.3958280625 0.470647341796875 0.379723556640625 0.4760098046875 0.393342900390625 0.478945916015625 0.391686125 0.479732611328125 0.362209806640625 0.450241587890625 0.364141099609375 0.4436291953125 0.349678666015625 0.433615037109375 0.345651935546875 0.4298358359375 0.348558640625 0.42175538671875 0.334924595703125
0 0.884239669921875 0.25860240625 0.885808228515625 0.277846443359375 0.881156533203125 0.287439056640625 0.88127173828125 0.304793494140625 0.87135808203125 0.320839189453125 0.873014857421875 0.323775298828125 0.852273357421875 0.331608220703125 0.848523560546875 0.32907894921875 0.835325763671875 0.333816447265625 0.831372544921875 0.330240666015625 0.827796765625 0.334193884765625 0.82053 0.32474587890625 0.805283287109375 0.321736255859375 0.818409990234375 0.291490359375 0.848584787109375 0.27910866015625 0.859385642578125 0.253659072265625 0.856057390625 0.2505048359375 0.841813080078125 0.25544575390625 0.818848654296875 0.24904906640625 0.8228753828125 0.239034908203125 0.81704726953125 0.234194494140625 0.809677583984375 0.24377240625 0.81175348828125 0.285181888671875 0.794950501953125 0.299308576171875 0.78515446875 0.29361037109375 0.781985529296875 0.299656609375 0.773003181640625 0.2981444453125 0.769630822265625 0.303144173828125 0.761361654296875 0.285745626953125 0.7618567109375 0.27153072265625 0.777671994140625 0.246735505859375 0.77879201953125 0.23294214453125 0.7419313125 0.244451349609375 0.6957108203125 0.246919392578125 0.667643744140625 0.256176259765625 0.677307455078125 0.28633635546875 0.702715353515625 0.266192833984375 0.722395638671875 0.261281322265625 0.729211455078125 0.276790265625 0.7446468828125 0.283564390625 0.747668794921875 0.304698029296875 0.76544477734375 0.303957857421875 0.772101279296875 0.310266328125 0.784019740234375 0.310121716796875 0.796737185546875 0.316881138671875 0.807520919921875 0.333247875 0.80345008203125 0.35141599609375 0.80715576953125 0.362099228515625 0.8301790078125 0.357623962890625 0.859133279296875 0.338963201171875 0.8848303984375 0.3426566015625 0.8919525546875 0.340186142578125 0.893231890625 0.3355932578125 0.895484224609375 0.344386890625 0.891283478515625 0.3479185625 0.91513510546875 0.344911353515625 0.916762474609375 0.35328344140625 0.9094074921875 0.36014336328125 0.911689234375 0.363501021484375 0.917139912109375 0.3608124375 0.918127611328125 0.37148096875 0.91415969140625 0.370623173828125 0.910569208984375 0.37729437890625 0.916615447265625 0.38046331640625 0.946150578125 0.370378060546875 0.938476970703125 0.358837037109375 0.941006240234375 0.355087240234375 0.93433503515625 0.3514967578125 0.9299455703125 0.351263931640625 0.92927649609375 0.358996349609375 0.92091911328125 0.357905732421875 0.924494892578125 0.353952513671875 0.921835716796875 0.343065861328125 0.931254314453125 0.3412350703125 0.96753174609375 0.36024869921875 0.974653900390625 0.357778240234375 0.980001759765625 0.34897344921875 0.949789658203125 0.193545658203125 0.908559365234375 0.207717927734375 0.8669023515625 0.21690128515625 0.8708114609375 0.22863102734375 0.861508068359375 0.247816255859375 0.876972904296875 0.24915440234375 0.884239669921875 0.25860240625
0 0.521838158203125 0.386063849609375 0.483582908203125 0.3848115 0.483335380859375 0.391918953125 0.49061684765625 0.398648966796875 0.523392013671875 0.408025873046875 0.5322567421875 0.431281939453125 0.536050646484375 0.42565724609375 0.543128693359375 0.43134075 0.531384248046875 0.43796784765625 0.536121744140625 0.451165646484375 0.545540341796875 0.449334857421875 0.552066935546875 0.441006876953125 0.582241734375 0.4286251796875 0.60229945703125 0.4312426640625 0.603593498046875 0.423931791015625 0.5885943125 0.413814712890625 0.601544583984375 0.416184669921875 0.6096544375 0.424382740234375 0.6173745703125 0.388671462890625 0.566605298828125 0.381706205078125 0.555588736328125 0.36972893359375 0.537158384765625 0.375483537109375 0.521838158203125 0.386063849609375