1 0.0732421875 0.4619140625 0.146484375 0.158203125
1 0.13671875 0.3310546875 0.13671875 0.123046875
1 0.3525390625 0.470703125 0.162109375 0.13671875
1 0.8203125 0.3837890625 0.060546875 0.06640625
1 0.4990234375 0.4345703125 0.138671875 0.1328125
1 0.6328125 0.4228515625 0.12109375 0.107421875
1 0.5751953125 0.552734375 0.19140625 0.18359375
1 0.5185546875 0.34765625 0.111328125 0.08203125
1 0.150390625 0.25 0.091796875 0.078125
1 0.697265625 0.66015625 0.21875 0.203125
1 0.24609375 0.392578125 0.1640625 0.142578125
1 0.2470703125 0.2333984375 0.068359375 0.068359375
1 0.822265625 0.6025390625 0.181640625 0.140625
1 0.484375 0.23046875 0.060546875 0.052734375
1 0.3779296875 0.2529296875 0.0703125 0.06640625
1 0.716796875 0.5009765625 0.126953125 0.119140625
1 0.1767578125 0.1943359375 0.072265625 0.0703125
1 0.45703125 0.2744140625 0.07421875 0.08203125
1 0.5654296875 0.2607421875 0.0625 0.05859375
1 0.515625 0.271484375 0.068359375 0.0625
1 0.3740234375 0.7314453125 0.375 0.36328125
1 0.142578125 0.533203125 0.220703125 0.17578125
1 0.7578125 0.3251953125 0.068359375 0.072265625
1 0.9091796875 0.4306640625 0.078125 0.07421875
1 0.38671875 0.3759765625 0.158203125 0.123046875
1 0.0654296875 0.205078125 0.0390625 0.060546875
1 0.8994140625 0.7314453125 0.130859375 0.111328125
1 0.251953125 0.3037109375 0.0859375 0.068359375