1 0.451171875 0.458984375 0.1328125 0.1171875
1 0.5439453125 0.5673828125 0.1796875 0.150390625
1 0.1201171875 0.390625 0.12109375 0.095703125
1 0.236328125 0.744140625 0.232421875 0.22265625
1 0.7138671875 0.2119140625 0.087890625 0.09375
1 0.615234375 0.3955078125 0.126953125 0.1171875
1 0.875 0.40234375 0.16015625 0.12109375
1 0.76171875 0.4814453125 0.181640625 0.1328125
1 0.3974609375 0.6552734375 0.203125 0.177734375
1 0.236328125 0.544921875 0.158203125 0.11328125
1 0.751953125 0.3330078125 0.0625 0.0703125
1 0.0625 0.638671875 0.109375 0.123046875
1 0.8984375 0.2353515625 0.0625 0.068359375
1 0.8271484375 0.298828125 0.111328125 0.0859375