1 0.806640625 0.4736328125 0.16015625 0.171875
1 0.3916015625 0.5068359375 0.140625 0.166015625
1 0.173828125 0.515625 0.15234375 0.17578125
1 0.58984375 0.4931640625 0.1328125 0.1796875
1 0.970703125 0.4619140625 0.05859375 0.158203125
0 0 0.45685721484375 0.010518267578125 0.461556203125 0.0302338671875 0.483688984375 0.048982689453125 0.491996251953125 0.07374068359375 0.494539810546875 0.095925474609375 0.49085109375 0.122356978515625 0.44091126171875 0.13996793359375 0.44822939453125 0.18349711328125 0.4441168359375 0.199152162109375 0.438747322265625 0.20592736328125 0.4286552421875 0.215498875 0.4279859375 0.22388415234375 0.433277439453125 0.238702443359375 0.454149623046875 0.24243587890625 0.44640764453125 0.2477533828125 0.44603580859375 0.27338142578125 0.476304763671875 0.29494891796875 0.479071423828125 0.320398578125 0.476223109375 0.325987548828125 0.472091833984375 0.3432677421875 0.42118887109375 0.351775751953125 0.42059393359375 0.36946107421875 0.428975568359375 0.38313785546875 0.425881791015625 0.3876149609375 0.428774826171875 0.392709365234375 0.425212484375 0.396122970703125 0.42817988671875 0.396963369140625 0.424915015625 0.416106390625 0.42357640625 0.417935921875 0.419173666015625 0.4315383359375 0.415016390625 0.4490265625 0.428220962890625 0.448929833984375 0.44212084375 0.453135474609375 0.44877331640625 0.46149475 0.446051375 0.4755210078125 0.46323848828125 0.4928344921875 0.4663026171875 0.513509576171875 0.45630726171875 0.527286728515625 0.4622904296875 0.530075748046875 0.4257595546875 0.537271150390625 0.4140350390625 0.547980529296875 0.4143548671875 0.559582314453125 0.4274367109375 0.57674706640625 0.428373837890625 0.618223609375 0.425473515625 0.6321458515625 0.410606859375 0.638452490234375 0.40909715234375 0.64691213671875 0.41545215625 0.653992095703125 0.45556773046875 0.66272320703125 0.458163294921875 0.70256731640625 0.4548427734375 0.713522154296875 0.44338972265625 0.727124568359375 0.4392324453125 0.73594876171875 0.404951302734375 0.741314630859375 0.39762952734375 0.747695638671875 0.39718332421875 0.7580851875 0.408212529296875 0.819076587890625 0.409291103515625 0.837081740234375 0.406963359375 0.846973078125 0.39558467578125 0.862628125 0.390215162109375 0.871013404296875 0.3955066640625 0.87781825390625 0.416404849609375 0.884373998046875 0.42609908984375 0.8902604375 0.426221822265625 0.89206761328125 0.436782466796875 0.90349466015625 0.43972386328125 0.92567944921875 0.4360351484375 0.94004789453125 0.4275495 0.956985900390625 0.402319298828125 0.95822049609375 0.389408548828125 0.966999970703125 0.385054173828125 0.9866635625 0.391160072265625 0.9936331875 0.391489951171875 0.986803505859375 0.293820958984375 0.40721196875 0.326946537109375 0 0.35871966015625 0 0.45685721484375
0 0.1196734609375 0.05102290625 0.1121545859375 0.0504799765625 0.10473608203125 0.059013990234375 0.11163766015625 0.06601229296875 0.1196734609375 0.05102290625
0 0.170003845703125 0.0448317109375 0.161864029296875 0.027767328125 0.157710396484375 0.037141740234375 0.16278244140625 0.048542783203125 0.170003845703125 0.0448317109375
0 0.217392833984375 0.05006755859375 0.2115547578125 0.042994888671875 0.2139755859375 0.024123333984375 0.204478443359375 0.025856138671875 0.198420908203125 0.038569791015625 0.206906556640625 0.052938234375 0.217392833984375 0.05006755859375
0 0.92767013671875 0.044216888671875 0.934222236328125 0.030934306640625 0.925342390625 0.02621173828125 0.91720257421875 0.00914735546875 0.90209045703125 0.006997994140625 0.879314373046875 0.025155525390625 0.91184034765625 0.039445958984375 0.92151223046875 0.047853595703125 0.92767013671875 0.044216888671875
0 0.8335347265625 0 0.83815766015625 0.01734646875 0.830095853515625 0.0243224140625 0.844122111328125 0.041509525390625 0.8618037890625 0.026914333984375 0.87236443359375 0.025107162109375 0.87303009375 0.011701845703125 0.86867571875 0.00292237109375 0.859029841796875 0.00252817578125 0.856700189453125 0 0.8335347265625 0
0 0 0.1043826875 0.0039338671875 0.11522303125 0.01263897265625 0.109805154296875 0.0317819921875 0.10846654296875 0.041524595703125 0.094960857421875 0.046916470703125 0.095652521484375 0.055524849609375 0.10413452734375 0.058544259765625 0.116747806640625 0.084295033203125 0.1411303203125 0.08854903515625 0.1408328515625 0.099206408203125 0.125125796875 0.133335169921875 0.108846162109375 0.158933564453125 0.108124849609375 0.170654435546875 0.092343427734375 0.195780623046875 0.077227666015625 0.19701521875 0.06431691796875 0.170081857421875 0.068872037109375 0.165210556640625 0.07562487890625 0.149629875 0.082057892578125 0.141791171875 0.092224341796875 0.119308912109375 0.09165905078125 0.10813097265625 0.09992159765625 0.090051451171875 0.101185841796875 0.071652103515625 0.113159462890625 0.06099108984375 0.105889693359375 0.058046048828125 0.094339916015625 0.066304951171875 0.082541033203125 0.0797846328125 0.084270193359375 0.081216326171875 0.0665365078125 0.0748353203125 0.0669827109375 0.057573841796875 0.079945466796875 0.04238735546875 0.076732603515625 0.028807302734375 0.065926498046875 0 0.06868449609375 0 0.076475892578125 0.0077603828125 0.07060434765625 0.0217346328125 0.07176457421875 0.027598712890625 0.0868506875 0.0077156640625 0.10053111328125 0 0.100616431640625 0 0.1043826875
0 0.482539615234375 0 0.45201411328125 0.00213455078125 0.451630900390625 0.00697050390625 0.354186142578125 0.1799675703125 0.34164723046875 0.18405048046875 0.309593462890625 0.18415449609375 0.303952484375 0.17225888671875 0.304592140625 0.15084012890625 0.3382450546875 0.09718922265625 0.383819580078125 0.04591077734375 0.398779318359375 0.0229563125 0.4134192265625 0.0107112265625 0.41340016015625 0.004834701171875 0.41042235546875 0.0050429296875 0.391111708984375 0.020286380859375 0.3205113671875 0.09575752734375 0.318559103515625 0.10604670703125 0.2955115546875 0.127963673828125 0.2846570859375 0.14849366796875 0.270437375 0.1591063203125 0.248252587890625 0.16279503515625 0.242068677734375 0.15841830078125 0.238431970703125 0.15226039453125 0.237933759765625 0.12985250390625 0.259003041015625 0.110211271484375 0.26612407421875 0.097423255859375 0.273914416015625 0.094206748046875 0.291841556640625 0.067838677734375 0.314543271484375 0.048617646484375 0.31842544140625 0.043002671875 0.31550640234375 0.0394663359375 0.303956625 0.042411376953125 0.29421401953125 0.055917064453125 0.27954810546875 0.06014870703125 0.272921638671875 0.07236779296875 0.258255724609375 0.076599435546875 0.24918242578125 0.0996766328125 0.22843297265625 0.108608484375 0.221657771484375 0.118700564453125 0.20600272265625 0.124070078125 0.19816401953125 0.13423652734375 0.1813711015625 0.13861690625 0.171925966796875 0.156376595703125 0.15520741796875 0.1618204765625 0.1369568046875 0.1759211015625 0.1157611484375 0.178471947265625 0.10312551171875 0.196454740234375 0.070380078125 0.201950626953125 0.05994580859375 0.220848185546875 0.025147740234375 0.22755630859375 0.0125121015625 0.245539099609375 0 0.2509028203125 0 0.265043439453125 0.0426916171875 0.279764591796875 0.063515435546875 0.27189623828125 0.080531455078125 0.27070636328125 0.100195044921875 0.27681226171875 0.1233169609375 0.25595879296875 0.144438248046875 0.252344447265625 0.163112705078125 0.259588212890625 0.1956906875 0.28990553125 0.222148197265625 0.247979140625 0.244901921875 0.244784990234375 0.2450210078125 0.215921728515625 0.2640116484375 0.1894792890625 0.275487060546875 0.18547074609375 0.288323439453125 0.18564183984375 0.317584544921875 0.199091875 0.328866501953125 0.222883095703125 0.329587814453125 0.24848148828125 0.344651568359375 0.257580791015625 0.353159578125 0.256985853515625 0.3819708359375 0.24107805859375 0.43922880078125 0.24989860546875 0.449465970703125 0.23582398828125 0.447532423828125 0.208172958984375 0.451734421875 0.19184860546875 0.4677836640625 0.17683321484375 0.46950918359375 0.14037670703125 0.466043568359375 0.121382419921875 0.481267486328125 0.048714869140625 0.485120005859375 0.01210962890625 0.483837529296875 0 0.482539615234375 0
0 0.51312815625 0 0.513388333984375 0.003720705078125 0.530612380859375 0.066638365234375 0.535119134765625 0.100521666015625 0.547144765625 0.1349478984375 0.546928951171875 0.177711044921875 0.55655246875 0.193068623046875 0.56397826171875 0.23048826171875 0.587747123046875 0.2341696875 0.600977697265625 0.224694904296875 0.626129888671875 0.217592583984375 0.64586784765625 0.224761982421875 0.659767728515625 0.224858708984375 0.666766033203125 0.2179571328125 0.685685951171875 0.213428017578125 0.709358083984375 0.231009326171875 0.723083228515625 0.220965609375 0.7207034765625 0.18693357421875 0.750180396484375 0.157620462890625 0.762868041015625 0.1556645546875 0.784089701171875 0.161127150390625 0.78923611328125 0.1735916953125 0.806378505859375 0.189492203125 0.80949828515625 0.21118242578125 0.830076642578125 0.215086955078125 0.848628369140625 0.22821716015625 0.872170484375 0.205731255859375 0.91409323046875 0.20921194140625 0.9328420546875 0.217519208984375 0.956313447265625 0.216946630859375 0.98014063671875 0.198537482421875 0.97786251953125 0.1659588984375 0.974508408203125 0.163842296875 0.97742003515625 0.15963106640625 0.968479626953125 0.031777283203125 0.952030291015625 0.033429498046875 0.957105978515625 0.067807369140625 0.945236373046875 0.081461787109375 0.956540689453125 0.090289625 0.96804574609375 0.117271349609375 0.96154565234375 0.146580818359375 0.95702018359375 0.150637724609375 0.937877162109375 0.151976333984375 0.892838279296875 0.149782251953125 0.867139515625 0.141426623046875 0.86449194140625 0.134130849609375 0.8692145078125 0.12525100390625 0.8680246328125 0.10823498828125 0.836093595703125 0.1024525625 0.824960373046875 0.08078834375 0.79671440625 0.074213884765625 0.7892922578125 0.059771072265625 0.768639533203125 0.054803041015625 0.752709376953125 0.04095516796875 0.738586392578125 0.037667935546875 0.724857607421875 0.024734828125 0.703981779296875 0.016576298828125 0.694878833984375 0.0086632265625 0.669823369140625 0.0018656640625 0.667151740234375 0 0.647920427734375 0 0.66908333984375 0.014207478515625 0.675516353515625 0.029788158203125 0.745692357421875 0.085796953125 0.761771248046875 0.101771830078125 0.76577979296875 0.113247240234375 0.765683064453125 0.12714712109375 0.759476796875 0.13773376953125 0.737143271484375 0.139295482421875 0.71418880859375 0.124335744140625 0.66140066015625 0.072454576171875 0.6587530859375 0.0651588046875 0.644827201171875 0.057048634765625 0.654402353515625 0.07935615625 0.691780916015625 0.124833953125 0.695172162109375 0.14276473828125 0.688646064453125 0.164060763671875 0.65241266015625 0.16552575 0.595017384765625 0.07068433984375 0.535454853515625 0 0.51312815625 0
0 0.094980564453125 0.61488653125 0.10825950390625 0.5984618046875 0.1107286953125 0.572640310546875 0.097687927734375 0.531338505859375 0.0626516875 0.59577315625 0.0489005390625 0.597803431640625 0.035052666015625 0.613733591796875 0.017642451171875 0.624569341796875 0.007518205078125 0.624975736328125 0.0133492890625 0.708364109375 0.01599858984375 0.708043 0.048145439453125 0.671062279296875 0.05165576953125 0.660129798828125 0.062759345703125 0.65080375 0.074182748046875 0.63076832421875 0.094980564453125 0.61488653125
0 1 0.55501006640625 0.9775377578125 0.551034716796875 0.95750233203125 0.539611314453125 0.944045009765625 0.522918767578125 0.9420891015625 0.51023112109375 0.93132771484375 0.49388441015625 0.8997388671875 0.46242922265625 0.891033759765625 0.467847099609375 0.892275642578125 0.500890001953125 0.9124374453125 0.5294037890625 0.914765189453125 0.547408943359375 0.908558919921875 0.55799558984375 0.8863741328125 0.561684302734375 0.84660074609375 0.543091501953125 0.826617326171875 0.547694982421875 0.810761537109375 0.534910611328125 0.7969360234375 0.535877384765625 0.791596158203125 0.551212603515625 0.7681767734375 0.56781206640625 0.74918248828125 0.571277677734375 0.74572051953125 0.575260216796875 0.747650421875 0.579934421875 0.763703310546875 0.587895857421875 0.76330911328125 0.597541734375 0.752402638671875 0.602044841796875 0.73345671484375 0.598560513671875 0.73308487890625 0.5932430078125 0.744880119140625 0.5785250859375 0.738324375 0.568830845703125 0.70228806640625 0.565472892578125 0.6808843828125 0.503916203125 0.67118649609375 0.487495123046875 0.657483712890625 0.482575458984375 0.657859193359375 0.510869787109375 0.672108552734375 0.531247404296875 0.6766376640625 0.550167322265625 0.6766153046875 0.565130705078125 0.668058931640625 0.572675583984375 0.65316991796875 0.573716724609375 0.642088703125 0.568079390625 0.593167650390625 0.57150028515625 0.537419390625 0.568986375 0.53087871484375 0.498375099609375 0.52568394140625 0.492860498046875 0.512081529296875 0.497017775390625 0.5035995234375 0.505626154296875 0.4874348359375 0.572481634765625 0.46176207421875 0.5721394453125 0.44575755078125 0.5572280703125 0.438041578125 0.561508080078125 0.427187109375 0.58203807421875 0.410319826171875 0.585354951171875 0.384349595703125 0.5807587578125 0.339533814453125 0.5817551796875 0.325176796875 0.50634697265625 0.3208967890625 0.498630998046875 0.30593340625 0.498608638671875 0.297377033203125 0.506153517578125 0.29537640625 0.52339263671875 0.283484439453125 0.55201044140625 0.281632546875 0.5713765625 0.273373642578125 0.583175447265625 0.232811865234375 0.5838743984375 0.217253544921875 0.575344029296875 0.194302724609375 0.5833611171875 0.190718025390625 0.593230095703125 0.180306115234375 0.597164271484375 0.13563906640625 0.6002876953125 0.141581158203125 0.639414134765625 0.13010575 0.643422677734375 0.108047333984375 0.66420177734375 0.075525001953125 0.67288816796875 0.04320705859375 0.722705271484375 0.0278011171875 0.73927873046875 0.015611578125 0.74071634765625 0.03374245703125 1 0.51746038671875 1 1 0.96625754296875 1 0.55501006640625