1 0.837890625 0.36328125 0.2939453125 0.1806640625
1 0.619140625 0.296875 0.19140625 0.1220703125
1 0.41796875 0.3876953125 0.30859375 0.205078125
1 0.90625 0.4892578125 0.1865234375 0.2109375
1 0.7392578125 0.2490234375 0.1728515625 0.1171875
1 0.634765625 0.6298828125 0.4814453125 0.34765625
1 0.236328125 0.53515625 0.3837890625 0.2578125
1 0.119140625 0.365234375 0.23828125 0.1943359375
1 0.3564453125 0.21484375 0.107421875 0.0791015625
1 0.05859375 0.240234375 0.1171875 0.1015625
0 0.35009765625 0.138671875 0.34228515625 0.1357421875 0.33740234375 0.1259765625 0.31640625 0.12646484375 0.32666015625 0.1318359375 0.34765625 0.15380859375 0.3564453125 0.16943359375 0.35888671875 0.18359375 0.38818359375 0.201171875 0.3935546875 0.20068359375 0.38671875 0.17236328125 0.3974609375 0.15380859375 0.39599609375 0.1416015625 0.35009765625 0.138671875
0 1 0.28857421875 0.97119140625 0.2841796875 0.95068359375 0.2919921875 0.93505859375 0.29296875 0.90283203125 0.283203125 0.83251953125 0.27734375 0.830078125 0.27880859375 0.8349609375 0.28271484375 0.83154296875 0.2861328125 0.82373046875 0.283203125 0.72216796875 0.2958984375 0.7109375 0.31787109375 0.7099609375 0.32763671875 0.70458984375 0.3330078125 0.62646484375 0.3466796875 0.58837890625 0.349609375 0.56494140625 0.345703125 0.52978515625 0.3271484375 0.5244140625 0.31689453125 0.5263671875 0.29833984375 0.5068359375 0.28466796875 0.51171875 0.27490234375 0.46484375 0.24951171875 0.4619140625 0.23388671875 0.474609375 0.20947265625 0.47216796875 0.205078125 0.39501953125 0.203125 0.4091796875 0.21728515625 0.400390625 0.23388671875 0.3984375 0.25048828125 0.38916015625 0.25390625 0.34619140625 0.2529296875 0.31591796875 0.2431640625 0.29443359375 0.2275390625 0.27001953125 0.228515625 0.25927734375 0.21875 0.22998046875 0.2197265625 0.20751953125 0.2158203125 0.20166015625 0.2080078125 0.18603515625 0.2021484375 0.1796875 0.18896484375 0.193359375 0.15283203125 0.16357421875 0.1572265625 0.15380859375 0.173828125 0.138671875 0.17822265625 0.14208984375 0.185546875 0.15380859375 0.1865234375 0.18017578125 0.2041015625 0.1865234375 0.21240234375 0.189453125 0.24072265625 0.185546875 0.25927734375 0.15380859375 0.283203125 0.12451171875 0.2880859375 0.10693359375 0.287109375 0.09130859375 0.2802734375 0.080078125 0.28369140625 0.08935546875 0.294921875 0.14013671875 0.3203125 0.21728515625 0.341796875 0.23046875 0.34912109375 0.232421875 0.35693359375 0.22802734375 0.3623046875 0.19921875 0.37255859375 0.203125 0.40869140625 0.20849609375 0.4189453125 0.27197265625 0.404296875 0.28173828125 0.408203125 0.29052734375 0.419921875 0.29736328125 0.4208984375 0.2890625 0.39990234375 0.2822265625 0.39306640625 0.2783203125 0.37158203125 0.26025390625 0.361328125 0.2587890625 0.35400390625 0.26708984375 0.34765625 0.33251953125 0.3291015625 0.38916015625 0.2919921875 0.40478515625 0.294921875 0.43212890625 0.29296875 0.44482421875 0.296875 0.49169921875 0.326171875 0.56103515625 0.3525390625 0.576171875 0.36279296875 0.578125 0.36865234375 0.57421875 0.37646484375 0.55517578125 0.3818359375 0.546875 0.39306640625 0.54150390625 0.4296875 0.40771484375 0.4609375 0.39453125 0.46728515625 0.3974609375 0.48095703125 0.42333984375 0.494140625 0.431640625 0.50537109375 0.42333984375 0.5146484375 0.3955078125 0.52197265625 0.3935546875 0.56005859375 0.39697265625 0.5693359375 0.46533203125 0.5498046875 0.51611328125 0.529296875 0.52783203125 0.5234375 0.58056640625 0.4775390625 0.60888671875 0.4638671875 0.65771484375 0.4794921875 0.68994140625 0.4736328125 0.77197265625 0.5439453125 0.87548828125 0.5791015625 0.880859375 0.58349609375 0.880859375 0.58935546875 0.87451171875 0.6044921875 0.830078125 0.62451171875 0.8203125 0.66845703125 0.81591796875 0.6748046875 0.66162109375 0.7685546875 0.6572265625 0.77587890625 0.65625 0.79736328125 0.64794921875 0.7998046875 0.642578125 0.79638671875 0.64013671875 0.7880859375 0.63134765625 0.787109375 0.62451171875 0.779296875 0.59814453125 0.765625 0.55810546875 0.736328125 0.52587890625 0.7216796875 0.49072265625 0.6982421875 0.47509765625 0.69140625 0.46728515625 0.7001953125 0.46435546875 0.69921875 0.4560546875 0.68505859375 0.4501953125 0.68310546875 0.455078125 0.66455078125 0.4501953125 0.61962890625 0.41552734375 0.6005859375 0.39111328125 0.5810546875 0.37353515625 0.58203125 0.23193359375 0.6240234375 0.15771484375 0.6416015625 0.12158203125 0.603515625 0.0927734375 0.58251953125 0.0869140625 0.57275390625 0.0849609375 0.55615234375 0.0791015625 0.55224609375 0.076171875 0.54150390625 0.0498046875 0.51318359375 0.044921875 0.50244140625 0.04931640625 0.4921875 0.12060546875 0.466796875 0.14697265625 0.4453125 0.15380859375 0.4345703125 0.02587890625 0.4599609375 0.00048828125 0.4619140625 0 0.99951171875 0.7119140625 0.99951171875 0.7138671875 0.96337890625 0.734375 0.90966796875 0.77978515625 0.896484375 0.78515625 0.89111328125 0.78759765625 0.87890625 0.82470703125 0.84765625 0.85595703125 0.83203125 0.87255859375 0.8271484375 0.90966796875 0.830078125 0.93701171875 0.83984375 0.96044921875 0.8544921875 0.98974609375 0.8876953125 0.99658203125 0.892578125 1 0.89111328125 1 0.58447265625 0.85498046875 0.53515625 0.85107421875 0.5302734375 0.84033203125 0.5302734375 0.8369140625 0.52294921875 0.83984375 0.47900390625 0.81103515625 0.4638671875 0.8076171875 0.45849609375 0.84423828125 0.4453125 0.8466796875 0.44287109375 0.84375 0.43212890625 0.72607421875 0.396484375 0.72216796875 0.3984375 0.71435546875 0.3896484375 0.708984375 0.39697265625 0.7080078125 0.41845703125 0.70166015625 0.419921875 0.6982421875 0.41552734375 0.7001953125 0.36572265625 0.68408203125 0.3583984375 0.681640625 0.35205078125 0.69677734375 0.3427734375 0.77978515625 0.3212890625 0.82373046875 0.287109375 0.84521484375 0.2880859375 0.86572265625 0.2958984375 0.91357421875 0.3291015625 0.96728515625 0.3486328125 0.9853515625 0.36083984375 0.98095703125 0.3740234375 0.96533203125 0.376953125 0.9599609375 0.38330078125 0.9560546875 0.40966796875 0.96142578125 0.4111328125 1 0.38720703125 1 0.28857421875
0 0 0.19189453125 0.0322265625 0.20751953125 0.029296875 0.19189453125 0.0400390625 0.17333984375 0.02294921875 0.15625 0.01611328125 0.1552734375 0 0.16845703125 0 0.19189453125
0 0.6064453125 0.18408203125 0.6162109375 0.17529296875 0.61572265625 0.166015625 0.595703125 0.18017578125 0.6064453125 0.18408203125
0 0.5009765625 0.12158203125 0.52587890625 0.1318359375 0.54150390625 0.1455078125 0.5458984375 0.14501953125 0.55029296875 0.1298828125 0.53076171875 0.1298828125 0.51416015625 0.1201171875 0.5009765625 0.12158203125
0 0.7646484375 0.14013671875 0.76904296875 0.14453125 0.7783203125 0.14404296875 0.7861328125 0.13720703125 0.791015625 0.12255859375 0.76416015625 0.12109375 0.7646484375 0.14013671875
0 0.64208984375 0.1337890625 0.66259765625 0.1455078125 0.6748046875 0.14697265625 0.68896484375 0.12109375 0.64990234375 0.12109375 0.640625 0.12451171875 0.64208984375 0.1337890625
0 0.7265625 0.19970703125 0.720703125 0.18408203125 0.7412109375 0.16162109375 0.74169921875 0.1552734375 0.703125 0.16064453125 0.716796875 0.18505859375 0.6904296875 0.20654296875 0.6865234375 0.21630859375 0.69140625 0.21728515625 0.7060546875 0.20849609375 0.70458984375 0.19921875 0.71337890625 0.205078125 0.7265625 0.19970703125
0 0.9345703125 0.14501953125 0.95849609375 0.15234375 0.982421875 0.18017578125 0.9775390625 0.15185546875 0.98828125 0.13134765625 0.93603515625 0.1318359375 0.9345703125 0.14501953125