1 0.625 0.427734375 0.380859375 0.326171875
1 0.181640625 0.236328125 0.298828125 0.2265625
1 0.0791015625 0.3759765625 0.158203125 0.248046875
1 0.326171875 0.169921875 0.1484375 0.103515625
1 0.8955078125 0.537109375 0.208984375 0.32421875
1 0.748046875 0.23828125 0.16015625 0.109375
1 0.9140625 0.3310546875 0.171875 0.134765625
1 0.318359375 0.68359375 0.63671875 0.58984375
1 0.4775390625 0.2216796875 0.203125 0.146484375
0 0.78019240625 0.481792490234375 0.801087447265625 0.4810495859375 0.815311380859375 0.472667552734375 0.83791734765625 0.47850945703125 0.852821904296875 0.496193509765625 0.859555294921875 0.49866159375 0.864539490234375 0.514237009765625 0.8782794140625 0.51301009375 0.897197509765625 0.494738841796875 0.8815740625 0.470680845703125 0.88386955078125 0.445247349609375 0.87861220703125 0.435835015625 0.88412580859375 0.407456552734375 0.846787880859375 0.402630703125 0.834524001953125 0.39691336328125 0.8197057421875 0.388579365234375 0.810151953125 0.372551080078125 0.82048427734375 0.323941310546875 0.825413318359375 0.327581150390625 0.83521623828125 0.3229252578125 0.8443936953125 0.30413885546875 0.8511893671875 0.30143589453125 0.852845134765625 0.296085126953125 0.857203865234375 0.29753003125 0.857867599609375 0.29196840234375 0.829731142578125 0.282877244140625 0.815210046875 0.2829012578125 0.809195546875 0.28680712109375 0.775255455078125 0.2806297890625 0.674489501953125 0.257137609375 0.668506142578125 0.25845794921875 0.664562013671875 0.272135591796875 0.64260552734375 0.294945296875 0.609626330078125 0.291564349609375 0.608025716796875 0.308850689453125 0.6258512265625 0.31523176171875 0.621820798828125 0.319559349609375 0.62678098046875 0.32061366796875 0.632014306640625 0.315504908203125 0.6522767578125 0.317738109375 0.658384681640625 0.306075681640625 0.6621108203125 0.3104966953125 0.667344146484375 0.305387935546875 0.73005328515625 0.31768031640625 0.739341056640625 0.3227650625 0.752676140625 0.355149935546875 0.759768974609375 0.360804990234375 0.761417619140625 0.372560841796875 0.77860341015625 0.399024638671875 0.784517357421875 0.419981962890625 0.796656669921875 0.436041388671875 0.801430001953125 0.452608841796875 0.799532228515625 0.461537166015625 0.773552439453125 0.471567841796875 0.768069982421875 0.497360779296875 0.78019240625 0.481792490234375
0 0 0.5944351171875 0.00764170703125 0.594422478515625 0.033980939453125 0.58757877734375 0.054883107421875 0.56972925390625 0.05557798046875 0.561582099609375 0.0633656875 0.559090001953125 0.060240998046875 0.55427840234375 0.063911982421875 0.546763841796875 0.09749975390625 0.532647583984375 0.103607677734375 0.520985154296875 0.125228734375 0.50950957421875 0.145702048828125 0.5107507421875 0.15490351953125 0.506485435546875 0.19690446484375 0.50400758984375 0.21750234375 0.49490666796875 0.23202344140625 0.494882654296875 0.253824220703125 0.485000560546875 0.268134455078125 0.485968580078125 0.289935232421875 0.47608648828125 0.303253427734375 0.47684364453125 0.307283857421875 0.4725160546875 0.35532331640625 0.4806534453125 0.393988708984375 0.47435603515625 0.401924998046875 0.4760429453125 0.4038467890625 0.48163571875 0.41235338671875 0.4855175625 0.434492232421875 0.53014230078125 0.489838025390625 0.60878366015625 0.524458740234375 0.641027078125 0.547572732421875 0.654234962890625 0.542260234375 0.63288705078125 0.546836955078125 0.616233302734375 0.55949854296875 0.605445470703125 0.585368015625 0.571543646484375 0.59074992578125 0.570613892578125 0.59983395703125 0.559584056640625 0.61038691015625 0.5587165859375 0.614628201171875 0.5533969609375 0.636937005859375 0.55088084765625 0.675688697265625 0.553933490234375 0.723033283203125 0.570218033203125 0.75459158984375 0.592478806640625 0.765285998046875 0.61289696484375 0.764950568359375 0.624231087890625 0.772675994140625 0.62691003515625 0.776150365234375 0.586174271484375 0.754996427734375 0.558867017578125 0.74959050390625 0.54527567578125 0.758954810546875 0.510976138671875 0.741699609375 0.506790005859375 0.692716142578125 0.5274839453125 0.628641271484375 0.54600696484375 0.533803517578125 0.509258873046875 0.492895158203125 0.487084396484375 0.445550572265625 0.47079985546875 0.442308443359375 0.459223724609375 0.449540095703125 0.420323453125 0.440642912109375 0.41584015625 0.43604930078125 0.400866189453125 0.44925005859375 0.39485881640625 0.461787083984375 0.39441307421875 0.493515349609375 0.369533 0.501092193359375 0.3680329375 0.524642166015625 0.345043509765625 0.532429873046875 0.342551412109375 0.5279296875 0.319820880859375 0.5229695078125 0.3187665625 0.52351580078125 0.30644040234375 0.52872511328125 0.28681054296875 0.53636423828125 0.2801394375 0.53158378125 0.28067860546875 0.526896748046875 0.273461205078125 0.492534927734375 0.269267943359375 0.485310404296875 0.29106159765625 0.46834523828125 0.31234009765625 0.447989365234375 0.317863462890625 0.3921381796875 0.29769707421875 0.37028937109375 0.27853697265625 0.33241227734375 0.2689306640625 0.331655119140625 0.282248859375 0.3367638828125 0.2874821875 0.33143000390625 0.317454134765625 0.351474462890625 0.3377859921875 0.359981060546875 0.34166783984375 0.370191458984375 0.369241111328125 0.3613111640625 0.39638553125 0.336862580078125 0.411407529296875 0.28960429296875 0.4044730390625 0.28130855859375 0.399599158203125 0.272567080078125 0.38218825 0.26309958984375 0.375510017578125 0.261661810546875 0.36276212890625 0.267714576171875 0.339164126953125 0.28455517578125 0.328227712890625 0.285008044921875 0.323658119140625 0.27770434765625 0.3189951015625 0.226837359375 0.314404126953125 0.213667744140625 0.317825978515625 0.191421220703125 0.315171048828125 0.186609623046875 0.31829573828125 0.14268688671875 0.315180810546875 0.0985292734375 0.29853682421875 0.092639337890625 0.29210059765625 0.080524041015625 0.29056226953125 0.105732419921875 0.328063029296875 0.12914357421875 0.349628927734375 0.141611189453125 0.37146084765625 0.12639521875 0.379632017578125 0.118890419921875 0.424695369140625 0.1140476796875 0.430405580078125 0.102862134765625 0.43424916015625 0.08139678515625 0.432797126953125 0.026163943359375 0.443867869140625 0.013056607421875 0.44211867578125 0.0008398828125 0.443496546875 0 0.447447884765625 0 0.5944351171875
0 0.904892015625 1 0.927353109375 0.89432886328125 0.907227119140625 0.88413663671875 0.864420984375 0.870890486328125 0.83178434375 0.839068794921875 0.826136416015625 0.829055009765625 0.8282833203125 0.7994425078125 0.83676590234375 0.788803255859375 0.842248359375 0.763010318359375 0.870633947265625 0.751417298828125 0.87896794921875 0.7365990390625 0.8923795703125 0.729599630859375 0.93912983203125 0.729168140625 0.964020546875 0.721822134765625 0.969018173828125 0.698310150390625 0.930910634765625 0.6849099765625 0.830604671875 0.639741583984375 0.84834124609375 0.5709316484375 0.8368202734375 0.5861093515625 0.8072940703125 0.593312498046875 0.794812201171875 0.60569381640625 0.78614276953125 0.63184619921875 0.778925373046875 0.636533232421875 0.773169767578125 0.668489251953125 0.753798802734375 0.69133009765625 0.74239526953125 0.71327233203125 0.72017276171875 0.725138498046875 0.68566236328125 0.71676623046875 0.66453244140625 0.70398007421875 0.646464927734375 0.701176560546875 0.631459822265625 0.708355693359375 0.588864552734375 0.694117505859375 0.588560265625 0.702866109375 0.594958224609375 0.716668318359375 0.591646685546875 0.727369849609375 0.53150169140625 0.766428466796875 0.51859096875 0.797900474609375 0.413797224609375 0.84457683984375 0.377257357421875 0.872581603515625 0.335038423828125 0.89315810546875 0.290890572265625 0.925248453125 0.281962248046875 0.9233506796875 0.23841320703125 0.889209486328125 0.207784654296875 0.87233062109375 0.195434478515625 0.85726323046875 0.142597669921875 0.81803729296875 0.128685150390625 0.8005641015625 0.103016775390625 0.784739556640625 0.085136111328125 0.766422912109375 0.0710990234375 0.759291810546875 0.05378866796875 0.743170099609375 0.035572572265625 0.736187580078125 0.034853685546875 0.72981363671875 0.0186839453125 0.718081798828125 0.00599833984375 0.714348533203125 0 0.709261435546875 0 0.904892017578125 0.447447880859375 1 0.904892015625 1
0 0.419430396484375 0.09612689453125 0.45072268359375 0.107444130859375 0.44585592578125 0.09863324609375 0.4255071796875 0.08704998828125 0.406236765625 0.0850276484375 0.394536068359375 0.0986118671875 0.419430396484375 0.09612689453125
0 1 0.19368084375 0.996474232421875 0.19597050390625 0.967134876953125 0.18766051953125 0.960964669921875 0.204493990234375 0.962043005859375 0.214054908203125 0.972564814453125 0.215772958984375 0.99725540625 0.197173404296875 1 0.196916185546875 1 0.19368084375
0 0.28844151171875 0.23677354296875 0.29391684375 0.22808722265625 0.309882845703125 0.223704478515625 0.312382068359375 0.21438556640625 0.32741119140625 0.22172753125 0.33607349609375 0.212681765625 0.328590076171875 0.20642526171875 0.25085181640625 0.186790916015625 0.246938828125 0.197883033203125 0.264788349609375 0.218785201171875 0.2723029140625 0.22245618359375 0.28206756640625 0.23749243359375 0.28844151171875 0.23677354296875
0 0.858344482421875 0.301919904296875 0.8647807109375 0.296029970703125 0.8663190390625 0.283914671875 0.883550224609375 0.2735797109375 0.911209794921875 0.2727193671875 0.909388556640625 0.242263408203125 0.92193270703125 0.224711046875 0.89974846875 0.2168850703125 0.870488283203125 0.2350317578125 0.869371681640625 0.245162982421875 0.85210935546875 0.258083466796875 0.845337701171875 0.275307525390625 0.835714501953125 0.281556904296875 0.844307396484375 0.294788802734375 0.841355302734375 0.30867730859375 0.858344482421875 0.301919904296875
0 0.60006462890625 0.078013201171875 0.612273349609375 0.07179496484375 0.6336141328125 0.0835890859375 0.642940171875 0.068981689453125 0.65986706640625 0.067395330078125 0.674685326171875 0.075729330078125 0.68066155859375 0.091515611328125 0.696026111328125 0.087523451171875 0.709133443359375 0.08927264453125 0.722264791015625 0.10554293359375 0.739378537109375 0.08844344140625 0.754141638671875 0.0848418671875 0.745666181640625 0.078374498046875 0.588713615234375 0.04605005859375 0.5835114296875 0.048573296875 0.591323150390625 0.060602294921875 0.58761390234375 0.087808998046875 0.598190869140625 0.101462623046875 0.60006462890625 0.078013201171875
0 0.58125499609375 0.26894412890625 0.590916462890625 0.243002609375 0.62462880078125 0.21854426171875 0.63731440625 0.22227752734375 0.640383939453125 0.2151535546875 0.648351369140625 0.21425494140625 0.66331820703125 0.22676794921875 0.671465361328125 0.22746282421875 0.711129916015625 0.20426966015625 0.68587614453125 0.20356766015625 0.660504931640625 0.19610112890625 0.635876626953125 0.209529640625 0.613356958984375 0.2130377890625 0.587985748046875 0.2055712578125 0.57500298046875 0.1934799765625 0.569057888671875 0.17510817578125 0.570267916015625 0.157220384765625 0.553216453125 0.169148833984375 0.52552573828125 0.17259469921875 0.520682998046875 0.17830491015625 0.525760619140625 0.186123759765625 0.570294568359375 0.237582435546875 0.576294814453125 0.267889810546875 0.58125499609375 0.26894412890625
0 0.265013798828125 0 0.265990466796875 0.003374548828125 0.29283772265625 0.003896826171875 0.313186470703125 0.015480083984375 0.3254886171875 0.001505279296875 0.3391662578125 0.005449408203125 0.345533076171875 0.021837138671875 0.33112229296875 0.045732302734375 0.3354810234375 0.04717720703125 0.356320908203125 0.034498728515625 0.369825953125 0.019742751953125 0.388619482421875 0.01181358984375 0.41795883984375 0.020123576171875 0.43619894921875 0.041627193359375 0.449009119140625 0.035018369140625 0.46274904296875 0.033791453125 0.47798903125 0.0401413828125 0.4852304453125 0.0499754453125 0.495150806640625 0.05208408203125 0.509319583984375 0.0317664765625 0.50658548046875 0.027556326171875 0.405608662109375 0.005056185546875 0.38001599609375 0 0.265013798828125 0
0 1 0.271494904296875 0.976082728515625 0.287026962890625 0.96294425390625 0.287863291015625 1 0.33966202734375 1 0.271494904296875
0 0.76100223046875 0.14280881640625 0.791185041015625 0.14715065625 0.80216684765625 0.127192494140625 0.820390068359375 0.117068396484375 0.8332865390625 0.119809625 0.84410551171875 0.129885693359375 0.8372092890625 0.15745183984375 0.8266563359375 0.158319310546875 0.8311636484375 0.16394322265625 0.84875427734375 0.156795234375 0.852252662109375 0.130580568359375 0.8560722265625 0.127245015625 0.86488311328125 0.1223782578125 0.876787544921875 0.124908623046875 0.8847789921875 0.138531107421875 0.874250052734375 0.15391967578125 0.902590248046875 0.179125416015625 0.929085185546875 0.159354103515625 0.928639443359375 0.146817080078125 0.94133217578125 0.133443724609375 0.963008388671875 0.133903720703125 0.97428023046875 0.139410193359375 0.979326708984375 0.149814564453125 0.9921680234375 0.140620220703125 0.994636103515625 0.133886830078125 0.898650607421875 0.109855484375 0.85259521875 0.10213982421875 0.845799546875 0.10484278515625 0.81928771875 0.0929863828125 0.771459123046875 0.08385695703125 0.76009385546875 0.08610705078125 0.7738889375 0.096815708984375 0.776982484375 0.10421283203125 0.77983402734375 0.11518751171875 0.77540588671875 0.13602026953125 0.753909396484375 0.13715376171875 0.71549313671875 0.1227669921875 0.71065039453125 0.128477205078125 0.724562916015625 0.145950392578125 0.730476865234375 0.166907716796875 0.76100223046875 0.14280881640625
0 0.1829476171875 0.159915154296875 0.193234548828125 0.14810414453125 0.203037470703125 0.143448251953125 0.24696020703125 0.146563177734375 0.292756701171875 0.126228681640625 0.355044111328125 0.14050513671875 0.400390373046875 0.190581189453125 0.440594095703125 0.172168482421875 0.500240828125 0.174478220703125 0.506075603515625 0.168978875 0.4925848125 0.149521611328125 0.488983236328125 0.134758509765625 0.459433017578125 0.12744055859375 0.448115783203125 0.158732845703125 0.435485333984375 0.16693515625 0.38588352734375 0.156391966796875 0.381165353515625 0.15176008984375 0.377954365234375 0.137598435546875 0.382233923828125 0.112586669921875 0.3907476484375 0.0993618984375 0.367470822265625 0.116188244140625 0.347059791015625 0.109776033203125 0.334249619140625 0.11638485546875 0.32291549609375 0.116049427734375 0.277281833984375 0.106349693359375 0.262964474609375 0.1224882890625 0.2501854453125 0.126511591796875 0.199380740234375 0.116749576171875 0.186249392578125 0.10047928515625 0.175571875 0.111688845703125 0.1751332578125 0.082045201171875 0.150605501953125 0.070610525390625 0.143706642578125 0.03233571875 0.118546294921875 0.02387715234375 0.11809342578125 0.02844674609375 0.135279216796875 0.054910544921875 0.137014158203125 0.07601644921875 0.133913484375 0.0857259453125 0.1192678203125 0.09609205078125 0.118213501953125 0.10105223046875 0.131282568359375 0.122493564453125 0.11915301953125 0.155168474609375 0.1829476171875 0.159915154296875