1 0.7294921875 0.5947265625 0.1953125 0.171875
1 0.078125 0.478515625 0.15625 0.2421875
1 0.560546875 0.61328125 0.2265625 0.197265625
1 0.3115234375 0.3564453125 0.109375 0.10546875
1 0.8505859375 0.384765625 0.130859375 0.115234375
1 0.896484375 0.5546875 0.17578125 0.111328125
1 0.044921875 0.3095703125 0.0625 0.08984375
1 0.23828125 0.443359375 0.15234375 0.103515625
1 0.5107421875 0.3896484375 0.11328125 0.09375
1 0.564453125 0.3017578125 0.09765625 0.1015625
1 0.783203125 0.2900390625 0.08984375 0.076171875
1 0.8857421875 0.23046875 0.076171875 0.068359375
1 0.9775390625 0.51171875 0.044921875 0.09375
0 1 0.2847571328125 0.999550720703125 0.284790953125 0.97568334765625 0.2812283984375 0.953406291015625 0.272563033203125 0.93944086328125 0.26002829296875 0.937847396484375 0.24510492578125 0.9316739296875 0.23865911328125 0.920206697265625 0.237453857421875 0.91359810546875 0.255204126953125 0.906328955078125 0.2591830703125 0.85744216015625 0.25299087109375 0.8462472734375 0.239166337890625 0.828033701171875 0.252007900390625 0.80235687109375 0.255633109375 0.782383904296875 0.2451019296875 0.778980982421875 0.23736632421875 0.7713549453125 0.239726771484375 0.742494330078125 0.233531421875 0.73884408984375 0.22313484375 0.7267444765625 0.21290419140625 0.716294685546875 0.227088755859375 0.7102871484375 0.2290923203125 0.671715544921875 0.22503828125 0.659259046875 0.213189130859375 0.650700103515625 0.21439753515625 0.642416654296875 0.223012833984375 0.604668388671875 0.22115331640625 0.56955291796875 0.214300556640625 0.564697423828125 0.2153712109375 0.559212697265625 0.227442646484375 0.540532669921875 0.2397081875 0.514032501953125 0.241138875 0.487695111328125 0.230992759765625 0.483443818359375 0.23634288671875 0.494172251953125 0.249591396484375 0.5070670234375 0.257270642578125 0.51782363671875 0.275265078125 0.5259443046875 0.278226580078125 0.5568303671875 0.2551230390625 0.576803333984375 0.265654216796875 0.6089009453125 0.271135794921875 0.643794130859375 0.260047330078125 0.6914193125 0.2682149140625 0.70250148046875 0.26305574609375 0.750564935546875 0.267053427734375 0.77657047265625 0.260300791015625 0.780355310546875 0.254374642578125 0.79390749609375 0.25579903515625 0.797310419921875 0.263534640625 0.825460412109375 0.286519169921875 0.839231734375 0.285858609375 0.847493298828125 0.312549736328125 0.843983955078125 0.32588278515625 0.853723123046875 0.328487400390625 0.858688185546875 0.32637426953125 0.858024478515625 0.292576771484375 0.86436072265625 0.28744578125 0.8800510703125 0.278554984375 0.914671908203125 0.280085796875 0.93439755859375 0.287956001953125 0.929955306640625 0.300137005859375 0.94861344921875 0.323177892578125 0.935418150390625 0.323372 0.930399876953125 0.336019455078125 0.9151478046875 0.340740349609375 0.91992191015625 0.34545809765625 0.919211287109375 0.362247279296875 0.916935376953125 0.368859017578125 0.90790998046875 0.3694913984375 0.932275134765625 0.398402076171875 0.9503259296875 0.39713731640625 0.956518130859375 0.3482505234375 0.97741770703125 0.319881392578125 0.994616984375 0.311676185546875 1 0.311923783203125 1 0.2847571328125
0 1 0.44757904296875 0.997052677734375 0.448951134765625 0.97883595703125 0.441766521484375 0.977517984375 0.434250052734375 0.966489025390625 0.42887489453125 0.9610888359375 0.45518410546875 0.952119796875 0.465308337890625 0.933740296875 0.469700525390625 0.905593451171875 0.466742173828125 0.8841115546875 0.45552540234375 0.876892466796875 0.428943845703125 0.843314103515625 0.427522599609375 0.7863598515625 0.407834572265625 0.788303908203125 0.38432408203125 0.77680849609375 0.37837290234375 0.77584741015625 0.37247493359375 0.818967685546875 0.34327931640625 0.819953802734375 0.333897033203125 0.81611260546875 0.33033133203125 0.8208303515625 0.3255572265625 0.81517655078125 0.309153109375 0.822746228515625 0.2973008125 0.813554904296875 0.289483818359375 0.80974188671875 0.290664041015625 0.804589013671875 0.319634224609375 0.76845924609375 0.317417822265625 0.767776802734375 0.338952927734375 0.763553689453125 0.349048982421875 0.74879625 0.359091822265625 0.739745822265625 0.375004455078125 0.722546544921875 0.38320966015625 0.69511346875 0.3834883046875 0.66411154296875 0.367581966796875 0.636897603515625 0.365775658203125 0.61900958984375 0.3554636171875 0.570232365234375 0.34822894140625 0.564634921875 0.341316673828125 0.522384900390625 0.322120130859375 0.512673912109375 0.32426144140625 0.49435076953125 0.338145478515625 0.4657656484375 0.33935703125 0.456878 0.343692859375 0.45117098828125 0.3378230703125 0.43668589453125 0.3352466328125 0.41078678125 0.320930615234375 0.39504007421875 0.3203295625 0.38516316015625 0.314021498046875 0.37023979296875 0.31561496484375 0.364861486328125 0.30661774609375 0.347330357421875 0.297924201171875 0.33805449609375 0.27586943359375 0.338931044921875 0.267529625 0.342712736328125 0.24157730078125 0.355382076171875 0.21128914453125 0.373457904296875 0.194744130859375 0.388957291015625 0.1926842109375 0.38634952734375 0.182397201171875 0.3509053515625 0.1786718671875 0.34270329296875 0.18149876953125 0.334535708984375 0.22912394921875 0.32477151171875 0.241799583984375 0.323127982421875 0.257436720703125 0.310921947265625 0.26827472265625 0.266918826171875 0.265757791015625 0.2309831640625 0.2767366875 0.20700622265625 0.274216609375 0.174933642578125 0.253454779296875 0.170290990234375 0.21238812890625 0.16354150390625 0.20640876953125 0.1458194140625 0.2045461015625 0.127821830078125 0.195276537109375 0.119319244140625 0.205976791015625 0.068676205078125 0.1964380234375 0.065742884765625 0.209304619140625 0.06848839453125 0.223295080078125 0.058999693359375 0.243377615234375 0.0324744921875 0.2600885546875 0.022588615234375 0.258879794921875 0.0209020546875 0.274926337890625 0.061065908203125 0.298929357421875 0.0691051875 0.3076792578125 0.0670484140625 0.312206046875 0.0578038828125 0.314923380859375 0.054842380859375 0.323044048828125 0.057259185546875 0.340161935546875 0.05196541796875 0.345402494140625 0.013808876953125 0.34241342578125 0.010857734375 0.37049167578125 0.02382171875 0.362470318359375 0.03550808984375 0.36159062109375 0.041709734375 0.372782359375 0.049611265625 0.377828810546875 0.064700560546875 0.38468471875 0.070132076171875 0.383147611328125 0.077398080078125 0.35914248828125 0.0884520703125 0.349237396484375 0.10068628515625 0.343145318359375 0.12592483984375 0.343690015625 0.1485306015625 0.349227951171875 0.162248712890625 0.35910171875 0.169959287109375 0.370979046875 0.17989570703125 0.406805140625 0.185464970703125 0.40897148046875 0.18839829296875 0.39610488671875 0.180606330078125 0.390015958984375 0.17599500390625 0.37372141015625 0.18274134375 0.359674591796875 0.193685765625 0.350811974609375 0.212998171875 0.34757183203125 0.24207792578125 0.3516822265625 0.25799055859375 0.36073265625 0.259662267578125 0.3498414453125 0.25453127734375 0.343505201171875 0.2472339453125 0.342738220703125 0.2473153359375 0.3369498203125 0.287445931640625 0.3111289453125 0.326621736328125 0.31946245703125 0.3466479140625 0.319459310546875 0.351202880859375 0.326262005859375 0.363603021484375 0.328619306640625 0.393208734375 0.362823751953125 0.390579087890625 0.387843171875 0.394777171875 0.393027373046875 0.42078270703125 0.386274736328125 0.449752892578125 0.391427609375 0.513390830078125 0.347524615234375 0.55284527734375 0.383291201171875 0.56335457421875 0.3986246640625 0.553643583984375 0.400765974609375 0.55232876171875 0.413275681640625 0.54484047265625 0.419339580078125 0.474941384765625 0.42253280859375 0.4735983828125 0.430296591796875 0.484877806640625 0.458358900390625 0.510335498046875 0.45681864453125 0.523227125 0.444471712890625 0.53688887890625 0.444853630859375 0.541440697265625 0.431630150390625 0.557872994140625 0.430722275390625 0.561958359375 0.4169227734375 0.555503439453125 0.47646706640625 0.56458905859375 0.504887751953125 0.56559301171875 0.502678134765625 0.59252790234375 0.504633609375 0.57217745703125 0.51398533203125 0.593248373046875 0.520340716796875 0.625176908203125 0.49734674609375 0.649153853515625 0.49986682421875 0.654751296875 0.506779087890625 0.6610061484375 0.5074365 0.658614375 0.47503836328125 0.683899845703125 0.424996376953125 0.699123740234375 0.41552955859375 0.730451224609375 0.408282291015625 0.76079258984375 0.4104173046875 0.78765279296875 0.430631291015625 0.792379982421875 0.48593571875 0.790132251953125 0.497293384765625 0.779435146484375 0.508816974609375 0.78102861328125 0.523740341796875 0.763857513671875 0.536691474609375 0.76402344140625 0.54514084765625 0.808139279296875 0.56664148046875 0.81516111328125 0.5600015625 0.81658550390625 0.546449375 0.807641498046875 0.54129335546875 0.855232203125 0.504662658203125 0.933968876953125 0.527694103515625 0.93643889453125 0.534277666015625 0.95163775390625 0.54009109765625 0.955532162109375 0.53312247265625 0.970536919921875 0.52574060546875 0.971961310546875 0.512188419921875 0.9579144921875 0.505442080078125 0.964469875 0.498226140625 0.987567123046875 0.48905984765625 0.994808095703125 0.4803349765625 1 0.480020853515625 1 0.44757904296875
0 0.892286794921875 1 0.89527871484375 0.991073015625 0.91324497265625 0.975570478515625 0.94501073046875 0.96415330859375 0.954877615234375 0.955514712890625 0.997726216796875 0.547837486328125 0.9768763125 0.54063579296875 0.969769939453125 0.533037935546875 0.971826712890625 0.528511146484375 0.958603234375 0.523959328125 0.939509962890625 0.52511451953125 0.937014916015625 0.5338112109375 0.9669461875 0.544862052734375 0.968511474609375 0.55503949609375 0.983272060546875 0.56502283203125 0.979624970703125 0.5746524296875 0.962150197265625 0.57545073828125 0.956803220703125 0.59122562109375 0.8937631875 0.599355734375 0.829236109375 0.571493826171875 0.815574357421875 0.57111191015625 0.8208649765625 0.54584517578125 0.814005921875 0.540908291015625 0.814444197265625 0.536738388671875 0.82212344140625 0.523843615234375 0.83583840625 0.513691205078125 0.836439458984375 0.4979445 0.840471615234375 0.49467932421875 0.854599822265625 0.495637263671875 0.854872169921875 0.483017984375 0.8413481640625 0.486339517578125 0.837945240234375 0.4786039140625 0.810950439453125 0.47471265234375 0.792323625 0.4764438671875 0.792545908203125 0.49438509375 0.778392669921875 0.50870740625 0.78124775 0.521655390625 0.778286248046875 0.529776060546875 0.7498670546875 0.539436984375 0.813270267578125 0.572977724609375 0.85132535546875 0.607016244140625 0.849268583984375 0.611543033203125 0.83398833203125 0.611518 0.8246655546875 0.640049912109375 0.826997822265625 0.6429300234375 0.917859142578125 0.6609118671875 0.931771361328125 0.68398093359375 0.9293608515625 0.706915400390625 0.949668818359375 0.754371505859375 0.931740185546875 0.834698501953125 0.920548447265625 0.84090014453125 0.911607587890625 0.855770302734375 0.88853851953125 0.86968251953125 0.87509590234375 0.867215650390625 0.859621544921875 0.853995318359375 0.854656484375 0.85610844921875 0.84338965234375 0.908150849609375 0.82969971875 0.9030230078125 0.835234505859375 0.8603910703125 0.828895115234375 0.8454958828125 0.82159778515625 0.84472890234375 0.79817183203125 0.85702262109375 0.78659503125 0.85685984375 0.7582822578125 0.845452115234375 0.74508380859375 0.82562004296875 0.744476458984375 0.801314396484375 0.752046138671875 0.78946209765625 0.74502115625 0.776075837890625 0.74978896484375 0.740741232421875 0.794821970703125 0.6632630234375 0.803928755859375 0.656842240234375 0.802967669921875 0.65094426953125 0.736690640625 0.659788154296875 0.68697736328125 0.631375255859375 0.686128994140625 0.644460986328125 0.6713151953125 0.645011978515625 0.668713728515625 0.674777322265625 0.60347917578125 0.683730771484375 0.562331134765625 0.69416182421875 0.55097346875 0.691914095703125 0.4687461875 0.626883091796875 0.46972915625 0.597474634765625 0.451784783203125 0.577670740234375 0.4659380234375 0.5633484296875 0.51676572265625 0.526003962890625 0.5359153515625 0.53434062109375 0.5558288125 0.515353771484375 0.57700703515625 0.514417716796875 0.588968900390625 0.520944919921875 0.59530514453125 0.5158139296875 0.589679521484375 0.50415573828125 0.568939576171875 0.500921888671875 0.567865771484375 0.47604021875 0.55442315625 0.473573349609375 0.55565658984375 0.46685204296875 0.57949578515625 0.465668671875 0.572417591796875 0.462816740234375 0.57159110546875 0.440596041015625 0.5584771953125 0.435001748046875 0.558389509765625 0.400737794921875 0.551890486328125 0.4174455859375 0.53929938671875 0.4219191640625 0.4765598828125 0.422175921875 0.4829806640625 0.431282708984375 0.4804574375 0.435233474609375 0.4843549921875 0.448291029296875 0.4814029375 0.516490228515625 0.468868197265625 0.53045565625 0.444124271484375 0.53523291015625 0.4256884140625 0.53013324609375 0.41587100390625 0.553343208984375 0.411125080078125 0.553371388671875 0.40857052734375 0.53255005078125 0.390792080078125 0.52119553515625 0.3651684609375 0.514286416015625 0.35613991796875 0.4948926171875 0.3532284765625 0.472452783203125 0.357232453125 0.46444168359375 0.354981576171875 0.455773171875 0.36364379296875 0.413469939453125 0.3618593671875 0.40537744921875 0.3331083203125 0.398139625 0.299201251953125 0.39984580859375 0.2720405234375 0.387505173828125 0.268396580078125 0.417160947265625 0.306313919921875 0.44749601953125 0.305656509765625 0.453750875 0.293641431640625 0.457757998046875 0.290460794921875 0.467963619140625 0.29457748828125 0.478936220703125 0.307857326171875 0.492979888671875 0.301004564453125 0.528095361328125 0.271627431640625 0.5518844921875 0.240628654296875 0.556004333984375 0.21138297265625 0.543444560546875 0.206114236328125 0.5334048671875 0.20054497265625 0.53123852734375 0.1938486953125 0.514724841796875 0.197029333984375 0.504519220703125 0.1924743671875 0.497716521484375 0.1979058828125 0.4961794140625 0.19867286328125 0.488882083984375 0.17293652734375 0.462989263671875 0.169120361328125 0.444143310546875 0.1572712109375 0.456599810546875 0.148245814453125 0.457232189453125 0.145860333984375 0.464886404296875 0.117056076171875 0.46818290625 0.112638857421875 0.465083658203125 0.118039046875 0.438774447265625 0.166102501953125 0.44277212890625 0.165827005859375 0.435365228515625 0.11880602734375 0.4314771171875 0.101522212890625 0.425444546875 0.0887933671875 0.42621467578125 0.08349959765625 0.431455234375 0.083665525390625 0.439904609375 0.12888334375 0.4910328359375 0.138159205078125 0.513087607421875 0.121207244140625 0.5239537890625 0.125217515625 0.55599504296875 0.12258472265625 0.560988283203125 0 0.577418560546875 0 0.9502020234375 0.473796111328125 1 0.892286794921875 1