1 0.6376953125 0.587890625 0.296875 0.248046875
1 0.0966796875 0.3896484375 0.18359375 0.150390625
1 0.3154296875 0.396484375 0.20703125 0.166015625
1 0.33984375 0.63671875 0.4375 0.36328125
1 0.08984375 0.3056640625 0.1328125 0.11328125
1 0.2314453125 0.3134765625 0.169921875 0.1171875
1 0.0087890625 0.6220703125 0.017578125 0.142578125
1 0.201171875 0.240234375 0.138671875 0.0703125
1 0.0888671875 0.2314453125 0.095703125 0.076171875
0 0.904892017578125 1 0.91643927734375 0.94567441015625 0.907494341796875 0.938730759765625 0.882222232421875 0.905387240234375 0.8739983828125 0.8718281796875 0.88099766015625 0.867282796875 0.8912697265625 0.870563123046875 0.9094004453125 0.867835333984375 0.928043220703125 0.85753786328125 0.935422767578125 0.85636410546875 0.941203482421875 0.82916798828125 0.934297033203125 0.8100536796875 0.944898556640625 0.785980736328125 0.950827765625 0.783889291015625 0.98527422265625 0.62183144921875 0.964526912109375 0.623967677734375 0.9388011015625 0.61082096484375 0.927033361328125 0.6094165859375 0.913704048828125 0.615358810546875 0.869244166015625 0.6026177734375 0.858343341796875 0.581652888671875 0.83614634765625 0.57254704296875 0.828452419921875 0.5648785234375 0.8415737265625 0.523790263671875 0.839284560546875 0.5216582890625 0.821278083984375 0.531542544921875 0.814212916015625 0.54155858203125 0.80028025390625 0.545178693359375 0.773786361328125 0.543386505859375 0.779125232421875 0.554393705078125 0.74349533984375 0.64718961328125 0.7427677421875 0.637711037109375 0.73733003515625 0.634909818359375 0.700399349609375 0.643513939453125 0.692094533203125 0.651621083984375 0.662353259765625 0.657365630859375 0.636521072265625 0.670522673828125 0.60318509375 0.677697009765625 0.544741732421875 0.637851189453125 0.525026828125 0.702218904296875 0.517738578125 0.71328445703125 0.510391974609375 0.711722888671875 0.4947405546875 0.71826846484375 0.47308101953125 0.7169553828125 0.465982904296875 0.729706748046875 0.453388728515625 0.7270297734375 0.43092816796875 0.739806544921875 0.415342638671875 0.740881466796875 0.353563390625 0.768336365234375 0.320004328125 0.77656021484375 0.302674634765625 0.7651981484375 0.30191409375 0.758454900390625 0.28315461328125 0.743498130859375 0.261510154296875 0.705989498046875 0.246213599609375 0.700544251953125 0.24615524609375 0.687917130859375 0.233817099609375 0.681455314453125 0.231626771484375 0.671117357421875 0.20424809375 0.655425453125 0.183678556640625 0.6335023515625 0.174869224609375 0.631081404296875 0.178559978515625 0.55178986328125 0.1746179453125 0.54711269921875 0.15998309375 0.556616681640625 0.153959900390625 0.584953576171875 0.137416154296875 0.595697208984375 0.130318041015625 0.60844857421875 0.114187513671875 0.619828505859375 0.106171666015625 0.621415482421875 0.098221712890625 0.617531802734375 0.083883373046875 0.60241784375 0.05914118359375 0.59496486328125 0.050810958984375 0.587709560546875 0.052091095703125 0.5687853515625 0.0739228984375 0.538324021484375 0.072087435546875 0.515995244140625 0.06356707421875 0.507054126953125 0.02317346484375 0.506146724609375 0 0.49874640625 0 0.8445607578125 0.02051798046875 0.848921990234375 0.032219828125 0.8557970234375 0.03628610546875 0.86763065625 0.074671982421875 0.877983689453125 0.082877962890625 0.87808252734375 0.08978594140625 0.863645349609375 0.11332142578125 0.86645410546875 0.25440254296875 0.8942479609375 0.32405077734375 0.912342947265625 0.37239433984375 0.917134025390625 0.376972669921875 0.9213979765625 0.473304931640625 0.942970962890625 0.48984113671875 0.950325103515625 0.485693892578125 0.980157673828125 0.482289322265625 0.9832732734375 0.472843689453125 0.98126554296875 0.466158794921875 0.994653205078125 0.455630701171875 0.995157720703125 0.454102078125 0.99976899609375 0.452764904296875 1 0.571851568359375 1 0.573092576171875 0.992153248046875 0.596123546875 0.984433912109375 0.615222306640625 1 0.72377664453125 1 0.70861928125 0.991891640625 0.69367758984375 0.9744555703125 0.6754555703125 0.967291564453125 0.66226558203125 0.944194703125 0.664182015625 0.924857279296875 0.7013433203125 0.897105869140625 0.7306384296875 0.893460349609375 0.74778552734375 0.885038826171875 0.765115220703125 0.896400890625 0.770172658203125 0.895830484375 0.79003721484375 0.853981681640625 0.779110986328125 0.8176543515625 0.78350671875 0.802134712890625 0.79903389453125 0.788432669921875 0.83027084375 0.780812173828125 0.842923373046875 0.796116267578125 0.843445755859375 0.84010458203125 0.81293640234375 0.85720365625 0.79903668359375 0.858088443359375 0.776561044921875 0.907060765625 0.7980558515625 0.92205048046875 0.82864896484375 0.9329409765625 0.843301685546875 0.95689721484375 0.85678818359375 0.955376130859375 0.87628280078125 0.961713703125 0.889984841796875 0.97724087890625 0.889721275390625 0.999123498046875 0.890503478515625 1 0.904892017578125 1
0 0.502252587890625 1 0.522165435546875 0.939131994140625 0 0.826040890625 0 0.904892017578125 0.447447884765625 1 0.502252587890625 1
0 0.808516390625 0.472886431640625 0.833456251953125 0.463927447265625 0.81946523828125 0.454920439453125 0.80715249609375 0.4638210703125 0.808516390625 0.472886431640625
0 0.599492677734375 0.302858361328125 0.5990135703125 0.307692716796875 0.611252880859375 0.322360513671875 0.619458861328125 0.3224593515625 0.630912224609375 0.315021451171875 0.648753970703125 0.31881383203125 0.653431138671875 0.31487180078125 0.599492677734375 0.302858361328125
0 0.820037603515625 0.302568556640625 0.80044415234375 0.30443696484375 0.81065032421875 0.313187947265625 0.808229376953125 0.321997279296875 0.837740029296875 0.33540001953125 0.845598685546875 0.329391904296875 0.84382157421875 0.31969024609375 0.821781767578125 0.315005541015625 0.820037603515625 0.302568556640625
0 0.492082576171875 0.379848447265625 0.48228208203125 0.3898315390625 0.44764809765625 0.382469857421875 0.442144498046875 0.385139294921875 0.442616068359375 0.398402712890625 0.450847455078125 0.413864 0.454632298828125 0.414120025390625 0.47734888671875 0.397558412109375 0.497611583984375 0.392541458984375 0.492082576171875 0.379848447265625
0 0.180078271484375 0.495620591796875 0.1775001328125 0.50000878515625 0.183731330078125 0.50681792578125 0.229025185546875 0.502733783203125 0.25647729296875 0.4948572578125 0.222545501953125 0.481611708984375 0.200911373046875 0.495661076171875 0.180078271484375 0.495620591796875
0 0.727784736328125 0.414042974609375 0.726405765625 0.4411731640625 0.7456189453125 0.43593312890625 0.76622896484375 0.43702312890625 0.7737327578125 0.443005837890625 0.788433501953125 0.42803119921875 0.790441232421875 0.418585568359375 0.7743511875 0.4091323984375 0.76958272265625 0.40318263671875 0.77069812890625 0.3979350625 0.76608685546875 0.396406439453125 0.746171482421875 0.407530345703125 0.732081630859375 0.406729318359375 0.727784736328125 0.414042974609375
0 0.386467453125 0.500000416015625 0.39859005859375 0.489413970703125 0.4231091640625 0.49791646484375 0.432024875 0.47403365625 0.42808284375 0.46935648828125 0.401844978515625 0.463779458984375 0.386010962890625 0.450541447265625 0.368706673828125 0.454541830078125 0.360815072265625 0.4632852734375 0.353139013671875 0.489076974609375 0.375939361328125 0.5005049296875 0.386467453125 0.500000416015625
0 0.74944901953125 0.327602505859375 0.758770408203125 0.322453771484375 0.764431197265625 0.324205474609375 0.76962041796875 0.312693759765625 0.75896808203125 0.306041806640625 0.748341154296875 0.3147523046875 0.732375353515625 0.3124556015625 0.718219609375 0.317125228515625 0.682345978515625 0.307854654296875 0.68202405859375 0.317110150390625 0.6962711015625 0.32233231640625 0.70615535546875 0.340338794921875 0.701982705078125 0.35480891796875 0.70642925 0.37001417578125 0.723419158203125 0.35717151171875 0.72406299609375 0.33866051953125 0.732623841796875 0.32676853515625 0.73866490234375 0.331891861328125 0.734013140625 0.35119634375 0.749978943359375 0.353493044921875 0.7614577109375 0.361417591796875 0.78073678515625 0.350706904296875 0.762704900390625 0.345228712890625 0.760448681640625 0.34036141015625 0.746772044921875 0.340196681640625 0.74944901953125 0.327602505859375
0 1 0.443932349609375 0.975386419921875 0.438700572265625 0.961834029296875 0.445692310546875 0.902194294921875 0.452760267578125 0.874932322265625 0.462322603515625 0.835555283203125 0.464373609375 0.853422435546875 0.4835284375 0.852233599609375 0.512344439453125 0.8781316796875 0.493716744140625 0.906154193359375 0.490897658203125 0.92730167578125 0.499780419921875 0.932161439453125 0.5156219765625 0.92785700390625 0.54103341015625 0.943211912109375 0.55910577734375 0.95097173046875 0.561303642578125 0.96939142578125 0.552055685546875 0.979191919921875 0.542072595703125 0.95658170703125 0.532330451171875 0.948061345703125 0.523389333984375 0.95153934765625 0.49670530859375 0.973429501953125 0.47887109765625 0.999956341796875 0.4779279609375 1 0.477937240234375 1 0.443932349609375
0 0.64655889453125 0.396229423828125 0.620229732421875 0.380760599609375 0.595867814453125 0.37667924609375 0.5827361796875 0.366209505859375 0.580322771484375 0.356921064453125 0.567125244140625 0.35192198046875 0.515790328125 0.350882794921875 0.5102613203125 0.338189783203125 0.509566669921875 0.325975876953125 0.5159042421875 0.306481263671875 0.51278864453125 0.30307669140625 0.486195916015625 0.309490484375 0.460404212890625 0.301814423828125 0.426753853515625 0.30014648046875 0.405383291015625 0.292313232421875 0.41204278125 0.26356312109375 0.423909361328125 0.256761517578125 0.4288679609375 0.264397091796875 0.43914002734375 0.26767741796875 0.446362384765625 0.262082521484375 0.443916029296875 0.255529408203125 0.429222826171875 0.25240626953125 0.413769078125 0.2425398828125 0.404860908203125 0.248324916015625 0.378937423828125 0.251590166015625 0.37740880078125 0.25620144140625 0.38643367578125 0.2756706484375 0.38018740234375 0.30505705859375 0.35556945703125 0.304760546875 0.31507701171875 0.312059125 0.31888726171875 0.327677599609375 0.335902576171875 0.330197384765625 0.383642787109375 0.33266635546875 0.3995831796875 0.319600611328125 0.4063264296875 0.318840068359375 0.4232099609375 0.332301162109375 0.44200992578125 0.326424830078125 0.44935652734375 0.3279863984375 0.460992486328125 0.3403320859375 0.4736525546875 0.33753840625 0.48287510546875 0.340595650390625 0.495205712890625 0.3651552421875 0.51219562109375 0.352312578125 0.523740283203125 0.35476647265625 0.5315255078125 0.372326787109375 0.52843531640625 0.3842846640625 0.5568381015625 0.384837203125 0.565895921875 0.401571083984375 0.56554105859375 0.413561908203125 0.5505183984375 0.437792041015625 0.534296568359375 0.439280177734375 0.512256763671875 0.43459547265625 0.504109134765625 0.4471237578125 0.462823201171875 0.4504144140625 0.4540392734375 0.4633559140625 0.455436115234375 0.469685947265625 0.506613841796875 0.4663039921875 0.568195416015625 0.455261056640625 0.59930058203125 0.4585818671875 0.6057219140625 0.467076822265625 0.598938181640625 0.48867046484375 0.602657130859375 0.494397146484375 0.64588490234375 0.487131513671875 0.661850701171875 0.48942821875 0.751812447265625 0.533231146484375 0.755630232421875 0.530751845703125 0.751944228515625 0.522289837890625 0.738019107421875 0.50781217578125 0.7151528671875 0.501854875 0.696550576171875 0.491319244140625 0.69245889453125 0.464123162109375 0.65598191015625 0.45253048046875 0.655064177734375 0.441366087890625 0.66267434765625 0.421045041015625 0.68580415234375 0.4051197265625 0.686506341796875 0.399235853515625 0.64655889453125 0.396229423828125
0 0.455394798828125 0.263453955078125 0.46957594921875 0.2741467734375 0.480681986328125 0.260601921875 0.423594982421875 0.24791923828125 0.417685705078125 0.2318546015625 0.424114576171875 0.22225178125 0.42122205859375 0.2177976953125 0.3928851640625 0.211774501953125 0.385282533203125 0.213997775390625 0.398827388671875 0.2251038125 0.406462962890625 0.220145212890625 0.41109964453125 0.237036283203125 0.391597490234375 0.248796486328125 0.37458217578125 0.246276701171875 0.36838392578125 0.236732232421875 0.37360608984375 0.222485189453125 0.380192150390625 0.217303509765625 0.35548291015625 0.207115205078125 0.349756228515625 0.210834154296875 0.354583046875 0.229411037109375 0.352286341796875 0.245376837890625 0.346939931640625 0.252467412109375 0.337684435546875 0.252145494140625 0.3338007578125 0.260095447265625 0.3490973125 0.2655406953125 0.3692687109375 0.25063194921875 0.3805243984375 0.259606009765625 0.390862353515625 0.25741568359375 0.392672412109375 0.264382015625 0.399035390625 0.260249849609375 0.398969498046875 0.265720501953125 0.409018482421875 0.27005034375 0.417133166015625 0.26025738671875 0.4255622265625 0.259306708984375 0.435702509765625 0.273528345703125 0.44505684375 0.265644283203125 0.455394798828125 0.263453955078125
0 0.28544965625 0.273402140625 0.29826691015625 0.2750296015625 0.305960837890625 0.28269812109375 0.309018083984375 0.273475572265625 0.3181493359375 0.2666410234375 0.317578931640625 0.2615835859375 0.28704416796875 0.263320212890625 0.28544965625 0.273402140625
0 0.686506341796875 0.399235853515625 0.646335814453125 0.3972789375 0.616031673828125 0.379868275390625 0.59752068359375 0.3792244375 0.584389044921875 0.36875469921875 0.580099689453125 0.357970580078125 0.5658526484375 0.352748412109375 0.52227755078125 0.35390709375 0.53467405078125 0.37299603125 0.528658396484375 0.383235150390625 0.554739072265625 0.384391041015625 0.564085865234375 0.39460475390625 0.565094896484375 0.415660935546875 0.551567912109375 0.43801512109375 0.531974458984375 0.43988353125 0.511430328125 0.433322876953125 0.50261345703125 0.448999705078125 0.49189523046875 0.447818408203125 0.476466890625 0.45331446875 0.464095798828125 0.449587978515625 0.455534951171875 0.46147996484375 0.454642626953125 0.4656780234375 0.4600803359375 0.4684792421875 0.49634177734375 0.463023666015625 0.505787408203125 0.465031396484375 0.5804093203125 0.45456640625 0.597110255859375 0.448243912109375 0.608044025390625 0.466473470703125 0.604152806640625 0.49252119921875 0.643785875 0.4866853515625 0.66709827734375 0.490543625 0.749110064453125 0.530462873046875 0.749018767578125 0.520571080078125 0.7388455390625 0.5090847734375 0.71155816015625 0.50328466015625 0.69693084765625 0.494690869140625 0.691559029296875 0.48641899609375 0.692360056640625 0.47232914453125 0.686765158203125 0.465106787109375 0.65598191015625 0.45253048046875 0.662005103515625 0.4241935859375 0.667161376953125 0.415417197265625 0.685581072265625 0.406169240234375 0.686506341796875 0.399235853515625
0 0.904892015625 1 0.91574265234375 0.948951771484375 0.9020236875 0.9386648671875 0.899610279296875 0.92937642578125 0.889561296875 0.925046583984375 0.884478451171875 0.91025454296875 0.87471844140625 0.899404533203125 0.86868491796875 0.8761834296875 0.881889984375 0.86308473828125 0.9138874765625 0.8622074921875 0.92473748828125 0.85244748046875 0.933133603515625 0.85423212890625 0.93695246875 0.849167431640625 0.93891770703125 0.8399217109375 0.939793095703125 0.82548201953125 0.932289302734375 0.819499310546875 0.931437462890625 0.802864267578125 0.9415269296875 0.786361005859375 0.951197796875 0.782148431640625 0.9848770859375 0.623699837890625 0.978236494140625 0.621397080078125 0.97060091796875 0.6263556796875 0.93018190234375 0.610085830078125 0.922323248046875 0.616093943359375 0.911381939453125 0.615962162109375 0.867302326171875 0.606592751953125 0.8562443125 0.5812067265625 0.837799212890625 0.575092236328125 0.829055771484375 0.5672006328125 0.846316783203125 0.514377578125 0.841829751953125 0.520005421875 0.823443005859375 0.52651805078125 0.8129403203125 0.542385015625 0.79795814453125 0.545782046875 0.774835876953125 0.543609587890625 0.781604533203125 0.558211494140625 0.75756732421875 0.614530416015625 0.741926232421875 0.6726339921875 0.736612767578125 0.676989240234375 0.72422659765625 0.70945830078125 0.695212919921875 0.72468142578125 0.650869740234375 0.7371946328125 0.6364250234375 0.748384427734375 0.62421112109375 0.749079078125 0.60114720703125 0.75953373828125 0.5925280078125 0.75879860546875 0.5687948515625 0.77240180859375 0.560076814453125 0.779872654296875 0.558226275390625 0.79373942578125 0.547376263671875 0.8034994375 0.54835988671875 0.809193173828125 0.54046828515625 0.817936615234375 0.526857541015625 0.81230123046875 0.52803883984375 0.80158300390625 0.532683060546875 0.80037630078125 0.526898025390625 0.79146812890625 0.5278562421875 0.78179941796875 0.516947880859375 0.778932306640625 0.517518287109375 0.783989744140625 0.51179160546875 0.7877086953125 0.505337328125 0.781949068359375 0.466142884765625 0.80378366015625 0.458755798828125 0.8230551953125 0.455947041015625 0.846590677734375 0.451269873046875 0.850532708984375 0.446724490234375 0.843533431640625 0.45163227734375 0.820444111328125 0.448739759765625 0.81599002734375 0.439071046875 0.815031810546875 0.437732560546875 0.821328896484375 0.4295595234375 0.818494732421875 0.424246060546875 0.822849982421875 0.4204941640625 0.81985862890625 0.417502810546875 0.823610521484375 0.40191728125 0.824685443359375 0.3665076796875 0.846776064453125 0.32404044921875 0.860784947265625 0.31191784375 0.871371392578125 0.2997039375 0.872066041015625 0.274208748046875 0.8397720390625 0.267729064453125 0.81864996484375 0.261845193359375 0.817947775390625 0.26442333203125 0.813559580078125 0.257398646484375 0.802742515625 0.2339036484375 0.77910065625 0.228564775390625 0.76809345703125 0.2170860078125 0.76016891015625 0.21511876171875 0.748781439453125 0.207168806640625 0.744897759765625 0.20062323046875 0.72924633984375 0.193722791015625 0.725585740234375 0.165814193359375 0.684003296875 0.1671423515625 0.6261482109375 0.17227321875 0.602009375 0.16661996875 0.582159896484375 0.16983440234375 0.577358486328125 0.166850587890625 0.56301260546875 0.15793487890625 0.5868954140625 0.13712718359375 0.602217376953125 0.112560052734375 0.632645763671875 0.10903123828125 0.62860489453125 0.1037177734375 0.632960142578125 0.100188958984375 0.628919275390625 0.09532165625 0.6311754921875 0.090999353515625 0.623126701171875 0.093990708984375 0.6193748046875 0.08547034765625 0.6104336875 0.07414876953125 0.60693028125 0.07084303515625 0.601839896484375 0.056753181640625 0.60103887109375 0.046166740234375 0.588916265625 0.0412994375 0.591172484375 0.053875744140625 0.560389236328125 0.06755991796875 0.542456189453125 0.070079703125 0.525440875 0.05465890234375 0.51283916015625 0.031280609375 0.51445154296875 0.005869177734375 0.510147107421875 0 0.507839634765625 0 0.6569229375 0.0030076484375 0.660367017578125 0 0.66943994921875 0 0.825912916015625 0.025359875 0.831303322265625 0.028888689453125 0.83534419140625 0.03690453515625 0.833757216796875 0.0433917578125 0.836781515625 0.03852445703125 0.839037734375 0.04036745703125 0.84326873828125 0.059258720703125 0.847284201171875 0.061514939453125 0.85215150390625 0.06555580859375 0.848622689453125 0.069911056640625 0.85393615234375 0.075827873046875 0.851903015625 0.073662953125 0.856927505859375 0.08520761328125 0.859381400390625 0.093578322265625 0.8458036015625 0.2294118671875 0.872482046875 0.22629626953125 0.869077478515625 0.231609734375 0.86472223046875 0.228080919921875 0.860681361328125 0.2304359765625 0.857342681640625 0.24932723828125 0.861358142578125 0.25263297265625 0.86644852734375 0.2585497890625 0.864415390625 0.2517406484375 0.8706465859375 0.249484427734375 0.865779283203125 0.245476505859375 0.866572771484375 0.247955806640625 0.87039055859375 0.244105072265625 0.875605185546875 0.289837552734375 0.8875197890625 0.298390857421875 0.893725578125 0.305357189453125 0.891915521484375 0.301919673828125 0.8977664453125 0.315117201171875 0.90276553125 0.32290996484375 0.9022280703125 0.328669591796875 0.89577379296875 0.3574526484375 0.899697955078125 0.355006294921875 0.893144841796875 0.357964701171875 0.8921282734375 0.35999783984375 0.89804508984375 0.365823357421875 0.886120158203125 0.400680421875 0.89243232421875 0.402977125 0.876466525390625 0.42081887109375 0.880258904296875 0.4266368515625 0.886431748046875 0.42323228125 0.88954734765625 0.4209760625 0.884680044921875 0.416968140625 0.88547353125 0.417249572265625 0.89705113671875 0.42793485546875 0.900967763671875 0.42071249609375 0.90656266015625 0.41444835546875 0.90248884765625 0.413903353515625 0.912793857421875 0.472676171875 0.92528640625 0.475634580078125 0.9242698359375 0.464477728515625 0.907089791015625 0.452007798828125 0.91156928515625 0.462411646484375 0.903908302734375 0.457866263671875 0.89690902734375 0.4519494453125 0.8989421640625 0.4524944453125 0.88863715234375 0.497433439453125 0.896543833984375 0.500102873046875 0.90204743359375 0.49608741015625 0.9209386953125 0.491062919921875 0.918773775390625 0.49376530078125 0.921542046875 0.4901376484375 0.92570716015625 0.4822535859375 0.916352826171875 0.4771302578125 0.922393888671875 0.4800227734375 0.926847974609375 0.493889544921875 0.928698513671875 0.49305557421875 0.945523693359375 0.50895548046875 0.95329105078125 0.507295076171875 0.968843634765625 0.538970650390625 0.9772218828125 0.5333297734375 1 0.570068673828125 1 0.572266142578125 0.99088065234375 0.595520193359375 0.982111802734375 0.602866794921875 0.98367337109375 0.62239511328125 1 0.71245459375 1 0.7092226328125 0.994213751953125 0.69872748828125 0.991982939453125 0.69173575 0.978430546875 0.6849925 0.979191087890625 0.6810834140625 0.971778595703125 0.6670923984375 0.962771587890625 0.6670011015625 0.952879794921875 0.659720390625 0.945847572265625 0.661033470703125 0.92418803515625 0.675032025390625 0.91509726953125 0.678915703125 0.907147314453125 0.692435150390625 0.902890904296875 0.703508240234375 0.892081376953125 0.731084591796875 0.891361322265625 0.7396124921875 0.88220466015625 0.75519801953125 0.8811297421875 0.7587268359375 0.885170609375 0.769031845703125 0.885715609375 0.779410287109375 0.8626921796875 0.78047487890625 0.826719708984375 0.774020603515625 0.82096008203125 0.77654038671875 0.80394476953125 0.7948358359375 0.787540345703125 0.831163169921875 0.776614115234375 0.84054291015625 0.7840925 0.846071916015625 0.79678551171875 0.848089974609375 0.83889787890625 0.83657072265625 0.85180643359375 0.827918578125 0.853806625 0.825753658203125 0.8588311171875 0.81458926953125 0.859748849609375 0.794640953125 0.873608080078125 0.78314710546875 0.901879083984375 0.788742001953125 0.90910144140625 0.80006358203125 0.912604849609375 0.80283185546875 0.909902466796875 0.811319271484375 0.921578912109375 0.82181441796875 0.92380972265625 0.82019449609375 0.918529205078125 0.823979337890625 0.918785232421875 0.828268693359375 0.929569349609375 0.842292654296875 0.93584103125 0.84826782421875 0.946435015625 0.846516119140625 0.9520958046875 0.87304295703125 0.951152666015625 0.87192755078125 0.95640023828125 0.89154641015625 0.96989427734375 0.89659630859375 0.987421646484375 0.894431388671875 0.992446138671875 0.900951556640625 0.992735111328125 0.89608425390625 0.994991330078125 0.8979272578125 0.999222333984375 0.899905291015625 1 0.904892015625 1
0 0.0978576484375 0.193490212890625 0.1102033359375 0.18185425390625 0.095766158203125 0.174946275390625 0.091915423828125 0.18016090234375 0.0978576484375 0.193490212890625
0 0.123334970703125 0.192323994140625 0.136218119140625 0.188480798828125 0.1311352734375 0.1736887578125 0.116500421875 0.183192740234375 0.123334970703125 0.192323994140625
0 0.201346376953125 0.214938955078125 0.179240677734375 0.21572490234375 0.1731083203125 0.20070978125 0.175405021484375 0.18474398046875 0.181833892578125 0.17514116015625 0.16440536328125 0.171985078125 0.151134404296875 0.190554421875 0.137647904296875 0.192075505859375 0.151920353515625 0.212660119140625 0.15118521875 0.22127931640625 0.156432791015625 0.22239472265625 0.19199204296875 0.222823017578125 0.216130876953125 0.227953884765625 0.223452072265625 0.214153005859375 0.2400212265625 0.2187718203125 0.251697669921875 0.21028440625 0.266324982421875 0.218878197265625 0.2766045859375 0.204060748046875 0.268150115234375 0.1896489765625 0.258572703125 0.1985825546875 0.2221540703125 0.1996169921875 0.2058663515625 0.206575783203125 0.201346376953125 0.214938955078125
0 0.14205871484375 0.14036031640625 0.14711615234375 0.13978991015625 0.15042188671875 0.144880294921875 0.15449569921875 0.138616150390625 0.14657869140625 0.13199714453125 0.11846487890625 0.1249244375 0.100334158203125 0.127652228515625 0.094772205078125 0.11769454296875 0.084591439453125 0.124306009765625 0.07012131640625 0.120133357421875 0.06939578515625 0.120966380859375 0.068369611328125 0.1257941484375 0.0777493515625 0.133272533203125 0.093923154296875 0.170715271484375 0.0962528046875 0.15201414453125 0.11963109765625 0.15040176171875 0.132093490234375 0.164020044921875 0.14205871484375 0.14036031640625
0 0.789791814453125 0.29778501171875 0.776173533203125 0.310247404296875 0.779925427734375 0.313238759765625 0.799394634765625 0.3042138828125 0.80954999609375 0.28223996875 0.806657478515625 0.277785884765625 0.79155105859375 0.274026447265625 0.789791814453125 0.29778501171875
0 0.624414671875 0.26043915234375 0.627819244140625 0.2573235546875 0.643942232421875 0.2640413984375 0.65154486328125 0.261818125 0.6242904296875 0.253282685546875 0.620596884765625 0.262918453125 0.609019279296875 0.26319988671875 0.606441142578125 0.267588080078125 0.6076148984375 0.27496762890625 0.616680259765625 0.273603734375 0.6203992109375 0.279330416015625 0.639232119140625 0.270718755859375 0.64606666796875 0.2798500078125 0.65752003125 0.272412107421875 0.668552638671875 0.28243568359375 0.67749375390625 0.273915322265625 0.667857986328125 0.270221779296875 0.66687436328125 0.264528044921875 0.657428732421875 0.262520314453125 0.65166910546875 0.26897458984375 0.638471578125 0.263975505859375 0.629406216796875 0.265339400390625 0.624414671875 0.26043915234375