1 0.77734375 0.095703125 0.314453125 0.189453125
1 0.82421875 0.748046875 0.3515625 0.38671875
1 0.53515625 0.099609375 0.166015625 0.138671875
1 0.0361328125 0.39453125 0.072265625 0.1484375
1 0.21484375 0.1162109375 0.09375 0.078125
0 1 0.46952025390625 0.98902333984375 0.386431525390625 0.98668232421875 0.43788157421875 0.99204159375 0.468708220703125 1 0.470811130859375 1 0.46952025390625
0 0.6070835546875 0.186173080078125 0.606566271484375 0.201191818359375 0.619544361328125 0.20432101171875 0.627025748046875 0.239609796875 0.63516085546875 0.2417593984375 0.646425158203125 0.230930912109375 0.6385629296875 0.192540419921875 0.6307271953125 0.18641847265625 0.6070835546875 0.186173080078125
0 0.668981248046875 0.196676689453125 0.671048390625 0.22633332421875 0.686937765625 0.22753082421875 0.703425890625 0.220783634765625 0.697033048828125 0.175128669921875 0.677062375 0.179154994140625 0.67945637890625 0.192242037109375 0.668981248046875 0.196676689453125
0 0.582828259765625 0.77712769140625 0.581059498046875 0.7883645078125 0.5984997265625 0.789371583984375 0.628455736328125 0.78333209765625 0.634224328125 0.75979741015625 0.578502560546875 0.76112936328125 0.572190193359375 0.767414244140625 0.582828259765625 0.77712769140625
0 0.382590658203125 0.21688580859375 0.410125177734375 0.21035652734375 0.41932134375 0.21473719921875 0.421334505859375 0.22472253515625 0.4257426640625 0.20292912109375 0.4179069296875 0.19680717578125 0.352390248046875 0.20170314453125 0.34637626171875 0.248881474609375 0.356823908203125 0.2570440703125 0.359381837890625 0.239413419921875 0.382590658203125 0.21688580859375
0 0.854587900390625 0.44544244140625 0.844003814453125 0.455400291015625 0.8496624609375 0.48225459375 0.923423205078125 0.47398503125 0.91855373046875 0.440736892578125 0.854587900390625 0.44544244140625
0 0.470308091796875 0.251768251953125 0.4997743046875 0.248150255859375 0.498768220703125 0.220724689453125 0.519419109375 0.215827728515625 0.52975780078125 0.229513521484375 0.533185375 0.257428880859375 0.548884330078125 0.25707552734375 0.565753296875 0.25343004296875 0.563495732421875 0.222222556640625 0.559142546875 0.218821474609375 0.547306982421875 0.22499740234375 0.542872330078125 0.21452226953125 0.529214025390625 0.212263712890625 0.52924151171875 0.19966646484375 0.55764666796875 0.193817400390625 0.55419160546875 0.178499287109375 0.455998048828125 0.192917291015625 0.46122187109375 0.196998587890625 0.470308091796875 0.251768251953125
0 0.546947671875 0.478493208984375 0.499061638671875 0.485947109375 0.48518542578125 0.494734947265625 0.483117291015625 0.509944107421875 0.472479224609375 0.500230658203125 0.422389607421875 0.4961483671875 0.426306978515625 0.52164223828125 0.4547936015625 0.52286722265625 0.459799517578125 0.5379949140625 0.504855732421875 0.539546759765625 0.549368169921875 0.523848798828125 0.56471376953125 0.50779648828125 0.60193425 0.503226388671875 0.607566400390625 0.49781214453125 0.612790224609375 0.501893443359375 0.63915473046875 0.4986562890625 0.642365390625 0.49275225 0.632407541015625 0.4821681640625 0.60645136328125 0.47590977734375 0.59189493359375 0.485568251953125 0.564169994140625 0.490546681640625 0.546947671875 0.478493208984375
0 0.602645923828125 0.310295328125 0.603272158203125 0.289753392578125 0.614754369140625 0.26787851171875 0.611870568359375 0.257212958984375 0.587927552734375 0.26093991015625 0.59024008984375 0.26695290234375 0.570459837890625 0.272530080078125 0.556474669921875 0.286841115234375 0.509568228515625 0.289452033203125 0.500834369140625 0.295247119140625 0.483420634765625 0.326508587890625 0.50929534765625 0.325692923828125 0.511879771484375 0.3403308203125 0.498792728515625 0.34272482421875 0.496044376953125 0.35880462109375 0.47123072265625 0.361851353515625 0.469162587890625 0.377060513671875 0.45558575 0.3818760078125 0.459530607421875 0.39477262890625 0.470577001953125 0.394990537109375 0.475011654296875 0.40546566796875 0.486738263671875 0.404812939453125 0.485051962890625 0.37825801171875 0.512885857421875 0.367756384765625 0.516205470703125 0.3563291484375 0.528911671875 0.350833439453125 0.530000216796875 0.340467259765625 0.557915578125 0.337039685546875 0.56409150390625 0.34887525 0.574757056640625 0.34599144921875 0.576525818359375 0.334754634765625 0.58893264453125 0.333231267578125 0.591000779296875 0.318022109375 0.602645923828125 0.310295328125
0 0.8657227109375 0.13867384375 0.912057890625 0.13141036328125 0.91426147265625 0.1429465546875 0.90601741015625 0.1463201484375 0.838759453125 0.149855685546875 0.822842591796875 0.161255435546875 0.7156432890625 0.172843619140625 0.7151260078125 0.187862357421875 0.72965494921875 0.190801130859375 0.7372452890625 0.22056671875 0.753814880859375 0.220893580078125 0.753217125 0.183972474609375 0.768426283203125 0.186040609375 0.774384302734375 0.208922568359375 0.768724666015625 0.22693405859375 0.7751185 0.227723228515625 0.78249192578125 0.22366941796875 0.782220037109375 0.215044513671875 0.82700436328125 0.20797145703125 0.82771206640625 0.194503572265625 0.835765708984375 0.189579123046875 0.863871490234375 0.18770240234375 0.8741836875 0.1691196484375 0.897636908203125 0.1678141875 0.912301298828125 0.197498310546875 0.935564099609375 0.19464199609375 0.938312451171875 0.178562201171875 0.951508447265625 0.170645 0.963425478515625 0.171543123046875 0.95885537890625 0.134322642578125 0.94745562890625 0.11840578125 0.95466612109375 0.100203869140625 0.875844486328125 0.118540236328125 0.87717743359375 0.129396208984375 0.844119716796875 0.135816537109375 0.8657227109375 0.13867384375
0 0.83157446484375 0.2451919375 0.818731822265625 0.268808091796875 0.780722171875 0.27977202734375 0.771389564453125 0.29351180078125 0.741433556640625 0.299551287109375 0.736563087890625 0.311168943359375 0.746439470703125 0.314678978515625 0.748316193359375 0.342784759765625 0.738793166015625 0.3549736796875 0.747499537109375 0.361775841796875 0.755688625 0.3835967421875 0.765374587890625 0.385555923828125 0.77750952734375 0.375407654296875 0.78485645703125 0.339085296875 0.819954822265625 0.330053056640625 0.83880946484375 0.348990158203125 0.848440453125 0.3761438359375 0.874995380859375 0.37445753515625 0.878451435546875 0.344909853515625 0.890178046875 0.344257123046875 0.902040103515625 0.3703497421875 0.91202544140625 0.368336580078125 0.902722306640625 0.279747517578125 0.920870236328125 0.2672867109375 0.963532447265625 0.255751513671875 0.959152767578125 0.22008188671875 0.91496719140625 0.219210255859375 0.882780111328125 0.22631080078125 0.876930052734375 0.242771439453125 0.83157446484375 0.2451919375
0 0.524170751953125 1 0.55773775390625 0.995878490234375 0.524490609375 0.955882171875 0.516600896484375 0.930088927734375 0.517064197265625 0.895398890625 0.5302876796875 0.87488444140625 0.538695669921875 0.840793154296875 0.51483610546875 0.761862568359375 0.5034903359375 0.76561700390625 0.498266513671875 0.76153570703125 0.49263436328125 0.76694994921875 0.498728822265625 0.771711462890625 0.4906476953125 0.78923316015625 0.485641779296875 0.774105466796875 0.475057693359375 0.78406331640625 0.478921083984375 0.789885888671875 0.472309341796875 0.80014311328125 0.478376314453125 0.817501875 0.447059873046875 0.82528263671875 0.441918509765625 0.783409595703125 0.452448615234375 0.753780447265625 0.453673599609375 0.72529382421875 0.43111949609375 0.66981645703125 0.44211191015625 0.65036306640625 0.470517064453125 0.644514001953125 0.45881893359375 0.587703689453125 0.41879612109375 0.588682287109375 0.40984435546875 0.605523767578125 0.394335822265625 0.6074279765625 0.383126494140625 0.593061966796875 0.35657156640625 0.594748267578125 0.35659805859375 0.627016814453125 0.347047544921875 0.651802982421875 0.349903857421875 0.67506578125 0.37751984375 0.67561055078125 0.379723427734375 0.687146740234375 0.353059544921875 0.69435623828125 0.34538674609375 0.702382392578125 0.348568927734375 0.753941396484375 0.384211068359375 0.76215896484375 0.398602578125 0.828083974609375 0.390140607421875 0.84250396484375 0.35814394921875 0.85115536328125 0.355558533203125 0.881383259765625 0.329765287109375 0.889272974609375 0.326445673828125 0.9007002109375 0.301332646484375 0.907719287109375 0.3028010390625 0.945320609375 0.3228531796875 0.9483683359375 0.333572712890625 0.9651558359375 0.32949715234375 1 0.524170751953125 1
0 0.2449712265625 1 0.242453205078125 0.979492373046875 0.226237962890625 0.949998671875 0.218756576171875 0.91470988671875 0.23135382421875 0.914737373046875 0.2425081796875 0.954297876953125 0.25575815625 0.966051974609375 0.256547326171875 0.959658138671875 0.28146993359375 0.951088208984375 0.306640912109375 0.78427725390625 0.301772431640625 0.70616332421875 0.304520783203125 0.69008352734375 0.31657425390625 0.67286120703125 0.3133645859375 0.633899451171875 0.319732919921875 0.55755428125 0.3415538203125 0.549365193359375 0.3467511484375 0.521177943359375 0.3674295234375 0.503683734375 0.3911546328125 0.5110031796875 0.387373703125 0.467388865234375 0.35880561328125 0.459089828125 0.341528318359375 0.472230853515625 0.331380046875 0.4600959140625 0.33018453515625 0.386253701171875 0.339980443359375 0.337823892578125 0.332554029296875 0.277340611328125 0.3423499375 0.228910802734375 0.338541521484375 0.197893734375 0.351166255859375 0.18532397265625 0.351683537109375 0.170305234375 0.360199486328125 0.175556544921875 0.3673824921875 0.169951880859375 0.410806384765625 0.164620095703125 0.4147512421875 0.17751671875 0.420274439453125 0.177625671875 0.42544428125 0.162035671875 0.42283336328125 0.115129228515625 0.43586642578125 0.093063927734375 0.4317311484375 0.078616451171875 0.403815787109375 0.08204402734375 0.393176728515625 0.11719637109375 0.3816405390625 0.119399955078125 0.376226294921875 0.1137678046875 0.363411140625 0.1247867109375 0.350160169921875 0.157898408203125 0.345671537109375 0.127751978515625 0.322517689453125 0.12508509375 0.289921291015625 0.18654697265625 0.294709298828125 0.21272105859375 0.279744541015625 0.231875076171875 0.285103810546875 0.26270172265625 0.2693498828125 0.288249572265625 0.258056109375 0.40140689453125 0.2432817734375 0.422111765625 0.24537640234375 0.43917115234375 0.2375946484375 0.45272050390625 0.24355266796875 0.475602462890625 0.23998766015625 0.51067333984375 0.21800283203125 0.549580123046875 0.22899425390625 0.574992525390625 0.21993353515625 0.597357201171875 0.178060494140625 0.602498564453125 0.16219860546875 0.588703818359375 0.140486658203125 0.5913697109375 0.131780287109375 0.584567548828125 0.008011392578125 0.595828873046875 0.0245780078125 0.730753115234375 0.037855470703125 0.72990996484375 0.042535517578125 0.716741453125 0.0613361796875 0.7160072578125 0.069171912109375 0.722129203125 0.077061626953125 0.747922447265625 0.079156255859375 0.7649818359375 0.073605572265625 0.77747012890625 0.06313044140625 0.78190478125 0.060980837890625 0.790039890625 0.03238526171875 0.794338103515625 0.03828830859375 0.842414556640625 0.0513753515625 0.840020552734375 0.052572849609375 0.824131177734375 0.0884328984375 0.8213023515625 0.10203623046875 0.84875540234375 0.129461794921875 0.847749318359375 0.132835390625 0.855993380859375 0.127474134765625 0.914898322265625 0.13207172265625 0.9395215546875 0.140206830078125 0.94167115625 0.141539775390625 0.952527130859375 0.134547193359375 0.9596826484375 0.133131787109375 0.98661841796875 0.12267694921875 1 0.2449712265625 1