1 0.203125 0.8876953125 0.095703125 0.158203125
1 0.1220703125 0.935546875 0.099609375 0.1279296875
1 0.8193359375 0.6767578125 0.138671875 0.2216796875
1 0.486328125 0.455078125 0.0546875 0.0986328125
1 0.666015625 0.361328125 0.046875 0.078125
1 0.287109375 0.2880859375 0.0595703125 0.0654296875
1 0.482421875 0.69140625 0.111328125 0.1484375
1 0.798828125 0.4013671875 0.1015625 0.1064453125
1 0.1796875 0.3310546875 0.0830078125 0.083984375
1 0.7158203125 0.3515625 0.046875 0.0703125
1 0.0791015625 0.369140625 0.0498046875 0.087890625
1 0.439453125 0.43359375 0.048828125 0.072265625
1 0.337890625 0.341796875 0.060546875 0.072265625
1 0.662109375 0.5908203125 0.099609375 0.1171875
1 0.404296875 0.306640625 0.072265625 0.078125
1 0.2255859375 0.255859375 0.0439453125 0.0595703125
1 0.3310546875 0.541015625 0.130859375 0.1123046875
1 0.37109375 0.5771484375 0.072265625 0.0859375
1 0.4404296875 0.6162109375 0.0703125 0.0830078125
1 0.6240234375 0.7822265625 0.126953125 0.169921875
1 0.111328125 0.763671875 0.083984375 0.119140625
1 0.1728515625 0.7021484375 0.0732421875 0.103515625
1 0.2216796875 0.66796875 0.072265625 0.1015625
1 0.0341796875 0.8115234375 0.068359375 0.150390625
1 0.154296875 0.4658203125 0.0498046875 0.0654296875
1 0.2666015625 0.4267578125 0.0546875 0.046875
1 0.3603515625 0.306640625 0.048828125 0.046875
1 0.5517578125 0.1357421875 0.044921875 0.0341796875
0 0.6578125 0.06015625 0.65546875 0.040625 0.625 0.04921875 0.62890625 0.0609375 0.6578125 0.06015625
0 0.50859375 0.015625 0.5109375 0.02890625 0.4921875 0.03984375 0.5234375 0.04609375 0.53125 0.04453125 0.53515625 0.03125 0.559375 0.02109375 0.50859375 0.015625
0 0.53515625 0.2625 0.54453125 0.259375 0.56953125 0.2171875 0.57734375 0.215625 0.59921875 0.23125 0.609375 0.19453125 0.58515625 0.196875 0.54921875 0.21875 0.49921875 0.225 0.496875 0.26796875 0.5046875 0.27890625 0.5125 0.27109375 0.51953125 0.24375 0.528125 0.24765625 0.53515625 0.2625
0 0.73671875 0.4 0.7328125 0.41953125 0.709375 0.44140625 0.70625 0.46015625 0.71484375 0.45625 0.72265625 0.4625 0.75859375 0.44375 0.78046875 0.453125 0.7859375 0.46953125 0.79375 0.47265625 0.815625 0.45078125 0.8140625 0.43984375 0.74609375 0.409375 0.73671875 0.4
0 0.878125 0.43984375 0.89453125 0.4125 0.91875 0.40078125 0.90625 0.37734375 0.8953125 0.37265625 0.88125 0.34609375 0.86328125 0.33125 0.8765625 0.36171875 0.878125 0.40546875 0.87109375 0.4140625 0.8546875 0.41640625 0.8328125 0.45234375 0.86015625 0.453125 0.8703125 0.48203125 0.8921875 0.50078125 0.8984375 0.51796875 0.9078125 0.51015625 0.90625 0.48671875 0.878125 0.46484375 0.878125 0.43984375
0 0.55546875 0.1546875 0.58515625 0.1734375 0.5953125 0.14296875 0.57734375 0.140625 0.56640625 0.1515625 0.54453125 0.146875 0.5296875 0.13828125 0.52109375 0.1078125 0.50390625 0.109375 0.49765625 0.128125 0.47734375 0.1234375 0.41484375 0.13125 0.41171875 0.1375 0.42265625 0.1390625 0.446875 0.15703125 0.45625 0.17734375 0.46796875 0.165625 0.49765625 0.1625 0.53359375 0.1703125 0.55546875 0.1546875
0 0 0.33515625 0.0046875 0.33515625 0.015625 0.32734375 0.01953125 0.2796875 0.05234375 0.265625 0.07109375 0.2640625 0.08515625 0.25 0.121875 0.23359375 0.1109375 0.21640625 0.11328125 0.196875 0.12265625 0.196875 0.12890625 0.1890625 0.14453125 0.19375 0.16015625 0.175 0.1703125 0.17734375 0.18203125 0.2015625 0.22421875 0.196875 0.2734375 0.16171875 0.278125 0.13984375 0.2734375 0.11796875 0.28359375 0.1046875 0.29921875 0.121875 0.31640625 0.1140625 0.325 0.12265625 0.3265625 0.14140625 0.31328125 0.1625 0.33046875 0.153125 0.34296875 0.1546875 0.35625 0.12578125 0.34453125 0.1234375 0.33828125 0.109375 0.28515625 0.1015625 0.26796875 0.090625 0.19296875 0.1125 0.18515625 0.125 0.16015625 0.1109375 0.11328125 0.1078125 0.11015625 0.1 0.103125 0.09921875 0.10546875 0.09375 0.08046875 0.090625 0.03515625 0.109375 0.02734375 0.125 0 0.13359375 0.00625 0.15546875 0.05703125 0.153125 0.0625 0.13828125 0.07109375 0.134375 0.08671875 0.1609375 0.09453125 0.153125 0.1046875 0.15859375 0.1125 0.19296875 0.09375 0.19296875 0.08359375 0.1609375 0.0625 0.16953125 0.0640625 0.20546875 0.07421875 0.2046875 0.084375 0.22578125 0.07890625 0.2328125 0.04765625 0.2328125 0.0296875 0.26484375 0 0.28046875 0 0.33515625
0 1 0.95234375 0.98125 0.94140625 0.9875 0.93828125 0.984375 0.91953125 0.9640625 0.89765625 0.95 0.86484375 0.9703125 0.84296875 0.96875 0.82265625 0.95625 0.81171875 0.959375 0.78671875 0.96953125 0.7796875 1 0.78359375 0.99765625 0.609375 0.9890625 0.61484375 0.99375 0.64453125 0.98515625 0.675 0.96328125 0.678125 0.92578125 0.671875 0.89453125 0.65 0.8875 0.67109375 0.896875 0.69765625 0.8890625 0.80390625 0.9109375 0.89921875 0.9015625 0.93671875 0.9046875 0.97265625 0.89375 0.98359375 0.8921875 0.99921875 1 0.99921875 1 0.95234375
0 0.81171875 0.7890625 0.815625 0.77890625 0.75 0.71953125 0.75625 0.63984375 0.7546875 0.62890625 0.7375 0.61796875 0.734375 0.60703125 0.7359375 0.55546875 0.74375 0.52890625 0.725 0.51484375 0.71796875 0.4953125 0.7046875 0.49296875 0.69765625 0.4703125 0.68984375 0.4703125 0.6890625 0.47890625 0.67421875 0.4859375 0.65234375 0.515625 0.6046875 0.53046875 0.60546875 0.571875 0.61171875 0.571875 0.65390625 0.5296875 0.67734375 0.5484375 0.70234375 0.55 0.71875 0.56640625 0.7140625 0.59453125 0.6875 0.64140625 0.67578125 0.65 0.66328125 0.65 0.64453125 0.640625 0.62109375 0.6125 0.6109375 0.61015625 0.60859375 0.5765625 0.56640625 0.575 0.54453125 0.55 0.5328125 0.54609375 0.503125 0.51171875 0.50859375 0.4859375 0.48203125 0.4953125 0.45546875 0.4828125 0.44921875 0.46875 0.43984375 0.46875 0.42578125 0.4546875 0.40859375 0.453125 0.3671875 0.40390625 0.365625 0.38203125 0.37421875 0.3609375 0.33046875 0.3734375 0.30625 0.35703125 0.2984375 0.34296875 0.2984375 0.31953125 0.29140625 0.3125 0.2734375 0.32265625 0.26328125 0.3515625 0.25078125 0.3515625 0.24375 0.34296875 0.23046875 0.284375 0.20546875 0.28125 0.19609375 0.265625 0.1578125 0.26328125 0.17421875 0.2859375 0.19921875 0.2984375 0.2171875 0.32109375 0.2203125 0.34296875 0.2109375 0.35859375 0.21953125 0.3703125 0.24765625 0.3671875 0.26796875 0.3890625 0.30546875 0.3984375 0.32109375 0.428125 0.32890625 0.4296875 0.33984375 0.4140625 0.35625 0.44296875 0.353125 0.45859375 0.3640625 0.47890625 0.38046875 0.4875 0.3921875 0.51328125 0.421875 0.53515625 0.4375 0.56484375 0.45859375 0.565625 0.47109375 0.584375 0.48203125 0.58125 0.49453125 0.5875 0.515625 0.61796875 0.53125 0.62890625 0.540625 0.65703125 0.571875 0.68046875 0.5796875 0.70078125 0.60859375 0.6953125 0.7109375 0.80390625 0.73828125 0.78125 0.77421875 0.784375 0.78984375 0.8015625 0.81171875 0.7890625
0 0.52265625 0.43125 0.5171875 0.46484375 0.559375 0.46953125 0.565625 0.42421875 0.55546875 0.41875 0.54140625 0.4296875 0.52265625 0.43125
0 0.6734375 0.41171875 0.675 0.40078125 0.64296875 0.3984375 0.634375 0.37109375 0.62734375 0.36875 0.62421875 0.378125 0.61171875 0.378125 0.5953125 0.39296875 0.59375 0.43046875 0.61171875 0.4140625 0.64140625 0.4296875 0.65703125 0.4296875 0.6734375 0.41171875
0 1 0.31484375 0.95234375 0.28125 0.91484375 0.26875 0.92421875 0.2875 0.93671875 0.2890625 0.946875 0.29921875 0.9625 0.33046875 1 0.35859375 1 0.31484375
0 0.15625 0.49609375 0.1609375 0.53046875 0.1671875 0.53046875 0.171875 0.51015625 0.1859375 0.49140625 0.17734375 0.484375 0.15625 0.49609375
0 0.15234375 0.8921875 0.1640625 0.97421875 0.1578125 0.99921875 0.171875 0.99921875 0.171875 0.97421875 0.1796875 0.96953125 0.1796875 0.95390625 0.15234375 0.8921875
0 0.0671875 0.67109375 0.06328125 0.6578125 0.0671875 0.68671875 0.075 0.69140625 0.0765625 0.70234375 0.0953125 0.71640625 0.1125 0.70078125 0.1078125 0.67734375 0.07734375 0.678125 0.0671875 0.67109375
0 0.0828125 0.52265625 0.084375 0.54296875 0.09375 0.56796875 0.10234375 0.5671875 0.115625 0.58203125 0.1203125 0.55234375 0.109375 0.51796875 0.09453125 0.5109375 0.0828125 0.52265625
0 0.046875 0.69453125 0.03515625 0.6578125 0.02109375 0.678125 0 0.68828125 0.0015625 0.78046875 0.02578125 0.7640625 0.03203125 0.753125 0.046875 0.74765625 0.046875 0.69453125
0 0.29921875 0.703125 0.30859375 0.7140625 0.3515625 0.67578125 0.3515625 0.65703125 0.35859375 0.6453125 0.3890625 0.65234375 0.3921875 0.64140625 0.4046875 0.63203125 0.4078125 0.59609375 0.421875 0.59140625 0.42109375 0.5796875 0.40859375 0.58125 0.4 0.58984375 0.40390625 0.59375 0.38515625 0.5953125 0.36171875 0.615625 0.33359375 0.590625 0.3125 0.60390625 0.31796875 0.6203125 0.3375 0.61953125 0.3421875 0.63828125 0.33046875 0.65 0.31484375 0.6484375 0.2734375 0.67578125 0.271875 0.70703125 0.2578125 0.73828125 0.25625 0.74921875 0.2609375 0.75078125 0.2828125 0.73828125 0.28125 0.72265625 0.28984375 0.70625 0.29921875 0.703125
0 0 0.90078125 0.0140625 0.90859375 0.0125 0.92578125 0 0.93515625 0.0015625 0.96640625 0.04765625 0.9484375 0.06015625 0.925 0.06796875 0.9375 0.10234375 0.8984375 0.13046875 0.8796875 0.14375 0.88203125 0.1515625 0.87109375 0.1546875 0.84921875 0.1734375 0.82109375 0.16953125 0.7859375 0.16640625 0.7921875 0.15625 0.79296875 0.15234375 0.8125 0.10703125 0.8140625 0.09140625 0.821875 0.0765625 0.79765625 0.071875 0.75234375 0.06640625 0.746875 0.059375 0.74921875 0.071875 0.82734375 0.0515625 0.84765625 0.04296875 0.8765625 0.02890625 0.8859375 0.01171875 0.8765625 0 0.89296875 0 0.90078125
0 0.0015625 0.46953125 0.021875 0.47734375 0.0375 0.45234375 0.03046875 0.43125 0 0.43984375 0.0015625 0.46953125
0 0.17109375 0.371875 0.13203125 0.384375 0.09765625 0.409375 0.071875 0.41640625 0.0734375 0.42734375 0.08203125 0.4328125 0.09921875 0.4234375 0.0953125 0.42734375 0.1265625 0.45703125 0.134375 0.41484375 0.15703125 0.3984375 0.175 0.39765625 0.17109375 0.371875
0 0.071875 0.33046875 0.090625 0.35703125 0.1 0.36015625 0.1015625 0.31640625 0.08671875 0.303125 0.0734375 0.31015625 0.071875 0.33046875
0 0.63984375 0.8765625 0.62890625 0.878125 0.6203125 0.89921875 0.5984375 0.91796875 0.5859375 0.96640625 0.54296875 0.996875 0.515625 0.99140625 0.5 0.95546875 0.4765625 0.94296875 0.475 0.91328125 0.46796875 0.9046875 0.453125 0.92265625 0.440625 0.97890625 0.43125 0.99609375 0.690625 0.99921875 0.6828125 0.95859375 0.6484375 0.91484375 0.6453125 0.87890625 0.63984375 0.8765625
0 0.4296875 0.78984375 0.4515625 0.81484375 0.478125 0.78984375 0.478125 0.78359375 0.44453125 0.753125 0.4296875 0.78984375