1 0.25390625 0.6787109375 0.30078125 0.30078125
1 0.3291015625 0.4384765625 0.193359375 0.12890625
1 0.927734375 0.603515625 0.140625 0.140625
1 0.8671875 0.888671875 0.18359375 0.22265625
1 0.62890625 0.48046875 0.064453125 0.072265625
1 0.2958984375 0.2861328125 0.080078125 0.064453125
1 0.9521484375 0.4755859375 0.095703125 0.072265625
1 0.9111328125 0.7392578125 0.1328125 0.146484375
1 0.5810546875 0.4638671875 0.052734375 0.0703125
1 0.5380859375 0.44921875 0.05078125 0.064453125
1 0.48828125 0.4453125 0.048828125 0.06640625
1 0.6396484375 0.416015625 0.080078125 0.06640625
1 0.6669921875 0.384765625 0.0859375 0.046875
1 0.72265625 0.3125 0.0546875 0.0546875
1 0.6767578125 0.3095703125 0.046875 0.037109375
1 0.9580078125 0.4091796875 0.083984375 0.064453125
1 0.990234375 0.357421875 0.01953125 0.05859375
1 0.4775390625 0.333984375 0.060546875 0.048828125
1 0.802734375 0.248046875 0.041015625 0.029296875
0 0.272026361328125 0.245368798828125 0.275742984375 0.26451931640625 0.2889121640625 0.266605109375 0.297403625 0.26626258203125 0.30087483984375 0.255000275390625 0.289098744140625 0.238791869140625 0.27731498828125 0.238612947265625 0.272026361328125 0.245368798828125
0 0.16701825 0.594068314453125 0.18252628515625 0.597368267578125 0.22274184765625 0.572520111328125 0.291016056640625 0.578271359375 0.32247943359375 0.555411876953125 0.32950366796875 0.54302487109375 0.287657275390625 0.535553333984375 0.27302087109375 0.521423060546875 0.203800884765625 0.500335041015625 0.19200947265625 0.516185603515625 0.201007064453125 0.54460975390625 0.1946678828125 0.5739796796875 0.16736843359375 0.586530291015625 0.16701825 0.594068314453125
0 0.41228374609375 0.292051294921875 0.399717818359375 0.296810814453125 0.381870923828125 0.292296703125 0.38049315625 0.274360345703125 0.397476078125 0.27367529296875 0.37668707421875 0.26110170703125 0.35831873046875 0.259879888671875 0.35883251953125 0.272617080078125 0.34747309375 0.2910672265625 0.360463349609375 0.3049367734375 0.35811683203125 0.31975209765625 0.311331998046875 0.311498388671875 0.26453184765625 0.335303646484375 0.282281626953125 0.36173912109375 0.249946615234375 0.395428923828125 0.244568529296875 0.40807665234375 0.252799263671875 0.409380271484375 0.2725606875 0.3964794765625 0.286936369140625 0.41225589453125 0.319695708984375 0.397195162109375 0.32663048046875 0.390700033203125 0.333230388671875 0.3596839609375 0.348999146484375 0.361337765625 0.35394524609375 0.346090455078125 0.40317371875 0.317607478515625 0.42084169140625 0.333905345703125 0.428037189453125 0.325764068359375 0.428998283203125 0.309041873046875 0.41228374609375 0.292051294921875
0 0.214403548828125 0.25227294140625 0.218731083984375 0.26223928515625 0.212310099609375 0.281471603515625 0.222097521484375 0.288927826171875 0.23346460546875 0.254448193359375 0.26873406640625 0.2448473515625 0.261293162109375 0.2225758046875 0.2107022421875 0.201063455078125 0.193443283203125 0.235453625 0.1519317578125 0.252503033203125 0.128095865234375 0.269820822265625 0.123410490234375 0.283421986328125 0.08693452734375 0.279332203125 0.076878720703125 0.289551615234375 0.059635078125 0.291882814453125 0.065169111328125 0.31553978515625 0.038651833984375 0.323151953125 0.028059265625 0.368722626953125 0.098396291015625 0.40939315234375 0.103587798828125 0.424558662109375 0.100101267578125 0.4678799375 0.1064251328125 0.47056898046875 0.11517731640625 0.468580306640625 0.1138072109375 0.434614466796875 0.125345556640625 0.404380564453125 0.16649923828125 0.41089866796875 0.178298310546875 0.37901862109375 0.15863400390625 0.369998052734375 0.15647406640625 0.357000138671875 0.166626990234375 0.324859365234375 0.193762833984375 0.292033541015625 0.19620646875 0.255296853515625 0.2064335390625 0.249323173828125 0.214403548828125 0.25227294140625
0 0.71787519140625 1 0.717892421875 0.999401005859375 0.727084251953125 0.9839824296875 0.7477632578125 0.86407440625 0.75990485546875 0.840685818359375 0.760359818359375 0.795196947265625 0.7679873046875 0.78965525390625 0.778832939453125 0.758467916015625 0.77388683984375 0.77371523046875 0.77899654296875 0.778743130859375 0.80750249609375 0.7798831484375 0.8004041171875 0.7661030625 0.812448595703125 0.7646358359375 0.8125380546875 0.75874395703125 0.7837790390625 0.74322060546875 0.792025091796875 0.71246525390625 0.787884138671875 0.674685671875 0.793620068359375 0.63847043359375 0.8115793984375 0.589004212890625 0.830908837890625 0.5735038359375 0.833516078125 0.557042361328125 0.822954140625 0.53849509765625 0.847089048828125 0.439383736328125 0.8690257265625 0.40742188671875 0.878493595703125 0.358298193359375 0.904586546875 0.33205695703125 0.915976603515625 0.249488869140625 0.926032408203125 0.2392694609375 0.921876138671875 0.233548845703125 0.929600744140625 0.206085791015625 0.91904646484375 0.171509041015625 0.906912525390625 0.178868142578125 0.89997009375 0.2013927578125 0.9172955390625 0.2091991640625 0.919969267578125 0.23493426953125 0.9100847265625 0.24939941015625 0.883485646484375 0.246873970703125 0.872662986328125 0.229972853515625 0.85940434765625 0.2337789375 0.849691068359375 0.25248980859375 0.8200451015625 0.2798557421875 0.80633916015625 0.31312121484375 0.7985174375 0.362505630859375 0.762808328125 0.385536376953125 0.748499134765625 0.411956533203125 0.713832923828125 0.42840269140625 0.7093188125 0.4462495859375 0.719098576171875 0.46973529296875 0.7172735078125 0.48125832421875 0.70609300390625 0.487924716796875 0.6963797265625 0.5066355859375 0.686502841796875 0.5050712421875 0.67538882421875 0.5539342109375 0.6378546484375 0.588487986328125 0.632640166015625 0.6214109296875 0.62232363671875 0.63327648828125 0.616505904296875 0.659354119140625 0.614867416015625 0.64306391015625 0.606107572265625 0.661082068359375 0.591895498046875 0.665580865234375 0.58816355859375 0.678489318359375 0.5721264140625 0.694511146484375 0.5625767421875 0.733497232421875 0.529474875 0.74006650390625 0.519045912109375 0.805912392578125 0.510733373046875 0.7944711640625 0.5179441875 0.754270919921875 0.51205230859375 0.754181458984375 0.50571312890625 0.783551384765625 0.4852589921875 0.795498744140625 0.45687835546875 0.894781369140625 0.4560220390625 0.87355271875 0.44735931640625 0.869649515625 0.431843619140625 0.882379046875 0.409058283203125 0.87708276171875 0.397356330078125 0.88704144921875 0.374652796875 0.89188276953125 0.366243138671875 0.90236290625 0.304732439453125 0.885870798828125 0.3035259375 0.872180173828125 0.257694541015625 0.863233751953125 0.25458116796875 0.850928548828125 0.221054970703125 0.83886875390625 0.208325439453125 0.82335305859375 0.190739267578125 0.817192798828125 0.178270458984375 0.80003095703125 0.165362005859375 0.796299017578125 0.16389478125 0.7842545390625 0.13833859765625 0.77514451171875 0.132454376953125 0.75902556640625 0.10637674609375 0.75320783203125 0.10049252734375 0.73708888671875 0.04392026953125 0.721378953125 0.0398458046875 0.725795947265625 0.008569005859375 0.720842189453125 0 0.7322561640625 0 0.754181025390625 0.009931455078125 0.770837513671875 0.026303466796875 0.7793366328125 0.031062986328125 0.791902560546875 0.053408677734375 0.81062874609375 0.125056984375 0.827039048828125 0.15727955859375 0.847329580078125 0.23603390234375 0.861490486328125 0.240271974609375 0.87734870703125 0.26634960546875 0.883166439453125 0.28375685546875 0.901110455078125 0.3161583515625 0.909617232421875 0.344991513671875 0.95130767578125 0.376953365234375 0.97324435546875 0.4832506640625 1 0.71787519140625 1
0 0.556855783203125 0.19429716015625 0.55841246875 0.200449763671875 0.58250142578125 0.1975153125 0.64244778125 0.22388430078125 0.67138571875 0.227623896484375 0.68959045703125 0.2085705 0.688033771484375 0.2024178984375 0.583201796875 0.182439263671875 0.556855783203125 0.19429716015625