1 0.0791015625 0.443359375 0.134765625 0.146484375
1 0.6650390625 0.498046875 0.103515625 0.103515625
1 0.34375 0.37890625 0.12109375 0.10546875
1 0.6640625 0.6142578125 0.146484375 0.16015625
1 0.8466796875 0.3662109375 0.068359375 0.09375
1 0.4033203125 0.18359375 0.08203125 0.091796875
1 0.6259765625 0.70703125 0.1328125 0.130859375
1 0.7216796875 0.3173828125 0.076171875 0.1015625
1 0.26171875 0.5166015625 0.1484375 0.15625
1 0.62109375 0.857421875 0.19921875 0.203125
1 0.5302734375 0.1640625 0.072265625 0.068359375
1 0.01953125 0.845703125 0.0390625 0.11328125
1 0.4560546875 0.1640625 0.078125 0.080078125
1 0.876953125 0.580078125 0.138671875 0.13671875
1 0.0576171875 0.7099609375 0.115234375 0.197265625
1 0.8818359375 0.9521484375 0.072265625 0.095703125
1 0.1298828125 0.775390625 0.09765625 0.10546875
1 0.7021484375 0.908203125 0.0703125 0.119140625
0 0.894557224609375 0.2285736171875 0.904952794921875 0.240905599609375 0.916680408203125 0.22954283203125 0.896008521484375 0.222287357421875 0.8859757734375 0.208383810546875 0.86349077734375 0.19822675390625 0.84293916015625 0.197620361328125 0.84813593359375 0.2145457578125 0.88560991796875 0.24223359375 0.894557224609375 0.2285736171875
0 1 0.154552376953125 0.98777273828125 0.147463703125 0.96939503125 0.169706140625 0.94267843359375 0.16353812890625 0.93663473046875 0.153866185546875 0.924181470703125 0.168372080078125 0.930950822265625 0.17490089453125 0.930224162109375 0.188803431640625 0.949324482421875 0.19569608203125 0.9396525390625 0.201739783203125 0.943277748046875 0.21830235546875 0.949443740234375 0.2131045703125 0.9610490625 0.21661153515625 0.95548238671875 0.276573546875 0.969505189453125 0.2839492890625 0.970229828125 0.291565568359375 0.961884869140625 0.327711552734375 0.9653898125 0.33762504296875 0.9870278828125 0.3550355546875 0.98654276953125 0.371476849609375 0.974088498046875 0.396742150390625 0.9840009765625 0.40399661328125 0.97940452734375 0.431076037109375 0.98738059765625 0.4610580546875 0.979520751953125 0.48076274609375 0.92391162109375 0.467096701171875 0.91460351171875 0.460809431640625 0.9154504375 0.453555978515625 0.86818323046875 0.43602216796875 0.840740984375 0.43299728515625 0.836148580078125 0.41703908203125 0.826719193359375 0.414862134765625 0.816080052734375 0.421510208984375 0.828411025390625 0.42187404296875 0.83131159765625 0.430820337890625 0.773163705078125 0.41739583984375 0.766150787109375 0.429847078125 0.759375373046875 0.487874701171875 0.765297794921875 0.501656970703125 0.79274004296875 0.50468185546875 0.822481525390625 0.483407619140625 0.83033934765625 0.485221740234375 0.841458544921875 0.515929408203125 0.858745755859375 0.519920474609375 0.867934609375 0.50879925390625 0.875670142578125 0.52548310546875 0.89791258203125 0.543860810546875 0.91785983203125 0.543500009765625 0.930431337890625 0.5571620078125 0.991117986328125 0.5703449609375 1 0.542000181640625 1 0.268810392578125 0.998762568359375 0.268356943359375 1 0.264703333984375 1 0.154552376953125
0 0.450702130859375 1 0.4497225546875 0.997406267578125 0.462174802734375 0.993659779296875 0.454922361328125 0.9820534453125 0.463385564453125 0.97407535546875 0.451783275390625 0.938290171875 0.43473862109375 0.92607845703125 0.449125259765625 0.921123228515625 0.437158125 0.908428421875 0.467392806640625 0.784637642578125 0.4613531484375 0.731928072265625 0.475014138671875 0.730115970703125 0.4814226875 0.716697537109375 0.5028293203125 0.6239752265625 0.514437673828125 0.595203970703125 0.529792517578125 0.57888496484375 0.530885033203125 0.531132646484375 0.54309675 0.5140879921875 0.578406927734375 0.411332931640625 0.5921891953125 0.4054105078125 0.599684193359375 0.4087961953125 0.6085061796875 0.4422841640625 0.63921182421875 0.452683779296875 0.65468996875 0.410735638671875 0.67040763671875 0.392845068359375 0.6684742578125 0.38329440234375 0.629064875 0.367574712890625 0.61806493359375 0.35427553515625 0.61927973828125 0.291653486328125 0.61251241015625 0.263605857421875 0.620372255859375 0.243901166015625 0.634638626953125 0.232296853515625 0.64201537890625 0.20751464453125 0.657853314453125 0.19627315625 0.658340451171875 0.15831305078125 0.66608002734375 0.131959275390625 0.655927013671875 0.111406646484375 0.659555255859375 0.095691 0.676601931640625 0.086383900390625 0.6888258359375 0.03044182421875 0.6682660703125 0.02569523046875 0.65947037890625 0.023664583984375 0.61844999609375 0.115997029296875 0.578794013671875 0.15153561328125 0.55473138671875 0.20557216796875 0.52776414453125 0.2937000546875 0.51881784765625 0.296600626953125 0.50322044921875 0.32114028125 0.488108162109375 0.329238638671875 0.475048509765625 0.36429615234375 0.454856681640625 0.3943964140625 0.44639145703125 0.423893318359375 0.42982787109375 0.438277935546875 0.4064868515625 0.53220898828125 0.393306931640625 0.56061741796875 0.3843606328125 0.563517990234375 0.386172734375 0.57717898046875 0.36948989453125 0.574155107421875 0.36235670703125 0.57995726171875 0.337201564453125 0.681746140625 0.3239033984375 0.68198667578125 0.3194292421875 0.6941963671875 0.31773538671875 0.708703271484375 0.330428169921875 0.71825494921875 0.3097471875 0.8078341328125 0.293305892578125 0.80734901953125 0.288831734375 0.819558712890625 0.273599177734375 0.82100798828125 0.269729390625 0.834184875 0.254618115234375 0.831523826171875 0.2440962109375 0.877099201171875 0.25908620703125 0.883870572265625 0.248564302734375 0.929445947265625 0.244574248046875 0.935973751953125 0.238046443359375 0.9319836953125 0.225230357421875 0.94806115625 0.220152841796875 0.94854424609375 0.4430321953125 1 0.450702130859375 1
0 0.52095139453125 1 0.522499638671875 0.997654888671875 0.52298475390625 0.981213595703125 0.510533515625 0.974200677734375 0.490586265625 0.974561478515625 0.4731787890625 0.963921330078125 0.4626698515625 1 0.52095139453125 1
0 0.111282333984375 0.380461529296875 0.1238548515625 0.383364125 0.121075556640625 0.37030750390625 0.14211026953125 0.375991416015625 0.14864009375 0.358462658203125 0.162179806640625 0.360760880859375 0.171005833984375 0.3512112265625 0.188896404296875 0.36692889453125 0.214887353515625 0.376240037109375 0.217910216796875 0.3703166015625 0.237131814453125 0.3730989296875 0.263366333984375 0.363430017578125 0.287425927734375 0.3416716796875 0.33662954296875 0.336477939453125 0.361173240234375 0.30903771484375 0.37616323828125 0.3158090859375 0.381966404296875 0.31218286328125 0.38607571875 0.323063548828125 0.40106571484375 0.329834921875 0.409526896484375 0.343375642578125 0.434671931640625 0.34918083203125 0.438900501953125 0.377470005859375 0.44736168359375 0.391010728515625 0.436601267578125 0.401769123046875 0.440106208984375 0.411682615234375 0.48496503125 0.328512990234375 0.468524748046875 0.31726846875 0.45450093359375 0.320652134765625 0.395144302734375 0.30529324609375 0.364077857421875 0.2749463828125 0.260717416015625 0.249428416015625 0.2419809296875 0.230204794921875 0.23061715234375 0.22923658984375 0.20994122265625 0.265018740234375 0.22795105078125 0.2981448984375 0.2435464296875 0.295124056640625 0.25805232421875 0.307577318359375 0.25925904296875 0.33103051953125 0.2442670234375 0.3457779609375 0.21658323046875 0.340214318359375 0.21199082421875 0.324256115234375 0.21053952734375 0.330542373046875 0.201351685546875 0.3309041875 0.210779052734375 0.354599947265625 0.201591208984375 0.3549617578125 0.193491841796875 0.35060887890625 0.198690638671875 0.346015462890625 0.181766251953125 0.34045283203125 0.173303046875 0.348430921875 0.169436291015625 0.32932958984375 0.13292748046875 0.322556197265625 0.13377440625 0.315302744140625 0.108511126953125 0.281329658203125 0.115525056640625 0.258119013671875 0.097390919921875 0.2613813984375 0.09352315234375 0.25303947265625 0.095581853515625 0.21544219140625 0.105375076171875 0.2052881640625 0.113111619140625 0.211212611328125 0.1121403828125 0.254854607421875 0.1287049765625 0.229710583984375 0.1446631796875 0.225118177734375 0.149500162109375 0.211336919921875 0.14527058203125 0.193807154296875 0.152282490234375 0.192115322265625 0.160867984375 0.1692675 0.17972878125 0.152102578125 0.219501998046875 0.155491298828125 0.23920669140625 0.16335114453125 0.247549626953125 0.14872396875 0.26012214453125 0.151626564453125 0.268465080078125 0.136999390625 0.2804332265625 0.1389347890625 0.2852702109375 0.125153533203125 0.251662982421875 0.116567029296875 0.232681919921875 0.1270828671875 0.18638089453125 0.119704091796875 0.15627658984375 0.142549890625 0.147088748046875 0.142911705078125 0.13717424609375 0.157176052734375 0.124839232421875 0.199849845703125 0.119399900390625 0.191145095703125 0.124963541015625 0.16346130078125 0.11069818359375 0.16430620703125 0.0980023671875 0.18703275 0.068988552734375 0.183645041015625 0.069471646484375 0.18872255859375 0.060304634765625 0.181824125 0.057048251953125 0.195929068359375 0.063184376953125 0.19803066796875 0.05689407421875 0.239616998046875 0.051695279296875 0.244210412109375 0.04623858984375 0.24275085546875 0.03512866015625 0.290873248046875 0.043953677734375 0.292083 0.057854193359375 0.31432847265625 0.047087708984375 0.3896433046875 0.079125392578125 0.376348173828125 0.10511634375 0.38565931640625 0.111282333984375 0.380461529296875
0 0.131330642578125 0.591178533203125 0.131695490234375 0.56808815625 0.14197281640625 0.5522522421875 0.166151666015625 0.54790239453125 0.158055328125 0.511271294921875 0.175105037109375 0.4696859765625 0.1391995859375 0.47463918359375 0.130012755859375 0.464241591796875 0.063999966796875 0.52431881640625 0.065327962890625 0.543661693359375 0.0718577890625 0.5261329375 0.084794140625 0.516704560546875 0.11731390625 0.5192463515625 0.12069655859375 0.544029572265625 0.107153814453125 0.574009568359375 0.1185155703125 0.5964965859375 0.131330642578125 0.591178533203125
0 0 0.607472376953125 0.011769443359375 0.5784736171875 0.02639762890625 0.5760571484375 0.04392840625 0.56106816015625 0.060854814453125 0.54511198046875 0.064120232421875 0.5309678984375 0.06146120703125 0.524560361328125 0.029061708984375 0.52866765234375 0.023259552734375 0.521534466796875 0.027372908203125 0.489377525390625 0.012262642578125 0.4759570703125 0.009724896484375 0.465439208984375 0.0155280625 0.461812990234375 0.009967453125 0.4572185625 0.017584740234375 0.44573451953125 0.0132338828125 0.43231507421875 0.000250205078125 0.441948439453125 0 0.443032197265625 0 0.507554755859375 0.001137380859375 0.50980584375 0 0.516166884765625 0 0.607472376953125
0 0.150451662109375 0 0.147946794921875 0.017304779296875 0.135978646484375 0.015369380859375 0.126548248046875 0.023951841796875 0.13972513671875 0.027821630859375 0.14746269140625 0.022986669921875 0.152055095703125 0.03894487109375 0.16329860546875 0.033263994140625 0.17429955859375 0.035803765625 0.180705072265625 0.054663552734375 0.2008968984375 0.024563287109375 0.200452603515625 0 0.150451662109375 0
0 0.43831387109375 0 0.4357917421875 0.0109245390625 0.443404986328125 0.04247812109375 0.433849265625 0.09820853125 0.44908283203125 0.08599984765625 0.4610509765625 0.087935248046875 0.4727796015625 0.065813076171875 0.4765301328125 0.03522769921875 0.487653375 0.022897740234375 0.48662458984375 0 0.43831387109375 0