1 0.83984375 0.7314453125 0.138671875 0.2265625
1 0.07421875 0.65234375 0.09375 0.091796875
1 0.33984375 0.8310546875 0.08984375 0.11328125
1 0.921875 0.25390625 0.13671875 0.08203125
1 0.23046875 0.611328125 0.095703125 0.11328125
1 0.0146484375 0.7626953125 0.029296875 0.12109375
1 0.013671875 0.541015625 0.02734375 0.091796875
1 0.01953125 0.6796875 0.0390625 0.08984375
1 0.388671875 0.3818359375 0.0703125 0.0703125
1 0.21484375 0.95703125 0.12109375 0.0859375
1 0.18359375 0.640625 0.05859375 0.0703125
1 0.71484375 0.2626953125 0.0859375 0.0390625
1 0.2734375 0.90625 0.11328125 0.1171875
1 0.6181640625 0.427734375 0.060546875 0.1171875
1 0.54296875 0.5576171875 0.0546875 0.078125
1 0.0615234375 0.5 0.048828125 0.05078125
1 0.361328125 0.7021484375 0.07421875 0.095703125
1 0.4150390625 0.7470703125 0.080078125 0.09765625
1 0.970703125 0.814453125 0.05859375 0.140625
1 0.6025390625 0.208984375 0.0703125 0.03515625
1 0.46875 0.46484375 0.05078125 0.05078125
1 0.7421875 0.6904296875 0.064453125 0.12109375
1 0.8837890625 0.31640625 0.07421875 0.05859375
0 0.192708333984375 0.752604166015625 0.200520833984375 0.751736111328125 0.228298611328125 0.763888888671875 0.229166666015625 0.7421875 0.236111111328125 0.73871527734375 0.2413194453125 0.7178819453125 0.2335069453125 0.7100694453125 0.2274305546875 0.7178819453125 0.224826388671875 0.7413194453125 0.2196180546875 0.73090277734375 0.21440972265625 0.7430555546875 0.213541666015625 0.728298611328125 0.2022569453125 0.7256944453125 0.1866319453125 0.739583333984375 0.16753472265625 0.744791666015625 0.1649305546875 0.763020833984375 0.150173611328125 0.7725694453125 0.1493055546875 0.74565972265625 0.1328125 0.7430555546875 0.127604166015625 0.7256944453125 0.11371527734375 0.723958333984375 0.103298611328125 0.7100694453125 0.0633680546875 0.708333333984375 0.060763888671875 0.69878472265625 0.0477430546875 0.692708333984375 0.02777777734375 0.728298611328125 0.029513888671875 0.743923611328125 0.07378472265625 0.74652777734375 0.0859375 0.7569444453125 0.106770833984375 0.74652777734375 0.1319444453125 0.763020833984375 0.1336805546875 0.783854166015625 0.12934027734375 0.79340277734375 0.11284722265625 0.7977430546875 0.111111111328125 0.8289930546875 0.12934027734375 0.84027777734375 0.140625 0.865451388671875 0.1475694453125 0.865451388671875 0.16840277734375 0.8515625 0.161458333984375 0.8203125 0.169270833984375 0.810763888671875 0.181423611328125 0.810763888671875 0.184895833984375 0.796875 0.200520833984375 0.796875 0.2352430546875 0.814236111328125 0.23871527734375 0.826388888671875 0.251736111328125 0.825520833984375 0.263888888671875 0.7977430546875 0.192708333984375 0.759548611328125 0.192708333984375 0.752604166015625
0 0.89989948828125 1 0.8975694453125 0.9852430546875 0.87934027734375 0.96875 0.865451388671875 0.967013888671875 0.8428819453125 0.939236111328125 0.783854166015625 0.8975694453125 0.7178819453125 0.83159722265625 0.669270833984375 0.795138888671875 0.62065972265625 0.776041666015625 0.619791666015625 0.8272569453125 0.609375 0.83246527734375 0.6024305546875 0.853298611328125 0.5859375 0.861111111328125 0.567708333984375 0.8446180546875 0.564236111328125 0.8289930546875 0.579861111328125 0.775173611328125 0.515625 0.756076388671875 0.515625 0.684895833984375 0.5225694453125 0.650173611328125 0.4930555546875 0.634548611328125 0.479166666015625 0.5928819453125 0.4461805546875 0.568576388671875 0.4461805546875 0.55815972265625 0.46875 0.52690972265625 0.473958333984375 0.497395833984375 0.447916666015625 0.48871527734375 0.453125 0.44878472265625 0.4461805546875 0.44878472265625 0.4383680546875 0.4305555546875 0.3914930546875 0.421875 0.38715277734375 0.42621527734375 0.392361111328125 0.447048611328125 0.377604166015625 0.439236111328125 0.359375 0.459201388671875 0.375 0.466145833984375 0.37847222265625 0.4835069453125 0.37152777734375 0.528645833984375 0.3602430546875 0.536458333984375 0.35590277734375 0.51996527734375 0.3428819453125 0.515625 0.328125 0.497395833984375 0.3350694453125 0.4921875 0.333333333984375 0.474826388671875 0.34027777734375 0.47309027734375 0.337673611328125 0.4618055546875 0.309895833984375 0.46527777734375 0.30121527734375 0.4756944453125 0.290798611328125 0.4756944453125 0.270833333984375 0.4609375 0.2743055546875 0.44184027734375 0.3203125 0.411458333984375 0.3203125 0.3993055546875 0.23871527734375 0.404513888671875 0.236111111328125 0.41059027734375 0.2430555546875 0.4140625 0.22309027734375 0.43402777734375 0.221354166015625 0.395833333984375 0.1883680546875 0.404513888671875 0.16753472265625 0.401041666015625 0.1640625 0.427083333984375 0.1553819453125 0.40277777734375 0.151041666015625 0.41059027734375 0.1493055546875 0.381076388671875 0.1319444453125 0.37934027734375 0.1336805546875 0.43315972265625 0.1475694453125 0.447048611328125 0.151041666015625 0.466145833984375 0.1475694453125 0.4991319453125 0.127604166015625 0.51909722265625 0.0946180546875 0.52777777734375 0.076388888671875 0.5460069453125 0.0711805546875 0.584201388671875 0.076388888671875 0.5928819453125 0.0946180546875 0.59375 0.1102430546875 0.5694444453125 0.122395833984375 0.572916666015625 0.126736111328125 0.58246527734375 0.114583333984375 0.587673611328125 0.114583333984375 0.59809027734375 0.130208333984375 0.61371527734375 0.135416666015625 0.638020833984375 0.150173611328125 0.6475694453125 0.16840277734375 0.62065972265625 0.16840277734375 0.591145833984375 0.22222222265625 0.552951388671875 0.2118055546875 0.5008680546875 0.2265625 0.49652777734375 0.234375 0.5008680546875 0.23784722265625 0.51996527734375 0.234375 0.559895833984375 0.271701388671875 0.5850694453125 0.28559027734375 0.588541666015625 0.3203125 0.576388888671875 0.330729166015625 0.5381944453125 0.3428819453125 0.545138888671875 0.356770833984375 0.54340277734375 0.3663194453125 0.6171875 0.35590277734375 0.6241319453125 0.354166666015625 0.64496527734375 0.3984375 0.67534722265625 0.403645833984375 0.69097222265625 0.415798611328125 0.692708333984375 0.447048611328125 0.6805555546875 0.46440972265625 0.692708333984375 0.4774305546875 0.731770833984375 0.4774305546875 0.771701388671875 0.4618055546875 0.822048611328125 0.416666666015625 0.888020833984375 0.3975694453125 0.888020833984375 0.40972222265625 0.85503472265625 0.4288194453125 0.849826388671875 0.4296875 0.79340277734375 0.4053819453125 0.828125 0.390625 0.830729166015625 0.392361111328125 0.853298611328125 0.3993055546875 0.8585069453125 0.385416666015625 0.86371527734375 0.375 0.881076388671875 0.373263888671875 0.90190972265625 0.3446180546875 0.8993055546875 0.34375 0.9210069453125 0.329861111328125 0.947048611328125 0.30815972265625 0.951388888671875 0.286458333984375 0.9696180546875 0.28125 0.9835069453125 0.2960069453125 0.98784722265625 0.3038194453125 0.9991319453125 0.3038194453125 1 0.587673611328125 1 0.6171875 0.984375 0.6241319453125 0.970486111328125 0.645833333984375 0.962673611328125 0.6553819453125 0.935763888671875 0.6710069453125 0.935763888671875 0.67534722265625 0.943576388671875 0.666666666015625 0.971354166015625 0.671721814453125 1 0.6941220234375 1 0.7256944453125 0.94184027734375 0.736979166015625 0.935763888671875 0.749826388671875 1 0.89989948828125 1
0 0.837673611328125 0.48090277734375 0.845486111328125 0.459201388671875 0.8663194453125 0.4453125 0.869791666015625 0.419270833984375 0.833333333984375 0.408854166015625 0.8350694453125 0.36371527734375 0.84722222265625 0.34809027734375 0.84375 0.309895833984375 0.829861111328125 0.3116319453125 0.8211805546875 0.3359375 0.829861111328125 0.356770833984375 0.8272569453125 0.395833333984375 0.7960069453125 0.3975694453125 0.779513888671875 0.3897569453125 0.776041666015625 0.3446180546875 0.767361111328125 0.330729166015625 0.779513888671875 0.2960069453125 0.807291666015625 0.26996527734375 0.8055555546875 0.256076388671875 0.8125 0.243923611328125 0.82378472265625 0.239583333984375 0.834201388671875 0.251736111328125 0.84375 0.2508680546875 0.854166666015625 0.209201388671875 0.854166666015625 0.190104166015625 0.84809027734375 0.18402777734375 0.8359375 0.185763888671875 0.825520833984375 0.201388888671875 0.7960069453125 0.208333333984375 0.78472222265625 0.2196180546875 0.78125 0.2508680546875 0.767361111328125 0.26128472265625 0.76215277734375 0.28559027734375 0.7491319453125 0.295138888671875 0.6866319453125 0.28472222265625 0.67534722265625 0.2890625 0.673611111328125 0.3428819453125 0.6883680546875 0.359375 0.70659722265625 0.356770833984375 0.708333333984375 0.341145833984375 0.720486111328125 0.33940972265625 0.7196180546875 0.326388888671875 0.75 0.325520833984375 0.744791666015625 0.3585069453125 0.723958333984375 0.3671875 0.72222222265625 0.41059027734375 0.739583333984375 0.415798611328125 0.7265625 0.41840277734375 0.7256944453125 0.427951388671875 0.709201388671875 0.44097222265625 0.7039930546875 0.4305555546875 0.693576388671875 0.4305555546875 0.69184027734375 0.44097222265625 0.6805555546875 0.4366319453125 0.689236111328125 0.427951388671875 0.6866319453125 0.4131944453125 0.6727430546875 0.4131944453125 0.670138888671875 0.4210069453125 0.671875 0.44184027734375 0.6883680546875 0.4444444453125 0.692708333984375 0.45746527734375 0.708333333984375 0.466145833984375 0.70659722265625 0.5164930546875 0.717013888671875 0.5164930546875 0.743923611328125 0.49652777734375 0.7578125 0.49652777734375 0.760416666015625 0.4852430546875 0.778645833984375 0.47222222265625 0.787326388671875 0.4756944453125 0.807291666015625 0.4539930546875 0.806423611328125 0.4461805546875 0.833333333984375 0.44878472265625 0.82465277734375 0.45746527734375 0.822916666015625 0.48003472265625 0.8289930546875 0.482638888671875 0.837673611328125 0.48090277734375
0 0.44965277734375 0.2977430546875 0.459201388671875 0.295138888671875 0.4852430546875 0.26215277734375 0.4921875 0.263888888671875 0.51909722265625 0.231770833984375 0.5225694453125 0.221354166015625 0.5164930546875 0.213541666015625 0.4991319453125 0.21875 0.471354166015625 0.244791666015625 0.43402777734375 0.256076388671875 0.432291666015625 0.283854166015625 0.443576388671875 0.298611111328125 0.44965277734375 0.2977430546875
0 0.3350694453125 0.26128472265625 0.37152777734375 0.24565972265625 0.37847222265625 0.224826388671875 0.390625 0.2178819453125 0.3914930546875 0.19965277734375 0.377604166015625 0.197916666015625 0.3602430546875 0.18402777734375 0.3524305546875 0.1883680546875 0.35503472265625 0.192708333984375 0.32465277734375 0.2039930546875 0.329861111328125 0.2352430546875 0.322916666015625 0.25434027734375 0.3350694453125 0.26128472265625
0 0 0.3515625 0.013020833984375 0.359375 0.056423611328125 0.348958333984375 0.0625 0.322048611328125 0.08159722265625 0.302951388671875 0.092013888671875 0.271701388671875 0.0772569453125 0.28125 0.072048611328125 0.276041666015625 0.065104166015625 0.279513888671875 0.060763888671875 0.26996527734375 0.06597222265625 0.2578125 0.056423611328125 0.2569444453125 0.03559027734375 0.270833333984375 0 0.272380736328125 0 0.3515625
0 0.0850694453125 0.36371527734375 0.0859375 0.35590277734375 0.0694444453125 0.3602430546875 0.078125 0.37065972265625 0.076388888671875 0.393229166015625 0.08246527734375 0.40277777734375 0.092013888671875 0.403645833984375 0.1258680546875 0.39409722265625 0.138020833984375 0.37847222265625 0.151041666015625 0.381076388671875 0.150173611328125 0.314236111328125 0.142361111328125 0.31684027734375 0.13715277734375 0.330729166015625 0.138888888671875 0.361979166015625 0.118923611328125 0.37152777734375 0.115451388671875 0.380208333984375 0.10503472265625 0.3819444453125 0.09809027734375 0.3680555546875 0.0850694453125 0.36371527734375
0 0.147102029296875 1 0.145833333984375 0.9835069453125 0.1649305546875 0.9539930546875 0.166666666015625 0.9383680546875 0.10503472265625 0.89409722265625 0.09375 0.8984375 0.0928819453125 0.916666666015625 0.0772569453125 0.920138888671875 0.06684027734375 0.904513888671875 0.060763888671875 0.93315972265625 0.045138888671875 0.9453125 0.0399305546875 0.966145833984375 0.068576388671875 0.98090277734375 0.076388888671875 0.93315972265625 0.08940972265625 0.923611111328125 0.107638888671875 0.95746527734375 0.115909529296875 1 0.147102029296875 1