1 0.8056640625 0.501953125 0.109375 0.11328125
1 0.29296875 0.48828125 0.099609375 0.07421875
1 0.16796875 0.3671875 0.072265625 0.11328125
1 0.5087890625 0.3916015625 0.060546875 0.078125
1 0.3408203125 0.228515625 0.0859375 0.05078125
1 0.376953125 0.3974609375 0.05859375 0.0859375
1 0.0283203125 0.3466796875 0.056640625 0.060546875
1 0.703125 0.376953125 0.060546875 0.0703125
1 0.76171875 0.3818359375 0.0546875 0.0625
1 0.962890625 0.6455078125 0.07421875 0.080078125
1 0.99609375 0.7060546875 0.0078125 0.064453125
1 0.8798828125 0.4873046875 0.08984375 0.076171875
1 0.9365234375 0.4775390625 0.07421875 0.060546875
1 0.8330078125 0.37109375 0.0546875 0.02734375
1 0.32421875 0.388671875 0.048828125 0.056640625
1 0.234375 0.39453125 0.0390625 0.0546875
1 0.1650390625 0.4990234375 0.078125 0.044921875
1 0.095703125 0.5048828125 0.0390625 0.0390625
1 0.6884765625 0.25390625 0.04296875 0.033203125
1 0.4111328125 0.265625 0.044921875 0.033203125
1 0.7373046875 0.2529296875 0.041015625 0.033203125
1 0.7958984375 0.2958984375 0.0546875 0.033203125
1 0.890625 0.240234375 0.0625 0.03125
1 0.767578125 0.166015625 0.044921875 0.037109375
1 0.791015625 0.25 0.046875 0.03515625
1 0.60546875 0.0234375 0.08984375 0.046875
1 0.9775390625 0.359375 0.03515625 0.0546875
1 0.859375 0.2939453125 0.05859375 0.0390625
1 0.490234375 0.2119140625 0.03515625 0.03515625
1 0.3154296875 0.1708984375 0.03125 0.029296875
0 1 0.78244175 0.98808566015625 0.782157546875 0.977157578125 0.7735467578125 0.951294095703125 0.735210341796875 0.905948767578125 0.7008242109375 0.886114396484375 0.671269658203125 0.8537293203125 0.65686823046875 0.854849083984375 0.642114283203125 0.842790865234375 0.624550552734375 0.805838595703125 0.59641126171875 0.80374940234375 0.583404353515625 0.79360930078125 0.573948556640625 0.803122123046875 0.565441447265625 0.778559853515625 0.540956947265625 0.77287289453125 0.541973029296875 0.750389447265625 0.506788544921875 0.750653830078125 0.46753972265625 0.760897611328125 0.456554615234375 0.783702466796875 0.454123267578125 0.8125260625 0.436766896484375 0.8323500625 0.44261455859375 0.853464900390625 0.43860724609375 0.85870602734375 0.44823412109375 0.85356858203125 0.418166337890625 0.803733826171875 0.419089115234375 0.79021369140625 0.406481384765625 0.767636935546875 0.41544469921875 0.649263189453125 0.396688640625 0.602191560546875 0.40650733203125 0.590589544921875 0.402007533203125 0.56998793359375 0.420711771484375 0.553772068359375 0.424548005859375 0.47037544921875 0.42419031640625 0.444646763671875 0.436533662109375 0.41654375390625 0.427705142578125 0.40454255859375 0.411774404296875 0.400327888671875 0.431541376953125 0.372738109375 0.437409783203125 0.361136091796875 0.432909984375 0.35162326953125 0.441417095703125 0.338559337890625 0.441873298828125 0.28765147265625 0.435476125 0.265567201171875 0.41172258203125 0.256298412109375 0.435620693359375 0.14427344921875 0.4430963984375 0.105256576171875 0.431590578125 0.1009098125 0.401940205078125 0.0854819296875 0.40493143359375 0.07440351171875 0.438835451171875 0.052671765625 0.44858674609375 0.04569396875 0.459457806640625 0.07739473828125 0.454263333984375 0.090458671875 0.453807130859375 0.099753765625 0.4624749453125 0.08443993359375 0.468732154296875 0.041982154296875 0.4702148125 0.0384414140625 0.485870796875 0.041546693359375 0.504564662109375 0.0458754140625 0.488063669921875 0.072003279296875 0.487151265625 0.07819309375 0.47712521484375 0.0915991796875 0.4864669609375 0.107986119140625 0.48752969921875 0.12023890625 0.503693013671875 0.072997572265625 0.755576572265625 0.068815099609375 0.793821896484375 0.058856447265625 0.812971962890625 0.01959154296875 0.804183732421875 0.010328853515625 0.80450719140625 0.017155611328125 1 0.448641390625 1 0.463568796875 0.95497996484375 0.484341484375 0.941174703125 0.488385080078125 0.91650875390625 0.500878759765625 0.89972263671875 0.51327541015625 0.871262353515625 0.52419684375 0.911988212890625 0.532040390625 0.94931891796875 0.517524916015625 0.978438009765625 0.493932076171875 0.981714365234375 0.494570625 1 0.508727521484375 1 0.94480363671875 0.98477188671875 0.945207994140625 0.982305291015625 0.96186969140625 0.96782609765625 0.964860919921875 0.983253978515625 0.9624399453125 0.984156013671875 1 0.982844388671875 1 0.78244175
0 0.01365624609375 0.595462677734375 0.003082986328125 0.5970127265625 0.004336189453125 0.6328997578125 0.07690745703125 0.627588537109375 0.085632296875 0.619926435546875 0.087928849609375 0.592051529296875 0.079204009765625 0.599713630859375 0.031847255859375 0.601367365234375 0.01365624609375 0.595462677734375
0 0.0769800234375 0.5360269609375 0.064201216796875 0.544648123046875 0.037902275390625 0.540661552734375 0.031769486328125 0.55232059375 0.028161353515625 0.5426366953125 0.00106441015625 0.5392082578125 0.0028449296875 0.5901956328125 0.034600009765625 0.586556390625 0.087026814453125 0.5896305546875 0.0991109453125 0.537706607421875 0.091676947265625 0.535513732421875 0.087120125 0.5454827578125 0.0769800234375 0.5360269609375
0 0.00761767578125 0.72686925 0.00960327734375 0.78372943359375 0.05366197265625 0.781271189453125 0.0760728203125 0.650507443359375 0.00505691796875 0.65353870703125 0.007409126953125 0.720897166015625 0.059716994140625 0.720565376953125 0.00761767578125 0.72686925