1 0.388671875 0.390625 0.115234375 0.125
1 0.0703125 0.42578125 0.1015625 0.125
1 0.849609375 0.189453125 0.109375 0.123046875
1 0.486328125 0.765625 0.248046875 0.259765625
1 0.7001953125 0.97265625 0.197265625 0.0546875
1 0.0361328125 0.7861328125 0.072265625 0.220703125
1 0.5634765625 0.509765625 0.11328125 0.14453125
1 0.380859375 0.158203125 0.07421875 0.083984375
1 0.583984375 0.900390625 0.1640625 0.19921875
1 0.4228515625 0.1904296875 0.080078125 0.099609375
1 0.0546875 0.5439453125 0.109375 0.166015625
1 0.9384765625 0.2158203125 0.109375 0.109375
1 0.4638671875 0.439453125 0.068359375 0.068359375
1 0.0546875 0.6572265625 0.109375 0.166015625
0 0.565434017578125 0.20158600390625 0.59998396484375 0.219984580078125 0.60362251171875 0.208661388671875 0.584236015625 0.198120279296875 0.573493197265625 0.2019646640625 0.556975546875 0.17664701953125 0.529340541015625 0.16975683984375 0.526475822265625 0.191057275390625 0.537416224609375 0.1962311015625 0.538000724609375 0.21023793359375 0.55066986328125 0.218288859375 0.565434017578125 0.20158600390625
0 0.40788125390625 0.47377078125 0.414594484375 0.46973706640625 0.414396900390625 0.46071885546875 0.382156060546875 0.4526803125 0.34973414453125 0.46171915625 0.334793041015625 0.502023298828125 0.34822775390625 0.50700366796875 0.360876259765625 0.482435091796875 0.37526175390625 0.473791416015625 0.40788125390625 0.47377078125
0 0.593876369140625 0.5747736171875 0.6184119296875 0.535230921875 0.61283468359375 0.515087103515625 0.59731320703125 0.547908314453125 0.5858048125 0.554823255859375 0.57968433203125 0.58591160546875 0.555128138671875 0.592834798828125 0.5562888828125 0.607800666015625 0.573576234375 0.63657165234375 0.579330431640625 0.633114181640625 0.593876369140625 0.5747736171875
0 0.491819583984375 0.61129527734375 0.5067565625 0.564467232421875 0.53514476171875 0.548715158203125 0.524191978515625 0.5239696328125 0.51383607421875 0.532802638671875 0.507303919921875 0.519758966796875 0.4907986484375 0.5140130234375 0.488707759765625 0.545290701171875 0.476063380859375 0.576383177734375 0.476454421875 0.58789569921875 0.485670216796875 0.596716326171875 0.48452598046875 0.607846060546875 0.491819583984375 0.61129527734375
0 0.41635568359375 0 0.418915568359375 0.020736328125 0.40897546484375 0.0802252578125 0.422792966796875 0.08367034765625 0.44999153515625 0.007285107421875 0.44899341796875 0 0.41635568359375 0
0 0.87753567578125 1 0.903196193359375 0.89405730078125 0.8857525234375 0.9215071015625 0.858323357421875 0.936682931640625 0.827807126953125 0.924997587890625 0.81440542578125 0.97220841796875 0.823540541015625 1 0.87753567578125 1
0 0.74208591015625 0.39565630078125 0.7167517578125 0.386078353515625 0.691598685546875 0.359423015625 0.70882826171875 0.29685940234375 0.716689857421875 0.288219853515625 0.723790001953125 0.289174759765625 0.739504935546875 0.258847859375 0.73815486328125 0.24791158203125 0.72164958984375 0.242165638671875 0.715887138671875 0.23257530859375 0.7076386328125 0.236226236328125 0.686560541015625 0.28152312890625 0.66027973828125 0.292093125 0.651063943359375 0.2832725 0.636863650390625 0.2813626875 0.6378103046875 0.261214740234375 0.6276354765625 0.252970359375 0.6169091640625 0.282910345703125 0.62283205859375 0.24280378515625 0.61380559375 0.229953568359375 0.601716826171875 0.229385578125 0.605960505859375 0.264688720703125 0.6002310703125 0.30728958984375 0.6096361953125 0.312080626953125 0.615575595703125 0.298069669921875 0.626124958984375 0.291730970703125 0.630928376953125 0.301897546875 0.619057830078125 0.342967265625 0.604091962890625 0.344128009765625 0.60064687109375 0.35794551171875 0.582618703125 0.37138848046875 0.57610305859375 0.384440408203125 0.53274486328125 0.394829328125 0.541581998046875 0.4117091328125 0.5398738984375 0.441451533203125 0.56021530078125 0.44489249609375 0.56252440625 0.45525252734375 0.571929533203125 0.460043564453125 0.560993255859375 0.461393640625 0.578457560546875 0.46656333984375 0.603404796875 0.471152666015625 0.625227828125 0.39016571875 0.64881673828125 0.37077096875 0.686058578125 0.397994296875 0.68511192578125 0.4181422421875 0.701057458984375 0.44902475390625 0.71641023828125 0.452852630859375 0.737504837890625 0.433651337890625 0.756891333984375 0.444192447265625 0.761484787109375 0.425769109375 0.750927169921875 0.4190600078125 0.74208591015625 0.39565630078125
0 0.681704478515625 0.794803833984375 0.653707322265625 0.8220684296875 0.635283986328125 0.8174749765625 0.6287642109375 0.82400300390625 0.583854232421875 0.80791353515625 0.567550673828125 0.817709701171875 0.56698680859375 0.836322369140625 0.594230771484375 0.83170002734375 0.600565341796875 0.835725490234375 0.6313328046875 0.94123974609375 0.6225163046875 0.95697944140625 0.62368530078125 0.984993107421875 0.62906083984375 0.989594814453125 0.6825773515625 0.96135467578125 0.6937070859375 0.9624989140625 0.70484507421875 0.976690951171875 0.736093865234375 0.933114541015625 0.759501697265625 0.9307971796875 0.7790403828125 0.87859359765625 0.75236441015625 0.871127171875 0.751779912109375 0.85712033984375 0.74275757421875 0.850794025390625 0.72700137109375 0.815881923828125 0.714715021484375 0.806295720703125 0.681704478515625 0.794803833984375
0 0.224471421875 0 0.230105255859375 0.019320728515625 0.23970383984375 0.026606076171875 0.21478136328125 0.061160150390625 0.20023542578125 0.119500716796875 0.20043301171875 0.128518927734375 0.20983813671875 0.13330996484375 0.20602263671875 0.1682344453125 0.2148597734375 0.18511425 0.213719662109375 0.2027678828125 0.19378580859375 0.23693504296875 0.17041924609375 0.304491404296875 0.1529631953125 0.312369505859375 0.12303146484375 0.3146909921875 0.115556783203125 0.3283191640625 0.1094528125 0.38550311328125 0.115021806640625 0.3925991328125 0.15051840625 0.39084976171875 0.157025798828125 0.36475003515625 0.169876013671875 0.3557235703125 0.183693517578125 0.359168662109375 0.187731359375 0.372405791015625 0.1808411796875 0.400040796875 0.1846979453125 0.43035531640625 0.179355423828125 0.477944810546875 0.18397363671875 0.498664873046875 0.161743056640625 0.54204369921875 0.17174093359375 0.57388937109375 0.170609080078125 0.6045908046875 0.161035255859375 0.63644885546875 0.158401138671875 0.718958703125 0.14076813671875 0.750438091796875 0.13272959375 0.782678931640625 0.125497892578125 0.877088212890625 0.118591205078125 0.878627619140625 0.10158019140625 0.915969599609375 0.33106161328125 0.973185744140625 0.33163269921875 0.965989900390625 0.32049883984375 0.958321765625 0.32221106640625 0.935103263671875 0.294193275390625 0.929748361328125 0.28132655078125 0.9126792265625 0.29396267578125 0.868538951171875 0.3142875703125 0.845884314453125 0.31773266015625 0.8320668125 0.305244599609375 0.806938498046875 0.2925795859375 0.805411474609375 0.28201784375 0.792178470703125 0.287368619140625 0.75763677734375 0.28084059375 0.75111700390625 0.280445423828125 0.73308058203125 0.290793076171875 0.711199775390625 0.303067048828125 0.70121427734375 0.311862912109375 0.65285508203125 0.30493971875 0.62829888671875 0.30640483984375 0.517775375 0.29371506640625 0.47710494921875 0.307503681640625 0.434882740234375 0.30442074609375 0.41454546484375 0.317056869140625 0.370405189453125 0.328935671875 0.34238326953125 0.353689451171875 0.34447828515625 0.361740376953125 0.331809146484375 0.399340244140625 0.318353798828125 0.40759287890625 0.32122676953125 0.41701451171875 0.352113408203125 0.438899447265625 0.3689849609375 0.4419782578125 0.382798333984375 0.459636017578125 0.39046234375 0.45906802734375 0.40255111328125 0.468473150390625 0.407342150390625 0.4797798359375 0.38488509765625 0.4820600546875 0.349577830078125 0.494140568359375 0.33709801953125 0.513712267578125 0.337085640625 0.533465044921875 0.31999587109375 0.533831326171875 0.292364994140625 0.522121220703125 0.28373782421875 0.50984725 0.2937233203125 0.487974697265625 0.29642346875 0.4188954375 0.292245818359375 0.381682484375 0.3106897890625 0.35482130859375 0.3137768515625 0.299555423828125 0.306520390625 0.2838116015625 0.2911799921875 0.2747727578125 0.25875807421875 0.28089736328125 0.234193626953125 0.275134912109375 0.224603296875 0.29350047265625 0.137862150390625 0.282366611328125 0.130194013671875 0.286186236328125 0.10179343359375 0.275817951171875 0.091054740234375 0.2719653125 0.06726412109375 0.26543728515625 0.06074434765625 0.2701057578125 0 0.224471421875 0
0 0.8542473671875 0.256472724609375 0.845225029296875 0.25014640625 0.844451201171875 0.2401691640625 0.836009234375 0.24132578125 0.823722884765625 0.231739576171875 0.81548262890625 0.2484383046875 0.825085337890625 0.2622475546875 0.822426458984375 0.305614001953125 0.828184783203125 0.3086804296875 0.84082090625 0.26454015625 0.8542473671875 0.256472724609375
0 0.712619 0.222791521484375 0.71435186328125 0.232192521484375 0.722604498046875 0.235065494140625 0.739471919921875 0.206656658203125 0.746744888671875 0.177486376953125 0.738479873046875 0.155041705078125 0.731404490234375 0.19323019921875 0.712619 0.222791521484375