1 0.2861328125 0.1708984375 0.07421875 0.0859375
1 0.673828125 0.1044921875 0.064453125 0.0546875
1 0.4765625 0.1796875 0.068359375 0.099609375
1 0.365234375 0.1396484375 0.060546875 0.072265625
1 0.9580078125 0.3525390625 0.080078125 0.083984375
1 0.9580078125 0.271484375 0.083984375 0.1171875
1 0.2373046875 0.142578125 0.044921875 0.060546875
1 0.669921875 0.2685546875 0.076171875 0.087890625
1 0.275390625 0.1083984375 0.052734375 0.0625
1 0.1689453125 0.0927734375 0.080078125 0.07421875
1 0.4384765625 0.064453125 0.076171875 0.064453125
1 0.8544921875 0.1728515625 0.138671875 0.08984375
1 0.84765625 0.23828125 0.16796875 0.111328125
1 0.6025390625 0.20703125 0.044921875 0.064453125
1 0.72265625 0.224609375 0.044921875 0.07421875
1 0.751953125 0.1982421875 0.04296875 0.05859375
1 0.9755859375 0.1826171875 0.048828125 0.076171875
1 0.96875 0.7353515625 0.04296875 0.16015625
1 0.1025390625 0.017578125 0.060546875 0.03515625
1 0.3486328125 0.0126953125 0.037109375 0.025390625
1 0.3515625 0.0556640625 0.033203125 0.0390625
1 0.61328125 0.0986328125 0.03515625 0.060546875
1 0.5791015625 0.0791015625 0.025390625 0.037109375
1 0.73828125 0.060546875 0.04296875 0.04296875
1 0.76171875 0.0322265625 0.044921875 0.03125
1 0.8359375 0.033203125 0.044921875 0.025390625
1 0.583984375 0.0361328125 0.03125 0.03125
1 0.4931640625 0.0732421875 0.037109375 0.0390625
1 0.4052734375 0.0947265625 0.044921875 0.033203125
1 0.2939453125 0.052734375 0.05078125 0.0390625
1 0.5478515625 0.1796875 0.046875 0.052734375
1 0.5927734375 0.1494140625 0.048828125 0.044921875
1 0.8056640625 0.29296875 0.0546875 0.064453125
1 0.8798828125 0.32421875 0.06640625 0.0546875
1 0.2373046875 0.044921875 0.044921875 0.04296875
1 0.5361328125 0.1416015625 0.03515625 0.04296875
1 0.6513671875 0.169921875 0.0546875 0.052734375
1 0.6171875 0.2685546875 0.044921875 0.056640625
0 0.522043486328125 0.72915284375 0.496534765625 0.708335392578125 0.508808666015625 0.623541986328125 0.496550990234375 0.6060303515625 0.458083755859375 0.589065181640625 0.430257177734375 0.60139463671875 0.39373267578125 0.60201287890625 0.380443037109375 0.610600431640625 0.317195697265625 0.607763888671875 0.28474962890625 0.5840821171875 0.261520173828125 0.542011130859375 0.2230529375 0.52504595703125 0.217396078125 0.549235595703125 0.221281541015625 0.584402423828125 0.2397039453125 0.615827345703125 0.2562939921875 0.6280904296875 0.26594128125 0.671590875 0.296803517578125 0.729263951171875 0.322334607421875 0.840493076171875 0.335734619140625 0.83032709765625 0.358610583984375 0.786721689453125 0.396492763671875 0.78937066796875 0.423806064453125 0.77303996484375 0.4354455 0.754027095703125 0.443337619140625 0.754578966796875 0.460220193359375 0.774000146484375 0.47158946875 0.838240853515625 0.479994865234375 0.842793970703125 0.495928076171875 0.830425919921875 0.52387584375 0.748314681640625 0.522043486328125 0.72915284375
0 1 0.478402234375 0.92730566796875 0.456917580078125 0.92433097265625 0.465433349609375 0.93427619921875 0.4819902109375 0.937355859375 0.5059976953125 0.9345633203125 0.523249986328125 0.946567060546875 0.521710158203125 0.950640087890625 0.53151182421875 0.95886333203125 0.527328421875 0.9640015078125 0.533239216796875 0.960806064453125 0.544911837890625 0.9379741015625 0.54252219921875 0.937345041015625 0.574201056640625 0.943951267578125 0.5818006484375 0.958929703125 0.571745048828125 0.968251279296875 0.5858790859375 0.9763641484375 0.58327410546875 0.97702639453125 0.5738035625 0.969796517578125 0.563781146484375 0.97009445703125 0.536837560546875 0.98338409375 0.52825001171875 0.98753430859375 0.514264943359375 0.971496134765625 0.494109736328125 0.980563775390625 0.489192310546875 0.997705693359375 0.4935632734375 1 0.483603830078125 1 0.478402234375