1 0.68359375 0.5625 0.076171875 0.080078125
1 0.41796875 0.9169921875 0.1484375 0.166015625
1 0.34375 0.865234375 0.1484375 0.19140625
1 0.6142578125 0.673828125 0.10546875 0.12109375
1 0.6962890625 0.9658203125 0.134765625 0.068359375
1 0.181640625 0.7509765625 0.1796875 0.1953125
1 0.92578125 0.568359375 0.080078125 0.0859375
1 0.0478515625 0.6220703125 0.095703125 0.130859375
1 0.7568359375 0.4638671875 0.078125 0.07421875
1 0.09375 0.517578125 0.087890625 0.1015625
1 0.7578125 0.5302734375 0.06640625 0.05859375
1 0.5126953125 0.4453125 0.0703125 0.076171875
1 0.1318359375 0.6884765625 0.130859375 0.103515625
1 0.3671875 0.1806640625 0.076171875 0.041015625
0 0.31010176953125 0.45613946484375 0.310748052734375 0.473515322265625 0.321044310546875 0.46965237890625 0.326322189453125 0.47432804296875 0.325166751953125 0.493162904296875 0.348422701171875 0.50714582421875 0.36815842578125 0.507571755859375 0.371164576171875 0.52601983203125 0.3871255 0.530994142578125 0.395233248046875 0.5244286171875 0.40098112890625 0.51679087109375 0.3868219296875 0.51035755859375 0.39968855859375 0.482039158203125 0.377206181640625 0.476379416015625 0.398743626953125 0.475346345703125 0.395781546875 0.4643205859375 0.385142572265625 0.47144425390625 0.38835923046875 0.46436465625 0.377289400390625 0.459904421875 0.394107111328125 0.456726912109375 0.387928373046875 0.45278075 0.3852649375 0.43107194921875 0.371663880859375 0.427169859375 0.355962458984375 0.43540981640625 0.337254884765625 0.425201701171875 0.31606015625 0.422974044921875 0.311301275390625 0.44472691796875 0.30224859765625 0.444599630859375 0.30366353125 0.438979037109375 0.294224064453125 0.43469016015625 0.29713715234375 0.4069739765625 0.282977955078125 0.400540662109375 0.28597918359375 0.387669111328125 0.294645076171875 0.383634810546875 0.284946111328125 0.3661316640625 0.287775982421875 0.3548904765625 0.282884890625 0.35437640234375 0.278811443359375 0.3696078203125 0.274174927734375 0.35098838671875 0.274218998046875 0.358410703125 0.267354826171875 0.360985998046875 0.271389125 0.369651890625 0.26667431640625 0.39882708203125 0.250116103515625 0.415218859375 0.244456361328125 0.437701234375 0.232911603515625 0.41423478125 0.22729593359375 0.44413947265625 0.2198736171875 0.44418354296875 0.211805015625 0.426851755859375 0.199662966796875 0.424751388671875 0.2050240625 0.412952056640625 0.21030194140625 0.41762771875 0.203437767578125 0.420203013671875 0.211976375 0.425221392578125 0.213905384765625 0.41470970703125 0.208069361328125 0.4075028203125 0.221670416015625 0.41140491015625 0.2230853515625 0.40578431640625 0.208583435546875 0.402611728515625 0.21664711328125 0.38862388671875 0.19042908203125 0.363615208984375 0.185410705078125 0.372153814453125 0.193822021484375 0.386224873046875 0.191594365234375 0.4074196015625 0.183099830078125 0.4098235390625 0.177268732421875 0.433936279296875 0.163883103515625 0.435826140625 0.19417458203125 0.445603400390625 0.19340593359375 0.4685998515625 0.2075651328125 0.475033166015625 0.192549142578125 0.476751669921875 0.193880861328125 0.487606072265625 0.216020521484375 0.496526541015625 0.253861603515625 0.497207052734375 0.269352521484375 0.514494767578125 0.26429991796875 0.5782503125 0.269019650390625 0.580394751953125 0.275497037109375 0.5736578671875 0.2782436875 0.578891673828125 0.280559484375 0.572541578125 0.295575474609375 0.57082307421875 0.295619544921875 0.578245390625 0.3043295078125 0.581633404296875 0.313465404296875 0.565285697265625 0.303164224609375 0.53782901171875 0.28793280859375 0.533755564453125 0.286258373046875 0.526161890625 0.298131078125 0.452408734375 0.31010176953125 0.45613946484375
0 1 0.16179137890625 0.94627134765625 0.151295193359375 0.763670607421875 0.13210308203125 0.743504025390625 0.120093244140625 0.7393865078125 0.12790234765625 0.722740154296875 0.1294494921875 0.618225513671875 0.1201129375 0.501098822265625 0.120989419921875 0.48844269921875 0.123780140625 0.491576140625 0.1331755390625 0.485955544921875 0.131760603515625 0.48608283203125 0.122707921875 0.47561521875 0.128201228515625 0.4630863828125 0.121939271484375 0.459311580078125 0.126487646484375 0.41258917578125 0.124049486328125 0.4267924453125 0.1379051171875 0.4541659140625 0.144078931640625 0.4506065390625 0.154419259765625 0.461206365234375 0.171192900390625 0.479869869140625 0.173978701171875 0.466910177734375 0.156132841796875 0.47175719921875 0.149224599609375 0.488491693359375 0.162522083984375 0.503164966796875 0.16406430859375 0.502650892578125 0.168955400390625 0.48634725390625 0.167241818359375 0.483301955078125 0.1726910546875 0.488966619140625 0.181528306640625 0.483948240234375 0.190066912109375 0.5018822421875 0.1919518515625 0.516207876953125 0.165435171875 0.5232874765625 0.16865183203125 0.5177550234375 0.18208152734375 0.545211708984375 0.17178034765625 0.551992662109375 0.185680048828125 0.554093029296875 0.173538 0.547742931640625 0.171222203125 0.555806611328125 0.15723436328125 0.541177408203125 0.163114455078125 0.5414760546875 0.15243141015625 0.5537894609375 0.152901416015625 0.553574033203125 0.147109462890625 0.562455353515625 0.148867115234375 0.57000495703125 0.139770365234375 0.5788030625 0.15800301171875 0.571938890625 0.160578306640625 0.5708275234375 0.186835484375 0.579880203125 0.1869627734375 0.58163785546875 0.178081451171875 0.589231529296875 0.176407017578125 0.587003875 0.19760174609375 0.596786056640625 0.19862989453125 0.597642845703125 0.190478076171875 0.602964794921875 0.2025760546875 0.61652178125 0.199055828125 0.630725048828125 0.212911458984375 0.62368951953125 0.217117119140625 0.63166998046875 0.219604271484375 0.63377034765625 0.20746222265625 0.651146205078125 0.206815939453125 0.6526002890625 0.177298033203125 0.636296650390625 0.175584451171875 0.645481541015625 0.1979786875 0.62810568359375 0.19862497265625 0.625143603515625 0.187599212890625 0.634666287109375 0.17541309375 0.624325958984375 0.171853720703125 0.621882875 0.18725649609375 0.611973404296875 0.19528102734375 0.614289201171875 0.188930931640625 0.602318509765625 0.185200197265625 0.603689375 0.1721572890625 0.589358818359375 0.167354337890625 0.593089548828125 0.155383646484375 0.60325851953125 0.1605733828125 0.596222990234375 0.16477904296875 0.600041861328125 0.167652982421875 0.6079341796875 0.155295505859375 0.6329037109375 0.152974787109375 0.63586579296875 0.164000546875 0.628830263671875 0.168206205078125 0.63590986328125 0.171422861328125 0.64054145703125 0.15872266796875 0.7351025546875 0.168661439453125 0.738280064453125 0.18547915234375 0.76616760546875 0.18676187890625 0.773462634765625 0.195770486328125 0.79465736328125 0.197998142578125 0.800150669921875 0.2084657578125 0.82769549609375 0.2130092109375 0.83289015625 0.234159869140625 0.846319853515625 0.239692322265625 0.8783249140625 0.233165943359375 0.883299220703125 0.2172050234375 0.976572671875 0.223711708984375 0.983524986328125 0.235981046875 0.99068780078125 0.222722708984375 0.890677466796875 0.20973863671875 0.88522823046875 0.206693337890625 0.88990389453125 0.201415458984375 0.9797452578125 0.20920979296875 0.985581283203125 0.216416681640625 1 0.2152516015625 1 0.16179137890625
0 0.843754640625 0.569921740234375 0.8286505078125 0.55679561328125 0.82564435546875 0.538347537109375 0.838687267578125 0.53971840234375 0.829590517578125 0.532168798828125 0.844131580078125 0.511444072265625 0.849752173828125 0.5128590078125 0.8469223046875 0.524100197265625 0.856533126953125 0.526758708984375 0.858760783203125 0.50556398046875 0.852454755859375 0.5106705 0.84399937109375 0.489177126953125 0.851333544921875 0.474288421875 0.860430294921875 0.48183802734375 0.870339763671875 0.47381349609375 0.83785977734375 0.46133365234375 0.84373987109375 0.47596285546875 0.83254275390625 0.48055530078125 0.823960078125 0.468114607421875 0.8181289765625 0.492227345703125 0.8036270625 0.489054759765625 0.809159515625 0.475625064453125 0.79774696875 0.474425556640625 0.80092448046875 0.49124326953125 0.794403025390625 0.490557837890625 0.81328687890625 0.530455216796875 0.798359029296875 0.5470183515625 0.7926992890625 0.569500728515625 0.77734058203125 0.5744799609375 0.775411572265625 0.584991646484375 0.724522658203125 0.551620642578125 0.705824927734375 0.604051783203125 0.651293421875 0.597496103515625 0.6542897265625 0.553304923828125 0.668444001953125 0.528418611328125 0.67350153125 0.495982693359375 0.689545669921875 0.484482005859375 0.699925142578125 0.464144068359375 0.714941134765625 0.4624255625 0.734241078125 0.41994796484375 0.7456095546875 0.41372515625 0.749986568359375 0.419130322265625 0.75388866015625 0.405529267578125 0.783489783203125 0.39050835546875 0.80244701171875 0.351291482421875 0.84311796484375 0.3407308046875 0.8501485703125 0.305205517578125 0.843583044921875 0.29709776953125 0.839852314453125 0.3090684609375 0.831186421875 0.31310276171875 0.834104431640625 0.316706205078125 0.80677503515625 0.317954705078125 0.796136060546875 0.325078375 0.783568078125 0.34271373046875 0.744444271484375 0.369920763671875 0.72432668359375 0.396652869140625 0.69828493359375 0.401333455078125 0.69832900390625 0.40875576953125 0.710471052734375 0.410856138671875 0.695455064453125 0.412574642578125 0.69408419921875 0.425617552734375 0.676581052734375 0.435316517578125 0.67250760546875 0.450547935546875 0.658392474609375 0.451536939453125 0.65436309765625 0.474190671875 0.639518466796875 0.474278814453125 0.6381476015625 0.487321724609375 0.62986849609375 0.495517611328125 0.60704340234375 0.49311859765625 0.601124162109375 0.50238670703125 0.585378669921875 0.503204349609375 0.588213462890625 0.5232827890625 0.5807079296875 0.53980185546875 0.58220608203125 0.517706265625 0.576154630859375 0.50470742578125 0.566029732421875 0.50694000390625 0.556335689453125 0.520756486328125 0.527591357421875 0.52762558203125 0.51395115625 0.547620802734375 0.470616765625 0.536472677734375 0.46800724609375 0.584825447265625 0.46114307421875 0.587400744140625 0.440898201171875 0.623185529296875 0.430601943359375 0.62704846875 0.440344978515625 0.6519739296875 0.468403880859375 0.65162629296875 0.480971861328125 0.6339909375 0.49014690625 0.593745916015625 0.502029458984375 0.582632015625 0.510910779296875 0.58438966796875 0.51705037109375 0.612233140625 0.54588284375 0.62020867578125 0.578871982421875 0.59647780078125 0.580497423828125 0.56532953125 0.567625873046875 0.562328302734375 0.573887828125 0.549799466796875 0.580409283203125 0.550484900390625 0.579939279296875 0.562798306640625 0.5944411953125 0.565970892578125 0.598940576171875 0.53100375 0.606705607421875 0.527698955078125 0.61455878125 0.539238787109375 0.612331126953125 0.560433517578125 0.604267447265625 0.574421357421875 0.590710462890625 0.577941583984375 0.59260032421875 0.5913272109375 0.585564794921875 0.595532869140625 0.607058169921875 0.587077482421875 0.634945712890625 0.58836020703125 0.643312958984375 0.59500894921875 0.640184443359375 0.6169331796875 0.65408414453125 0.6101522265625 0.659920166015625 0.617359115234375 0.676953306640625 0.619973556640625 0.674387859375 0.675748640625 0.665207890625 0.684674033203125 0.66229480078125 0.712390216796875 0.67010390625 0.716507736328125 0.696317013671875 0.71019678515625 0.71579323828125 0.697408451171875 0.730637869140625 0.6973203125 0.73943105078125 0.684233330078125 0.75856455859375 0.67470572265625 0.780523015625 0.62261730078125 0.79729665625 0.612017474609375 0.8098254921875 0.618279431640625 0.8267704921875 0.606049240234375 0.83517688671875 0.588800673828125 0.841698341796875 0.58948610546875 0.843754640625 0.569921740234375
0 0.9502020234375 1 0.97568300390625 0.75756465234375 0.941860578125 0.750015634765625 0.937747982421875 0.7891443671875 0.9456452265625 0.808106517578125 0.943074853515625 0.83256197265625 0.927035638671875 0.875382287109375 0.913948658203125 0.86658910546875 0.90914570703125 0.8809196640625 0.86838661328125 0.8766357109375 0.837962923828125 0.844591501953125 0.850227337890625 0.8063195625 0.833830634765625 0.75844172265625 0.83699830078125 0.712620177734375 0.824640822265625 0.704727857421875 0.82892969921875 0.695288392578125 0.837252876953125 0.694514818359375 0.823651822265625 0.690612728515625 0.825923548828125 0.67684031640625 0.81884394921875 0.673623658203125 0.809967548828125 0.703185634765625 0.796410564453125 0.706705861328125 0.78637873046875 0.75510269921875 0.77693926171875 0.750813822265625 0.785174298828125 0.735195619140625 0.777492484375 0.722025419921875 0.771015099609375 0.7287623046875 0.77127459765625 0.741976572265625 0.76144834765625 0.733526107421875 0.754799603515625 0.741893353515625 0.751284298828125 0.759655998046875 0.75660624609375 0.7717539765625 0.761884125 0.776429640625 0.76814608203125 0.7639008046875 0.77368345703125 0.781790734375 0.741634328125 0.780894796875 0.736615947265625 0.78943340234375 0.7361949375 0.840488751953125 0.74602119140625 0.848939216796875 0.761247685546875 0.8216930390625 0.78196748828125 0.804914474609375 0.804963939453125 0.805683125 0.817321416015625 0.8135754453125 0.827064453125 0.838500904296875 0.820890634765625 0.865874373046875 0.829130595703125 0.881575794921875 0.825742578125 0.8902857578125 0.811970166015625 0.888014033203125 0.815064458984375 0.921306740234375 0.8036568359375 0.951426861328125 0.790398498046875 0.94426404296875 0.779118162109375 0.965331484375 0.770065482421875 0.965204197265625 0.761615017578125 0.97503044921875 0.757887947265625 1 0.9502020234375 1
0 0.643750466796875 1 0.65495594140625 0.970413625 0.633325431640625 0.9252824375 0.63623851953125 0.89756625390625 0.628512634765625 0.876973740234375 0.644209134765625 0.83741415234375 0.65755069140625 0.828101974609375 0.67531333203125 0.83161727734375 0.685394162109375 0.8219623828125 0.699803013671875 0.778970708984375 0.69684093359375 0.76794494921875 0.687832322265625 0.775239978515625 0.6758616328125 0.77150924609375 0.6827258046875 0.768933951171875 0.67508805859375 0.7631860703125 0.67628756640625 0.7517735234375 0.6611834375 0.73864739453125 0.660365791015625 0.72290190234375 0.638485630859375 0.727195703125 0.582965123046875 0.706524892578125 0.570524427734375 0.715107568359375 0.535385927734375 0.71223855078125 0.54371402734375 0.74278460546875 0.5216674296875 0.780028396484375 0.480311044921875 0.79711053125 0.44333659765625 0.85091745703125 0.45479321484375 0.859539279296875 0.475987943359375 0.861766935546875 0.49328058203125 0.877595646484375 0.48899662890625 0.918354740234375 0.42475042578125 0.99484508984375 0.4737961171875 1 0.643750466796875 1
0 0 0.9502020234375 0.2993227578125 0.981662111328125 0.29293196875 0.948847115234375 0.300222072265625 0.926536095703125 0.290738537109375 0.91482490625 0.262292849609375 0.911010955078125 0.26696851171875 0.905733076171875 0.277308837890625 0.909292451171875 0.280050568359375 0.883206630859375 0.26464779296875 0.880763546875 0.259115337890625 0.894193244140625 0.2482609375 0.8955249609375 0.245773783203125 0.903505419921875 0.23955097265625 0.8921369453125 0.24177862890625 0.870942216796875 0.260696708984375 0.855622658203125 0.281720080078125 0.859480677734375 0.28759525 0.842790251953125 0.324486478515625 0.805458322265625 0.31753416796875 0.793188984375 0.319761822265625 0.771994255859375 0.341548919921875 0.721536197265625 0.360765646484375 0.69553359375 0.3819163046875 0.69033893359375 0.386121962890625 0.697374462890625 0.39371563671875 0.695700029296875 0.387659265625 0.6513815625 0.371272408203125 0.6661429765625 0.355140130859375 0.662799029296875 0.331286888671875 0.67018219921875 0.326141220703125 0.687773484375 0.3049464921875 0.685545830078125 0.30585227734375 0.716135955078125 0.287751837890625 0.747201005859375 0.2760406484375 0.75668454296875 0.228505521484375 0.769820515625 0.170507705078125 0.819769421875 0.152402345703125 0.81951484765625 0.135672775390625 0.837536990234375 0.11138867578125 0.83333625390625 0.100142564453125 0.79918675390625 0.090017666015625 0.801419333984375 0.0696797265625 0.791039861328125 0.04745192578125 0.7672747578125 0 0.777008703125 0 0.9502020234375
0 0.370371076171875 0.117963810546875 0.35024856640625 0.1133762890625 0.177219501953125 0.120740001953125 0.22106796484375 0.12699703515625 0.34415796875 0.12427476171875 0.370371076171875 0.117963810546875
0 0.427668927734375 0.25503180859375 0.414156013671875 0.2659743515625 0.412442431640625 0.28227798828125 0.4171621640625 0.284422427734375 0.43483666796875 0.27309309765625 0.427668927734375 0.25503180859375
0 0.69813303125 0.25378799609375 0.69105835546875 0.281890966796875 0.7050461953125 0.28995464453125 0.720791689453125 0.289137001953125 0.72383698828125 0.283687765625 0.713751236328125 0.262023033203125 0.70053696875 0.26228253125 0.69813303125 0.25378799609375
0 0.47207061328125 0.232500439453125 0.500129513671875 0.232152798828125 0.456535625 0.20779040625 0.468290888671875 0.2057291875 0.469789041015625 0.183633595703125 0.43426375390625 0.176602990234375 0.410968658203125 0.186517384765625 0.40976915234375 0.1979299296875 0.41869454296875 0.2071098984375 0.403463125 0.20303644921875 0.403722623046875 0.216250716796875 0.439761984375 0.218390232421875 0.47207061328125 0.232500439453125
0 0.619283203125 0.29824851953125 0.621128994140625 0.304211830078125 0.616066544921875 0.305328119140625 0.622587998046875 0.306013552734375 0.626147373046875 0.295673224609375 0.665143892578125 0.277518873046875 0.633692052734375 0.25525684765625 0.6154153359375 0.256632634765625 0.584007568359375 0.241792927734375 0.580790912109375 0.24887252734375 0.588428654296875 0.25462040625 0.592037021484375 0.283022025390625 0.576120171875 0.285470033203125 0.576335599609375 0.291261984375 0.589251220703125 0.301685529296875 0.619283203125 0.29824851953125
0 0.116617087890625 0.250361306640625 0.13198071875 0.276701701171875 0.1817092734375 0.2975879375 0.21294076171875 0.2827383828125 0.22134715625 0.265489814453125 0.213493982421875 0.25394998046875 0.192127896484375 0.2533526875 0.14115576171875 0.236456681640625 0.094046572265625 0.229856931640625 0.0681761796875 0.232907154296875 0.06860703515625 0.24449105859375 0.08787275390625 0.2572303984375 0.097483580078125 0.259888912109375 0.10160109765625 0.25207980859375 0.116617087890625 0.250361306640625