1 0.9326171875 0.0830078125 0.0751953125 0.0888671875
1 0.236328125 0.646484375 0.345703125 0.271484375
1 0.625 0.28515625 0.087890625 0.1123046875
1 0.3525390625 0.3896484375 0.1435546875 0.111328125
1 0.8466796875 0.0771484375 0.080078125 0.0732421875
1 0.521484375 0.4365234375 0.146484375 0.158203125
1 0.3994140625 0.509765625 0.1142578125 0.0986328125
1 0.6611328125 0.046875 0.0888671875 0.0625
0 1 0.52578125 0.99296875 0.534375 0.97421875 0.540625 0.92578125 0.540625 0.8859375 0.50859375 0.88125 0.45078125 0.8671875 0.41171875 0.8703125 0.38359375 0.86796875 0.3765625 0.853125 0.38203125 0.84296875 0.3296875 0.8375 0.34609375 0.815625 0.35859375 0.8140625 0.37578125 0.83125 0.43046875 0.83828125 0.43125 0.8546875 0.45078125 0.859375 0.46796875 0.85854508984375 0.481698107421875 0.85791269921875 0.470107447265625 0.8046875 0.55859375 0.8 0.58515625 0.789897109375 0.576738033203125 0.759375 0.48671875 0.753125 0.44296875 0.753125 0.37734375 0.78125 0.33984375 0.7765625 0.32578125 0.78125 0.31328125 0.7703125 0.29453125 0.7703125 0.26953125 0.7765625 0.25546875 0.79609375 0.2359375 0.83203125 0.2421875 0.85703125 0.2296875 0.8671875 0.19296875 0.87890625 0.184375 0.90546875 0.18125 0.921875 0.21484375 0.915625 0.28828125 0.8953125 0.29921875 0.8703125 0.34921875 0.87734375 0.359375 0.88984375 0.359375 0.91015625 0.3484375 0.92265625 0.3546875 0.9265625 0.33046875 0.9421875 0.30859375 0.940625 0.27734375 0.95625 0.21640625 0.9578125 0.18671875 0.96640625 0.1734375 1 0.16484375 0.99921875 0.1234375 0.91796875 0.1234375 0.90703125 0.1171875 0.703125 0.09453125 0.675 0.13828125 0.73359375 0.1546875 0.740625 0.18203125 0.7359375 0.19765625 0.7234375 0.20859375 0.71875 0.24765625 0.7046875 0.26015625 0.70234375 0.2703125 0.6890625 0.27578125 0.6734375 0.29765625 0.671875 0.31015625 0.659375 0.32109375 0.6515625 0.34453125 0.6578125 0.38828125 0.653125 0.41640625 0.65625 0.45234375 0.625 0.49609375 0.6078125 0.51015625 0.59375 0.55390625 0.55703125 0.5890625 0.5484375 0.58828125 0.53046875 0.5546875 0.51484375 0.5578125 0.49765625 0.5484375 0.48671875 0.55 0.48359375 0.5421875 0.478125 0.54296875 0.4828125 0.55859375 0.47734375 0.5671875 0.4671875 0.56640625 0.46328125 0.546875 0.44140625 0.5484375 0.42109375 0.5625 0.378125 0.55859375 0.3875 0.56796875 0.3921875 0.59453125 0.41484375 0.596875 0.425 0.60546875 0.4296875 0.64453125 0.41484375 0.6578125 0.39296875 0.6625 0.38125 0.63828125 0.37421875 0.6359375 0.340625 0.68359375 0.34140625 0.69375 0.34609375 0.6859375 0.38828125 0.6640625 0.39609375 0.6640625 0.41328125 0.68125 0.45703125 0.66875 0.4625 0.66015625 0.4578125 0.65546875 0.478125 0.63359375 0.4796875 0.59921875 0.4953125 0.57734375 0.48828125 0.5640625 0.5015625 0.56640625 0.503125 0.59609375 0.4765625 0.63671875 0.4640625 0.66796875 0.48125 0.70703125 0.48125 0.73359375 0.45546875 0.753125 0.44296875 0.771875 0.42421875 0.775 0.4171875 0.78203125 0.4264296015625 0.7883003046875 0.41431670703125 0.7851135390625 0.40078125 0.840625 0.38828125 0.821875 0.3765625 0.83046875 0.3703125 0.85390625 0.37265625 0.8984375 0.35234375 0.8796875 0.3328125 0.88515625 0.325 0.82890625 0.31015625 0.80625 0.29453125 0.803125 0.27578125 0.8203125 0.26875 0.81953125 0.2640625 0.78046875 0.2890625 0.73828125 0.25703125 0.725 0.2421875 0.73515625 0.21328125 0.771875 0.15859375 0.765625 0.13515625 0.753125 0.09453125 0.7515625 0.1015625 0.75703125 0.0765625 0.76796875 0.0765625 0.79921875 0.03515625 0.84375 0 0.85703125 0 0.93671875 0.0453125 0.96796875 0.05859375 1 0.07578125 1 0.10546875 0.978125 0.13515625 0.975 0.15859375 0.959375 0.17734375 0.9546875 0.22578125 0.9640625 0.24921875 0.99375 0.26796875 0.99375 0.27421875 0.9859375 0.27109375 1 1 0.99921875 1 0.52578125
0 0.471875 0.36171875 0.4703125 0.37265625 0.421875 0.44140625 0.415625 0.46015625 0.43515625 0.4765625 0.4453125 0.47734375 0.4921875 0.38515625 0.4921875 0.37109375 0.48203125 0.3609375 0.471875 0.36171875
0 0.28359375 0.4640625 0.30234375 0.4890625 0.31796875 0.4859375 0.34296875 0.4953125 0.36171875 0.4734375 0.37890625 0.465625 0.390625 0.44765625 0.37734375 0.40625 0.35234375 0.43125 0.31328125 0.43125 0.29453125 0.4234375 0.28359375 0.4046875 0.2484375 0.43828125 0.215625 0.47421875 0.2140625 0.49765625 0.2046875 0.51015625 0.2640625 0.52734375 0.2671875 0.52109375 0.2578125 0.48828125 0.2640625 0.46484375 0.28359375 0.4640625
0 0.06875 0.50703125 0.06328125 0.4890625 0.00078125 0.478125 0.0125 0.50078125 0.0125 0.51796875 0.0265625 0.53359375 0.028125 0.56171875 0.0421875 0.57890625 0.046875 0.61328125 0.053125 0.61484375 0.090625 0.57890625 0.090625 0.55234375 0.059375 0.52578125 0.06875 0.50703125
0 0 0.73046875 0.02109375 0.73125 0.03359375 0.7171875 0.04765625 0.715625 0.059375 0.72890625 0.071875 0.76015625 0.08125 0.76328125 0.11953125 0.7546875 0.125 0.74609375 0.1078125 0.73515625 0.109375 0.70703125 0.0875 0.69453125 0.096875 0.67578125 0.06875 0.66328125 0.0609375 0.63046875 0.04921875 0.6265625 0 0.67734375 0 0.73046875
0 0 0.35546875 0.0109375 0.35546875 0.05 0.31953125 0.0546875 0.28203125 0.0953125 0.25546875 0.1 0.21953125 0.09609375 0.190625 0.07421875 0.2 0.04921875 0.2015625 0.03671875 0.221875 0.00859375 0.225 0 0.23203125 0 0.35546875
0 0.22734375 0.0546875 0.228125 0.09921875 0.25546875 0.109375 0.27109375 0.1390625 0.2875 0.13828125 0.3109375 0.11640625 0.2984375 0.08671875 0.2984375 0.05859375 0.22734375 0.0546875
0 0.41640625 0.034375 0.42890625 0.034375 0.4375 0.04296875 0.4359375 0.06015625 0.44765625 0.05625 0.459375 0.04140625 0.4625 0.01640625 0.4734375 0.00078125 0.41796875 0 0.39609375 0.0140625 0.36796875 0.01875 0.35859375 0.028125 0.33203125 0.0359375 0.321875 0.05546875 0.3390625 0.06953125 0.3515625 0.09765625 0.365625 0.10234375 0.41015625 0.0984375 0.415625 0.06328125 0.409375 0.04140625 0.41640625 0.034375
0 0.178125 0.03671875 0.221875 0.09140625 0.215625 0.00390625 0.18046875 0 0.184375 0.01640625 0.178125 0.03671875
0 0.30078125 0 0.3140625 0.00546875 0.3046875 0.01328125 0.309375 0.02890625 0.31796875 0.028125 0.31796875 0.021875 0.325 0.02734375 0.32265625 0.0328125 0.33125 0.03359375 0.36328125 0.01875 0.39453125 0.0140625 0.4125 0.00078125 0.30078125 0