1 0.123046875 0.513671875 0.146484375 0.1328125
1 0.328125 0.958984375 0.11328125 0.068359375
1 0.4521484375 0.779296875 0.064453125 0.07421875
1 0.75 0.5380859375 0.080078125 0.125
1 0.34765625 0.50390625 0.443359375 0.43359375
1 0.4384765625 0.9677734375 0.07421875 0.0625
1 0.4736328125 0.7392578125 0.048828125 0.064453125
1 0.2412109375 0.7890625 0.052734375 0.0703125
1 0.10546875 0.83984375 0.09375 0.099609375
1 0.1640625 0.88671875 0.072265625 0.091796875
1 0.0517578125 0.6884765625 0.056640625 0.05859375
1 0.943359375 0.6552734375 0.05859375 0.041015625
1 0.982421875 0.611328125 0.02734375 0.056640625
1 0.9326171875 0.8330078125 0.103515625 0.064453125
1 0.9140625 0.9736328125 0.05078125 0.052734375
1 0.0478515625 0.7939453125 0.05078125 0.068359375
0 1 0.213595529296875 0.979966353515625 0.222333466796875 0.959915599609375 0.210959224609375 0.9319223203125 0.2198155859375 0.929490716796875 0.24979814453125 0.917393431640625 0.2672301484375 0.892648373046875 0.263352458984375 0.89146841015625 0.23662176953125 0.857510943359375 0.22795984765625 0.84956476953125 0.231844833984375 0.844240994140625 0.25135239453125 0.824193888671875 0.256323767578125 0.818060794921875 0.2912740546875 0.811557056640625 0.284050921875 0.799366201171875 0.286853169921875 0.777247189453125 0.31494366796875 0.757286359375 0.301853568359375 0.740670970703125 0.307004791015625 0.714400845703125 0.34864230859375 0.711785744140625 0.365710966796875 0.6883105703125 0.386848109375 0.68994015234375 0.4049995078125 0.7085448203125 0.41113625 0.71486870703125 0.42179109765625 0.745664234375 0.42512559375 0.780528240234375 0.449320162109375 0.811323765625 0.452654658203125 0.8449215390625 0.46818001171875 0.8554864609375 0.463571982421875 0.86442909765625 0.473503787109375 0.862447115234375 0.4949070546875 0.8702134375 0.494453783203125 0.8771595 0.460406392578125 0.889983474609375 0.461938751953125 0.902444103515625 0.453988931640625 0.9155415 0.466719333984375 0.930261181640625 0.464909904296875 0.92566044921875 0.487036212890625 0.944175193359375 0.4948888125 0.938308224609375 0.508345908203125 0.945984625 0.509608494140625 0.948966720703125 0.51836763671875 0.9866256796875 0.522061830078125 0.999172583984375 0.496050533203125 1 0.496018828125 1 0.213595529296875
0 0.054187927734375 0.454268556640625 0.06963065234375 0.455077875 0.074418529296875 0.462211080078125 0.100606025390625 0.454980654296875 0.117217765625 0.43348381640625 0.12462804296875 0.456239595703125 0.13636562890625 0.4456710234375 0.126789873046875 0.431404611328125 0.132656841796875 0.417947517578125 0.140603015625 0.414062533203125 0.14205275 0.435645646484375 0.151624857421875 0.433566443359375 0.184941912109375 0.4052025234375 0.1897224921875 0.37964449609375 0.224215859375 0.361665650390625 0.23342462109375 0.350104263671875 0.2429068046875 0.349740919921875 0.22384521875 0.319492234375 0.226913587890625 0.310189900390625 0.242356314453125 0.310999220703125 0.265209314453125 0.334564318359375 0.278842607421875 0.320653955078125 0.278205841796875 0.299973732421875 0.284526080078125 0.294282962890625 0.300691849609375 0.29771103125 0.29833922265625 0.2769408828125 0.31115590234375 0.245782013671875 0.338789484375 0.2437890859375 0.355760923828125 0.2154288125 0.367682005859375 0.217774140625 0.37897362109375 0.232130478515625 0.403085560546875 0.231673560546875 0.41436623046875 0.196993048828125 0.427639826171875 0.189946119140625 0.447694228515625 0.2176659765625 0.44688491015625 0.233108701171875 0.43406458203125 0.247921955078125 0.44309714453125 0.25613790234375 0.46160823828125 0.24764488671875 0.4662916015625 0.191111486328125 0.48137098046875 0.182438623046875 0.49402969921875 0.2527851640625 0.4897886640625 0.268048041015625 0.48093959765625 0.272745994140625 0.481853435546875 0.320969876953125 0.47427060546875 0.334337044921875 0.449075927734375 0.339038646484375 0.41331267578125 0.332002662109375 0.406992435546875 0.3376934296875 0.433003732421875 0.3502403359375 0.445104662109375 0.34915394921875 0.4767168046875 0.369736953125 0.49865596875 0.34507816796875 0.509134615234375 0.35853161328125 0.5098613046875 0.377495978515625 0.52377166796875 0.391129275390625 0.559085298828125 0.40674455078125 0.578679134765625 0.394006853515625 0.590690142578125 0.39463632421875 0.608489140625 0.43256140625 0.61507915234375 0.4217230625 0.6169785078125 0.43472688671875 0.622939048828125 0.435899548828125 0.6245613359375 0.421359716796875 0.616161892578125 0.41747837890625 0.616701439453125 0.407183228515625 0.624647611328125 0.4032982421875 0.632507509765625 0.41747473046875 0.642169541015625 0.41367966796875 0.642888935546875 0.39995280078125 0.6283491015625 0.398330517578125 0.61299265234375 0.37945972265625 0.612895431640625 0.348484349609375 0.622373966796875 0.33177538671875 0.65271257421875 0.310997943359375 0.6671515390625 0.26529923828125 0.65613334765625 0.262140943359375 0.63555034375 0.29375308203125 0.618661533203125 0.287706265625 0.610618140625 0.260615876953125 0.61838081640625 0.243816990234375 0.630751521484375 0.237583029296875 0.631201142578125 0.22900373828125 0.642489109375 0.227014458984375 0.65540665625 0.243176578125 0.67309748828125 0.201089439453125 0.691432384765625 0.212373755859375 0.72077817578125 0.19412513671875 0.718148482421875 0.145811330078125 0.733767408203125 0.126843318359375 0.757070029296875 0.141829123046875 0.7691673125 0.12439712109375 0.770260998046875 0.16918928515625 0.7589839765625 0.220215412109375 0.76349843359375 0.216150578125 0.768016537109375 0.228431359375 0.84150678515625 0.139371982421875 0.864086361328125 0.151739041015625 0.854884896484375 0.195991658203125 0.860665591796875 0.2005960390625 0.876378087890625 0.19625778515625 0.887029287109375 0.173588279296875 0.91411602734375 0.149199271484375 0.899122923828125 0.13981066015625 0.901378328125 0.129605435546875 0.916098009765625 0.12779600390625 0.92286787109375 0.113525943359375 0.903450236328125 0.10648630859375 0.887378041015625 0.117688 0.872205087890625 0.11173110546875 0.86552515234375 0.12428530859375 0.850535697265625 0.131242314453125 0.83129791015625 0.120770962890625 0.833279892578125 0.0993676953125 0.78298045703125 0.107055041015625 0.7723183125 0.0806876953125 0.748386220703125 0.077712896484375 0.751915158203125 0.108868119140625 0.73547596875 0.094242009765625 0.726087359375 0.10923511328125 0.7140763515625 0.108605642578125 0.6995401640625 0.12332897265625 0.6701907265625 0.1252319765625 0.659348732421875 0.10229634765625 0.64011459375 0.10817061328125 0.623405634765625 0.098692080078125 0.590534552734375 0.102131091796875 0.5706636484375 0.0873251328125 0.549533802734375 0.09654119140625 0.540771013671875 0.083177669921875 0.541580333984375 0.0677349453125 0.560904396484375 0.0601448203125 0.5448285546875 0.05500089453125 0.53300104296875 0.06728532421875 0.530116166015625 0.089501556640625 0.518108806640625 0.105217703125 0.47079146484375 0.1216641875 0.46934537890625 0.1164266875 0.45643148046875 0.11661018359375 0.454266 0.125099552734375 0.476575806640625 0.14261418359375 0.44460396875 0.128894615234375 0.398006021484375 0.131614232421875 0.37100920703125 0.1542873828125 0.329558833984375 0.1572767734375 0.322065931640625 0.1689280859375 0.313666486328125 0.165046748046875 0.300756236328125 0.181575861328125 0.264992984375 0.174539873046875 0.262010890625 0.165780734375 0.218664810546875 0.17211191796875 0.210269015625 0.184576197265625 0.223816033203125 0.188727306640625 0.22481249609375 0.20254409765625 0.21371532421875 0.250138509765625 0.2314171015625 0.25708821875 0.233406380859375 0.26837618359375 0.21589175 0.290685990234375 0.201985033203125 0.293398310546875 0.190603494140625 0.280757833984375 0.129918984375 0.289621490234375 0.098943611328125 0.2897187109375 0.088105267578125 0.28312869921875 0.089544056640625 0.25567496484375 0.1014614921875 0.241674677734375 0.146613353515625 0.233717560546875 0.1558221171875 0.222156173828125 0.1810204453125 0.233800189453125 0.185980875 0.2048104453125 0.182279384765625 0.209778171875 0.136220984375 0.202202640625 0.114087376953125 0.16491067578125 0.09602955078125 0.181170015625 0.066582890625 0.152097646484375 0.02811461328125 0.16384617578125 0.01713688671875 0.15991574609375 0.003664998046875 0.41697471484375 0.004510666015625 0.41725366015625 0.02366217578125 0.445786486328125 0.03467671875 0.4325991640625 0.045061794921875 0.4314228515625 0.05409435546875 0.439638798828125 0.054187927734375 0.454268556640625
0 0 0.745520275390625 0.001061984375 0.7457019921875 0.00611598828125 0.731342005859375 0.027425681640625 0.718694232421875 0.0238068203125 0.6892548671875 0.046648875 0.6637831171875 0.065703166015625 0.661340568359375 0.07663143359375 0.66621472265625 0.08187258203125 0.68111425390625 0.1007470234375 0.682103419921875 0.1062506484375 0.65916414453125 0.11636230078125 0.646789791015625 0.130358939453125 0.642361611328125 0.147974439453125 0.667372794921875 0.179582931640625 0.671610181640625 0.190068876953125 0.717754859375 0.197561779296875 0.706103548828125 0.22501551171875 0.707542337890625 0.239656212890625 0.75648561328125 0.26015658984375 0.759280564453125 0.264487548828125 0.742301830078125 0.279840349609375 0.7448270078125 0.2945636796875 0.75936319140625 0.3115424140625 0.76369415234375 0.31597059375 0.777690791015625 0.336381044921875 0.7822016015625 0.35398925 0.77452155078125 0.36293188671875 0.78445335546875 0.363568654296875 0.805133580078125 0.3742271484375 0.81515530859375 0.410440021484375 0.81361200390625 0.4207388203125 0.8304971640625 0.42300151953125 0.852983171875 0.4360089921875 0.86742943359375 0.43556666796875 0.90869995703125 0.442160326171875 0.914207228515625 0.449383458984375 0.9077034921875 0.46625037890625 0.81567661328125 0.433375650390625 0.802770009765625 0.417839353515625 0.78733093359375 0.416752966796875 0.775230001953125 0.40383541796875 0.7590678828125 0.4033785 0.73495594140625 0.413490154296875 0.722581587890625 0.437875515625 0.7333227109375 0.446987056640625 0.690785951171875 0.4659477734375 0.67371364453125 0.480037984375 0.68391522265625 0.479951708984375 0.7019766953125 0.497380064453125 0.697728365234375 0.522398544921875 0.71280409765625 0.5227582421875 0.705940662109375 0.53928370703125 0.702505298828125 0.533319517578125 0.684987017578125 0.54270812890625 0.6699939140625 0.54162173828125 0.657892982421875 0.523830037109375 0.6526591328125 0.5188586640625 0.632612025390625 0.53592367578125 0.61888151171875 0.55452834375 0.62501825390625 0.564370224609375 0.617791474609375 0.546215177734375 0.60307544140625 0.554877095703125 0.56911797265625 0.565442017578125 0.564509943359375 0.557222423828125 0.55719688671875 0.56371886328125 0.531728787109375 0.5600137265625 0.520350896484375 0.5337363046875 0.529297181640625 0.51369649609375 0.5669597890625 0.495095474609375 0.577168662109375 0.485793140625 0.5741002890625 0.476573435546875 0.536624828125 0.463299837890625 0.543671759765625 0.44262691015625 0.576999755859375 0.421317216796875 0.58964753125 0.40804726953125 0.613040076171875 0.4097667734375 0.629475619140625 0.428551291015625 0.63218064453125 0.43740400390625 0.643828306640625 0.438220619140625 0.661076814453125 0.428742083984375 0.67778577734375 0.387842201171875 0.719516865234375 0.379442759765625 0.71563552734375 0.363370564453125 0.726837216796875 0.353075416015625 0.726297671875 0.349557421875 0.744179296875 0.338089607421875 0.74960029296875 0.32571525390625 0.739488638671875 0.3278770859375 0.71465365625 0.31938771875 0.71248817578125 0.30115004296875 0.732179232421875 0.284351158203125 0.724416556640625 0.276401337890625 0.71195592578125 0.25779666796875 0.70581918359375 0.246864751953125 0.6845994140625 0.2014358203125 0.665012873046875 0.205403435546875 0.63855195703125 0.1814676953125 0.619231541015625 0.16358971875 0.6320591640625 0.151578708984375 0.631429693359375 0.142815919921875 0.618066171875 0.152834001953125 0.5910620625 0.1492187890625 0.577968314453125 0.13215012890625 0.575353212890625 0.1284522890625 0.5966665546875 0.116984474609375 0.60208755078125 0.105775490234375 0.553324125 0.0473390859375 0.519291322265625 0.032439556640625 0.524532470703125 0.02983175 0.574292359375 0.0128603125 0.6026526328125 0.02794333984375 0.610325384765625 0.03652992578125 0.643466240234375 0.024432642578125 0.6608982421875 0.00140708984375 0.67345609375 0 0.673661615234375 0 0.745520275390625
0 0.310392732421875 0.063361486328125 0.326288724609375 0.071937130859375 0.329634166015625 0.090178453125 0.34462362109375 0.083221447265625 0.35283591796875 0.05784326953125 0.36701240625 0.04998337109375 0.350479646484375 0.02072750390625 0.329529650390625 0.02651184765625 0.299453517578125 0.009450484375 0.287352587890625 0.01053687109375 0.2692048359375 0.0285120703125 0.20698431640625 0.033854083984375 0.17664570703125 0.05463153125 0.1316736953125 0.059156931640625 0.09528462109375 0.0804775703125 0.09320906640625 0.087251078125 0.131055169921875 0.1202047890625 0.1239219609375 0.124992666015625 0.135932970703125 0.12562213671875 0.154084369140625 0.123992552734375 0.161397423828125 0.115772958984375 0.190387166015625 0.120733388671875 0.202667947265625 0.11621528515625 0.23607492578125 0.0861355078125 0.2349885390625 0.07403457421875 0.248438333984375 0.0472103125 0.260085998046875 0.038357599609375 0.282212306640625 0.04295833203125 0.298471646484375 0.061016158203125 0.305784703125 0.0527965625 0.310392732421875 0.063361486328125
0 0.974482283203125 1 0.97577386328125 0.975355169921875 0.95069115234375 0.96150505078125 0.947068642578125 0.915720072265625 0.934518087890625 0.925385751953125 0.892344673828125 0.92575639453125 0.88892025390625 0.958267775390625 0.894434822265625 0.984365349609375 0.8882966640625 1 0.897960611328125 1 0.906438533203125 0.9523035859375 0.933349072265625 0.94769191015625 0.92856484375 0.956904318359375 0.933163044921875 1 0.933918951171875 1 0.942752275390625 0.998081271484375 0.94345817578125 1 0.974482283203125 1
0 0.768760333984375 1 0.766831837890625 0.98972195703125 0.7489502109375 0.98620396484375 0.729349078125 0.966250431640625 0.7102947890625 0.96869298046875 0.68527630859375 0.953617248046875 0.6681177265625 0.952718005859375 0.664599732421875 0.9705996328125 0.653765037109375 0.980355234375 0.65430823046875 0.986405701171875 0.66370048828125 0.987758212890625 0.664414962890625 1 0.768760333984375 1
0 0.5162010625 0.86388955078125 0.492819462890625 0.89965644921875 0.49355344921875 0.951312048828125 0.51106443359375 0.912656626953125 0.5395972578125 0.893505115234375 0.53417626171875 0.882037302734375 0.518280267578125 0.873461658203125 0.5162010625 0.86388955078125
0 0.651847443359375 0.885623330078125 0.679114029296875 0.85780260546875 0.637832560546875 0.8083234296875 0.62600140234375 0.804262244140625 0.59909451171875 0.825219537109375 0.557097296875 0.805812845703125 0.550679837890625 0.780528240234375 0.538668830078125 0.77989876953125 0.536417072265625 0.806449611328125 0.577874740234375 0.836151453125 0.615084078125 0.8484249375 0.632699580078125 0.87343612109375 0.651847443359375 0.885623330078125
0 0.635116591796875 0.778071099609375 0.6524477265625 0.742847392578125 0.6520843828125 0.7333652109375 0.63853736328125 0.729214099609375 0.623098287109375 0.744750396484375 0.625271064453125 0.768952263671875 0.635116591796875 0.778071099609375
0 0.918987810546875 0.5322816484375 0.90480402734375 0.507450310546875 0.88610943359375 0.503029427734375 0.87120990234375 0.50827057421875 0.87311290625 0.537620013671875 0.862371783203125 0.562005376953125 0.84810172265625 0.555235515625 0.845115978515625 0.530130759765625 0.82886028515625 0.528418548828125 0.831939603515625 0.5681530625 0.808018455078125 0.61421511328125 0.79663691796875 0.6015746328125 0.790769947265625 0.615031728515625 0.79636349609375 0.590376591796875 0.785705 0.58035486328125 0.77848187109375 0.5868586015625 0.774506958984375 0.58062828515625 0.767201201171875 0.621539111328125 0.745711658203125 0.637618603515625 0.759801869140625 0.647820181640625 0.7693739765625 0.6457409765625 0.77180923046875 0.632104033203125 0.779845328125 0.62650319140625 0.8035975703125 0.632909705078125 0.820939650390625 0.64672284765625 0.8197706328125 0.669029005859375 0.835033509765625 0.673270041015625 0.83747605859375 0.692324330078125 0.82023119921875 0.7094865625 0.813360470703125 0.6764356328125 0.788529134765625 0.69061941796875 0.77859368359375 0.6832164375 0.769021576171875 0.685295642578125 0.766676248046875 0.6972167265625 0.774626068359375 0.70967735546875 0.802896416015625 0.72836465234375 0.784209119140625 0.756635 0.779518462890625 0.78047716796875 0.76877369140625 0.788516912109375 0.779522109375 0.796822783203125 0.80173834375 0.799707658203125 0.827217390625 0.8552409453125 0.8439263515625 0.864719482421875 0.8632504140625 0.85712935546875 0.86396980859375 0.8434024921875 0.876969986328125 0.82515751953125 0.87804178125 0.77187598828125 0.894383748046875 0.75552672265625 0.90620031640625 0.6942054453125 0.92028687890625 0.688061408203125 0.91729748828125 0.64661103515625 0.927319216796875 0.635952541015625 0.951071458984375 0.6423590546875 0.9701293984375 0.656262123046875 0.965348818359375 0.6818201484375 0.94575133203125 0.678212232421875 0.930312255859375 0.69374852734375 0.93817215234375 0.707925017578125 0.934747732421875 0.7404363984375 0.9421580078125 0.763192177734375 0.935931341796875 0.78351270703125 0.941712033203125 0.7881170859375 0.943514169921875 0.770145537109375 0.96274830859375 0.764271271484375 0.9698778671875 0.74313777734375 0.978730580078125 0.75478544140625 0.97114775 0.768152609375 0.986493357421875 0.770815056640625 0.99388952734375 0.629687716796875 0.977888427734375 0.62311762109375 0.972280287109375 0.582390291015625 0.988715826171875 0.58067078515625 0.99621237890625 0.585365087890625 0.99831061328125 0.545328396484375 0.986265982421875 0.52892526171875 0.9790428515625 0.535429 0.964049748046875 0.52604038671875 0.949873259765625 0.53390028515625 0.9381320234375 0.52812323828125 0.918987810546875 0.5322816484375
0 0.7419736875 0.47913016796875 0.736736189453125 0.48057625390625 0.72508123046875 0.456737734375 0.69085398828125 0.453223388671875 0.674324875 0.440313138671875 0.629892408203125 0.434543388671875 0.6225793515625 0.442762984375 0.607226552734375 0.440237806640625 0.597384671875 0.4474645859375 0.5903450390625 0.46688221875 0.573909498046875 0.4686017265625 0.56470803125 0.512854345703125 0.5310276328125 0.53173608203125 0.573028494140625 0.567488388671875 0.59064034765625 0.57615395703125 0.581974779296875 0.59376580859375 0.605996796875 0.59502475 0.620263208984375 0.58544899609375 0.647181044921875 0.61352855078125 0.651429375 0.630956908203125 0.6637138046875 0.64278441796875 0.682311177734375 0.616229927734375 0.68611353515625 0.65858319140625 0.6945129765625 0.662464529296875 0.700379947265625 0.649007435546875 0.71275065234375 0.642773474609375 0.707056236328125 0.620107619140625 0.715272181640625 0.611075056640625 0.73595240625 0.610438291015625 0.73215734375 0.600776259765625 0.742632341796875 0.59788408984375 0.71445191796875 0.57748093359375 0.722207298828125 0.527990814453125 0.7323153046875 0.49927084765625 0.74315 0.4895152421875 0.7419736875 0.47913016796875
0 0.76627336328125 0.68663756640625 0.77396110546875 0.675007794921875 0.78149483203125 0.639304607421875 0.754563193359375 0.653464873046875 0.734832345703125 0.638274740234375 0.719123927734375 0.667887076171875 0.690306892578125 0.662783107421875 0.687842970703125 0.670494533203125 0.772780357421875 0.71104392578125 0.76627336328125 0.68663756640625
0 0.865276703125 0.497841826171875 0.7962112109375 0.49356040625 0.806364662109375 0.54293101171875 0.828173150390625 0.545489552734375 0.8244527109375 0.521937037109375 0.870372318359375 0.52363577734375 0.865276703125 0.497841826171875
0 0.695886595703125 0.27544169140625 0.6936648359375 0.320612296875 0.72822413671875 0.291146951171875 0.699491740234375 0.27574047265625 0.695886595703125 0.27544169140625