1 0.23828125 0.3076171875 0.126953125 0.16015625
1 0.205078125 0.623046875 0.138671875 0.15234375
1 0.068359375 0.572265625 0.13671875 0.15234375
1 0.25390625 0.501953125 0.181640625 0.14453125
1 0.771484375 0.9580078125 0.0859375 0.083984375
1 0.3603515625 0.6279296875 0.177734375 0.314453125
1 0.9677734375 0.4326171875 0.064453125 0.138671875
1 0.0107421875 0.6796875 0.021484375 0.14453125
1 0.3955078125 0.34765625 0.130859375 0.146484375
1 0.8134765625 0.625 0.10546875 0.078125
1 0.736328125 0.09375 0.103515625 0.068359375
1 0.7236328125 0.552734375 0.09765625 0.16796875
1 0.666015625 0.3984375 0.126953125 0.107421875
1 0.7509765625 0.73828125 0.314453125 0.212890625
1 0.810546875 0.388671875 0.1484375 0.140625
1 0.357421875 0.2333984375 0.228515625 0.080078125
1 0.1826171875 0.1484375 0.0859375 0.052734375
1 0.0703125 0.1708984375 0.0859375 0.10546875
1 0.7998046875 0.173828125 0.087890625 0.05859375
1 0.9326171875 0.08984375 0.09375 0.1015625
1 0.96484375 0.2275390625 0.0703125 0.041015625
1 0.8076171875 0.2158203125 0.095703125 0.03515625
1 0.7880859375 0.330078125 0.154296875 0.087890625
1 0.6376953125 0.5595703125 0.072265625 0.169921875
1 0.5634765625 0.513671875 0.0703125 0.109375
1 0.1064453125 0.4775390625 0.107421875 0.078125
1 0.8720703125 0.990234375 0.146484375 0.01953125
0 0.215043697265625 0.811266181640625 0.240311341796875 0.78455140234375 0.246602576171875 0.75756980078125 0.282661828125 0.72680623046875 0.31862354296875 0.64765744140625 0.30710836328125 0.625715017578125 0.334536392578125 0.611321044921875 0.361866880859375 0.5485418515625 0.363257509765625 0.52709204296875 0.34976670703125 0.52394642578125 0.3393804921875 0.532357017578125 0.3183874296875 0.575934009765625 0.300940220703125 0.57755558984375 0.29473620703125 0.587269583984375 0.267621189453125 0.590466552734375 0.27086434765625 0.62536097265625 0.230807658203125 0.68593875 0.15184362890625 0.681094650390625 0.140148849609375 0.66086102734375 0.11056043359375 0.66293419140625 0.106691248046875 0.650433783203125 0.10062064453125 0.65065957421875 0.10296579296875 0.69409799609375 0.11142257421875 0.71226361328125 0.107738150390625 0.730880818359375 0.07208429296875 0.7660061875 0.044789673828125 0.77091195703125 0.017279583984375 0.835399951171875 0.050059806640625 0.827615388671875 0.075512212890625 0.832018220703125 0.095750994140625 0.85314985546875 0.120844197265625 0.8609702890625 0.1272791640625 0.890153310546875 0.113162333984375 0.909401701171875 0.111638294921875 0.9403397109375 0.102273265625 0.960951375 0.213800978515625 0.97267341015625 0.212909109375 0.9630774453125 0.204093125 0.948329427734375 0.202917970703125 0.910197009765625 0.210646025390625 0.869545001953125 0.205873666015625 0.832762181640625 0.215043697265625 0.811266181640625
0 0.9502020234375 1 0.9905258671875 0.616344251953125 0.9824282890625 0.59476103125 0.972929765625 0.528974791015625 0.922656142578125 0.53060153125 0.896572548828125 0.51576629296875 0.892616142578125 0.520533490234375 0.89076876953125 0.497015677734375 0.905875990234375 0.484782091796875 0.909021609375 0.4712912890625 0.896023423828125 0.4552398671875 0.869811578125 0.48271924609375 0.869549916015625 0.53452206640625 0.8816038984375 0.55133808984375 0.883779765625 0.662138140625 0.8950229609375 0.670230556640625 0.901411736328125 0.691634173828125 0.911674859375 0.75836461328125 0.911233591796875 0.811876236328125 0.8865919765625 0.8161970078125 0.878638130859375 0.850778412109375 0.81865051171875 0.846201138671875 0.79450151171875 0.83761610546875 0.785008146484375 0.804656279296875 0.68418891796875 0.794059751953125 0.661435705078125 0.79685132421875 0.653163685546875 0.8098033203125 0.610443673828125 0.805313265625 0.598338337890625 0.74789142578125 0.614333251953125 0.661461009765625 0.577678681640625 0.623918748046875 0.531900271484375 0.615651888671875 0.522730240234375 0.63714788671875 0.51022983203125 0.641017072265625 0.5065864375 0.634587265625 0.531751380859375 0.5266608515625 0.550809849609375 0.47683365234375 0.561375666015625 0.46671426171875 0.58053167578125 0.465272283203125 0.618756474609375 0.479655935546875 0.662194896484375 0.4773107890625 0.67712767578125 0.499612416015625 0.689448484375 0.49745203125 0.691875693359375 0.490796431640625 0.696283685546875 0.498170439453125 0.698485103515625 0.48544423828125 0.7066237109375 0.4819804453125 0.764722927734375 0.488086919921875 0.76899234765625 0.47212271875 0.761931353515625 0.46533370703125 0.608498513671875 0.44575191015625 0.600087921875 0.4353656953125 0.60880120703125 0.368902076171875 0.59265740234375 0.36634145703125 0.575482177734375 0.38181304296875 0.554976572265625 0.37965781640625 0.543502423828125 0.3326683828125 0.53073003125 0.3226875625 0.5241154609375 0.29521334375 0.457251609375 0.314964669921875 0.44871792578125 0.379719486328125 0.426375265625 0.419699275390625 0.312876025390625 0.414680734375 0.303480203125 0.43010612890625 0.314723396484375 0.438198544921875 0.302628380859375 0.44642953515625 0.287382587890625 0.43532491015625 0.286346005859375 0.420530703125 0.269078400390625 0.420443482421875 0.26143240625 0.411001470703125 0.2373757890625 0.417975244140625 0.239310380859375 0.42422544921875 0.26210978515625 0.42921327734375 0.238053166015625 0.43618705078125 0.237514359375 0.441313453125 0.273671154296875 0.45893510546875 0.33554717578125 0.461983181640625 0.379437181640625 0.471779240234375 0.40056881640625 0.45154045703125 0.439871228515625 0.455671306640625 0.448461421875 0.464348720703125 0.454311392578125 0.490878740234375 0.445326125 0.5434923515625 0.433097697265625 0.561211544921875 0.345086978515625 0.790380734375 0.347432125 0.83381915625 0.334439099609375 0.850594146484375 0.312224693359375 0.848259318359375 0.28115326953125 0.856223482421875 0.287675458984375 0.868138896484375 0.32373987109375 0.870201740234375 0.3317912578125 0.884005556640625 0.3313499921875 0.9375171796875 0.3120195390625 0.97349437109375 0.314596640625 0.9832674609375 0.473796115234375 1 0.57355877734375 1 0.573014431640625 0.988832296875 0.585781666015625 0.965986703125 0.599528970703125 0.8845030859375 0.612475806640625 0.85994869140625 0.62933801953125 0.855674109375 0.660235 0.88224516015625 0.677969669921875 0.992952828125 0.673677140625 1 0.73635885546875 1 0.7406461640625 0.939071681640625 0.745905978515625 0.93012228515625 0.773605990234375 0.929578318359375 0.806478595703125 0.9373525625 0.8042361484375 0.975125775390625 0.810758333984375 0.987041189453125 0.90582400390625 1 0.9502020234375 1
0 0.67854385546875 0.354636357421875 0.686769681640625 0.33390495703125 0.7098821015625 0.32769578515625 0.7151829453125 0.293699375 0.708075759765625 0.2791309609375 0.71922657421875 0.271664572265625 0.723357423828125 0.23236216015625 0.71202184765625 0.208710935546875 0.710846693359375 0.170578517578125 0.736699333984375 0.14651673828125 0.758508345703125 0.144489763671875 0.759945162109375 0.130819361328125 0.7544133671875 0.125918751953125 0.6907823515625 0.114911669921875 0.68623062890625 0.051373037109375 0.56486476171875 0.06366829296875 0.57003735546875 0.07198650390625 0.58676615625 0.077200126953125 0.598635376953125 0.06289853515625 0.609698970703125 0.072699751953125 0.623728578125 0.07071896875 0.63533613671875 0.10822019921875 0.649180984375 0.075121802734375 0.66820358203125 0.083168029296875 0.671805947265625 0.114644845703125 0.65570833203125 0.11986362890625 0.658140701171875 0.146034443359375 0.64726187109375 0.167350837890625 0.651131056640625 0.17985125 0.6435774453125 0.185968041015625 0.6605320390625 0.197252267578125 0.65715546875 0.171846052734375 0.664124083984375 0.1630762578125 0.673432685546875 0.164918470703125 0.678025439453125 0.203410091796875 0.69421543359375 0.213750115234375 0.690623390625 0.247926126953125 0.66157378125 0.244872888671875 0.659413396484375 0.232552080078125 0.67330443359375 0.207233087890625 0.66494003125 0.204626275390625 0.651541611328125 0.21703946484375 0.62617642578125 0.195369025390625 0.610304607421875 0.20665841015625 0.629506806640625 0.2129958359375 0.637558193359375 0.22679965234375 0.6387385078125 0.297758484375 0.621383677734375 0.31493887109375 0.61787885546875 0.3318472734375 0.62368263671875 0.350597888671875 0.6396468359375 0.354867310546875 0.67854385546875 0.354636357421875
0 0.805174447265625 0.078559794921875 0.807463083984375 0.048565984375 0.83853966796875 0.073428234375 0.84263464453125 0.09199924609375 0.849064453125 0.0883558515625 0.849151673828125 0.071088244140625 0.8146410546875 0.030315966796875 0.808413427734375 0.02966141796875 0.77836728515625 0.03773334375 0.782960041015625 0.076224966796875 0.80014042578125 0.093579794921875 0.812281630859375 0.0931282109375 0.813179642578125 0.08458420703125 0.805174447265625 0.078559794921875
0 0.3173299609375 0.14217582421875 0.349386615234375 0.108400048828125 0.30914000390625 0.105033796875 0.306579380859375 0.1211776015625 0.282928158203125 0.13251317578125 0.28814694140625 0.148610791015625 0.3173299609375 0.14217582421875