1 0.099609375 0.927734375 0.09765625 0.14453125
1 0.150390625 0.44140625 0.107421875 0.123046875
1 0.095703125 0.6796875 0.18359375 0.236328125
1 0.2744140625 0.60546875 0.130859375 0.244140625
1 0.353515625 0.533203125 0.08984375 0.197265625
1 0.0224609375 0.404296875 0.044921875 0.11328125
1 0.11328125 0.525390625 0.107421875 0.130859375
0 0.51746038671875 1 0.828093943359375 0.978278384765625 0.826485984375 0.89258859375 0.833757603515625 0.875089572265625 0.82211142578125 0.830029494140625 0.824700927734375 0.794168283203125 0.814000599609375 0.762634494140625 0.802596677734375 0.75748524609375 0.772398982421875 0.762994982421875 0.4917755546875 0.83189065234375 0.4102330703125 1 0.51746038671875 1
0 0.5077725078125 0 0.4805161875 0.002690072265625 0.480125947265625 0.02140695703125 0.48759848046875 0.03107875 0.500888310546875 0.026751326171875 0.509969671875 0 0.5077725078125 0
0 0.45422012890625 0.063995763671875 0.46656410546875 0.046142048828125 0.4617224140625 0.01334905859375 0.420085251953125 0.0374987890625 0.423904201171875 0.06781471484375 0.45422012890625 0.063995763671875
0 0.435396599609375 0.13497325 0.424696271484375 0.10343946484375 0.4138421640625 0.0940041328125 0.40600914453125 0.042730720703125 0.37707065234375 0.054099095703125 0.373026826171875 0.093460111328125 0.378300099609375 0.120276232421875 0.3947763828125 0.1250707890625 0.40688969140625 0.1403647578125 0.435396599609375 0.13497325
0 0.547713703125 0.732832048828125 0.80254375 0.671686716796875 0.778435361328125 0.64278956640625 0.76521662890625 0.59953850390625 0.76371516796875 0.553769037109375 0.70659549609375 0.392954990234375 0.698573146484375 0.38756927734375 0.681901744140625 0.3921331640625 0.680252298828125 0.404991408203125 0.65914103515625 0.431103935546875 0.5948911484375 0.4355967265625 0.58167820703125 0.428874921875 0.58423216015625 0.416802953125 0.56755496484375 0.38483758203125 0.523748294921875 0.365813138671875 0.505935919921875 0.36620917578125 0.492208712890625 0.3399842109375 0.45205562890625 0.30031563671875 0.429046869140625 0.262846322265625 0.41912702734375 0.193878767578125 0.42977442578125 0.13961402734375 0.4006408125 0.16034084375 0.383496484375 0.15814158203125 0.375675048828125 0.179926685546875 0.357904017578125 0.193062736328125 0.356136341796875 0.2042301953125 0.3371003125 0.1749783515625 0.319483060546875 0.1660159453125 0.305956767578125 0.166961796875 0.098592767578125 0.2630166953125 0.089435240234375 0.289992388671875 0.116529166015625 0.300840703125 0.125213767578125 0.267101861328125 0.13567183984375 0.258724818359375 0.152579705078125 0.257542505859375 0.19626814453125 0.274876162109375 0.20876590234375 0.23492398828125 0.238845365234375 0.227723466796875 0.256107923828125 0.23161351171875 0.263497775390625 0.21580527734375 0.3214929921875 0.19475931640625 0.333251607421875 0.20498092578125 0.335852697265625 0.242178228515625 0.312027904296875 0.265931921875 0.291312677734375 0.30985682421875 0.283650814453125 0.346072728515625 0.284289107421875 0.40379593359375 0.308001458984375 0.4148807109375 0.31091010546875 0.4078811015625 0.325695603515625 0.41279388671875 0.320304095703125 0.38428698046875 0.314090765625 0.380473822265625 0.308586822265625 0.38680538671875 0.2966686328125 0.362152974609375 0.296822412109375 0.340054517578125 0.319115990234375 0.330849857421875 0.34511028515625 0.350270333984375 0.36591978515625 0.4048839765625 0.36391564453125 0.41266986328125 0.336508369140625 0.409489203125 0.334504228515625 0.41727508984375 0.399977771484375 0.442430181640625 0.407290732421875 0.437671173828125 0.402726845703125 0.420999771484375 0.40920639453125 0.367876 0.417737216796875 0.356235615234375 0.44994484375 0.37946925 0.478333521484375 0.372386958984375 0.489855673828125 0.379226994140625 0.525456462890625 0.475282681640625 0.5277855390625 0.532887654296875 0.54132341796875 0.605000318359375 0.545780662109375 0.693039447265625 0.523528423828125 0.714984125 0.51806582421875 0.734055703125 0.547713703125 0.732832048828125