1 0.2421875 0.5703125 0.203125 0.267578125
1 0.2216796875 0.8173828125 0.11328125 0.130859375
1 0.4814453125 0.7900390625 0.119140625 0.119140625
1 0.912109375 0.6748046875 0.154296875 0.16015625
1 0.0126953125 0.5859375 0.025390625 0.11328125
1 0.8720703125 0.77734375 0.193359375 0.095703125
1 0.46484375 0.8798828125 0.126953125 0.12109375
1 0.0576171875 0.5048828125 0.115234375 0.119140625
1 0.88671875 0.9111328125 0.130859375 0.11328125
1 0.380859375 0.5986328125 0.111328125 0.138671875
1 0.9013671875 0.978515625 0.076171875 0.04296875
1 0.8642578125 0.8388671875 0.12890625 0.099609375
1 0.740234375 0.08984375 0.08984375 0.087890625
1 0.4697265625 0.033203125 0.103515625 0.06640625
1 0.2490234375 0.0185546875 0.060546875 0.037109375
1 0.3623046875 0.0263671875 0.076171875 0.052734375
1 0.138671875 0.01171875 0.05078125 0.0234375
0 1 0.344670375 0.96071084375 0.342448759765625 0.896230609375 0.323047123046875 0.887767525390625 0.3158263203125 0.884821662109375 0.293871615234375 0.867922890625 0.2914966484375 0.839222376953125 0.29952583984375 0.819893837890625 0.28991637109375 0.7957605625 0.289971169921875 0.71799880859375 0.266979681640625 0.627722822265625 0.259461986328125 0.617332365234375 0.253693564453125 0.617501359375 0.22183709375 0.60447103515625 0.22259068359375 0.590166431640625 0.29985004296875 0.590696224609375 0.320603564453125 0.60519262890625 0.327810666015625 0.59538676171875 0.3669290390625 0.5695362109375 0.354679705078125 0.564439177734375 0.341900578125 0.5381136328125 0.33303099609375 0.537108845703125 0.315657232421875 0.5086184296875 0.30992991015625 0.504233888671875 0.2920811484375 0.482265482421875 0.28899369140625 0.476638658203125 0.25546104296875 0.41633287109375 0.267664681640625 0.355972283203125 0.25573504296875 0.32098725390625 0.259434494140625 0.291519451171875 0.24840004296875 0.29075216015625 0.229336400390625 0.243673095703125 0.22099661328125 0.242430810546875 0.205312724609375 0.17652559765625 0.1960503515625 0.129026337890625 0.215223595703125 0.103440681640625 0.21335101953125 0.101038314453125 0.218183154296875 0.088231787109375 0.211213548828125 0.069419341796875 0.216324279296875 0.065591994140625 0.2312956796875 0.048245626953125 0.244367103515625 0.04394328515625 0.262718255859375 0.02616942578125 0.2788314609375 0.02394254296875 0.294676544921875 0.0363022890625 0.29869437109375 0.037782068359375 0.3126883828125 0.069414744140625 0.320580578125 0.068967150390625 0.33602696875 0.131255111328125 0.3465042265625 0.140891982421875 0.33924232421875 0.14910387109375 0.34211968359375 0.153908607421875 0.332455416015625 0.15417350390625 0.342832173828125 0.16961989453125 0.343279767578125 0.1718121640625 0.3522041484375 0.22081860546875 0.3590915546875 0.23996444921875 0.394524177734375 0.267450078125 0.382877732421875 0.290660765625 0.401649080078125 0.30247620703125 0.39727823828125 0.30631725390625 0.388340158203125 0.329975537109375 0.39166511328125 0.345408228515625 0.386079388671875 0.36071762109375 0.326193794921875 0.36675094140625 0.32618009375 0.35824215625 0.405115630859375 0.4014527734375 0.410326859375 0.41766645703125 0.429838095703125 0.44731695703125 0.415049396484375 0.460639578125 0.436739201171875 0.46602890625 0.471961728515625 0.4400367578125 0.503635501953125 0.41468859765625 0.50007305078125 0.409591568359375 0.487293923828125 0.39607255078125 0.48539394921875 0.389577935546875 0.49482072265625 0.354090513671875 0.489833291015625 0.347344705078125 0.49491662109375 0.384088111328125 0.52162126171875 0.3934600859375 0.503982599609375 0.41421360546875 0.5034528046875 0.42101421484375 0.52250275 0.410692251953125 0.546900921875 0.4556201484375 0.56441628515625 0.46865047265625 0.563662693359375 0.484014666015625 0.527910373046875 0.4764878671875 0.507896744140625 0.481502697265625 0.484475958984375 0.4754556796875 0.478456341796875 0.49918705859375 0.40769159375 0.516072130859375 0.4040332421875 0.52357153125 0.411980234375 0.551769650390625 0.395264158203125 0.57545533203125 0.410655751953125 0.60972787109375 0.412025931640625 0.631952068359375 0.31520053515625 0.633683046875 0.33353798828125 0.655455052734375 0.356415279296875 0.689965087890625 0.35609558203125 0.69650080078125 0.364768765625 0.6950758203125 0.374908029296875 0.683274078125 0.385312189453125 0.68504615625 0.421749599609375 0.66698730078125 0.439890654296875 0.677880154296875 0.454345958984375 0.719889587890625 0.4619732578125 0.728882466796875 0.489947580078125 0.655240359375 0.47442808984375 0.675852283203125 0.517821404296875 0.69079628125 0.5095821171875 0.716158138671875 0.51917788671875 0.718615306640625 0.53847902734375 0.7109332109375 0.556355185546875 0.68755352734375 0.56944030859375 0.6633928515625 0.55742847265625 0.646996470703125 0.56374038671875 0.583968619140625 0.546266125 0.568718625 0.526028697265625 0.579542978515625 0.510317408203125 0.58479530859375 0.485206748046875 0.57034000390625 0.4960996015625 0.548609095703125 0.491322265625 0.5356335703125 0.516209130859375 0.54200028515625 0.55673878515625 0.557405578125 0.539086421875 0.551454458984375 0.575300033203125 0.5838270234375 0.590189232421875 0.584146720703125 0.62469926953125 0.571143794921875 0.63751949609375 0.549175390625 0.6344320390625 0.52477721875 0.624110078125 0.517012923828125 0.60578632421875 0.50061654296875 0.612098240234375 0.4735785078125 0.60829829296875 0.449650732421875 0.698852873046875 0.465110826171875 0.705333787109375 0.484466763671875 0.727009892578125 0.520694076171875 0.73899433203125 0.5470470234375 0.759930548828125 0.560607140625 0.77993048046875 0.55751968359375 0.8018988828125 0.566695259765625 0.804050052734375 0.57821840234375 0.777235814453125 0.586055796875 0.7214698671875 0.553221939453125 0.715993740234375 0.540205314453125 0.7227806484375 0.535121982421875 0.71603483984375 0.53749694921875 0.69913606640625 0.557734376953125 0.683886072265625 0.579465283203125 0.688663408203125 0.589869443359375 0.7004651484375 0.59780273828125 0.686932431640625 0.6047997421875 0.686192541015625 0.606306923828125 0.712253189453125 0.580702970703125 0.80860359375 0.607544609375 0.832193373046875 0.617907669921875 0.82589516015625 0.61884395703125 0.813102330078125 0.6313992890625 0.81572849609375 0.622082115234375 0.85750043359375 0.637583306640625 0.882081302734375 0.6278185390625 0.939299630859375 0.640428669921875 0.9660590703125 0.650736931640625 0.935627580078125 0.657496439453125 0.936577568359375 0.6458494140625 1 0.8267672109375 1 0.826063970703125 0.9878402734375 0.81082767578125 0.9736361640625 0.812490154296875 0.9618070234375 0.80595444140625 0.95313383984375 0.7984687421875 0.951220166015625 0.78816048046875 0.98165165625 0.778245013671875 0.97250348046875 0.79120683984375 0.941583296875 0.799044232421875 0.885817345703125 0.776071041015625 0.865356123046875 0.776518634765625 0.849909732421875 0.784465626953125 0.84241033203125 0.779382296875 0.835664521484375 0.74749842578125 0.823428888671875 0.750558482421875 0.789393845703125 0.763575107421875 0.7826069375 0.73771085546875 0.764324283203125 0.717948421875 0.7761945234375 0.71652344140625 0.7863337890625 0.72402283984375 0.79428078125 0.7148746640625 0.804196248046875 0.649179548828125 0.781177361328125 0.640214068359375 0.765269673828125 0.69838238671875 0.768274931640625 0.68747583203125 0.747786310546875 0.685886451171875 0.685525748046875 0.69214356640625 0.6777888515625 0.6939887421875 0.64013655859375 0.711572603515625 0.6253752578125 0.725023123046875 0.59710863671875 0.733472509765625 0.59829612109375 0.7482612109375 0.627946619140625 0.75352723828125 0.60886927734375 0.76436529296875 0.59919130859375 0.774518255859375 0.60664960546875 0.778916498046875 0.630531685546875 0.794572986328125 0.617222763671875 0.829558013671875 0.6135233125 0.84214074609375 0.628216115234375 0.836915818359375 0.6653934140625 0.842474142578125 0.668759470703125 0.85708474609375 0.619976826171875 0.88795012890625 0.608805375 0.88598165625 0.592157798828125 0.906008984375 0.5906643203125 0.915618455078125 0.571335779296875 0.910996416015625 0.555176896484375 0.91553625390625 0.535135865234375 0.93577368359375 0.51988587109375 0.9533849453125 0.51719120703125 1 0.53198303515625 1 0.344670375
0 0.68558514453125 0.23399052734375 0.70657616015625 0.23177085546875 0.7175147109375 0.160069822265625 0.67461008984375 0.183335310546875 0.6106048515625 0.16055391796875 0.58212813671875 0.1608599140625 0.578551984375 0.180174755859375 0.60825728515625 0.189519328125 0.625210857421875 0.2160275703125 0.631454271484375 0.20225735546875 0.65219409375 0.195694244140625 0.673267310546875 0.229674486328125 0.68558514453125 0.23399052734375
0 0.083892943359375 0.107208451171875 0.102230396484375 0.10547747265625 0.13182609765625 0.06655549609375 0.116101109375 0.04969782421875 0.073351783203125 0.035073521484375 0.06890784375 0.097347783203125 0.049899001953125 0.12224834765625 0.047953 0.123833267578125 0.042509201171875 0.162567904296875 0.0466014453125 0.157973267578125 0.068012658203125 0.12824056640625 0.068460251953125 0.112794173828125 0.08123937890625 0.10769714453125 0.080736984375 0.099010259765625 0.083892943359375 0.107208451171875
0 0.45677122265625 0.1148084375 0.432610546875 0.102796599609375 0.401283869140625 0.123381123046875 0.399858888671875 0.13352038671875 0.41291661328125 0.144833435546875 0.478821826171875 0.15409580859375 0.502493806640625 0.16345408203125 0.520287767578125 0.134936265625 0.515441931640625 0.126500578125 0.45677122265625 0.1148084375
0 0.14562352734375 0.72246996484375 0.149437173828125 0.70146524609375 0.13830682421875 0.688699818359375 0.060070078125 0.669088083984375 0.047596947265625 0.70266183203125 0.019636322265625 0.71768803125 0.071310029296875 0.7301200625 0.086715322265625 0.71246769921875 0.11763550390625 0.7254295234375 0.14562352734375 0.72246996484375
0 0 0.6387308984375 0.00542311328125 0.6226347109375 0.040115845703125 0.59649186328125 0.0581336015625 0.560250849609375 0.0634544296875 0.56530678125 0.061554455078125 0.578825798828125 0.050995 0.60491384765625 0.061426560546875 0.6287822265625 0.057626611328125 0.65582026171875 0.092890236328125 0.668530890625 0.10178721484375 0.654271982421875 0.12375562109375 0.65735944140625 0.133086494140625 0.621620822265625 0.120517462890625 0.612961337890625 0.136091751953125 0.56345250390625 0 0.527132421875 0 0.542327353515625 0.023134873046875 0.557916982421875 0.015032583984375 0.603306171875 0 0.61188930078125 0 0.6387308984375
0 0.1309856171875 0.44038376171875 0.12309342578125 0.472016435546875 0.163426681640625 0.4854395546875 0.16204280078125 0.513678775390625 0.17025469140625 0.516556134765625 0.19543844921875 0.44771876171875 0.183358111328125 0.44171284375 0.1683319140625 0.413752220703125 0.1309856171875 0.44038376171875
0 0.048209033203125 0.44081305859375 0.0552334375 0.4521398046875 0.0472864453125 0.459639205078125 0.058403095703125 0.466371314453125 0.080261900390625 0.421192220703125 0.074662474609375 0.3997262109375 0.05194048046875 0.3836084296875 0.036270291015625 0.39088403125 0.03075306640625 0.40561793359375 0.0124293125 0.413382228515625 0.005277009765625 0.452011908203125 0.012274017578125 0.45127201953125 0.031967951171875 0.40923518359375 0.04594826171875 0.401722083984375 0.052721470703125 0.408705390625 0.048209033203125 0.44081305859375