1 0.82421875 0.1328125 0.298828125 0.1533203125
1 0.8173828125 0.7900390625 0.365234375 0.345703125
1 0.583984375 0.1064453125 0.1513671875 0.1220703125
1 0.041015625 0.3369140625 0.0810546875 0.138671875
1 0.263671875 0.083984375 0.0859375 0.068359375
0 1 0.53203125 0.99921875 0.446875 0.990625 0.49765625 0.9921875 0.52890625 1 0.53203125
0 0.64453125 0.2015625 0.6421875 0.21640625 0.6546875 0.22109375 0.6578125 0.25703125 0.665625 0.26015625 0.678125 0.25078125 0.675 0.21171875 0.66796875 0.2046875 0.64453125 0.2015625
0 0.715625 0.21640625 0.7046875 0.21953125 0.703125 0.24921875 0.71875 0.25234375 0.7359375 0.24765625 0.73515625 0.2015625 0.71484375 0.203125 0.715625 0.21640625
0 0.5390625 0.77421875 0.5484375 0.78515625 0.5453125 0.79609375 0.5625 0.79921875 0.59296875 0.796875 0.6015625 0.77421875 0.54609375 0.76875 0.5390625 0.77421875
0 0.4546875 0.20703125 0.45546875 0.2171875 0.4625 0.19609375 0.45546875 0.1890625 0.38984375 0.1859375 0.378125 0.23203125 0.3875 0.24140625 0.3921875 0.22421875 0.41796875 0.2046875 0.44609375 0.2015625 0.4546875 0.20703125
0 0.84921875 0.525 0.9234375 0.52578125 0.92265625 0.4921875 0.85859375 0.4890625 0.846875 0.49765625 0.84921875 0.525
0 0.58046875 0.2328125 0.57734375 0.221875 0.5640625 0.21796875 0.565625 0.20546875 0.59453125 0.203125 0.59296875 0.1875 0.49375 0.18984375 0.4984375 0.19453125 0.50078125 0.25 0.53046875 0.25 0.5328125 0.22265625 0.55390625 0.2203125 0.5625 0.23515625 0.5625 0.26328125 0.578125 0.26484375 0.5953125 0.26328125 0.596875 0.23203125 0.59296875 0.228125 0.58046875 0.2328125
0 0.60703125 0.5109375 0.61171875 0.515625 0.63828125 0.515625 0.6421875 0.51015625 0.63359375 0.4984375 0.60859375 0.4890625 0.59296875 0.496875 0.56484375 0.4984375 0.54921875 0.484375 0.50078125 0.4859375 0.4859375 0.49296875 0.48203125 0.5078125 0.47265625 0.496875 0.4234375 0.48671875 0.42421875 0.5125 0.45234375 0.5171875 0.45546875 0.5328125 0.5 0.53984375 0.54609375 0.5296875 0.56328125 0.515625 0.60078125 0.515625 0.60703125 0.5109375
0 0.546875 0.35546875 0.54921875 0.3453125 0.57734375 0.3453125 0.58203125 0.3578125 0.59296875 0.35625 0.59609375 0.3453125 0.60859375 0.3453125 0.6125 0.33046875 0.625 0.32421875 0.628125 0.30390625 0.6421875 0.28359375 0.640625 0.27265625 0.61640625 0.2734375 0.61796875 0.2796875 0.59765625 0.2828125 0.58203125 0.2953125 0.53515625 0.2921875 0.52578125 0.296875 0.5046875 0.32578125 0.53046875 0.328125 0.53125 0.34296875 0.51796875 0.34375 0.51328125 0.359375 0.48828125 0.359375 0.484375 0.37421875 0.4703125 0.37734375 0.47265625 0.390625 0.48359375 0.3921875 0.48671875 0.403125 0.4984375 0.40390625 0.5 0.37734375 0.52890625 0.3703125 0.53359375 0.359375 0.546875 0.35546875
0 1 0.19296875 0.990625 0.17578125 1 0.15859375 0.91953125 0.1671875 0.91953125 0.178125 0.8859375 0.18046875 0.90703125 0.1859375 0.95390625 0.184375 0.9546875 0.19609375 0.94609375 0.1984375 0.87890625 0.19375 0.86171875 0.203125 0.75390625 0.2015625 0.7515625 0.21640625 0.765625 0.22109375 0.76953125 0.2515625 0.7859375 0.25390625 0.78984375 0.2171875 0.8046875 0.22109375 0.8078125 0.24453125 0.8 0.26171875 0.80625 0.26328125 0.8140625 0.26015625 0.81484375 0.2515625 0.86015625 0.25 0.8625 0.23671875 0.87109375 0.2328125 0.89921875 0.234375 0.91171875 0.2171875 0.93515625 0.21875 0.94609375 0.25 0.96953125 0.25 0.97421875 0.234375 0.98828125 0.228125 1 0.23046875 1 0.19296875
0 0.925 0.41953125 0.9265625 0.33046875 0.94609375 0.3203125 0.98984375 0.3140625 0.98984375 0.278125 0.94609375 0.271875 0.91328125 0.275 0.90546875 0.290625 0.86015625 0.2875 0.84453125 0.309375 0.80546875 0.315625 0.79453125 0.328125 0.7640625 0.33046875 0.7578125 0.34140625 0.7671875 0.34609375 0.765625 0.37421875 0.7546875 0.38515625 0.7625 0.39296875 0.76796875 0.415625 0.77734375 0.41875 0.790625 0.41015625 0.80234375 0.375 0.83828125 0.3703125 0.8546875 0.39140625 0.8609375 0.41953125 0.8875 0.42109375 0.89453125 0.3921875 0.90625 0.39296875 0.91484375 0.4203125 0.925 0.41953125
0 0.484375 0.87578125 0.496875 0.84296875 0.4828125 0.76171875 0.47109375 0.7640625 0.46640625 0.759375 0.46015625 0.7640625 0.465625 0.76953125 0.45546875 0.7859375 0.45234375 0.7703125 0.440625 0.77890625 0.44375 0.78515625 0.4359375 0.79453125 0.43984375 0.8125 0.4078125 0.81640625 0.4078125 0.77421875 0.421875 0.74609375 0.4265625 0.71796875 0.4109375 0.66015625 0.42421875 0.6421875 0.453125 0.63984375 0.4484375 0.58203125 0.40859375 0.578125 0.39765625 0.59375 0.38203125 0.59375 0.37265625 0.578125 0.34609375 0.5765625 0.3421875 0.60859375 0.3296875 0.63203125 0.3296875 0.65546875 0.35703125 0.659375 0.3578125 0.67109375 0.33046875 0.675 0.321875 0.68203125 0.31875 0.73359375 0.353125 0.74609375 0.359375 0.81328125 0.34921875 0.8265625 0.31640625 0.83125 0.31015625 0.8609375 0.28359375 0.865625 0.27890625 0.8765625 0.253125 0.88046875 0.25 0.91796875 0.26953125 0.9234375 0.278125 0.94140625 0.2640625 0.99921875 0.496875 0.99921875 0.46875 0.95546875 0.4640625 0.92890625 0.46875 0.89453125 0.484375 0.87578125
0 0 0.78359375 0.01328125 0.7828125 0.01640625 0.7671875 0.05234375 0.76875 0.0625 0.79765625 0.08984375 0.8 0.0921875 0.80859375 0.0796875 0.86640625 0.08125 0.89140625 0.0890625 0.89453125 0.0890625 0.90546875 0.08125 0.91171875 0.0765625 0.93828125 0.05859375 0.95625 0.03125 0.96640625 0.034375 0.98515625 0.04765625 0.9890625 0.05390625 1 0.1859375 0.99921875 0.175 0.98984375 0.1796875 0.98203125 0.1734375 0.98203125 0.1734375 0.97265625 0.1859375 0.96953125 0.1859375 0.94453125 0.1734375 0.91328125 0.1703125 0.87734375 0.1828125 0.87890625 0.1890625 0.91953125 0.20078125 0.9328125 0.20234375 0.9265625 0.228125 0.92109375 0.2734375 0.75859375 0.278125 0.68046875 0.2828125 0.66484375 0.296875 0.64921875 0.2984375 0.61015625 0.3140625 0.53515625 0.33671875 0.5296875 0.3453125 0.50234375 0.36796875 0.4875 0.390625 0.49765625 0.3921875 0.45390625 0.36484375 0.4421875 0.34609375 0.453125 0.3375 0.43984375 0.3453125 0.36640625 0.3609375 0.31953125 0.3609375 0.25859375 0.3765625 0.21171875 0.3765625 0.18046875 0.390625 0.16953125 0.39296875 0.1546875 0.40078125 0.1609375 0.40859375 0.15625 0.45234375 0.15625 0.4546875 0.16953125 0.46015625 0.1703125 0.4671875 0.15546875 0.4703125 0.10859375 0.4859375 0.08828125 0.48359375 0.0734375 0.45546875 0.0734375 0.440625 0.10703125 0.42890625 0.1078125 0.42421875 0.1015625 0.41015625 0.1109375 0.39296875 0.1421875 0.3921875 0.11171875 0.36953125 0.10625 0.3296875 0.16328125 0.33125 0.18984375 0.3140625 0.20703125 0.315625 0.23828125 0.296875 0.26171875 0.271875 0.37265625 0.2546875 0.39140625 0.2546875 0.40859375 0.2453125 0.42109375 0.2484375 0.44453125 0.240625 0.47890625 0.2140625 0.51484375 0.221875 0.54140625 0.21015625 0.5625 0.16796875 0.5625 0.15390625 0.546875 0.13203125 0.546875 0.12421875 0.5390625 0 0.53515625 0 0.67109375 0.01328125 0.671875 0.01953125 0.659375 0.03828125 0.6609375 0.0453125 0.66796875 0.05 0.69453125 0.05 0.71171875 0.04296875 0.7234375 0.03203125 0.7265625 0.02890625 0.734375 0 0.73515625 0 0.78359375