1 0.484375 0.494140625 0.111328125 0.142578125
1 0.4482421875 0.677734375 0.111328125 0.154296875
1 0.66796875 0.6015625 0.15625 0.20703125
1 0.513671875 0.26171875 0.2109375 0.142578125
1 0.7802734375 0.98046875 0.181640625 0.0390625
1 0.107421875 0.544921875 0.181640625 0.294921875
1 0.576171875 0.400390625 0.09765625 0.10546875
1 0.85546875 0.4140625 0.2109375 0.16796875
1 0.6748046875 0.94921875 0.388671875 0.1015625
1 0.1640625 0.34375 0.10546875 0.1328125
1 0.345703125 0.23046875 0.103515625 0.083984375
1 0.078125 0.173828125 0.1171875 0.0859375
0 1 0.237979830078125 0.768083427734375 0.257030755859375 0.73068197265625 0.270091212890625 0.702387466796875 0.268608361328125 0.688549046875 0.27789684375 0.635637712890625 0.2684480625 0.628463900390625 0.309795947265625 0.5380638828125 0.315072005859375 0.50915879296875 0.32523983203125 0.45274423828125 0.318945361328125 0.430845583984375 0.3228045625 0.36058553515625 0.29408808203125 0.3256335 0.292256322265625 0.308993212890625 0.3072393046875 0.316805921875 0.381082724609375 0.270381201171875 0.39116686328125 0.23332511328125 0.38171454296875 0.234015849609375 0.336688986328125 0.2153551953125 0.326531775390625 0.2053064453125 0.43865953125 0.21538704296875 0.46922900390625 0.19734759375 0.494986861328125 0.1737185625 0.595554703125 0.1680276015625 0.608608083984375 0.157779626953125 0.613077873046875 0.12704985546875 0.6899082265625 0.091134791015625 0.690529427734375 0.023418466796875 0.676966841796875 0.0098417265625 0.681262177734375 0 0.67261900390625 0 0.974482283203125 0.48231605078125 0.999759396484375 0.485021796875 0.897260533203125 0.4802867890625 0.87615045703125 0.285546953125 0.834234451171875 0.181999251953125 0.8037734375 0.16360381640625 0.804478326171875 0.15808376953125 0.7983476953125 0.149929232421875 0.762872302734375 0.151324859375 0.736242181640625 0.17390009375 0.62393643359375 0.185637998046875 0.62288263671875 0.19011132421875 0.648985859375 0.212362423828125 0.654324375 0.218856115234375 0.7055677890625 0.301813564453125 0.714922267578125 0.327037443359375 0.69538226953125 0.33535227734375 0.664107908203125 0.333066693359375 0.628105615234375 0.39464884765625 0.631333 0.40778237890625 0.603649083984375 0.4823306875 0.614231810546875 0.500024771484375 0.610986734375 0.48600128125 0.57603823828125 0.451572607421875 0.56422018359375 0.4335296171875 0.574122791015625 0.430193775390625 0.54223784375 0.439806392578125 0.438432 0.47493287890625 0.436934994140625 0.518388357421875 0.46758461328125 0.542565517578125 0.468017208984375 0.539512587890625 0.52627059765625 0.541703869140625 0.53222677734375 0.559223498046875 0.53231046484375 0.579737140625 0.602647126953125 0.585591939453125 0.53869923828125 0.591984251953125 0.528186044921875 0.68877304296875 0.496541544921875 0.705678546875 0.492420662109375 0.73379859765625 0.497232279296875 0.746761212890625 0.488732376953125 0.754029330078125 0.477430603515625 0.760934384765625 0.409365373046875 0.770303015625 0.389828916015625 0.797805404296875 0.374580712890625 0.80506998046875 0.3474236953125 0.86069241796875 0.33698711328125 0.939099927734375 0.3694684921875 0.960740439453125 0.386457685546875 0.93966221484375 0.533889921875 0.95254821875 0.574620142578125 0.92364666796875 0.60064321484375 0.905865357421875 0.605552673828125 0.909721021484375 0.611596080078125 0.915677201171875 0.609404798828125 0.91121094921875 0.615012072265625 0.904727873046875 0.611334400390625 0.8866848828125 0.6212370078125 0.88975196875 0.626404609375 0.877755923828125 0.64830680078125 0.872061423828125 0.64550493359375 0.874863291015625 0.63981043359375 0.86557834765625 0.64182726171875 0.869960908203125 0.653739619140625 0.87977275 0.657591744140625 0.8798670546875 0.687637857421875 0.872773390625 0.69561086328125 0.878209748046875 0.719261125 0.84703676953125 0.772702896484375 0.819796060546875 0.782957951171875 0.822772380859375 0.773934685546875 0.812349953125 0.78173323828125 0.800873728515625 0.77779388671875 0.791766775390625 0.792337197265625 0.787209759765625 0.78375360546875 0.77415991796875 0.793917892578125 0.772146630859375 0.800488197265625 0.78020686328125 0.8059174765625 0.77074746484375 0.811263068359375 0.766277677734375 0.80101509375 0.751647140625 0.793572525390625 0.6585289453125 0.787023453125 0.6460932265625 0.801392310546875 0.639606611328125 0.781859390625 0.597023400390625 0.734565943359375 0.577305412109375 0.69681558203125 0.5786031953125 0.624284099609375 0.577029578125 0.63838773828125 0.55697683984375 0.6707158984375 0.551219884765625 0.780565146484375 0.541230048828125 0.7641865390625 0.536509197265625 0.806497453125 0.52985166796875 0.806148546875 0.533620103515625 0.8138563359375 0.52030504296875 0.8131585234375 0.520039826171875 0.802296423828125 0.510053529296875 0.801773064453125 0.504980232421875 0.83488626171875 0.51357090234375 0.8620397421875 0.493249404296875 0.867650552734375 0.487213078125 0.903216712890625 0.588304279296875 0.916859447265625 0.593035748046875 0.9221142734375 0.596800646484375 0.91396681640625 0.604086455078125 0.98194128125 0.612673587890625 0.993239513671875 0.65501103125 1 0.69268596875 1 0.69913071484375 0.983584431640625 0.712180556640625 0.97342014453125 0.790446859375 0.980853076171875 0.811538384765625 1 0.974482283203125 1 0.99222336328125 0.661480033203125 0.96284513671875 0.6625270546875 0.9258627421875 0.689055072265625 0.906991619140625 0.67561211328125 0.8899335 0.654786337890625 0.905868896484375 0.621407921875 0.925492580078125 0.629112169921875 0.955713146484375 0.6256891015625 0.96359892578125 0.6344471484375 0.96814532421875 0.595464998046875 0.97269880078125 0.58819334375 0.983299220703125 0.592921271484375 0.986097548828125 0.571371525390625 0.9971590234375 0.56730200390625 1 0.513092947265625 1 0.237979830078125
0 0.378462296875 0.128129572265625 0.352446302734375 0.130938515625 0.35621827734375 0.154501552734375 0.366117345703125 0.15668929296875 0.376452548828125 0.150555123046875 0.378462296875 0.128129572265625
0 0.341758654296875 0.12787496875 0.2757974765625 0.1285904765625 0.293585865234375 0.15539151171875 0.321091791015625 0.155998560546875 0.343077669921875 0.150474974609375 0.341758654296875 0.12787496875
0 0.173307109375 0.125722615234375 0.14641530859375 0.12932013671875 0.138445841796875 0.138081720703125 0.143791435546875 0.1475411171875 0.1670927890625 0.1487622890625 0.1807567578125 0.142802572265625 0.185226544921875 0.153050548828125 0.218252517578125 0.159788228515625 0.29490841796875 0.193846763671875 0.3240787265625 0.194541037109375 0.366738548828125 0.192604359375 0.375318603515625 0.172192095703125 0.266519609375 0.162317798828125 0.263358220703125 0.1271040859375 0.247502974609375 0.127107625 0.254778166015625 0.14751634765625 0.248211404296875 0.161358306640625 0.240151169921875 0.155929025390625 0.232443380859375 0.1596974609375 0.239973177734375 0.14340254296875 0.238392482421875 0.125795685546875 0.173307109375 0.125722615234375
0 1 0.15325321484375 0.964848318359375 0.1488470390625 0.956003044921875 0.158397201171875 0.95144603125 0.149813607421875 0.911500849609375 0.147720169921875 0.906158794921875 0.154116021484375 0.903178935546875 0.147284037109375 0.806819201171875 0.138896130859375 0.7932424609375 0.14319146484375 0.783517845703125 0.13767495703125 0.77160548828125 0.14205751953125 0.63836765625 0.1367437734375 0.45896324609375 0.120665771484375 0.45344673828125 0.13039038671875 0.448889724609375 0.121806794921875 0.422346830078125 0.118746787109375 0.38433125 0.127602673828125 0.385915484375 0.161064779296875 0.397391708984375 0.165004130859375 0.383727740234375 0.17096384765625 0.385922560546875 0.1927752734375 0.39748601171875 0.195050244140625 0.40343865234375 0.17700371484375 0.39914331640625 0.16342697265625 0.416045283203125 0.143450845703125 0.43128640625 0.139242736328125 0.448984029296875 0.15185290625 0.472808744140625 0.143087783203125 0.499526091796875 0.14281902734375 0.51555933203125 0.155341970703125 0.529484978515625 0.14438910546875 0.55795393359375 0.142543193359375 0.570745634765625 0.15322730078125 0.580993611328125 0.14875751171875 0.598342326171875 0.168025212890625 0.619892072265625 0.170823541015625 0.653441404296875 0.16757492578125 0.66254835546875 0.153031615234375 0.669823548828125 0.17344033984375 0.6848029921875 0.17422537890625 0.700131341796875 0.168352888671875 0.709325521484375 0.1521451953125 0.7370094375 0.1652787265625 0.75750538671875 0.156339150390625 0.778008416015625 0.179110068359375 0.7865920078125 0.174553052734375 0.874978736328125 0.175847296875 0.929816134765625 0.180390158203125 0.954258513671875 0.1916848515625 0.958107099609375 0.16601776171875 0.97247241796875 0.162598232421875 0.975721033203125 0.1961475625 1 0.19848089453125 1 0.15325321484375
0 1 0.195708705078125 0.849664091796875 0.1811964296875 0.84230875 0.19416258203125 0.81988319921875 0.192152833984375 0.822430462890625 0.2231619765625 0.83548384375 0.228852935546875 0.897941802734375 0.231291744140625 0.967493423828125 0.225757541015625 0.982909 0.218220669921875 1 0.21911637109375 1 0.195708705078125