1 0.3271484375 0.6826171875 0.109375 0.126953125
1 0.4248046875 0.6240234375 0.12109375 0.1328125
1 0.0908203125 0.744140625 0.154296875 0.1640625
1 0.1953125 0.2822265625 0.06640625 0.064453125
1 0.1640625 0.6044921875 0.08203125 0.078125
1 0.78515625 0.4912109375 0.080078125 0.0703125
1 0.53125 0.6044921875 0.099609375 0.103515625
1 0.6982421875 0.4365234375 0.0703125 0.06640625
1 0.5712890625 0.2109375 0.0546875 0.048828125
1 0.1865234375 0.4208984375 0.0703125 0.0859375
1 0.8447265625 0.4619140625 0.0859375 0.0703125
1 0.28125 0.26953125 0.0625 0.056640625
1 0.552734375 0.513671875 0.083984375 0.07421875
1 0.041015625 0.5478515625 0.08203125 0.078125
1 0.6552734375 0.2734375 0.0625 0.041015625
1 0.7705078125 0.3798828125 0.03515625 0.048828125
1 0.244140625 0.728515625 0.05859375 0.078125
1 0.7060546875 0.1884765625 0.037109375 0.033203125
1 0.666015625 0.1708984375 0.046875 0.0234375
1 0.58984375 0.1259765625 0.033203125 0.025390625
1 0.087890625 0.19140625 0.033203125 0.03125
0 0.563781177734375 0.97112159765625 0.5775736796875 0.951580853515625 0.561279853515625 0.93309746875 0.54554232421875 0.9280752109375 0.53324501171875 0.90728780859375 0.517980931640625 0.920472787109375 0.52067555859375 0.94742265234375 0.545266177734375 0.9438955859375 0.55381550390625 0.952748671875 0.555066166015625 0.971760736328125 0.563781177734375 0.97112159765625
0 0.293985529296875 0.15378853125 0.2986171796875 0.1150976484375 0.25087991015625 0.1300895859375 0.253878296875 0.139637041015625 0.2254568515625 0.135975904296875 0.221405107421875 0.141443998046875 0.225235935546875 0.148632203125 0.266396525390625 0.14776814453125 0.287574537109375 0.158424185546875 0.293985529296875 0.15378853125
0 0.51090312890625 1 0.513491357421875 0.996355359375 0.510824345703125 0.967823453125 0.479933193359375 0.969658025390625 0.458005583984375 0.95661512109375 0.448485744140625 0.95803147265625 0.442851962890625 0.963471953125 0.445601818359375 0.987257744140625 0.470081978515625 0.990058826171875 0.477889759765625 0.999690228515625 0.495636541015625 1 0.51090312890625 1
0 1 0.41642555078125 0.899006619140625 0.351877775390625 0.87724469921875 0.329342646484375 0.85828786328125 0.327429232421875 0.83966240234375 0.306531373046875 0.822232375 0.3078096484375 0.806522458984375 0.301205353515625 0.795724341796875 0.28519167578125 0.787620853515625 0.296127865234375 0.773686275390625 0.278476921875 0.76391790625 0.294131611328125 0.765192177734375 0.266459759765625 0.745012296875 0.24395224609375 0.747063779296875 0.21708522265625 0.741678529296875 0.2082873671875 0.6768149921875 0.207155169921875 0.63920508203125 0.18592593359375 0.617139400390625 0.180793216796875 0.609477744140625 0.166416806640625 0.5766139453125 0.145270412109375 0.552828154296875 0.14802026953125 0.529373736328125 0.13178567578125 0.512693306640625 0.13545081640625 0.534455228515625 0.1579859453125 0.48669034375 0.174559919921875 0.486497041015625 0.185634181640625 0.49987532421875 0.189824 0.51766834375 0.213081111328125 0.5137862890625 0.25415885546875 0.505016046875 0.2579620703125 0.47845278515625 0.238508173828125 0.471793259765625 0.257382166015625 0.438515244140625 0.259966333984375 0.419144189453125 0.281783484375 0.400242583984375 0.27670599609375 0.38702998828125 0.263023955078125 0.38883294140625 0.25039526953125 0.412673962890625 0.244481337890625 0.406870490234375 0.214312166015625 0.389882294921875 0.190277845703125 0.384465427734375 0.137960150390625 0.364538078125 0.146316173828125 0.3521855390625 0.12869284375 0.32709385546875 0.1155947109375 0.319156052734375 0.11703867578125 0.325957654296875 0.135356373046875 0.320604021484375 0.170078353515625 0.345249869140625 0.1633872109375 0.352244771484375 0.17063064453125 0.351885783203125 0.191197130859375 0.342172640625 0.203687744140625 0.34031445703125 0.219480505859375 0.335568345703125 0.219397662109375 0.33270803125 0.20194001953125 0.324048244140625 0.199415083984375 0.315999984375 0.207187197265625 0.24525413671875 0.225733818359375 0.24664287109375 0.2368356953125 0.264656806640625 0.2474365078125 0.278145548828125 0.24529817578125 0.27523000390625 0.231004607421875 0.280919015625 0.222400052734375 0.317140189453125 0.232527412109375 0.316086833984375 0.2475429609375 0.308038572265625 0.255315076171875 0.309151162109375 0.282237328125 0.2749026328125 0.29509093359375 0.263855984375 0.29331559375 0.251475830078125 0.277274302734375 0.232408537109375 0.2816890390625 0.222612552734375 0.298925765625 0.1963294375 0.308753369140625 0.1968581171875 0.32379653125 0.187338279296875 0.3252128828125 0.181897798828125 0.3195791015625 0.184422736328125 0.310919314453125 0.17334847265625 0.310726013671875 0.1721018125 0.33681582421875 0.155310923828125 0.346809115234375 0.131552748046875 0.34797693359375 0.1222262109375 0.3383190234375 0.103269375 0.336405609375 0.093445775390625 0.35522437109375 0.067939873046875 0.36585680078125 0.00233862109375 0.361657095703125 0.0010740859375 0.434102234375 0.03838623046875 0.427059201171875 0.047629923828125 0.4414632265625 0.054092142578125 0.38856162109375 0.06771895703125 0.3785131015625 0.089370419921875 0.407376380859375 0.11162940234375 0.401434833984375 0.11745648828125 0.384920091796875 0.132748181640625 0.37015307421875 0.148540943359375 0.3720112578125 0.162447904296875 0.39124423828125 0.19106265234375 0.38383111328125 0.21001948828125 0.385744525390625 0.2260331640625 0.374946408203125 0.233915736328125 0.376666517578125 0.228972318359375 0.3425560625 0.248927283203125 0.332618 0.257200462890625 0.3572914609375 0.248903671875 0.3793019140625 0.25331841015625 0.39836920703125 0.274827794921875 0.390040796875 0.2833495078125 0.400475921875 0.284600169921875 0.419487986328125 0.277995875 0.435197904296875 0.293484875 0.454458498046875 0.284773865234375 0.50019951171875 0.294739541015625 0.5185724375 0.32310175390625 0.480295775390625 0.31749158203125 0.439052341796875 0.299335568359375 0.391259841796875 0.301193751953125 0.375467080078125 0.31404335546875 0.364613734375 0.30479966015625 0.3502097109375 0.30199457421875 0.32958799609375 0.310985734375 0.31312848046875 0.335438279296875 0.3175116015625 0.3412693671875 0.346098732421875 0.334526998046875 0.369718837890625 0.3387208203125 0.401442431640625 0.35643099609375 0.429445654296875 0.361007416015625 0.39391884765625 0.357062126953125 0.347956916015625 0.3690792890625 0.3394628203125 0.3782953671875 0.3554488828125 0.400443892578125 0.355835486328125 0.407107421875 0.382063369140625 0.446216525390625 0.4080663359375 0.44363235546875 0.37478831640625 0.464447375 0.36090896875 0.447542025390625 0.33212853515625 0.449676353515625 0.300515400390625 0.461831587890625 0.284111115234375 0.477762419921875 0.278059109375 0.5140940546875 0.281858322265625 0.517396201171875 0.27400336328125 0.53332703515625 0.267951357421875 0.5931959296875 0.283239048828125 0.62058762890625 0.255231822265625 0.66019379296875 0.252758111328125 0.67756859375 0.25464391015625 0.6931404375 0.269158392578125 0.71997984375 0.2727919140625 0.7292235390625 0.287195939453125 0.7529541015625 0.287610158203125 0.75742406640625 0.303513376953125 0.78257098046875 0.313447435546875 0.79525489453125 0.312086314453125 0.80266801953125 0.340701060546875 0.82317927734375 0.344224126953125 0.840167470703125 0.368258447265625 0.858958619140625 0.379664083984375 0.893652986328125 0.386599755859375 0.96390577734375 0.4416316875 0.9877744140625 0.43413571875 0.994658859375 0.447707302734375 0.9926626015625 0.471410248046875 0.979063404296875 0.479876732421875 0.944203349609375 0.482433287109375 0.9376818984375 0.493397091796875 0.908069021484375 0.512661689453125 0.891057216796875 0.535311279296875 0.8783456875 0.538254439453125 0.872183224609375 0.528651755859375 0.860000376953125 0.546638078125 0.83513361328125 0.56598551953125 0.81448428125 0.57037264453125 0.812290720703125 0.560047978515625 0.806767396484375 0.55916030859375 0.782567388671875 0.5856407265625 0.77804219140625 0.572901583984375 0.76854996484375 0.572735896484375 0.74590437890625 0.600825966796875 0.735161490234375 0.581648216796875 0.7292515625 0.602909068359375 0.7138770234375 0.622422201171875 0.702830376953125 0.620646861328125 0.65814672265625 0.642022177734375 0.645155044921875 0.6156838359375 0.64748267578125 0.5729964375 0.655917541015625 0.543075798828125 0.6727912734375 0.52833639453125 0.690221298828125 0.527058119140625 0.73527194921875 0.575320064453125 0.750674103515625 0.554224896484375 0.744034185546875 0.481313099609375 0.73279023046875 0.445510146484375 0.711975212890625 0.45938949609375 0.688244650390625 0.45897527734375 0.66404063671875 0.4403538203125 0.662734744140625 0.424505830078125 0.677221615234375 0.4105160234375 0.672112509765625 0.385897791015625 0.61077203515625 0.3642543359375 0.596506083984375 0.365587841796875 0.60472403515625 0.39342537890625 0.6009800546875 0.426592935546875 0.574503638671875 0.447494802734375 0.56348460546875 0.44413742578125 0.5586556484375 0.4488006953125 0.558182197265625 0.430593455078125 0.5495224140625 0.42806851953125 0.545332595703125 0.44144680078125 0.52673875390625 0.464068779296875 0.51968862109375 0.45998941796875 0.5115022890625 0.475671720703125 0.55813097265625 0.47885940625 0.597768755859375 0.51990553515625 0.597409767578125 0.540472021484375 0.5891958203125 0.557736361328125 0.6449617421875 0.62675809765625 0.64304833203125 0.64571493359375 0.631670306640625 0.66292404296875 0.611577271484375 0.68077229296875 0.581629017578125 0.67391946484375 0.57519041015625 0.680137158203125 0.570582369140625 0.672144126953125 0.546851806640625 0.671729908203125 0.53441642578125 0.65885269140625 0.53486226171875 0.67864196875 0.52270702734375 0.695046251953125 0.51074509375 0.700376275390625 0.507304873046875 0.71614141796875 0.48887671875 0.729271169921875 0.461954466796875 0.730383759765625 0.437722837890625 0.713344341796875 0.4263408125 0.685451576171875 0.402582634765625 0.68661939453125 0.3818740703125 0.64906871875 0.3670242109375 0.638523134765625 0.367552890625 0.653566296875 0.381404623046875 0.67596335546875 0.38235152734375 0.71237783203125 0.394676453125 0.731583197265625 0.391985828125 0.74973520703125 0.33459064453125 0.77405368359375 0.32801396484375 0.788181560546875 0.31857696875 0.784851798828125 0.28677053125 0.793791732421875 0.12565924609375 0.8669404609375 0.10168015234375 0.880764580078125 0.09030212890625 0.89797369140625 0.066350650390625 0.9102157734375 0.026799712890625 0.909525408203125 0.007341810546875 0.890986794921875 0.00497855859375 0.845052478515625 0.02276757421875 0.823207712890625 0.021737830078125 0.79153934765625 0.01116062890625 0.762869373046875 0.004165724609375 0.7556259375 0 0.7551738046875 0 0.991348630859375 0.271298673828125 0.99608416796875 0.281125150390625 0.98122175390625 0.30435464453125 0.965010771484375 0.32481067578125 0.971697912109375 0.34335329296875 0.997341884765625 0.351263478515625 0.997479958984375 0.381543109375 0.985348333984375 0.4200919140625 0.952788296875 0.456754921875 0.937603056640625 0.462664849609375 0.916342201171875 0.474764853515625 0.9031019921875 0.493832146484375 0.898687255859375 0.51273375390625 0.9037647421875 0.531911505859375 0.893021853515625 0.543897048828125 0.841007919921875 0.5836412890625 0.830624021484375 0.623689287109375 0.8028377109375 0.67431448828125 0.803721376953125 0.726190349609375 0.823617107421875 0.738795423828125 0.872103974609375 0.75914099609375 0.885119263671875 0.784323529296875 0.98367503515625 0.782842173828125 1 0.991348630859375 1 0.995805990234375 0.74463812890625 0.98216865625 0.755289328125 0.975090908203125 0.752792005859375 0.97705955078125 0.730671095703125 0.96720433203125 0.705970021484375 0.935066521484375 0.73389440234375 0.9200785859375 0.7312590078125 0.91880030859375 0.713828982421875 0.895842955078125 0.66911771484375 0.892008123046875 0.6168276328125 0.9025813203125 0.600395732421875 0.94077113671875 0.58840218359375 0.974522603515625 0.604025251953125 0.983344072265625 0.551956087890625 0.999348544921875 0.541685318359375 1 0.504363451171875 1 0.41642555078125
0 0.312495115234375 0 0.312153142578125 0.01959148828125 0.3441845 0.0430971328125 0.369469486328125 0.045121001953125 0.37069253515625 0.065715103515625 0.386623365234375 0.0596631015625 0.40058555859375 0.0757320078125 0.41804319921875 0.07287169140625 0.426647755859375 0.078560701171875 0.437307798828125 0.10248456640625 0.424541041015625 0.108591798828125 0.428233796875 0.123690193359375 0.43853084765625 0.123078669921875 0.444357931640625 0.106563927734375 0.468088494140625 0.106978146484375 0.476499748046875 0.123741419921875 0.472282314453125 0.13870173828125 0.49748445703125 0.14547172265625 0.511888482421875 0.13622802734375 0.52190938671875 0.15143687890625 0.548886869140625 0.14716021484375 0.53883834765625 0.133533400390625 0.5175774921875 0.12762347265625 0.51621637109375 0.114939556640625 0.503725759765625 0.10522641796875 0.50164265625 0.0885736015625 0.45282041015625 0.07506125 0.42320353125 0.04922397265625 0.3791273984375 0.03579446484375 0.37610139453125 0.027829048828125 0.335272181640625 0.009708658203125 0.32798934375 0 0.312495115234375 0
0 0.131693498046875 0 0.1280292734375 0.0511930234375 0.13824348046875 0.05532761328125 0.14981880859375 0.0721461171875 0.16572202734375 0.0676761484375 0.174878873046875 0.04172441015625 0.19794268359375 0.035005654296875 0.191312404296875 0 0.131693498046875 0
0 0.011510009765625 0 0.01001159765625 0.0127350703125 0.0084019453125 0.0142894921875 0.0075735078125 0.0617506171875 0.01373596875 0.07135330078125 0.035580734375 0.089142318359375 0.0488525625 0.14476216015625 0.030452021484375 0.156309875 0.005840853515625 0.1610142734375 0.0050930703125 0.203854806640625 0.029067291015625 0.190309873046875 0.030980701171875 0.171353037109375 0.03980617578125 0.164385748046875 0.051630033203125 0.1669659140625 0.0661761328125 0.19491391015625 0.068728685546875 0.184672087890625 0.08793405078125 0.172347162109375 0.092179099609375 0.1558048046875 0.103947728515625 0.161549044921875 0.11385817578125 0.183086046875 0.147108578125 0.1820839140625 0.15765416015625 0.167234052734375 0.159512341796875 0.15144129296875 0.150963015625 0.14258820703125 0.097173740234375 0.1416493125 0.076745328125 0.133380134765625 0.066779650390625 0.115007208984375 0.073411560546875 0.09771525390625 0.057701646484375 0.09111095703125 0.054868943359375 0.072071279296875 0.04401559765625 0.059221677734375 0.049676994140625 0.05219916015625 0.079708091796875 0.054305875 0.0897842265625 0.066350650390625 0.09042737109375 0.1201675390625 0.119014501953125 0.114336453125 0.120955529296875 0.093797578125 0.106938109375 0.080892748046875 0.10607405078125 0.039732158203125 0.11248504296875 0.03509650390625 0.099004828125 0 0.0856882421875 0 0.05205985546875 0.0063476875 0.029911330078125 0.00596108203125 0.024154779296875 0 0.011510009765625 0
0 0 0.65575346875 0.008292306640625 0.655207978515625 0.00790169921875 0.63225462890625 0 0.6349444140625 0 0.65575346875
0 0.117926345703125 0.675320623046875 0.142406505859375 0.678121705078125 0.142655037109375 0.663883369140625 0.125055318359375 0.629551994140625 0.086948345703125 0.636799431640625 0.0731242265625 0.612820337890625 0.0500051875 0.622703169921875 0.0667448515625 0.660975830078125 0.066054486328125 0.70052676953125 0.117926345703125 0.675320623046875
0 0.485917546875 0.536152138671875 0.507703078125 0.512003353515625 0.499930962890625 0.50395509375 0.5018719921875 0.483416220703125 0.482220787109375 0.475951869140625 0.474977353515625 0.4829467734375 0.47142667578125 0.505040068359375 0.445226404296875 0.510121560546875 0.4411194296875 0.518753728515625 0.457358029296875 0.540401189453125 0.465323443359375 0.5373751875 0.47076392578125 0.54300896875 0.485917546875 0.536152138671875
0 0.37700148828125 0.474906521484375 0.353046005859375 0.4420467265625 0.337505779296875 0.471052080078125 0.34369585546875 0.4790727265625 0.37700148828125 0.474906521484375
0 0.576748015625 0.09225834765625 0.56828153125 0.078659150390625 0.557234884765625 0.076883810546875 0.545190109375 0.0869599453125 0.54977053515625 0.096535013671875 0.576748015625 0.09225834765625
0 0.63614345703125 0.08933880078125 0.6373072734375 0.067995103515625 0.600005126953125 0.074465330078125 0.595732466796875 0.09258972265625 0.63614345703125 0.08933880078125