1 0.236328125 0.423828125 0.259765625 0.27734375
1 0.5478515625 0.8623046875 0.236328125 0.275390625
1 0.5927734375 0.173828125 0.19921875 0.275390625
1 0.2919921875 0.236328125 0.142578125 0.173828125
1 0.0380859375 0.8251953125 0.076171875 0.166015625
1 0.650390625 0.0595703125 0.11328125 0.09375
1 0.53515625 0.3642578125 0.173828125 0.255859375
1 0.513671875 0.07421875 0.1015625 0.1484375
0 0.282934259765625 0.647449966796875 0.295053837890625 0.624590388671875 0.312668736328125 0.614973052734375 0.320291380859375 0.58936476953125 0.317543720703125 0.5827436484375 0.30130421875 0.578994462890625 0.3045531640625 0.568626248046875 0.292935916015625 0.563378435546875 0.286313748046875 0.5772441484375 0.263828044921875 0.57461867578125 0.2468366171875 0.596353498046875 0.27081990625 0.61471927734375 0.282934259765625 0.647449966796875
0 0 0.779099953125 0.00721990234375 0.771096791015625 0.025833189453125 0.7719729921875 0.0368227890625 0.809575533203125 0.04331858984375 0.81107520703125 0.055440255859375 0.765979521484375 0.068307580078125 0.762108150390625 0.078552564453125 0.747368322265625 0.07692966015625 0.7358753515625 0.06593692578125 0.73162697265625 0.0515730625 0.708639982421875 0.059570625 0.68140775 0.070814 0.677161458984375 0.0855569609375 0.65405228515625 0.129778533203125 0.662551130859375 0.136397564453125 0.682039578125 0.13527071875 0.70914753515625 0.124027345703125 0.71339382421875 0.110783013671875 0.74112525390625 0.099664958984375 0.741124208984375 0.091169248046875 0.751991619140625 0.1056594765625 0.75961321875 0.105658431640625 0.7707312734375 0.11877430859375 0.78060133984375 0.111650859375 0.811456392578125 0.08541492578125 0.83618847265625 0.074546470703125 0.8388108125 0.05632503125 0.9107216171875 0.119572705078125 0.9253234921875 0.121634755859375 0.916391767578125 0.1127672578125 0.89552896875 0.12126610546875 0.851307396484375 0.145003974609375 0.822577578125 0.129889228515625 0.81395654296875 0.1350138125 0.7843505234375 0.12314696484375 0.776479326171875 0.1261463125 0.7634877265625 0.134392427734375 0.7499969296875 0.143262017578125 0.74862362109375 0.147885314453125 0.736006939453125 0.178740365234375 0.743130388671875 0.17699005078125 0.758120857421875 0.18785641796875 0.777734626953125 0.182730791015625 0.81845869921875 0.2118376171875 0.81833651171875 0.213335201171875 0.834076818359375 0.228824865234375 0.841073904296875 0.243565736328125 0.840200833984375 0.247564517578125 0.826584716796875 0.265178373046875 0.828085435546875 0.269177154296875 0.8144693203125 0.28216875390625 0.817468666015625 0.281417873046875 0.831834619140625 0.29053705859375 0.8330846953125 0.303407515625 0.7958591640625 0.2916659921875 0.7837406328125 0.2876672109375 0.79735675 0.27367617578125 0.79498191796875 0.26468022265625 0.81172061328125 0.235573396484375 0.81184280078125 0.230075984375 0.820836666015625 0.217084384765625 0.817837318359375 0.217835267578125 0.80347136328125 0.203969552734375 0.79684919921875 0.21784153515625 0.73676304296875 0.23095845703125 0.735515056640625 0.23383248046875 0.726770791015625 0.2210915234375 0.7152767734375 0.221842404296875 0.7009108203125 0.203605080078125 0.68729261328125 0.197362009765625 0.6550621640625 0.2082325546875 0.63020371875 0.2238485859375 0.621835416015625 0.23234534375 0.599849951171875 0.215856244140625 0.593477380859375 0.214483982421875 0.5734897421875 0.1998694765625 0.558997421875 0.18962553515625 0.562619197265625 0.18237780859375 0.586603529296875 0.161764607421875 0.598094412109375 0.13053463671875 0.592594912109375 0.129411970703125 0.575230654296875 0.11517133984375 0.570232439453125 0.093308060546875 0.5908425078125 0.029223125 0.590586640625 0.02722216796875 0.61407178125 0.032717490234375 0.6273140234375 0.0234688046875 0.674783494140625 0.01922042578125 0.6857762265625 0.011974787109375 0.687524453125 0 0.7330540234375 0 0.779099953125
0 0.87277937109375 1 0.862543458984375 0.9523139765625 0.8543004765625 0.93245061328125 0.804206576171875 0.934569580078125 0.786594810546875 0.910832755859375 0.78522359375 0.8797270625 0.793347521484375 0.837129439453125 0.8193328125 0.820892029296875 0.823707556640625 0.79453390625 0.805477544921875 0.703089328125 0.795984484375 0.692345150390625 0.799860037109375 0.660740259765625 0.795240916015625 0.628884728515625 0.7864976953125 0.614892650390625 0.78937485546875 0.572794224609375 0.76501455859375 0.5782885 0.75589641796875 0.565920369140625 0.747899900390625 0.58203455078125 0.7379066015625 0.577161654296875 0.744778365234375 0.565919326171875 0.738534251953125 0.5448069296875 0.709678068359375 0.53643444921875 0.69818718359375 0.515821248046875 0.701437173828125 0.4943349765625 0.72142794921875 0.4596085546875 0.720305283203125 0.442244296875 0.70719044921875 0.421256177734375 0.698570458984375 0.42525287109375 0.681076705078125 0.475095083984375 0.678954603515625 0.45835534375 0.686326607421875 0.44124173046875 0.678707095703125 0.4334958515625 0.6640905 0.441239640625 0.65984212109375 0.452232373046875 0.672957998046875 0.4621024375 0.6715826015625 0.47546895703125 0.65946511328125 0.4760924296875 0.653217865234375 0.488334193359375 0.635847341796875 0.5561651796875 0.62347816796875 0.576401373046875 0.577133451171875 0.56228083984375 0.541528736328125 0.58313945703125 0.529411248046875 0.5837629296875 0.518292150390625 0.594879939453125 0.4939328984375 0.589256162109375 0.477442755859375 0.594001646484375 0.47494573828125 0.578885857421875 0.45983203515625 0.559146767578125 0.43234916015625 0.559643875 0.41910378515625 0.59849335546875 0.42072564453125 0.621104380859375 0.42759636328125 0.620980103515625 0.43984126171875 0.59387319140625 0.4836879140625 0.603995990234375 0.4850601796875 0.623983630859375 0.47506374609375 0.65246489453125 0.452203123046875 0.651463373046875 0.437836126953125 0.66183054296875 0.423220576171875 0.65845627734375 0.4118497890625 0.6891860078125 0.397358515625 0.692682462890625 0.39248562109375 0.702675759765625 0.38111796875 0.700051330078125 0.383117884765625 0.68768424609375 0.36687942578125 0.672817009765625 0.335021806640625 0.699672234375 0.32840173046875 0.691301841796875 0.281931693359375 0.681428642578125 0.267934388671875 0.74576212890625 0.280925990234375 0.7487614765625 0.291792357421875 0.76837524609375 0.303163140625 0.737645513671875 0.330021501953125 0.736148974609375 0.335518912109375 0.727155111328125 0.33514294921875 0.73989711328125 0.34863374609375 0.74814323046875 0.3435091640625 0.77774925 0.351878509765625 0.7822472265625 0.35812471484375 0.781123515625 0.36274801171875 0.768506833984375 0.36287437890625 0.7531414453125 0.353006400390625 0.744021216796875 0.365875814453125 0.71791373828125 0.39036038671875 0.7192901796875 0.40797528515625 0.709672845703125 0.42908663671875 0.714546783203125 0.43296009765625 0.705178001953125 0.442328880859375 0.709051462890625 0.452446455078125 0.720795078125 0.44782315625 0.7334117578125 0.456567423828125 0.73628578515625 0.4561914609375 0.7490277890625 0.4660594375 0.758148017578125 0.4534406640625 0.775760826171875 0.459432046875 0.827604 0.46967598828125 0.823982224609375 0.482671765625 0.782509357421875 0.466061525390625 0.735911912109375 0.47131247265625 0.69094050390625 0.5114151640625 0.66171253515625 0.534150466796875 0.666961392578125 0.541146505859375 0.66258978125 0.55264156640625 0.638730771484375 0.573504365234375 0.629863271484375 0.593366685546875 0.63273834375 0.61060353125 0.6580991171875 0.62021877734375 0.697950123046875 0.6062204296875 0.7734016640625 0.62807952734375 0.797263810546875 0.6273276015625 0.822747818359375 0.638943806640625 0.83911368359375 0.620697080078125 0.925557958984375 0.5850881875 0.990888791015625 0.539384953125 1 0.87277937109375 1
0 1 0.33841378125 0.9832797265625 0.29598540234375 0.967042314453125 0.27000011328125 0.96317303125 0.234896681640625 0.946936666015625 0.1977933359375 0.9393129765625 0.234519673828125 0.915700427734375 0.25900215625 0.8827243203125 0.2240209140625 0.863735068359375 0.23588671484375 0.857860650390625 0.268740634765625 0.88384280859375 0.2858573828125 0.89658272265625 0.308469451171875 0.8994515234375 0.355315451171875 0.87733760546875 0.384420189453125 0.84998005078125 0.3806699609375 0.844357318359375 0.393911158203125 0.847224033203125 0.462993265625 0.85721733203125 0.467866162109375 0.870335298828125 0.45550012109375 0.878829966796875 0.45575076171875 0.89356875 0.477113798828125 0.884945626953125 0.51446465234375 0.8614583984375 0.53469980078125 0.857205841796875 0.590164748046875 0.847209408203125 0.61864601171875 0.850328853515625 0.65699734375 0.8614437734375 0.690352546875 0.883301828125 0.725332748046875 0.903913984375 0.72495991796875 0.919278328125 0.736204337890625 0.9176522890625 0.758065525390625 0.901659251953125 0.790293884765625 0.909779001953125 0.792168478515625 0.94479041015625 0.79610680859375 0.948244640625 0.781144890625 0.942386458984375 0.7620653515625 0.94726248828125 0.71871789453125 0.9621297265625 0.7024794375 0.966355005859375 0.70270028515625 1 0.5569678046875 1 0.33841378125