1 0.1416015625 0.517578125 0.21484375 0.212890625
1 0.5078125 0.4326171875 0.1328125 0.12890625
1 0.326171875 0.4736328125 0.111328125 0.111328125
1 0.4208984375 0.513671875 0.12109375 0.111328125
1 0.6650390625 0.41015625 0.10546875 0.123046875
1 0.8916015625 0.896484375 0.107421875 0.20703125
1 0.9775390625 0.525390625 0.044921875 0.125
1 0.671875 0.6298828125 0.134765625 0.12890625
1 0.333984375 0.9375 0.140625 0.099609375
1 0.669921875 0.923828125 0.16015625 0.15234375
1 0.8427734375 0.986328125 0.123046875 0.02734375
1 0.228515625 0.3642578125 0.138671875 0.1171875
1 0.3564453125 0.3974609375 0.126953125 0.11328125
1 0.3955078125 0.6328125 0.130859375 0.142578125
1 0.4951171875 0.6845703125 0.1484375 0.16796875
1 0.5263671875 0.2470703125 0.08203125 0.076171875
1 0.650390625 0.5078125 0.10546875 0.099609375
1 0.275390625 0.6435546875 0.14453125 0.16015625
0 0.538670939453125 0.499643078125 0.5427025234375 0.49278100390625 0.451894091796875 0.464044724609375 0.440714896484375 0.43593846484375 0.418035599609375 0.433690837890625 0.4182696171875 0.468904978515625 0.472674603515625 0.4873304609375 0.474807404296875 0.50150649609375 0.503702603515625 0.506790689453125 0.507488380859375 0.493015021484375 0.538670939453125 0.499643078125
0 1 0.41828325390625 0.9932077734375 0.411001515625 0.980621408203125 0.417760552734375 0.963488267578125 0.474155572265625 0.9609433125 0.4941986640625 0.97009274609375 0.499574107421875 0.975170865234375 0.487788470703125 0.983674126953125 0.492168900390625 0.999154291015625 0.4637255859375 1 0.46399044140625 1 0.41828325390625
0 0.37113449609375 0.311367154296875 0.4365361796875 0.318407365234375 0.44718403125 0.30866328125 0.4744895625 0.309321240234375 0.509097265625 0.33211536328125 0.539336326171875 0.33511219921875 0.58385445703125 0.327421455078125 0.64164485546875 0.33798984765625 0.693362119140625 0.360990048828125 0.75223878515625 0.39065803515625 0.776650517578125 0.413000275390625 0.78206569140625 0.427873998046875 0.808467455078125 0.448923896484375 0.85267647265625 0.46689749609375 0.854757755859375 0.485350919921875 0.834405548828125 0.50847030859375 0.85703332421875 0.514995328125 0.913000037109375 0.485723341796875 0.938648228515625 0.405408205078125 0.87703232421875 0.384592326171875 0.82443487109375 0.32538296875 0.780328892578125 0.298854587890625 0.647249955078125 0.255129755859375 0.593130505859375 0.267641025390625 0.575117177734375 0.287826884765625 0.548406298828125 0.29244133203125 0.50633008203125 0.288643765625 0.479619203125 0.2932582109375 0.4152640546875 0.281294439453125 0.303520552734375 0.242104595703125 0.287560564453125 0.228420177734375 0.27278987890625 0.2252805703125 0.259117248046875 0.212940013671875 0.25668712109375 0.196127775390625 0.2292388203125 0.180001439453125 0.0657884921875 0.137937361328125 0.056058037109375 0.183715552734375 0.0886280625 0.187851103515625 0.1784414765625 0.2172335546875 0.237809755859375 0.26072873046875 0.286942333984375 0.279748865234375 0.338167982421875 0.288921876953125 0.37113449609375 0.311367154296875
0 0.554209958984375 1 0.56259671875 0.972157876953125 0.58349205859375 0.95858828125 0.598314263671875 0.957450498046875 0.63450726953125 0.87594605859375 0.69385939453125 0.83881698046875 0.699440916015625 0.812557984375 0.71651075 0.788740904296875 0.7245341875 0.750993599609375 0.7318996640625 0.740551822265625 0.754681998046875 0.734244669921875 0.768663744140625 0.7209208828125 0.844474900390625 0.574078068359375 0.851348763671875 0.54980910546875 0.839071513671875 0.530903796875 0.819726111328125 0.52507646875 0.80171278125 0.545262330078125 0.79221450390625 0.5415280703125 0.784963853515625 0.515114517578125 0.798905869140625 0.477767576171875 0.78752059765625 0.46677087890625 0.75693269140625 0.465415228515625 0.727494359375 0.450581234375 0.71823009765625 0.4820611171875 0.730364580078125 0.485498048828125 0.73279470703125 0.502310287109375 0.721940779296875 0.529163935546875 0.6958760703125 0.534773396484375 0.674580365234375 0.554261568359375 0.63683305859375 0.546238130859375 0.6041123515625 0.530706447265625 0.598994501953125 0.51846892578125 0.615081107421875 0.466997470703125 0.5925048515625 0.456195060546875 0.59136706640625 0.44137285546875 0.63196844140625 0.403688857421875 0.636154583984375 0.383994609375 0.61979423046875 0.376228767578125 0.58458008984375 0.376462787109375 0.559550126953125 0.405449234375 0.570134669921875 0.428283087890625 0.561762388671875 0.46767158203125 0.578071220703125 0.4797148125 0.57458276953125 0.496126685546875 0.556426671875 0.500844171875 0.572140853515625 0.50761499609375 0.567502830078125 0.537505212890625 0.553029470703125 0.537001810546875 0.545961318359375 0.5500797890625 0.536411521484375 0.550622921875 0.467830501953125 0.534330240234375 0.4401643359375 0.563614013671875 0.423998271484375 0.567039158203125 0.41991516796875 0.578178623046875 0.463826859375 0.59351601953125 0.485963021484375 0.586213849609375 0.49799446484375 0.5982055625 0.499829939453125 0.609745392578125 0.515892966796875 0.61487503125 0.528816388671875 0.63477535546875 0.561834421875 0.6529432421875 0.562405494140625 0.714816744140625 0.5557774375 0.745999302734375 0.550156185546875 0.748235140625 0.5498470703125 0.773899486328125 0.535671037109375 0.77603228515625 0.525062916015625 0.80979952734375 0.50228058203125 0.816106681640625 0.488556431640625 0.808043513671875 0.453536578125 0.819468515625 0.3726267890625 0.788547916015625 0.3707913125 0.7770080859375 0.382937583984375 0.752144470703125 0.37050577734375 0.7460713359375 0.373399576171875 0.724387056640625 0.389216796875 0.7226031015625 0.394449474609375 0.69798529296875 0.38137149609375 0.690917140625 0.36426193359375 0.690711064453125 0.359584177734375 0.696578123046875 0.34163415625 0.684186044921875 0.32601122265625 0.697160986328125 0.315157294921875 0.7240146328125 0.305956341796875 0.722916578125 0.298539345703125 0.73763574609375 0.285707173828125 0.7374811875 0.2714281015625 0.74816876953125 0.24935524609375 0.722893 0.17928759765625 0.69341930078125 0.179596712890625 0.66775495703125 0.19925123046875 0.64791794140625 0.207520474609375 0.617084228515625 0.227769642578125 0.60251962109375 0.24096244921875 0.572732443359375 0.253897658203125 0.56433221875 0.257774685546875 0.570302318359375 0.278515466796875 0.56956489453125 0.293880806640625 0.57797691015625 0.310332408203125 0.605488517578125 0.342858828125 0.609829216796875 0.371971890625 0.569703302734375 0.3549653671875 0.5609424453125 0.356463787109375 0.5458229140625 0.346279607421875 0.517070482421875 0.317475658203125 0.531532052734375 0.282170265625 0.5120203046875 0.2633164765625 0.5200201640625 0.26411720703125 0.5081830078125 0.2451206484375 0.5007144921875 0.238155537109375 0.505237689453125 0.229886291015625 0.53607140234375 0.23072675 0.54825740234375 0.2424608671875 0.557612912109375 0.239075455078125 0.56547000390625 0.220725068359375 0.55899650390625 0.21894111328125 0.543179283203125 0.190680296875 0.567190650390625 0.1423248671875 0.59293445703125 0.129635462890625 0.6082482734375 0.0888000703125 0.610718130859375 0.079238482421875 0.639561810546875 0.063421263671875 0.641345767578125 0.05331654296875 0.6606396484375 0.040084005859375 0.666403669921875 0 0.65788355078125 0 0.904892015625 0.02043607421875 0.909235837890625 0.02372058984375 0.904787974609375 0.038491275390625 0.907927580078125 0.03938432421875 0.9132634140625 0.272576375 0.9628299140625 0.317219359375 0.907993951171875 0.327466849609375 0.904168443359375 0.391615919921875 0.933241779296875 0.38577680078125 0.98088773046875 0.388002337890625 0.987364458984375 0.402040798828125 0.99034842578125 0.427904537109375 0.980407904296875 0.444665255859375 0.98225516796875 0.462266431640625 0.99628843359375 0.4668529375 0.970675609375 0.479245015625 0.9527255859375 0.499688470703125 0.94935196484375 0.517987337890625 0.960102853515625 0.51703205078125 0.984772181640625 0.503196953125 1 0.554209958984375 1
0 0.36586208984375 0.311961806640625 0.34491523046875 0.3298087890625 0.308951880859375 0.337602572265625 0.29527925 0.325262013671875 0.288377443359375 0.2972072734375 0.25086415625 0.3243979765625 0.2533973203125 0.332655431640625 0.287010005859375 0.3560957265625 0.2869466953125 0.3886736640625 0.312119427734375 0.375155591796875 0.3133720390625 0.353122466796875 0.3281942421875 0.351984681640625 0.335559720703125 0.34154290625 0.346350341796875 0.347267197265625 0.353961626953125 0.343739017578125 0.40005763671875 0.3689750546875 0.407823478515625 0.352614701171875 0.396684013671875 0.348531599609375 0.3871975234375 0.31649679296875 0.37441687109375 0.31206484375 0.36586208984375 0.311961806640625