1 0.0947265625 0.8359375 0.1875 0.328125
1 0.314453125 0.4501953125 0.126953125 0.1640625
1 0.0390625 0.509765625 0.076171875 0.125
1 0.40625 0.451171875 0.09375 0.150390625
1 0.8583984375 0.9501953125 0.169921875 0.099609375
1 0.580078125 0.759765625 0.232421875 0.3671875
1 0.6767578125 0.52734375 0.2919921875 0.2373046875
1 0.5341796875 0.8056640625 0.1435546875 0.267578125
1 0.927734375 0.314453125 0.1220703125 0.1064453125
0 0.203125 0.20234375 0.2171875 0.21171875 0.21875 0.17421875 0.2109375 0.15703125 0.20390625 0.1546875 0.203125 0.20234375
0 0.68359375 0.1640625 0.70703125 0.171875 0.72734375 0.16875 0.74140625 0.18125 0.7515625 0.15546875 0.66484375 0.15625 0.6515625 0.19296875 0.6390625 0.18203125 0.6421875 0.22578125 0.65078125 0.2 0.6578125 0.21796875 0.6640625 0.19453125 0.68359375 0.1640625
0 0.3125 0.15390625 0.3140625 0.18828125 0.29921875 0.1984375 0.29296875 0.1484375 0.2828125 0.15859375 0.27890625 0.178125 0.265625 0.16953125 0.26328125 0.1578125 0.25078125 0.159375 0.23203125 0.1515625 0.2296875 0.20859375 0.26484375 0.2046875 0.2796875 0.21953125 0.321875 0.21640625 0.328125 0.17109375 0.3171875 0.15078125 0.3125 0.15390625
0 0.39609375 0.3890625 0.3703125 0.39453125 0.3703125 0.42578125 0.37734375 0.4375 0.39921875 0.4359375 0.40078125 0.43125 0.446875 0.45078125 0.4609375 0.39296875 0.45234375 0.3859375 0.40859375 0.3765625 0.39609375 0.3890625
0 0.4234375 0.21640625 0.42890625 0.225 0.4375 0.21796875 0.4390625 0.19765625 0.45234375 0.171875 0.46484375 0.190625 0.48359375 0.1890625 0.49453125 0.178125 0.5 0.20234375 0.51328125 0.2015625 0.515625 0.15703125 0.46796875 0.1515625 0.45078125 0.1625 0.43828125 0.1546875 0.40859375 0.153125 0.3953125 0.15859375 0.39296875 0.1703125 0.36171875 0.18125 0.3578125 0.14296875 0.33515625 0.1453125 0.33125 0.17109375 0.3375 0.18515625 0.35078125 0.1875 0.35703125 0.2015625 0.36640625 0.1953125 0.37265625 0.203125 0.38203125 0.1890625 0.39296875 0.1859375 0.396875 0.21640625 0.40625 0.22734375 0.41171875 0.1734375 0.4265625 0.17265625 0.4296875 0.18515625 0.4234375 0.21640625
0 0 0.18828125 0.0125 0.18984375 0.0078125 0.19296875 0.0140625 0.19609375 0.0109375 0.20078125 0.02890625 0.234375 0.04140625 0.234375 0.04453125 0.2203125 0.05234375 0.2328125 0.08828125 0.2265625 0.09453125 0.2328125 0.14375 0.23359375 0.1484375 0.22421875 0.1390625 0.19765625 0.1453125 0.18828125 0.14140625 0.171875 0.13046875 0.175 0.12578125 0.1875 0.11875 0.18515625 0.1234375 0.20078125 0.11640625 0.2015625 0.109375 0.19609375 0.10390625 0.1703125 0.07734375 0.1671875 0.0734375 0.20078125 0.06796875 0.2046875 0.0703125 0.19140625 0.06171875 0.1703125 0 0.17109375 0 0.18828125
0 0.4078125 0.76484375 0.4140625 0.73828125 0.4359375 0.73359375 0.4375 0.70703125 0.40859375 0.703125 0.40390625 0.6953125 0.38671875 0.6890625 0.36171875 0.6890625 0.3625 0.71484375 0.34375 0.73046875 0.334375 0.74921875 0.3328125 0.78203125 0.34140625 0.7921875 0.34609375 0.76875 0.35390625 0.76875 0.35546875 0.775 0.35859375 0.76875 0.37421875 0.76875 0.375 0.78203125 0.38984375 0.784375 0.39453125 0.796875 0.4234375 0.79921875 0.4671875 0.79453125 0.4625 0.78046875 0.46640625 0.76875 0.4078125 0.76484375
0 1 0.17109375 0.99765625 0.14375 0.94921875 0.1453125 0.93125 0.15859375 0.92578125 0.1734375 0.9109375 0.15546875 0.91015625 0.1453125 0.89296875 0.146875 0.88671875 0.175 0.86796875 0.1828125 0.81171875 0.1859375 0.80859375 0.1953125 0.8015625 0.18515625 0.82109375 0.175 0.87578125 0.171875 0.8765625 0.14921875 0.80390625 0.1515625 0.796875 0.16015625 0.796875 0.20234375 0.80546875 0.1984375 0.81171875 0.2078125 0.85546875 0.20625 0.8625 0.20078125 0.86484375 0.1859375 0.8765625 0.18671875 0.87890625 0.2046875 0.92578125 0.1796875 0.93828125 0.20625 0.965625 0.20859375 0.97734375 0.1984375 0.9859375 0.20390625 0.9890625 0.17578125 1 0.17109375
0 0.52734375 0.5484375 0.43046875 0.5234375 0.39296875 0.525 0.36171875 0.51875 0.34921875 0.5296875 0.32265625 0.53125 0.29609375 0.51875 0.26484375 0.515625 0.25390625 0.5015625 0.2328125 0.49453125 0.228125 0.44609375 0.22265625 0.440625 0.20390625 0.4453125 0.18515625 0.459375 0.18203125 0.4546875 0.14609375 0.4765625 0.14296875 0.4703125 0.13828125 0.478125 0.090625 0.49921875 0.09453125 0.53125 0.11484375 0.5046875 0.14453125 0.5078125 0.153125 0.51796875 0.15625 0.55078125 0.18828125 0.5640625 0.20859375 0.565625 0.2109375 0.54921875 0.22109375 0.5390625 0.29609375 0.546875 0.303125 0.59765625 0.31640625 0.6 0.34609375 0.621875 0.35703125 0.6234375 0.3765625 0.60859375 0.37734375 0.6 0.39765625 0.603125 0.40390625 0.58125 0.40859375 0.5953125 0.42421875 0.5984375 0.42734375 0.59375 0.44765625 0.596875 0.45078125 0.58125 0.453125 0.61796875 0.45546875 0.625 0.4609375 0.62421875 0.51328125 0.603125 0.5421875 0.57109375 0.540625 0.55859375 0.52734375 0.5484375
0 0.3125 0.75859375 0.2890625 0.71953125 0.284375 0.68671875 0.29453125 0.6328125 0.2484375 0.65078125 0.25 0.67109375 0.27578125 0.675 0.27734375 0.6875 0.23515625 0.690625 0.2359375 0.70234375 0.22109375 0.7046875 0.215625 0.67109375 0.221875 0.63671875 0.19921875 0.5953125 0.15390625 0.59375 0.11953125 0.58125 0.08984375 0.58125 0.08046875 0.56875 0.06484375 0.575 0 0.56953125 0.00078125 0.65 0.05546875 0.640625 0.06875 0.62265625 0.0625 0.62109375 0.06015625 0.60625 0.05 0.60546875 0.06640625 0.603125 0.0765625 0.61484375 0.078125 0.64296875 0.084375 0.64453125 0.08515625 0.634375 0.090625 0.63984375 0.08125 0.65546875 0.0921875 0.66484375 0.11015625 0.7203125 0.20546875 0.7640625 0.24765625 0.7703125 0.2796875 0.79140625 0.29453125 0.784375 0.2984375 0.76953125 0.30859375 0.7671875 0.3125 0.75859375
0 0.17734375 0.440625 0.20546875 0.4390625 0.23203125 0.41875 0.26015625 0.4125 0.26953125 0.396875 0.30234375 0.3765625 0.35703125 0.3828125 0.39765625 0.3609375 0.46328125 0.3453125 0.48203125 0.3328125 0.49140625 0.3171875 0.515625 0.30703125 0.5171875 0.28984375 0.52421875 0.28125 0.54609375 0.2796875 0.55234375 0.29375 0.59140625 0.296875 0.63984375 0.2828125 0.64375 0.26796875 0.56953125 0.2640625 0.53984375 0.253125 0.50078125 0.2515625 0.44765625 0.2390625 0.42421875 0.24375 0.41796875 0.2390625 0.33046875 0.2375 0.31015625 0.24375 0.27421875 0.24375 0.19921875 0.2359375 0.14453125 0.24375 0.09296875 0.2375 0.02578125 0.2390625 0.00078125 0.2453125 0 0.46953125 0.01484375 0.45625 0.02734375 0.4546875 0.0921875 0.48046875 0.13515625 0.465625 0.15078125 0.453125 0.16640625 0.4515625 0.17734375 0.440625