1 0.21484375 0.2607421875 0.4296875 0.150390625
1 0.33984375 0.6376953125 0.064453125 0.060546875
1 0.2958984375 0.5703125 0.1484375 0.095703125
1 0.046875 0.4619140625 0.09375 0.091796875
0 1 0.473796111328125 0.958259982421875 0.076666375 0.789341849609375 0.08198172265625 0.77215953125 0.0959510625 0.772703828125 0.12427513671875 0.737708171875 0.138494947265625 0.75188946484375 0.149978734375 0.725800478515625 0.164073310546875 0.741754435546875 0.1769925703125 0.73774184375 0.192821291015625 0.724909302734375 0.194170044921875 0.71697083984375 0.211222287109375 0.68826621875 0.215861052734375 0.65727830859375 0.245066615234375 0.616921306640625 0.26228260546875 0.552411728515625 0.3274471875 0.493224978515625 0.36610371875 0.480980095703125 0.388473943359375 0.451514376953125 0.401301640625 0.406855796875 0.393021146484375 0.3893362890625 0.403782353515625 0.405714154296875 0.405304544921875 0.400815232421875 0.42041553125 0.37831492578125 0.430078451171875 0.358728927734375 0.428893447265625 0.352442736328125 0.407660021484375 0.345140134765625 0.407616662109375 0.290808947265625 0.438464806640625 0.293593173828125 0.449524685546875 0.31115119921875 0.4622753515625 0.321869046875 0.4870974609375 0.34065058984375 0.50377399609375 0.46424566796875 0.5070015078125 0.51594669140625 0.55914096875 0.530209861328125 0.5868340234375 0.532401587890625 0.60768690234375 0.519308890625 0.652851263671875 0.543196466796875 0.67953275390625 0.543784123046875 0.700554228515625 0.534747376953125 0.722587265625 0.538037388671875 0.738459349609375 0.546944056640625 0.73833411328125 0.5857837109375 0.70668151171875 0.65149743359375 0.76870069140625 0.65402634765625 0.79276170703125 0.65560308203125 0.792192921875 0.70229912109375 0.98149164453125 1 0.9502020234375 1 0.473796111328125
0 0.537859107421875 0.798484224609375 0.501432818359375 0.783662224609375 0.501639927734375 0.8087781640625 0.52291187109375 0.826003841796875 0.526038130859375 0.809457384765625 0.537859107421875 0.798484224609375
0 0.453638294921875 0.853557134765625 0.4773187578125 0.855122685546875 0.480950802734375 0.8433884296875 0.474881408203125 0.785641998046875 0.484549171875 0.777327830078125 0.493581076171875 0.786109263671875 0.50570072265625 0.754832369140625 0.50350899609375 0.733979490234375 0.495194830078125 0.724311724609375 0.46834474609375 0.746595234375 0.428074462890625 0.7492060234375 0.41908107421875 0.7639364609375 0.430974236328125 0.830801515625 0.453638294921875 0.853557134765625
0 0.51526239453125 0.88438129296875 0.49542108203125 0.89619742578125 0.48579667578125 0.897208990234375 0.478368841796875 0.8882589609375 0.46802669921875 0.890156859375 0.479081734375 0.91818710546875 0.467935134765625 0.935576533203125 0.50723237109375 0.9468532109375 0.536524650390625 0.96323591796875 0.56645279296875 0.962523025390625 0.6004850859375 0.900561734375 0.60142446484375 0.83234792578125 0.563307390625 0.83229972265625 0.55685260546875 0.809462228515625 0.544232015625 0.80511244921875 0.558369953125 0.8238988359375 0.55718010546875 0.87429930859375 0.568827642578125 0.892536552734375 0.53459308203125 0.898567431640625 0.5259465703125 0.854877060546875 0.51298879296875 0.84731914453125 0.51526239453125 0.88438129296875
0 0.65242228125 0.79293030078125 0.651834623046875 0.771908828125 0.588442705078125 0.70883472265625 0.57953603515625 0.708959958984375 0.539217548828125 0.749687822265625 0.538538328125 0.774086021484375 0.52528187890625 0.786831845703125 0.565422083984375 0.806128857421875 0.577580248046875 0.798363833984375 0.5981778125 0.8091732421875 0.634690818359375 0.809390041015625 0.65242228125 0.79293030078125
0 0.12735273046875 0.78892208984375 0.1212302890625 0.800107201171875 0.1315290703125 0.80551190625 0.16711723046875 0.78149909765625 0.190841056640625 0.775762046875 0.19249332421875 0.73747637890625 0.17911164453125 0.74131553125 0.12735273046875 0.78892208984375
0 0.46602294140625 0.747650158203125 0.4925358359375 0.722158515625 0.458050806640625 0.710376056640625 0.43162462890625 0.721262498046875 0.32803945703125 0.707822923828125 0.263202376953125 0.70815042578125 0.23876081640625 0.714773806640625 0.24348630078125 0.728873224609375 0.25289875 0.733560193359375 0.33732183203125 0.734417697265625 0.4030018828125 0.742110533203125 0.420054123046875 0.750048994140625 0.46602294140625 0.747650158203125
0 0.675616802734375 0.12637045703125 0.692967716796875 0.11400518359375 0.698883048828125 0.077704130859375 0.674865392578125 0.072930443359375 0.631386974609375 0.075878423828125 0.61973459375 0.088455650390625 0.595167798828125 0.08617236328125 0.560721283203125 0.097901775390625 0.54666522265625 0.095324658203125 0.544473498046875 0.074471779296875 0.536327923828125 0.066408080078125 0.4989285859375 0.065473546875 0.488374490234375 0.073069978515625 0.479173994140625 0.0626844765625 0.44835951953125 0.0626796328125 0.439997150390625 0.09112894140625 0.4141201171875 0.099524984375 0.4245007734375 0.12113895703125 0.4388940234375 0.1269242109375 0.449616712890625 0.12093184765625 0.462786443359375 0.122791228515625 0.478913837890625 0.106500083984375 0.4983649140625 0.16040736328125 0.5081145546875 0.168302466796875 0.517401771484375 0.164082765625 0.5324693984375 0.1762842890625 0.54623162890625 0.168350669921875 0.53939629296875 0.149607642578125 0.544675763671875 0.130402189453125 0.55657861328125 0.135638298828125 0.566795521484375 0.124833734375 0.5876483984375 0.1226420078125 0.59963796875 0.113272916015625 0.608583154296875 0.136659552734375 0.627326181640625 0.12982421875 0.633318544921875 0.140546908203125 0.646069208984375 0.1229888828125 0.675616802734375 0.12637045703125