1 0.2509765625 0.9228515625 0.115234375 0.154296875
1 0.1748046875 0.9599609375 0.115234375 0.080078125
1 0.8486328125 0.6435546875 0.16796875 0.240234375
1 0.484375 0.4609375 0.068359375 0.10546875
1 0.654296875 0.34375 0.056640625 0.083984375
1 0.2626953125 0.3173828125 0.068359375 0.07421875
1 0.509765625 0.69921875 0.12890625 0.162109375
1 0.7939453125 0.3671875 0.115234375 0.12109375
1 0.16015625 0.373046875 0.09375 0.095703125
1 0.703125 0.3271484375 0.056640625 0.076171875
1 0.0625 0.4248046875 0.060546875 0.09375
1 0.435546875 0.4453125 0.056640625 0.078125
1 0.3203125 0.365234375 0.0703125 0.080078125
1 0.677734375 0.5751953125 0.115234375 0.130859375
1 0.3828125 0.3203125 0.08203125 0.087890625
1 0.197265625 0.2919921875 0.052734375 0.06640625
1 0.3388671875 0.5673828125 0.146484375 0.12890625
1 0.3828125 0.59765625 0.083984375 0.095703125
1 0.4580078125 0.62890625 0.080078125 0.091796875
1 0.6630859375 0.7734375 0.1484375 0.1875
1 0.14453125 0.8193359375 0.099609375 0.130859375
1 0.19921875 0.748046875 0.0859375 0.11328125
1 0.244140625 0.708984375 0.0859375 0.111328125
1 0.0751953125 0.875 0.08203125 0.158203125
1 0.1513671875 0.5126953125 0.05859375 0.072265625
1 0.2587890625 0.458984375 0.060546875 0.0546875
1 0.3388671875 0.326171875 0.0546875 0.052734375
1 0.5107421875 0.130859375 0.05078125 0.041015625
0 0.608399431640625 0.041306912109375 0.60361818359375 0.021903701171875 0.573960455078125 0.034340931640625 0.57934995703125 0.045673349609375 0.608399431640625 0.041306912109375
0 0.456436375 0.027981189453125 0.438884837890625 0.041330802734375 0.471168013671875 0.0437638125 0.478851919921875 0.041221126953125 0.481146326171875 0.027346021484375 0.504308732421875 0.01410709375 0.452428900390625 0.014879859375 0.456436375 0.027981189453125
0 0.468897498046875 0.22715351171875 0.471853984375 0.270769103515625 0.481085439453125 0.280830177734375 0.487995572265625 0.271985609375 0.491699927734375 0.243544388671875 0.50084862109375 0.246419125 0.50977594921875 0.260515595703125 0.518841884765625 0.256203994140625 0.53882643359375 0.210571208984375 0.54651033984375 0.20802851953125 0.57050135546875 0.221075013671875 0.5761959921875 0.1827940859375 0.552066369140625 0.188155662109375 0.518538765625 0.21466144140625 0.468897498046875 0.22715351171875
0 0.7882701484375 0.43821771484375 0.796534384765625 0.4404014375 0.815882759765625 0.4156366484375 0.812953185546875 0.40480180078125 0.740648091796875 0.382494921875 0.730034609375 0.374202763671875 0.7285139765625 0.394379748046875 0.7075901328125 0.41933798046875 0.706760513671875 0.4386305078125 0.7149419921875 0.43362789453125 0.723593115234375 0.438962556640625 0.75750760546875 0.415607716796875 0.78072484765625 0.422352330078125 0.7882701484375 0.43821771484375
0 0.873291705078125 0.362210279296875 0.86726602734375 0.371745861328125 0.8510137578125 0.376140220703125 0.833406375 0.4150842421875 0.861073822265625 0.412486716796875 0.87489308203125 0.440375529296875 0.899270982421875 0.456572962890625 0.907700740234375 0.473129361328125 0.916186345703125 0.4640913515625 0.91170922265625 0.440652744140625 0.8806425546875 0.422078142578125 0.877547458984375 0.39687062109375 0.890704634765625 0.367268740234375 0.913673595703125 0.352454341796875 0.89816818359375 0.330369837890625 0.8865595625 0.32699753125 0.869091796875 0.30195553125 0.849136177734375 0.2892131640625 0.866299818359375 0.3182905625 0.873291705078125 0.362210279296875
0 0.459309095703125 0.10998839453125 0.45532853515625 0.12966780859375 0.43426709375 0.1274561640625 0.3722155078125 0.14307125 0.369838341796875 0.149760015625 0.38106007421875 0.1499813828125 0.4077044609375 0.165100916015625 0.419672044921875 0.1844213671875 0.430037244140625 0.171154515625 0.4595842890625 0.164328150390625 0.4967873203125 0.167756302734375 0.51690946484375 0.14929339453125 0.54916471875 0.164523611328125 0.55563312890625 0.1325445625 0.537225056640625 0.132405955078125 0.527550869140625 0.144788349609375 0.504913958984375 0.1427701484375 0.4888830546875 0.135942775390625 0.476445822265625 0.106285046875 0.459309095703125 0.10998839453125
0 0 0.337025484375 0.02334258203125 0.323440544921875 0.042054779296875 0.319543755859375 0.05449301953125 0.303623533203125 0.08948541015625 0.282535177734375 0.0763292421875 0.266559109375 0.07627440625 0.246575568359375 0.085727224609375 0.245414908203125 0.091061888671875 0.23676378515625 0.107396919921875 0.239555759765625 0.120830298828125 0.218715685546875 0.131361021484375 0.219821509765625 0.146175419921875 0.24279046875 0.18813278125 0.232841087890625 0.233407611328125 0.191299544921875 0.235425814453125 0.1686626328125 0.227991197265625 0.147186380859375 0.236587484375 0.13253750390625 0.2544700625 0.147933240234375 0.270833015625 0.13792801171875 0.280562041015625 0.14552916015625 0.284458830078125 0.164241357421875 0.273678822265625 0.18715447265625 0.28984833203125 0.175573775390625 0.30264553515625 0.175601697265625 0.312458328125 0.14481123046875 0.300352138671875 0.143898853515625 0.292309265625 0.13049339453125 0.23777606640625 0.12919312109375 0.21909179296875 0.12029270703125 0.146177435546875 0.151634572265625 0.1398476328125 0.165205548828125 0.11289912109375 0.154121412109375 0.065248130859375 0.156773775390625 0.061129974609375 0.1492833125 0.05394363671875 0.1493660703125 0.055629791015625 0.14356176171875 0.0300353828125 0.143505916015625 0 0.16048488671875 0 0.211828955078125 0.01414106640625 0.20942637109375 0.0178175 0.193782353515625 0.025998978515625 0.18877973828125 0.045042216796875 0.213628296875 0.051952349609375 0.204783728515625 0.062869955078125 0.2090404921875 0.075003060546875 0.242733615234375 0.056097421875 0.2450549375 0.041891275390625 0.21401518359375 0.0216863671875 0.22529175390625 0.027711037109375 0.26133412109375 0.037854869140625 0.25928900390625 0.050706912109375 0.27930046875 0.04606326171875 0.28706713671875 0.014553859375 0.290936005859375 0.000401544921875 0.325457740234375 0 0.325736390625 0 0.337025484375
0 1 0.624670306640625 0.992910697265625 0.626587142578125 0.954325640625 0.62492790625 0.920108033203125 0.606740193359375 0.91562990234375 0.628879533203125 0.92837126171875 0.65450186328125 0.9336480625 0.762601048828125 0.96750469140625 0.855996515625 0.96269451171875 0.89496845703125 0.970294650390625 0.9308173828125 0.96062046484375 0.94319977734375 0.960710205078125 0.9471868125 1 0.9423626328125 1 0.624670306640625
0 0.753083306640625 0.503308548828125 0.732436673828125 0.491450638671875 0.722929015625 0.4726277578125 0.70924735546875 0.471908822265625 0.699352810546875 0.449935 0.6914754609375 0.450902216796875 0.6917516640625 0.459664025390625 0.677655193359375 0.468591353515625 0.659274037109375 0.5012334921875 0.613059912109375 0.522100482421875 0.6189738984375 0.563753716796875 0.62527577734375 0.562979943359375 0.662590498046875 0.515219279296875 0.68854387109375 0.53122326953125 0.713944833984375 0.52970364453125 0.732518427734375 0.54421492578125 0.73127399609375 0.573153716796875 0.710294306640625 0.623706359375 0.699542220703125 0.63382226953125 0.6869384609375 0.63536981640625 0.666872158203125 0.628238314453125 0.639758126953125 0.602781505859375 0.62922740625 0.601675681640625 0.62270516796875 0.568093240234375 0.57997403125 0.5717407421875 0.554822357421875 0.549241427734375 0.542522720703125 0.546753578125 0.508333037109375 0.515768662109375 0.510655365234375 0.48909635546875 0.485033033203125 0.501837712890625 0.45670249609375 0.492522490234375 0.448659623046875 0.479117033203125 0.4392068046875 0.480277693359375 0.42328658203125 0.467839453125 0.40576296875 0.468391859375 0.357919544921875 0.423890802734375 0.353635865234375 0.4020276640625 0.359689466796875 0.379694880859375 0.3171238515625 0.397715056640625 0.29067291015625 0.3841709921875 0.281054568359375 0.370958978515625 0.27815291796875 0.347326927734375 0.270192806640625 0.34110780859375 0.253332283203125 0.3535729609375 0.2466704296875 0.383976541015625 0.234066669921875 0.385524087890625 0.225913115234375 0.377729498046875 0.2052674921875 0.320293638671875 0.179673083984375 0.32023779296875 0.168285830078125 0.305643751953125 0.129396646484375 0.308019912109375 0.14874401171875 0.328833072265625 0.175499080078125 0.33834173828125 0.196421916015625 0.358961455078125 0.202281064453125 0.380631150390625 0.19476267578125 0.39754651171875 0.204878587890625 0.40829859765625 0.232850162109375 0.40166567578125 0.256039482421875 0.4212074921875 0.295011423828125 0.426017671875 0.31444155078125 0.45401716796875 0.32251234375 0.454625423828125 0.331606201171875 0.437516619140625 0.35172733984375 0.464631658203125 0.35051083203125 0.48077324609375 0.36405388671875 0.49990025390625 0.38166026171875 0.50653418359375 0.396668103515625 0.531078615234375 0.4293102421875 0.549459771484375 0.4487403671875 0.577459267578125 0.470105935546875 0.575635517578125 0.485031017578125 0.592993611328125 0.495672421875 0.588488568359375 0.509049955078125 0.5932428984375 0.534090947265625 0.621353080078125 0.551199751953125 0.6304469375 0.5641345546875 0.65764473828125 0.598545607421875 0.677407921875 0.60893772265625 0.696921814453125 0.6374068671875 0.687828966796875 0.754044474609375 0.784653595703125 0.778810271484375 0.75842401953125 0.81543296875 0.757125759765625 0.833315546875 0.772521498046875 0.853824580078125 0.75720953125 0.856505873046875 0.746485365234375 0.78298528125 0.694742125 0.779421548828125 0.613619376953125 0.776491974609375 0.602784529296875 0.757807701171875 0.5938841171875 0.75330265625 0.58324271484375 0.748494494140625 0.5310587578125 0.753083306640625 0.503308548828125
0 0.55982698828125 0.4662670078125 0.5605190078125 0.4198046015625 0.549601400390625 0.41554783984375 0.536776275390625 0.42831712109375 0.518064078125 0.43221391015625 0.51670896484375 0.4667635703125 0.55982698828125 0.4662670078125
0 0.589651244140625 0.4226245 0.605737994140625 0.403857466796875 0.637606359375 0.4159367421875 0.653361060546875 0.41400230859375 0.6676788984375 0.39385324609375 0.667900263671875 0.38263151171875 0.635312962890625 0.384233896484375 0.623262615234375 0.357727109375 0.6158828359375 0.356234400390625 0.613892556640625 0.36607410546875 0.601288794921875 0.367621654296875 0.586584072265625 0.384619775390625 0.589651244140625 0.4226245
0 0.9490818046875 0.276141771484375 0.978331201171875 0.292940478515625 0.972975830078125 0.2493244921875 0.93274778125 0.227771845703125 0.893388953125 0.219810728515625 0.905163095703125 0.237555708984375 0.917960298828125 0.2375836328125 0.929458236328125 0.2465668046875 0.9490818046875 0.276141771484375
0 0.1719282890625 0.576264634765625 0.174139935546875 0.555203193359375 0.185997845703125 0.5345565625 0.176462265625 0.528530884765625 0.156644244140625 0.542958396484375 0.165626408203125 0.577038408203125 0.1719282890625 0.576264634765625
0 0.23595623828125 1 0.201743470703125 0.942823671875 0.217203060546875 1 0.23595623828125 1
0 0.09961916015625 0.736269552734375 0.088508111328125 0.730437318359375 0.082925166015625 0.71752943359375 0.090442544921875 0.746192021484375 0.0989002265625 0.74995121484375 0.101829798828125 0.7607860625 0.1224764296875 0.772643970703125 0.137872166015625 0.754761392578125 0.13024410546875 0.731709671875 0.09961916015625 0.736269552734375
0 0.0858856875 0.5788332265625 0.089975921875 0.599120896484375 0.102523837890625 0.623167755859375 0.111092201171875 0.62131608203125 0.126321408203125 0.634638779296875 0.12737239453125 0.604124517578125 0.112088349609375 0.570818279296875 0.096250888671875 0.565566376953125 0.0858856875 0.5788332265625
0 0.04290223828125 0.743233515625 0.027337765625 0.753229548828125 0.038768259765625 0.846323453125 0.058268037109375 0.8293040390625 0.0632158125 0.817501974609375 0.0775057265625 0.810150119140625 0.070928650390625 0.75658413671875 0.054566705078125 0.7210114140625 0.04290223828125 0.743233515625
0 0.4226753046875 0.612644095703125 0.436274205078125 0.606176693359375 0.43403564453125 0.594457388671875 0.421625328125 0.597580408203125 0.4140241796875 0.607309431640625 0.418446462890625 0.610764498046875 0.399734265625 0.614661287109375 0.378616978515625 0.63804405078125 0.347163423828125 0.616318509765625 0.327538845703125 0.6323214921875 0.3350841484375 0.648186876953125 0.354680802734375 0.644981099609375 0.361728533203125 0.66330641015625 0.351363333984375 0.676573259765625 0.335415189453125 0.67693222265625 0.2970504921875 0.709629201171875 0.299343890625 0.741332046875 0.28903352734375 0.7745824375 0.28881216015625 0.785804171875 0.293732013671875 0.786799310546875 0.314241046875 0.77148734375 0.31073114453125 0.7559260859375 0.317365072265625 0.738319712890625 0.3264310078125 0.734008111328125 0.337237931640625 0.7438757421875 0.37582399609375 0.69995703125 0.37350267578125 0.681051390625 0.379141462890625 0.668364869140625 0.410733626953125 0.671682337890625 0.412530462890625 0.660267162109375 0.423973564453125 0.64926679296875 0.4226753046875 0.612644095703125
0 0.10796789453125 1 0.112853048828125 0.987321703125 0.1222779453125 0.998958248046875 0.152102203125 0.95531573828125 0.178139341796875 0.932928119140625 0.19182100390625 0.9336470546875 0.19834425 0.921651546875 0.198786982421875 0.899208078125 0.214210642578125 0.868528296875 0.2059194921875 0.833563828125 0.20354232421875 0.84025259375 0.193398490234375 0.842297712890625 0.191877857421875 0.862474697265625 0.14638266796875 0.869660025390625 0.131595185546875 0.87947180859375 0.113629845703125 0.856889736328125 0.103293578125 0.81178143359375 0.09710237890625 0.80694433984375 0.0903029296875 0.810178041015625 0.112578861328125 0.887403998046875 0.094612513671875 0.910399873046875 0.089526130859375 0.940610009765625 0.076507560546875 0.951803818359375 0.05801673046875 0.944478876953125 0.05214580859375 0.955274833984375 0.054247892578125 0.972394943359375 0.0643455234375 0.97648584765625 0.064897931640625 0.994009462890625 0.05866629296875 1 0.10796789453125 1
0 0 0.530581314453125 0.00068391015625 0.53615131640625 0.01883249609375 0.540688888671875 0.031492103515625 0.51354693359375 0.021791001953125 0.49314858203125 0 0.502286830078125 0 0.530581314453125
0 0.1218742265625 0.5072470703125 0.12452860546875 0.46374216015625 0.145341765625 0.444394794921875 0.163362951171875 0.4413824609375 0.156232458984375 0.4158708125 0.118393255859375 0.433310658203125 0.0868280078125 0.46277393359375 0.06170324609375 0.473055365234375 0.0646328203125 0.483890212890625 0.07397495703125 0.488340419921875 0.090144466796875 0.47675972265625 0.086689400390625 0.481182005859375 0.1218742265625 0.5072470703125
0 0.083097744140625 0.4128564609375 0.07925680078125 0.368549857421875 0.06264556640625 0.356996072265625 0.050124564453125 0.36572995703125 0.051063859375 0.38640451171875 0.073258037109375 0.410866181640625 0.083097744140625 0.4128564609375
0 0.674467255859375 0.89197698828125 0.65473199609375 0.9135908359375 0.64812498046875 0.963977955078125 0.620741939453125 0.988929666015625 0.7540206484375 0.972565099609375 0.744836908203125 0.94410711328125 0.70476015234375 0.90424970703125 0.69716001171875 0.86840078125 0.691355703125 0.86671462890625 0.68052085546875 0.869644203125 0.674467255859375 0.89197698828125
0 0.5305813125 1 0.578127845703125 0.99416201953125 0.5601200234375 0.963589052734375 0.534940423828125 0.95388694140625 0.529689529296875 0.924146453125 0.521535974609375 0.916351865234375 0.508793607421875 0.936307482421875 0.503153810546875 0.994571953125 0.501003546875 1 0.5305813125 1
0 0.516784666015625 0.79299555078125 0.4791399140625 0.76643291796875 0.4687188671875 0.805294177734375 0.49387054296875 0.827793490234375 0.517558439453125 0.799297431640625 0.516784666015625 0.79299555078125