1 0.3173828125 0.521484375 0.07421875 0.076171875
1 0.4990234375 0.916015625 0.146484375 0.16796875
1 0.58203125 0.880859375 0.146484375 0.1875
1 0.361328125 0.642578125 0.103515625 0.119140625
1 0.2197265625 0.9248046875 0.1328125 0.107421875
1 0.7607421875 0.8046875 0.173828125 0.189453125
1 0.083984375 0.4775390625 0.078125 0.083984375
1 0.927734375 0.7109375 0.1171875 0.12890625
1 0.267578125 0.4130859375 0.076171875 0.072265625
1 0.8935546875 0.5986328125 0.0859375 0.099609375
1 0.2529296875 0.4755859375 0.064453125 0.05859375
1 0.505859375 0.443359375 0.068359375 0.07421875
1 0.822265625 0.7548828125 0.126953125 0.1015625
1 0.6982421875 0.2197265625 0.07421875 0.041015625
0 0.716709982421875 0.62219636328125 0.724862927734375 0.56000693359375 0.7432479765625 0.54658183984375 0.779686796875 0.553644859375 0.8027437421875 0.54960194921875 0.806234447265625 0.539461115234375 0.79218036328125 0.534750826171875 0.80707470703125 0.531466564453125 0.81102634765625 0.509249880859375 0.84207784375 0.506047232421875 0.829622669921875 0.50150499609375 0.828945630859375 0.477185244140625 0.8212871875 0.4731471640625 0.8234718671875 0.4523613359375 0.8344097421875 0.44057837109375 0.831336755859375 0.43136423828125 0.80108712890625 0.45000860546875 0.805970296875 0.465071001953125 0.791412056640625 0.46515744140625 0.791623330078125 0.47083765234375 0.805466140625 0.469867732421875 0.798398294921875 0.475591162109375 0.79810541015625 0.4860681015625 0.807319544921875 0.482995115234375 0.801260009765625 0.4791250859375 0.80727632421875 0.47571599609375 0.81001320703125 0.48812794921875 0.797937357421875 0.487667013671875 0.786663376953125 0.502647796875 0.77955230859375 0.501092107421875 0.78026291015625 0.471260197265625 0.764403470703125 0.491417037109375 0.7635583828125 0.4686961953125 0.751016767578125 0.44959571875 0.752442798828125 0.4206472890625 0.758079787109375 0.413156896484375 0.75202025390625 0.4092868671875 0.753575943359375 0.402175798828125 0.74533173046875 0.419091599609375 0.744529861328125 0.403649876953125 0.7397331328125 0.403145720703125 0.74015567578125 0.414506142578125 0.72728278515625 0.429318875 0.7347731796875 0.434955865234375 0.735027671875 0.447915197265625 0.720133326171875 0.451199455078125 0.717276439453125 0.478380921875 0.707346875 0.480570427734375 0.707558146484375 0.486250638671875 0.698848169921875 0.4845268984375 0.698718509765625 0.46268953515625 0.677932681640625 0.460504857421875 0.657905501953125 0.466482779296875 0.64452362890625 0.4553768515625 0.630680818359375 0.4563467734375 0.623699408203125 0.4766284453125 0.616967666015625 0.4791540546875 0.632452607421875 0.4856313046875 0.6209241328125 0.48765276171875 0.622566263671875 0.49509993359375 0.61381306640625 0.4860970703125 0.608723451171875 0.496069853515625 0.62917317578125 0.501452353515625 0.606452333984375 0.50229744140625 0.613020853515625 0.532086130859375 0.5981265078125 0.535370388671875 0.6020829765625 0.543869095703125 0.6085218359375 0.551820423828125 0.6248470390625 0.550303126953125 0.631492341796875 0.53321927734375 0.65051120703125 0.5368348125 0.67567121875 0.5281632265625 0.678403275390625 0.5098597890625 0.68441958984375 0.506450697265625 0.693508892578125 0.512255740234375 0.6976718046875 0.495719265625 0.70991570703125 0.49458129296875 0.706266607421875 0.567751818359375 0.703112005859375 0.574694833984375 0.68767028515625 0.575496703125 0.672190171875 0.59973484375 0.677620716796875 0.617279630859375 0.686666798828125 0.615805552734375 0.688222490234375 0.608694484375 0.70227657421875 0.6134047734375 0.7032032734375 0.619968466796875 0.70690525 0.61550783984375 0.71174519921875 0.6232911171875 0.716709982421875 0.62219636328125
0 0.073501326171875 0.12054261328125 0.0985797265625 0.128028177734375 0.10564757421875 0.122304748046875 0.1934195625 0.133146529296875 0.196828654296875 0.13916284375 0.190980390625 0.140973025390625 0.092395359375 0.1330361796875 0.096563099609375 0.147215095703125 0.105734015625 0.13686298828125 0.19653576953125 0.149639783203125 0.19805306640625 0.165964986328125 0.227424041015625 0.178751435546875 0.24143490234375 0.176182603515625 0.2507306484375 0.156952466796875 0.27808016796875 0.158210443359375 0.28548412109375 0.1492891953125 0.30626994921875 0.151473875 0.3151047578125 0.1443195859375 0.342118171875 0.1487753828125 0.348595423828125 0.13329044140625 0.441332193359375 0.14303746875 0.44318559375 0.1561648515625 0.450632765625 0.154522720703125 0.44474128515625 0.149053783203125 0.4498308984375 0.139080998046875 0.473310388671875 0.14639851171875 0.478361609375 0.159862 0.482610962890625 0.157883765625 0.47671948046875 0.152414826171875 0.487532525390625 0.149509892578125 0.488670498046875 0.16175379296875 0.473944205078125 0.16343914453125 0.472599787109375 0.176230421875 0.46035588671875 0.17736839453125 0.461282587890625 0.1839320859375 0.45341287109375 0.174213796875 0.45420991015625 0.158940126953125 0.443564919921875 0.16024615234375 0.450215048828125 0.17387769140625 0.4451254375 0.183850474609375 0.428588962890625 0.179687560546875 0.441966009765625 0.160078099609375 0.42597691015625 0.158397578125 0.421353060546875 0.18700990234375 0.437889537109375 0.191172814453125 0.437428599609375 0.2032486640625 0.445591201171875 0.202490015625 0.43969971875 0.197021076171875 0.45614975390625 0.18662575 0.468436875 0.19276689453125 0.47600887890625 0.182246736328125 0.475168619140625 0.19024128515625 0.484762078125 0.19124959765625 0.486946755859375 0.170463771484375 0.493889771484375 0.17361837109375 0.493764939453125 0.182496400390625 0.50247491796875 0.184220142578125 0.506762662109375 0.158805638671875 0.500703126953125 0.154935609375 0.51286058984375 0.139239396484375 0.5182479140625 0.149505064453125 0.5271259453125 0.14962989453125 0.52573830859375 0.1551420546875 0.53764610546875 0.157201900390625 0.5357543125 0.167510787109375 0.5229198125 0.15888725 0.52780298046875 0.173949646484375 0.521239291015625 0.17487634765625 0.52077835546875 0.18695219921875 0.5301173203125 0.175001181640625 0.554355458984375 0.190481294921875 0.55178662890625 0.1764704296875 0.55923380078125 0.174828298828125 0.56756928125 0.203186130859375 0.585157291015625 0.205034705078125 0.582084302734375 0.1958205703125 0.589320203125 0.188498232421875 0.587510021484375 0.18264996875 0.571520921875 0.180969447265625 0.572025078125 0.176172716796875 0.58641526953125 0.1776851875 0.605179640625 0.168341392578125 0.608420681640625 0.1759566171875 0.592349970703125 0.19043324609375 0.6108214609375 0.191566390625 0.624409779296875 0.177637138671875 0.623103751953125 0.166992146484375 0.650621322265625 0.16665121484375 0.667071359375 0.15625588671875 0.6217545078125 0.14906803515625 0.619060845703125 0.143935201171875 0.60576541015625 0.147387513671875 0.59684416015625 0.139983560546875 0.59512041796875 0.148693537109375 0.589440208984375 0.148904810546875 0.594361767578125 0.1405309375 0.582790076171875 0.135273271484375 0.4706118984375 0.110550287109375 0.36844972265625 0.098196037109375 0.352796728515625 0.093317697265625 0.350439171875 0.08498704296875 0.328645029296875 0.09239582421875 0.1495671328125 0.073573978515625 0.04225132421875 0.071801619140625 0.03601338671875 0.131151626953125 0.036812841796875 0.131235654296875 0.041018974609375 0.121978298828125 0.05010827734375 0.127783341796875 0.057512228515625 0.118862091796875 0.068032388671875 0.12643409765625 0.073501326171875 0.12054261328125
0 0.307571607421875 0.669722263671875 0.31042849609375 0.642540798828125 0.30344226171875 0.632107078125 0.31235385546875 0.57808025 0.32922643359375 0.57904534375 0.33629428125 0.573321912109375 0.348245298828125 0.58266087890625 0.349714548828125 0.5609915703125 0.359096734375 0.556319673828125 0.3861101484375 0.560775470703125 0.405004181640625 0.573269037109375 0.399112701171875 0.567800099609375 0.4036549375 0.55534492578125 0.39136781640625 0.54920377734375 0.38648464453125 0.534141380859375 0.38866932421875 0.513355552734375 0.39855566796875 0.50388692578125 0.4053306328125 0.508640435546875 0.402516962890625 0.543101021484375 0.417075203125 0.54301458203125 0.41913505078125 0.53110678515625 0.425530689453125 0.531778994140625 0.428983001953125 0.5450744296875 0.416023671875 0.545328921875 0.41123176953125 0.575540154296875 0.438038740234375 0.6050311328125 0.4673232734375 0.603259341796875 0.478890138671875 0.5778016171875 0.48776816796875 0.57792644921875 0.49690069140625 0.59101061328125 0.497496115234375 0.631487513671875 0.505956427734375 0.65096731640625 0.5328017890625 0.6570220234375 0.54723037109375 0.63509822265625 0.538141068359375 0.6292931796875 0.526017171875 0.590837732421875 0.51995763671875 0.586967703125 0.527313541015625 0.540051943359375 0.483470767578125 0.541910171875 0.474463078125 0.51994798046875 0.448289923828125 0.507497634765625 0.44180784375 0.492267185546875 0.432550490234375 0.488061052734375 0.42409500390625 0.499296640625 0.421026845703125 0.520797896484375 0.417195208984375 0.50342116015625 0.424008564453125 0.484738400390625 0.409071 0.4807435390625 0.405282583984375 0.470645923828125 0.382897845703125 0.468293193359375 0.3766270390625 0.458742955078125 0.37797145703125 0.44595167578125 0.3637493203125 0.442840296875 0.364503142578125 0.4202875078125 0.351164486328125 0.41646069921875 0.350362619140625 0.401018978515625 0.335549884765625 0.388146087890625 0.336894302734375 0.37535480859375 0.32284021875 0.37064451953125 0.334916068359375 0.371105455078125 0.3364717578125 0.363994388671875 0.312444892578125 0.354194484375 0.298597251953125 0.324449017578125 0.2666142265625 0.29037258203125 0.2581539140625 0.270892779296875 0.249400716796875 0.26188991796875 0.2234388359375 0.255119783203125 0.226972759765625 0.252258068359375 0.2194823671875 0.246621076171875 0.218344392578125 0.23437717578125 0.210393064453125 0.240816033203125 0.209893736328125 0.276328154296875 0.2467551015625 0.294751595703125 0.256943984375 0.336236810546875 0.282276876953125 0.356681703125 0.283246798828125 0.370524515625 0.28854768359375 0.366231943359375 0.29818436328125 0.374519375 0.308037140625 0.41920241015625 0.3220912265625 0.42391269921875 0.327901095703125 0.4455387890625 0.3409468671875 0.459842537109375 0.339184732421875 0.49198878515625 0.347688265625 0.51874770703125 0.341551947265625 0.561750220703125 0.287904443359375 0.55691992578125 0.280658888671875 0.502811484375 0.2250379765625 0.524447228515625 0.225330861328125 0.5139702890625 0.2116128828125 0.5060621796875 0.210767791015625 0.48334133984375 0.199825087890625 0.464408912109375 0.226075025390625 0.42998671875 0.21967938671875 0.429314509765625 0.226156638671875 0.413829568359375 0.21496426953125 0.412653203125 0.217533099609375 0.426664068359375 0.202974859375 0.4267505078125 0.20229782421875 0.402430755859375 0.191528 0.4126148125 0.18172326953125 0.405926287109375 0.190346806640625 0.3930917890625 0.156644869140625 0.39844072265625 0.164514583984375 0.408159015625 0.174780251953125 0.4027716875 0.178779939453125 0.418549513671875 0.166286375 0.437443546875 0.161278373046875 0.4312591796875 0.159093693359375 0.4520450078125 0.168855205078125 0.45145441015625 0.168432662109375 0.440093990234375 0.17411287109375 0.43988271875 0.183835990234375 0.462728390625 0.173570322265625 0.46811571875 0.186361599609375 0.469460134765625 0.179716296875 0.486543986328125 0.162550833984375 0.496055833984375 0.160534208984375 0.51524275 0.166929845703125 0.515914958984375 0.171476912109375 0.53417517578125 0.185238111328125 0.549362404296875 0.198533544921875 0.54591009375 0.212462798828125 0.559498412109375 0.222906173828125 0.613942958984375 0.23931781640625 0.626983900390625 0.245084466796875 0.641330869140625 0.259306603515625 0.644442248046875 0.275382140625 0.660681009765625 0.29924095703125 0.672079822265625 0.307571607421875 0.669722263671875
0 0 0.9502020234375 0.162830029296875 0.9673161484375 0.162368759765625 0.943827361328125 0.156477279296875 0.938358421875 0.1587435703125 0.9014154453125 0.152640814453125 0.890266296875 0.143930837890625 0.888542556640625 0.137405537109375 0.866032984375 0.12322662109375 0.8702007265625 0.118425064453125 0.8389811796875 0.128181748046875 0.80767519140625 0.11450698828125 0.807046203125 0.113032908203125 0.79800012109375 0.124138837890625 0.78461824609375 0.12379790625 0.75710067578125 0.138226486328125 0.735176873046875 0.15168997265625 0.73012565234375 0.173906658203125 0.73407729296875 0.190361521484375 0.75439735546875 0.1994124296875 0.78363866796875 0.210561580078125 0.7775359140625 0.22056792578125 0.7284738671875 0.217494939453125 0.719259732421875 0.186568275390625 0.713584349609375 0.19552791796875 0.69755203125 0.19898023046875 0.710847466796875 0.204996546875 0.707438375 0.212568548828125 0.69691821484375 0.21281821484375 0.67916215625 0.20814631640625 0.66977996875 0.19699716796875 0.675882724609375 0.19994049609375 0.663259498046875 0.195100546875 0.655476220703125 0.185046150390625 0.6665437578125 0.189761267578125 0.6832050625 0.179831705078125 0.685394568359375 0.180076541015625 0.636923119140625 0.167789419921875 0.63078197265625 0.165302201171875 0.600613958984375 0.15785502734375 0.602256087890625 0.157226041015625 0.61593084765625 0.143383228515625 0.616900767578125 0.151209724609375 0.61933994140625 0.15339923046875 0.629269501953125 0.139935744140625 0.634320724609375 0.133631373046875 0.678922146484375 0.108140083984375 0.721506943359375 0.112101380859375 0.7607210390625 0.07638281640625 0.785256890625 0.036410072265625 0.7810555859375 0.03472472265625 0.76632929296875 0.02037775390625 0.7720959453125 0.013722794921875 0.727749013671875 0.016243576171875 0.703765365234375 0.027685609375 0.687185671875 0.03171886328125 0.648811837890625 0 0.64913401171875 0 0.9502020234375
0 0.483646732421875 1 0.431816212890625 0.902634798828125 0.436017517578125 0.8626620546875 0.455833423828125 0.851003921875 0.476619251953125 0.853188599609375 0.48936730859375 0.8472538984375 0.4648698515625 0.7880990625 0.428680693359375 0.763279982421875 0.4151259375 0.723057572265625 0.42934324609375 0.695453560546875 0.3950507109375 0.691040986328125 0.38486665625 0.68027116015625 0.32739234375 0.688779521484375 0.307278724609375 0.680199205078125 0.30328386328125 0.69513676953125 0.286118400390625 0.704648615234375 0.28494203515625 0.715840984375 0.276443330078125 0.719797453125 0.282502865234375 0.723667482421875 0.27025896484375 0.724805455078125 0.26310467578125 0.71597064453125 0.258015060546875 0.725943427734375 0.263071111328125 0.7701223046875 0.270772775390625 0.7814395078125 0.288528833984375 0.781689171875 0.2994283203125 0.7933424765625 0.306419384765625 0.8344915859375 0.294809298828125 0.85267019140625 0.291952412109375 0.879851658203125 0.262000498046875 0.9187344765625 0.271224541015625 0.97870887109375 0.473796107421875 1 0.483646732421875 1
0 0.9502020234375 1 0.963329486328125 0.875100517578125 0.949555619140625 0.8754144765625 0.88618499609375 0.847738509765625 0.860016669921875 0.866003552734375 0.83839058203125 0.87181342578125 0.829133228515625 0.86760729296875 0.81138199609375 0.898073017578125 0.787230296875 0.89715114453125 0.774856734375 0.8764517578125 0.757436779296875 0.873004275390625 0.711985439453125 0.813263671875 0.6690645390625 0.790970201171875 0.659763966796875 0.77948494921875 0.648734822265625 0.745994283203125 0.655841060546875 0.716834583984375 0.635055234375 0.714649904296875 0.63370598828125 0.696725791015625 0.612329564453125 0.6847796015625 0.596172412109375 0.684697990234375 0.583462748046875 0.667196421875 0.568616451171875 0.708475193359375 0.575559466796875 0.71162979296875 0.581028404296875 0.70573830859375 0.60025854296875 0.7150340546875 0.61339075390625 0.74389604296875 0.624002181640625 0.796741681640625 0.621817501953125 0.8175275078125 0.612646587890625 0.827879615234375 0.64042348046875 0.871213404296875 0.64265620703125 0.888422087890625 0.663610083984375 0.88900785546875 0.67863408984375 0.90756095703125 0.676449412109375 0.928346783203125 0.668161978515625 0.93798346484375 0.667403330078125 0.929820861328125 0.657262494140625 0.926330158203125 0.6546936640625 0.912319294921875 0.639419994140625 0.911522251953125 0.636731158203125 0.937104810546875 0.647376150390625 0.93579878515625 0.6507852421875 0.941815099609375 0.622720296875 0.939673640625 0.61123504296875 0.94897421484375 0.613679041015625 0.971863109375 0.6017237421875 1 0.9502020234375 1
0 0.89353078125 0.201073177734375 0.729049515625 0.158728623046875 0.708811064453125 0.159026333984375 0.732669880859375 0.1704251484375 0.850192166015625 0.198134677734375 0.89353078125 0.201073177734375
0 0.63494925 0.30807070703125 0.636629771484375 0.292081607421875 0.62589833984375 0.278829392578125 0.615339787109375 0.29469366015625 0.62998446875 0.3091654609375 0.63494925 0.30807070703125
0 0.36775843359375 0.250889509765625 0.366702072265625 0.222488458984375 0.3626639921875 0.23014690234375 0.350040765625 0.22720357421875 0.3359482890625 0.2459295546875 0.33775847265625 0.251777818359375 0.352696037109375 0.2557726796875 0.36775843359375 0.250889509765625
0 0.6217689921875 0.24121420703125 0.656776955078125 0.246510265625 0.659720283203125 0.2338870390625 0.644278560546875 0.234688908203125 0.65471228125 0.227702671875 0.655888646484375 0.216510302734375 0.635563755859375 0.202249775390625 0.600051634765625 0.201750447265625 0.596983474609375 0.223251701171875 0.607839740234375 0.22762588671875 0.561053640625 0.24210734375 0.587899001953125 0.24816205078125 0.6217689921875 0.24121420703125
0 0.43491747265625 0.288663091796875 0.430288796875 0.28656002734375 0.43327534375 0.281215919921875 0.46138351171875 0.290636498046875 0.47589853125 0.2832709375 0.47728616796875 0.277758779296875 0.46251665625 0.272165009765625 0.47176918359375 0.245655751953125 0.48026788671875 0.241699283203125 0.478625759765625 0.234252111328125 0.445471197265625 0.242083435546875 0.428219294921875 0.237037041015625 0.39350904296875 0.25197943359375 0.42721580859375 0.277345890625 0.428521833984375 0.287990884765625 0.43491747265625 0.288663091796875
0 0.905126615234375 0.359907796875 0.925235404296875 0.337772724609375 0.93928948828125 0.342483013671875 0.941647048828125 0.35081366796875 0.95140855859375 0.3502230703125 0.97248726953125 0.34193080859375 0.975262544921875 0.330906494140625 0.951067625 0.3227055 0.904531189453125 0.319430896484375 0.852189708984375 0.32524559375 0.831571935546875 0.32146200390625 0.82168559375 0.3309306328125 0.826232658203125 0.34919084765625 0.853164458984375 0.369803796875 0.905126615234375 0.359907796875