1 0.1884765625 0.3115234375 0.0703125 0.09765625
1 0.0908203125 0.3779296875 0.076171875 0.08984375
1 0.3837890625 0.3232421875 0.06640625 0.0703125
1 0.7822265625 0.3046875 0.068359375 0.076171875
1 0.4287109375 0.41015625 0.142578125 0.138671875
1 0.576171875 0.23046875 0.06640625 0.072265625
1 0.29296875 0.193359375 0.138671875 0.11328125
1 0.0556640625 0.22265625 0.0546875 0.087890625
1 0.3671875 0.728515625 0.056640625 0.08984375
1 0.892578125 0.1337890625 0.083984375 0.06640625
1 0.78125 0.1025390625 0.064453125 0.087890625
1 0.025390625 0.443359375 0.05078125 0.10546875
1 0.9482421875 0.3017578125 0.046875 0.07421875
1 0.1806640625 0.1943359375 0.05078125 0.076171875
1 0.2587890625 0.654296875 0.044921875 0.064453125
1 0.3955078125 0.087890625 0.04296875 0.052734375
1 0.3662109375 0.08203125 0.03515625 0.041015625
1 0.31640625 0.060546875 0.033203125 0.046875
1 0.150390625 0.05859375 0.06640625 0.06640625
1 0.857421875 0.2705078125 0.046875 0.052734375
1 0.767578125 0.2158203125 0.029296875 0.029296875
1 0.7060546875 0.2802734375 0.052734375 0.044921875
1 0.8837890625 0.0654296875 0.037109375 0.037109375
0 1 0.34586790234375 0.995191138671875 0.339486326171875 0.9826998046875 0.35180215234375 0.9816380078125 0.3946947578125 0.972634767578125 0.4116394375 0.959660806640625 0.41561016015625 0.94851206640625 0.4065937578125 0.94683603125 0.383181837890625 0.956953712890625 0.3465283203125 0.941847412109375 0.3303338984375 0.8984721796875 0.320926998046875 0.891776787109375 0.333229662109375 0.880413056640625 0.33163259375 0.881540658203125 0.317719701171875 0.8715326796875 0.30058634765625 0.85392986328125 0.3080451640625 0.835361791015625 0.298813771484375 0.83074609375 0.308097806640625 0.814981658203125 0.308365443359375 0.804837654296875 0.333427076171875 0.792091845703125 0.33577440625 0.74984421484375 0.31245461328125 0.750234716796875 0.28022812109375 0.734242126953125 0.28211914453125 0.718530333984375 0.305570548828125 0.686975138671875 0.294513935546875 0.685070951171875 0.27272540625 0.669574150390625 0.288757478515625 0.6473029921875 0.282316560546875 0.660908767578125 0.2502918984375 0.656938046875 0.2373179375 0.645359322265625 0.243140201171875 0.637523169921875 0.26355981640625 0.644512517578125 0.278613474609375 0.6370800234375 0.272602541015625 0.607402693359375 0.271742572265625 0.6073237265625 0.236966919921875 0.592524544921875 0.253924763671875 0.5883914765625 0.271553904296875 0.5726270390625 0.2718215390625 0.55660812890625 0.2621206796875 0.545178591796875 0.231543900390625 0.479760353515625 0.21407269140625 0.474569904296875 0.174440029296875 0.4610869921875 0.15847376171875 0.44368600390625 0.15271730078125 0.434200138671875 0.161316880859375 0.42187115234375 0.143029603515625 0.392650126953125 0.13892285546875 0.384520015625 0.131986150390625 0.387753634765625 0.126646513671875 0.377100681640625 0.131771158203125 0.373827580078125 0.119722970703125 0.352293521484375 0.131595650390625 0.34808148828125 0.11444913671875 0.330452345703125 0.110316068359375 0.326494787109375 0.103138048828125 0.317465224609375 0.10849084765625 0.31211242578125 0.09946128515625 0.307523052734375 0.12033720703125 0.33489253515625 0.12583919140625 0.344202892578125 0.1420467734375 0.41400867578125 0.1518573359375 0.414276310546875 0.167621771484375 0.390917033203125 0.192481576171875 0.37493760546875 0.20016854296875 0.360151583984375 0.222922328125 0.343944001953125 0.2322326875 0.329171142578125 0.260782416015625 0.316399009765625 0.251537861328125 0.3256567265625 0.244561671875 0.3226249375 0.23668603515625 0.27529214453125 0.220101115234375 0.241025439453125 0.2401170703125 0.209013939453125 0.232307236328125 0.198159158203125 0.25064715625 0.1918805859375 0.242315212890625 0.20540298046875 0.275669306640625 0.21932903515625 0.2825928515625 0.224594048828125 0.288865611328125 0.253284703125 0.29437099609375 0.29970590234375 0.294265779296875 0.306109548828125 0.34304396484375 0.34073095703125 0.280143603515625 0.378835529296875 0.2972842578125 0.424276771484375 0.3198755390625 0.412992724609375 0.347753185546875 0.43952808984375 0.35811177734375 0.43761102734375 0.37699363671875 0.534971125 0.412774341796875 0.466809779296875 0.515156244140625 0.203292546875 0.3672504609375 0.192815103515625 0.347567947265625 0.160347298828125 0.34300489453125 0.145091810546875 0.363209517578125 0.156280033203125 0.389613744140625 0.14431080859375 0.4276625 0.12672115234375 0.440917259765625 0.1002906015625 0.440513595703125 0 0.518986609375 0 0.6761180546875 0.002044708984375 0.66840247265625 0.004646513671875 0.691116775390625 0.029023689453125 0.70613094921875 0.033529681640625 0.750633783203125 0.04141848046875 0.7533979375 0.0513738125 0.74734751953125 0.063610673828125 0.725063201171875 0.081696119140625 0.725949490234375 0.1044449765625 0.804798470703125 0.104626056640625 0.80466128515625 0.11022826953125 0.835080818359375 0.125080095703125 0.8413067421875 0.13138498828125 0.8612305703125 0.10485789453125 0.920409720703125 0.078769078125 0.945713640625 0.303833283203125 0.9773443515625 0.310572154296875 0.952631884765625 0.326525259765625 0.933353033203125 0.3398107578125 0.862380166015625 0.371580330078125 0.829612833984375 0.365718560546875 0.7757965703125 0.328376779296875 0.759950037109375 0.36375191015625 0.694265091796875 0.388741365234375 0.7175609765625 0.3664114609375 0.775893953125 0.3769337421875 0.8750470078125 0.3845812265625 0.873638611328125 0.39288684765625 0.85576815625 0.404706884765625 0.854118443359375 0.411213607421875 0.86082699609375 0.42065557421875 0.934994001953125 0.418896158203125 0.976960833984375 0.442027283203125 0.953724421875 0.456637794921875 0.955777794921875 0.486566283203125 1 0.84833046484375 1 0.850853998046875 0.995454447265625 0.872857521484375 0.986130927734375 0.880088900390625 1 0.934643369140625 1 1 0.534963408203125 1 0.34586790234375
0 0.049158267578125 0.180042794921875 0.03987109765625 0.181338998046875 0.0364157734375 0.2059248984375 0.0647471953125 0.2045823203125 0.049158267578125 0.180042794921875
0 0.1439028203125 0.247988291015625 0.1503568984375 0.23151307421875 0.1333990546875 0.216713890625 0.11995562890625 0.218135451171875 0.08489917578125 0.196654037109375 0.071951537109375 0.21221664453125 0.07661987890625 0.226116376953125 0.108161912109375 0.231377048828125 0.115151259765625 0.246430705078125 0.1439028203125 0.247988291015625