1 0.5263671875 0.26953125 0.095703125 0.134765625
1 0.8076171875 0.935546875 0.130859375 0.111328125
1 0.958984375 0.25390625 0.0703125 0.15234375
1 0.7099609375 0.27734375 0.076171875 0.138671875
1 0.357421875 0.2939453125 0.09375 0.109375
1 0.048828125 0.6748046875 0.09375 0.25390625
1 0.41796875 0.392578125 0.119140625 0.1484375
1 0.298828125 0.771484375 0.3046875 0.330078125
1 0.2353515625 0.337890625 0.13671875 0.16796875
1 0.8388671875 0.4541015625 0.173828125 0.212890625
1 0.6240234375 0.43359375 0.150390625 0.087890625
1 0.705078125 0.173828125 0.056640625 0.064453125
1 0.8525390625 0.1884765625 0.068359375 0.046875
1 0.7919921875 0.294921875 0.078125 0.103515625
1 0.8955078125 0.2587890625 0.08984375 0.09375
1 0.890625 0.3271484375 0.142578125 0.068359375
1 0.0400390625 0.25 0.072265625 0.0625
1 0.1279296875 0.263671875 0.068359375 0.060546875
1 0.2041015625 0.25 0.0703125 0.0546875
1 0.4365234375 0.234375 0.064453125 0.078125
1 0.6328125 0.263671875 0.0703125 0.099609375
1 0.8310546875 0.158203125 0.056640625 0.046875
0 0.358431865234375 1 0.35773747265625 0.986772673828125 0.353524248046875 0.98128936328125 0.308477453125 1 0.358431865234375 1
0 0.610061564453125 0.749526345703125 0.601635115234375 0.738559724609375 0.513177822265625 0.670061703125 0.49372864453125 0.66591479296875 0.48203261328125 0.65345365234375 0.462256990234375 0.662992064453125 0.45213199609375 0.695519578125 0.458344716796875 0.712193943359375 0.52554715625 0.701803697265625 0.555253953125 0.723288072265625 0.563007099609375 0.714973841796875 0.56766919140625 0.733311052734375 0.602364525390625 0.759447314453125 0.610061564453125 0.749526345703125
0 1 0.71064299609375 0.99550007421875 0.70791433984375 0.958545107421875 0.7092048359375 0.956555814453125 0.721339529296875 0.978555369140625 0.72941912109375 0.984599765625 0.741273275390625 0.988022384765625 0.839284271484375 1 0.83332707421875 1 0.71064299609375
0 0.508727525390625 1 0.660449400390625 0.994701755859375 0.72778190625 0.965002603515625 0.7433902109375 0.9282618671875 0.779886103515625 0.89079171875 0.8137398125 0.8928269140625 0.858131681640625 0.920233263671875 0.870929474609375 0.918177658203125 0.972628310546875 0.859126208984375 0.97225083984375 0.75618278125 0.95783610546875 0.73496874609375 0.899284548828125 0.762752564453125 0.8863745390625 0.761594693359375 0.829261392578125 0.784502189453125 0.71531564453125 0.83835087109375 0.667506275390625 0.8512812890625 0.66588933203125 0.8280116484375 0.687766466796875 0.809552013671875 0.61582541796875 0.753346810546875 0.61228549609375 0.7671443515625 0.618936880859375 0.7733468671875 0.619441857421875 0.787807505859375 0.6144737265625 0.82980712109375 0.625067998046875 0.856785009765625 0.622808369140625 0.884211767578125 0.6075724140625 0.885548166015625 0.5807628515625 0.9009626484375 0.562976517578125 0.898366369140625 0.54707746875 0.90374766796875 0.534560216796875 0.9138369609375 0.45988517578125 0.940575125 0.454121322265625 0.93675466015625 0.45350412890625 0.919080546875 0.48751595703125 0.902610205078125 0.5006963046875 0.888476013671875 0.45856406640625 0.833642908203125 0.4367328359375 0.830383529296875 0.366597462890625 0.848919681640625 0.32982102734375 0.878356140625 0.330326005859375 0.892816779296875 0.342246470703125 0.91170487109375 0.338762658203125 0.927109150390625 0.23810947265625 0.97003711328125 0.238838884765625 0.990924703125 0.244602736328125 0.99474516796875 0.260501787109375 0.989363869140625 0.26963723828125 0.974566578125 0.306536095703125 0.971669345703125 0.37949218359375 0.941773814453125 0.40142542578125 0.92492091796875 0.42225690625 0.92258476953125 0.43959437109375 0.912327150390625 0.445807091796875 0.929001515625 0.437446955078125 0.9429673828125 0.413906978515625 0.959876388671875 0.365546724609375 0.980065181640625 0.366242865234375 1 0.508727525390625 1
0 0.149679505859375 1 0.150580529296875 0.997224146484375 0.147514970703125 0.955505076171875 0.13304412890625 0.932684302734375 0.107280216796875 0.931975302734375 0.10423506640625 0.93690773046875 0.0810674375 0.9184123984375 0.06295466015625 0.92950144140625 0.06251599609375 0.939973291015625 0.0358084453125 0.935275498046875 0.044495025390625 0.90762430859375 0.026045595703125 0.90907292578125 0.024214423828125 0.90270208203125 0.018618896484375 0.90370183203125 0.0180578125 0.887634453125 0.03401297265625 0.883859892578125 0.012806265625 0.875450984375 0.017155611328125 1 0.149679505859375 1
0 0.428566486328125 0.52742931640625 0.4309383359375 0.50321603515625 0.3759062890625 0.470550810546875 0.376421470703125 0.508337201171875 0.42219564453125 0.529260490234375 0.428566486328125 0.52742931640625
0 0.172381111328125 0.67713649609375 0.19780837109375 0.6682050703125 0.2007974140625 0.661665904296875 0.20899942578125 0.66620557421875 0.226505216796875 0.66076816796875 0.2294942578125 0.654229 0.26955048046875 0.6496128125 0.274697140625 0.63575916015625 0.255854953125 0.625960615234375 0.1809554765625 0.646271830078125 0.151763859375 0.66257384375 0.15071820703125 0.678697330078125 0.172381111328125 0.67713649609375
0 0.1427814453125 0.773887611328125 0.140368779296875 0.704797890625 0.144740125 0.6917756640625 0.13996581640625 0.670224978515625 0.104235033203125 0.683537953125 0.107525025390625 0.73168397265625 0.1366350390625 0.782145734375 0.1427814453125 0.773887611328125
0 0.501813322265625 0.52889322265625 0.514106138671875 0.512376978515625 0.53576904296875 0.51081614453125 0.51119869921875 0.45215237109375 0.492412619140625 0.4439605625 0.4442206953125 0.468969568359375 0.44627630078125 0.481767359375 0.455365845703125 0.48868908203125 0.47591678515625 0.47831924609375 0.499859728515625 0.49598315625 0.49393775390625 0.510668228515625 0.484465654296875 0.51582509375 0.4849145234375 0.528678994140625 0.501813322265625 0.52889322265625
0 0.853918423828125 0.66138017578125 0.860840146484375 0.652290626953125 0.857514453125 0.64918937109375 0.871031453125 0.644695603515625 0.872964638671875 0.630954171875 0.882492845703125 0.62740404296875 0.8515057578125 0.592290455078125 0.79104651171875 0.56544519140625 0.791393365234375 0.5984113671875 0.804415591796875 0.602782712890625 0.82366074609375 0.647154173828125 0.8418398359375 0.660997619140625 0.853918423828125 0.66138017578125
0 0.0913403125 0.590683818359375 0.110060078125 0.573943140625 0.110881298828125 0.551392703125 0.1202972890625 0.544629103515625 0.1105446484375 0.541752279296875 0.113421470703125 0.531999634765625 0.097838662109375 0.500369857421875 0.120220771484375 0.49637086328125 0.133895892578125 0.47337155859375 0.1335031328125 0.4621243984375 0.124796142578125 0.443124087890625 0.1095601875 0.44446048828125 0.095920767578125 0.42241502734375 0.07835887109375 0.426245697265625 0.071707484375 0.420043181640625 0.0651224140625 0.43877315234375 0.072773546875 0.4505711953125 0.075818697265625 0.445638765625 0.0799758125 0.449515337890625 0.077435638671875 0.468908408203125 0.073166306640625 0.461818359375 0.068682744140625 0.471627111328125 0.03666020703125 0.4759627578125 0.028075638671875 0.483501673828125 0.030187353515625 0.497906203125 0.050590376953125 0.52936765625 0.06013899609375 0.572469029296875 0.0711158203125 0.58736833203125 0.08164377734375 0.589413732421875 0.092518591796875 0.624425310546875 0.0913403125 0.590683818359375