1 0.78515625 0.57421875 0.119140625 0.158203125
1 0.5283203125 0.3642578125 0.22265625 0.203125
1 0.9931640625 0.1748046875 0.013671875 0.115234375
1 0.529296875 0.125 0.150390625 0.23046875
1 0.2890625 0.037109375 0.1953125 0.07421875
1 0.3076171875 0.177734375 0.09765625 0.091796875
1 0.41015625 0.1689453125 0.099609375 0.107421875
1 0.5986328125 0.6484375 0.1640625 0.212890625
0 1 0.361219111328125 0.965837189453125 0.377885400390625 0.9355776171875 0.383433361328125 0.922910748046875 0.445819125 0.89715175390625 0.466678345703125 0.857439943359375 0.462504466796875 0.840308740234375 0.451102697265625 0.833863841796875 0.4958128359375 0.84776998828125 0.512985498046875 0.849045513671875 0.534067650390625 0.842787298828125 0.610219546875 0.83211663671875 0.653612703125 0.716615875 0.639727412109375 0.718145361328125 0.542130416015625 0.70988051953125 0.57093820703125 0.6987016796875 0.561034890625 0.692433041015625 0.570850076171875 0.680346837890625 0.569579765625 0.6570403359375 0.583714056640625 0.666855521484375 0.589982697265625 0.679128412109375 0.622694763671875 0.66386903515625 0.668224138671875 0.66878444921875 0.721110994140625 0.65224955078125 0.745558216796875 0.6422633203125 0.807352888671875 0.689109677734375 0.818386498046875 0.719820328125 0.791937859375 0.77425230859375 0.78893051953125 0.80083575 0.810054130859375 0.817334404296875 0.8440831796875 0.839598740234375 0.8481689296875 0.850051685546875 0.86497864453125 0.86100237890625 0.868748119140625 0.880492732421875 0.857704083984375 0.9313833828125 0.871781275390625 0.95700757421875 0.86050909375 0.964676595703125 0.8622836328125 0.993404646484375 0.5889544921875 0.972728201171875 0.56976098828125 0.966272875 0.54813441796875 0.975538427734375 0.526414501953125 0.9748073203125 0.500152548828125 0.989527490234375 0.492971330078125 0.99706644140625 0.471069943359375 1 0.469245740234375 1 0.361219111328125
0 0.590926556640625 0.556689966796875 0.598512177734375 0.542649017578125 0.685225220703125 0.60330311328125 0.71468348828125 0.564528587890625 0.7174489765625 0.51406686328125 0.614780017578125 0.5007382890625 0.5926444140625 0.4819172265625 0.603801111328125 0.436143869140625 0.405071439453125 0.4190629609375 0.403875513671875 0.382141759765625 0.390661501953125 0.377657755859375 0.381437408203125 0.374069751953125 0.371580765625 0.393109029296875 0.3520904140625 0.404153068359375 0.32205376953125 0.38266651171875 0.326590595703125 0.3395015 0.34440101953125 0.336136427734375 0.342352931640625 0.31410023828125 0.32217814453125 0.306742759765625 0.260020525390625 0.30020973046875 0.256022904296875 0.305026587890625 0.24193528515625 0.289580525390625 0.228303953125 0.286402140625 0.218182923828125 0.357783853515625 0.24103834765625 0.364550240234375 0.245901875 0.376408298828125 0.1995118046875 0.377642365234375 0.1950164375 0.3954994609375 0.16902930078125 0.41022484375 0.138049046875 0.4558475625 0.1248273359375 0.457076416015625 0.11628767578125 0.471889927734375 0.101339361328125 0.47293730859375 0.095164064453125 0.49847337109375 0.094267126953125 0.573443083984375 0.125345935546875 0.57670959765625 0.127979900390625 0.5682580703125 0.11616330078125 0.5478136796875 0.1212964296875 0.54049766015625 0.153381162109375 0.584020404296875 0.1917293203125 0.584559611328125 0.223264416015625 0.60009380078125 0.22376737890625 0.620221916015625 0.20050755078125 0.642216646484375 0.216508458984375 0.6892859375 0.249723484375 0.697141162109375 0.264355525390625 0.707407421875 0.268358359375 0.735758921875 0.280081615234375 0.74048243359375 0.284172580078125 0.751386458984375 0.313161841796875 0.75792469921875 0.34061119140625 0.795723224609375 0.367868638671875 0.768911638671875 0.376501642578125 0.76981900390625 0.386135353515625 0.777814244140625 0.430482546875 0.78771234375 0.4430250390625 0.801250330078125 0.474103849609375 0.804516845703125 0.4948697265625 0.8145549609375 0.502683494140625 0.806647849609375 0.50331604296875 0.7840205703125 0.478505875 0.770938873046875 0.477230349609375 0.74985671875 0.484271552734375 0.74099557421875 0.50017390234375 0.73917562890625 0.505488505859375 0.730133009765625 0.5142925546875 0.662977060546875 0.52446547265625 0.63262414453125 0.542545498046875 0.61008499609375 0.551173287109375 0.57782400390625 0.590926556640625 0.556689966796875
0 0.950202021484375 1 0.95764516015625 0.929183267578125 0.873959703125 0.919861701171875 0.851420552734375 0.90178167578125 0.832339818359375 0.917232951171875 0.78935627734375 0.9109695234375 0.757551576171875 0.91460941015625 0.659767896484375 0.881638169921875 0.55707923046875 0.862116783203125 0.513276455078125 0.8470388828125 0.3901433984375 0.839334099609375 0.344251078125 0.82752792578125 0.335343259765625 0.812626283203125 0.317444705078125 0.833438833984375 0.3083554140625 0.820263791015625 0.240655046875 0.81663954296875 0.04163969921875 0.78350246875 0.0272824765625 0.78723048828125 0 0.78277723828125 0 0.9502020234375 0.47379610546875 1 0.950202021484375 1
0 0.034655095703125 0.2852512421875 0.02066081640625 0.285526056640625 0.01947345703125 0.28851853515625 0.00574469921875 0.419138947265625 0.007641431640625 0.417701732421875 0.064971767578125 0.3539004296875 0.054881765625 0.33363751171875 0.06760051953125 0.312280544921875 0.06600871875 0.302512033203125 0.034655095703125 0.2852512421875
0 0.049797978515625 0 0.048235333984375 0.01486755859375 0.056831046875 0.016129705078125 0.06755359765625 0.01376534375 0.066112599609375 0 0.049797978515625 0
0 1 0.07303659375 0.913173017578125 0.06511153125 0.908314703125 0.086421830078125 0.8995002265625 0.0872410625 0.89064429296875 0.11336821484375 0.880056544921875 0.1061455390625 0.871102056640625 0.083383458984375 0.853110158203125 0.088475130859375 0.829482169921875 0.08075470703125 0.79763601171875 0.109702509765625 0.794550970703125 0.13905471875 0.836445671875 0.15567775 0.839453009765625 0.21010973046875 0.846177939453125 0.21256222265625 0.864486109375 0.196156912109375 0.95999355859375 0.200958125 0.971986419921875 0.18650755859375 0.9947485 0.177553068359375 1 0.15064290234375 1 0.07303659375
0 0.760915896484375 0.060455544921875 0.753143587890625 0.04305473828125 0.68621578515625 0.04038452734375 0.735789453125 0.058687486328125 0.760915896484375 0.060455544921875
0 0.651507515625 0.071650025390625 0.672402982421875 0.038932744140625 0.63555328125 0.032441173828125 0.63096978515625 0.067745748046875 0.651507515625 0.071650025390625