1 0.189453125 0.111328125 0.30859375 0.166015625
1 0.181640625 0.779296875 0.36328125 0.36328125
1 0.4326171875 0.0927734375 0.158203125 0.12890625
1 0.9658203125 0.345703125 0.068359375 0.14453125
1 0.7587890625 0.0810546875 0.08984375 0.07421875
0 0 0.5088186171875 0.004204951171875 0.507304625 0.00689920703125 0.475633330078125 0.001863228515625 0.4379165625 0 0.49127245703125 0 0.5088186171875
0 0.3533194765625 0.2431371484375 0.357766251953125 0.2067622421875 0.370623119140625 0.202446408203125 0.36876987890625 0.187293134765625 0.34486406640625 0.18963486328125 0.337476279296875 0.196524087890625 0.332918708984375 0.236071662109375 0.3452770078125 0.2460328359375 0.3533194765625 0.2431371484375
0 0.307592751953125 0.233598990234375 0.307058939453125 0.203403236328125 0.296065388671875 0.199842794921875 0.297329421875 0.186386646484375 0.27676246875 0.1840801640625 0.274335119140625 0.230849337890625 0.291618611328125 0.23621769921875 0.307592751953125 0.233598990234375
0 0.448423939453125 0.794411115234375 0.44563904296875 0.78319598046875 0.45554482421875 0.772424013671875 0.448600203125 0.766622560546875 0.3920914375 0.770208171875 0.400013037109375 0.793514703125 0.430863466796875 0.796974427734375 0.448423939453125 0.794411115234375
0 0.638159712890625 0.227671681640625 0.627896384765625 0.18045933984375 0.5611595390625 0.181305376953125 0.55377175 0.188194599609375 0.56016241015625 0.209859400390625 0.561315650390625 0.199575921875 0.570234376953125 0.1943284296875 0.598677609375 0.198498228515625 0.624159681640625 0.2192414453125 0.628309328125 0.2368573125 0.638159712890625 0.227671681640625
0 0.1494930625 0.508407525390625 0.15284199609375 0.480729763671875 0.1412491640625 0.471589453125 0.076098650390625 0.47249088671875 0.074114466796875 0.5065693828125 0.1494930625 0.508407525390625
0 0.4498643046875 0.25286164453125 0.45086143359375 0.22430762109375 0.46011253515625 0.209542119140625 0.481444958984375 0.21266946875 0.482855029296875 0.24051341796875 0.512995388671875 0.241565943359375 0.517341451171875 0.18533415625 0.522266642578125 0.180741341796875 0.421617486328125 0.17484419140625 0.41947719140625 0.190652140625 0.448741287109375 0.194056470703125 0.449884453125 0.20680254296875 0.43626212109375 0.210297513671875 0.432701677734375 0.221291064453125 0.420177189453125 0.216088892578125 0.41607286328125 0.21991623828125 0.41655127734375 0.251698328125 0.4339455625 0.25389401953125 0.4498643046875 0.25286164453125
0 0.548972412109375 0.530298998046875 0.55269904296875 0.514546443359375 0.58141925390625 0.510784568359375 0.583126455078125 0.484637744140625 0.53279683984375 0.4932039453125 0.522891060546875 0.503975912109375 0.519451486328125 0.4887672421875 0.50463058984375 0.481102474609375 0.455509611328125 0.47779886328125 0.43914769921875 0.4915219140625 0.41064907421875 0.488938451171875 0.39506270703125 0.480452818359375 0.3693489765625 0.48908448828125 0.360208666015625 0.5006773203125 0.363980615234375 0.506367982421875 0.3909483046875 0.50730971484375 0.39587349609375 0.502716900390625 0.4020526484375 0.507697486328125 0.4401246796875 0.5090269921875 0.457075794921875 0.523913361328125 0.50351259375 0.535858716796875 0.548972412109375 0.530298998046875
0 0.52184358984375 0.397525302734375 0.525404033203125 0.386531751953125 0.53656376953125 0.385333189453125 0.539414138671875 0.3719324375 0.52524791796875 0.36826120703125 0.52180834375 0.353052537109375 0.496426990234375 0.352166201171875 0.4922219453125 0.3361366640625 0.47876580078125 0.334872630859375 0.480085228515625 0.319830150390625 0.506342845703125 0.31836468359375 0.48595215234375 0.28826964453125 0.476600333984375 0.283178265625 0.42889950390625 0.2846890546875 0.41347932421875 0.271444416015625 0.392967765625 0.267551599609375 0.39477568359375 0.26126165625 0.3702151953125 0.2596098515625 0.36824108984375 0.270658798828125 0.381797951171875 0.291779712890625 0.38425047265625 0.312512853515625 0.39671956640625 0.319301361328125 0.400159142578125 0.33451003125 0.412849818359375 0.33495319921875 0.41563471484375 0.346168333984375 0.426683662109375 0.348142439453125 0.431885833984375 0.335617951171875 0.460439857421875 0.336615080078125 0.46245928515625 0.347009349609375 0.475804638671875 0.351446052734375 0.48017587109375 0.362716583984375 0.509273779296875 0.3708799140625 0.5099183828125 0.397902998046875 0.52184358984375 0.397525302734375
0 0.096952693359375 0.193683759765625 0.109034015625 0.211576609375 0.13764343359375 0.21098740234375 0.146229783203125 0.21525791796875 0.148138419921875 0.228824857421875 0.194086728515625 0.23201767578125 0.194575216796875 0.240770212890625 0.202396099609375 0.24421986328125 0.208796833984375 0.24285511328125 0.201474517578125 0.225128451171875 0.205478126953125 0.201444224609375 0.220686796875 0.198004650390625 0.223350826171875 0.235422005859375 0.24009043359375 0.23362416015625 0.2451364921875 0.202829125 0.259579693359375 0.198568685546875 0.257726453125 0.183415412109375 0.148213966796875 0.181179419921875 0.131096662109375 0.171052056640625 0.06271808203125 0.17342903125 0.054076337890625 0.1707448515625 0.055284974609375 0.1588750390625 0.102819619140625 0.162123255859375 0.124429021484375 0.1573189296875 0.090405919921875 0.1537484140625 0.09079369140625 0.142644072265625 0.012562974609375 0.131515955078125 0.0123716875 0.1369936875 0.0183107890625 0.148848392578125 0.011559212890625 0.160259927734375 0.010048748046875 0.203513986328125 0.0188345234375 0.202073697265625 0.032889951171875 0.2089176015625 0.037094994140625 0.224947134765625 0.060890013671875 0.225778076171875 0.07310227734375 0.194439154296875 0.096952693359375 0.193683759765625
0 0.14133478515625 0.40091446875 0.148677251953125 0.37258202734375 0.166081611328125 0.351748169921875 0.202401119140625 0.35778128125 0.21305221875 0.39388928125 0.22623138671875 0.403084986328125 0.235860185546875 0.400244693359375 0.242215599609375 0.3774367265625 0.250424251953125 0.36978203515625 0.239707681640625 0.358289921875 0.2391184765625 0.3296805 0.248802671875 0.325253873046875 0.24284510546875 0.313927947265625 0.211994673828125 0.310468220703125 0.2013335 0.2973897734375 0.161896716796875 0.289659533203125 0.146808916015625 0.266896888671875 0.10069441796875 0.268463072265625 0.093316705078125 0.25232274609375 0.06011446875 0.24798676171875 0.015475515625 0.252781009765625 0.014201408203125 0.28926670703125 0.058397193359375 0.2971631328125 0.077866302734375 0.308166759765625 0.076295064453125 0.398643232421875 0.086578541015625 0.39979647265625 0.0962728125 0.37234029296875 0.10819801953125 0.371962595703125 0.11431169921875 0.4015590703125 0.14133478515625 0.40091446875
0 0.724571853515625 1 0.714535333984375 0.95141295703125 0.723897228515625 0.933474787109375 0.743920296875 0.92861506640625 0.7420771328125 0.8904322421875 0.716041103515625 0.88555237109375 0.711669869140625 0.87428183984375 0.684868369140625 0.868581103515625 0.679575556640625 0.838219162109375 0.64642871484375 0.832296841796875 0.63658840625 0.818452923828125 0.645315775390625 0.7504621171875 0.6806583046875 0.73899015234375 0.679313703125 0.686530318359375 0.670838146484375 0.6790871328125 0.64321578125 0.6741518671875 0.64442441796875 0.6622820546875 0.672323763671875 0.6592856484375 0.673154703125 0.63549062890625 0.661294966796875 0.611252439453125 0.65846475 0.57859408984375 0.6314416640625 0.57923869140625 0.6213696953125 0.5947696640625 0.605506349609375 0.594215703125 0.594955966796875 0.577964583984375 0.554365943359375 0.5805178203125 0.547557287109375 0.639046015625 0.5768213828125 0.64245034375 0.589668173828125 0.66116405859375 0.57175517578125 0.71930448046875 0.57551705078125 0.748024693359375 0.58879693359375 0.777077279296875 0.5873012421875 0.819908314453125 0.55491987109375 0.814806859375 0.55952276171875 0.796702501953125 0.55192346484375 0.786907513671875 0.55531771875 0.780672966796875 0.54372488671875 0.77153265625 0.539998255859375 0.7872852109375 0.53026873828125 0.770268623046875 0.536014796875 0.76491033984375 0.529835646484375 0.75992975 0.524910455078125 0.76452256640625 0.5130960390625 0.76172759375 0.49593843359375 0.8437184296875 0.50746579296875 0.877474626953125 0.52266438671875 0.897064603515625 0.5262046796875 0.93213015234375 0.52050394140625 0.958931654296875 0.492029501953125 1 0.724571853515625 1
0 0.961359248046875 1 0.96428987109375 0.985546884765625 0.93688908984375 0.97426627734375 0.919283294921875 0.955386376953125 0.915466025390625 0.9282525 0.907755935546875 0.9216301796875 0.90814370703125 0.910525837890625 0.916186171875 0.9076301484375 0.91865884375 0.88230419140625 0.9080178203125 0.823166638671875 0.910702 0.814524892578125 0.938545951171875 0.8131148203125 0.949881951171875 0.784127705078125 0.986423044921875 0.783815478515625 0.98904175390625 0.7997896171875 0.989833291015625 0.79986397265625 0.9915364765625 0.7510911171875 0.97489568359375 0.750059283203125 0.971999994140625 0.742016818359375 0.961006443359375 0.738456376953125 0.954283408203125 0.726309583984375 0.954892763671875 0.70885990234375 0.9605935 0.68205840234375 0.9679812890625 0.675169177734375 0.987072701171875 0.674247595703125 0.99297487109375 0.687159857421875 0.99376966796875 0.6871408984375 0.998601255859375 0.5487823515625 0.8850537734375 0.548388294921875 0.876845119140625 0.55604298828125 0.854636435546875 0.555267443359375 0.839805462890625 0.570632224609375 0.796974427734375 0.569136533203125 0.785824765625 0.547305544921875 0.794698169921875 0.5206148359375 0.76900458984375 0.48318740625 0.76229162890625 0.448011064453125 0.766295240234375 0.424326837890625 0.7572203984375 0.41130378515625 0.757829755859375 0.3938541015625 0.741044826171875 0.37420873046875 0.71959658984375 0.260692634765625 0.701391515625 0.23623286328125 0.70408576953125 0.204561564453125 0.6872454453125 0.18650252734375 0.68977351171875 0.159590234375 0.65134393359375 0.100276421875 0.6281481953125 0.105025349609375 0.626274806640625 0.135931177734375 0.609933044921875 0.10359512890625 0.595988408203125 0.093578556640625 0.5910078203125 0.09975770703125 0.579138009765625 0.0985490703125 0.56525884375 0.06391661328125 0.536704822265625 0.062919484375 0.533799056640625 0.077906568359375 0.54894225390625 0.09908287890625 0.55045304296875 0.1467837109375 0.557065287109375 0.162103173828125 0.56264515625 0.161503890625 0.565495525390625 0.148103140625 0.60991289453125 0.14965423046875 0.61767837890625 0.154690212890625 0.625831638671875 0.14862185546875 0.627684876953125 0.163775126953125 0.6415741171875 0.17537803515625 0.6404661953125 0.207104728515625 0.654667662109375 0.255248728515625 0.652507216796875 0.317115779296875 0.666708681640625 0.36525977734375 0.6720367421875 0.440094486328125 0.66284103515625 0.45327365234375 0.64419279296875 0.441504556640625 0.616016466796875 0.452432638671875 0.6160517109375 0.496905404296875 0.63941363671875 0.487397470703125 0.661889228515625 0.503270892578125 0.66964463671875 0.531336427734375 0.692452603515625 0.53769183984375 0.70565694140625 0.614389865234375 0.705858375 0.654103625 0.719581427734375 0.670465537109375 0.723786470703125 0.6864950703125 0.725775673828125 0.7659779921875 0.76601819140625 0.932563279296875 0.791998828125 0.939029484375 0.793363576171875 0.945430220703125 0.805731953125 0.93236184765625 0.813517587890625 0.89133873046875 0.826263662109375 0.8901955625 0.8218168828125 0.926570466796875 0.80801828515625 0.9578539921875 0.80713194921875 0.98323534765625 0.819711833984375 0.986851185546875 0.81937945703125 0.99636919140625 0.81303412109375 0.996147607421875 0.8151663515625 1 0.961359248046875 1