1 0.7294921875 0.33984375 0.1015625 0.1357421875
1 0.7294921875 0.6279296875 0.1142578125 0.126953125
1 0.8583984375 0.595703125 0.1123046875 0.1279296875
1 0.697265625 0.513671875 0.154296875 0.115234375
1 0.185546875 0.91796875 0.068359375 0.1513671875
1 0.58984375 0.6181640625 0.134765625 0.2734375
1 0.041015625 0.384765625 0.0810546875 0.1201171875
1 0.9482421875 0.701171875 0.103515625 0.1279296875
1 0.9609375 0.8076171875 0.078125 0.091796875
1 0.583984375 0.361328125 0.1064453125 0.123046875
1 0.1796875 0.572265625 0.0908203125 0.060546875
1 0.2998046875 0.099609375 0.0888671875 0.052734375
1 0.267578125 0.515625 0.0751953125 0.146484375
1 0.333984375 0.3818359375 0.1064453125 0.0859375
1 0.2255859375 0.6806640625 0.2705078125 0.1669921875
1 0.205078125 0.3583984375 0.123046875 0.115234375
1 0.6298828125 0.26171875 0.205078125 0.0517578125
1 0.794921875 0.201171875 0.0732421875 0.041015625
1 0.90234375 0.232421875 0.0830078125 0.0888671875
1 0.2353515625 0.166015625 0.076171875 0.044921875
1 0.123046875 0.076171875 0.076171875 0.087890625
1 0.0673828125 0.197265625 0.087890625 0.0283203125
1 0.2236328125 0.203125 0.083984375 0.0234375
1 0.23046875 0.3076171875 0.134765625 0.0654296875
1 0.3447265625 0.529296875 0.0498046875 0.150390625
1 0.416015625 0.4951171875 0.0546875 0.095703125
1 0.8330078125 0.505859375 0.091796875 0.060546875
1 0.087890625 0.9462890625 0.12890625 0.107421875
0 0.784375 0.92421875 0.7859375 0.89609375 0.775 0.87734375 0.78359375 0.8515625 0.80703125 0.846875 0.82734375 0.8296875 0.85078125 0.828125 0.8796875 0.83828125 0.8609375 0.77734375 0.83671875 0.7703125 0.8078125 0.73515625 0.80625 0.71796875 0.815625 0.70234375 0.821875 0.66328125 0.81640625 0.6625 0.81171875 0.6734375 0.78515625 0.66875 0.77265625 0.6859375 0.70078125 0.6828125 0.6703125 0.62421875 0.6765625 0.59296875 0.65234375 0.5875 0.64765625 0.578125 0.63203125 0.575 0.6171875 0.53359375 0.60859375 0.525 0.59609375 0.5265625 0.5953125 0.54609375 0.6140625 0.60546875 0.6375 0.62109375 0.625 0.63984375 0.65 0.71484375 0.6796875 0.74609375 0.6828125 0.77109375 0.703125 0.79765625 0.709375 0.81796875 0.7015625 0.85078125 0.7046875 0.88828125 0.7 0.92265625 0.690625 0.93515625 0.684375 0.96640625 0.6875 0.99921875 0.8328125 0.99921875 0.82734375 0.978125 0.81484375 0.978125 0.7984375 0.96640625 0.784375 0.92421875
0 0 0.99921875 0.025 0.99921875 0.04609375 0.903125 0.14765625 0.9 0.1546875 0.88984375 0.15625 0.85546875 0.18671875 0.8515625 0.21171875 0.8546875 0.215625 0.86328125 0.2109375 0.99921875 0.27265625 1 0.2796875 0.98203125 0.28125 0.94765625 0.2671875 0.91796875 0.29375 0.81953125 0.32421875 0.7984375 0.3390625 0.80390625 0.3484375 0.82734375 0.353125 0.90234375 0.3625 0.92421875 0.35078125 1 0.5671875 0.99921875 0.5828125 0.98046875 0.6 0.93515625 0.5859375 0.90078125 0.590625 0.85234375 0.59921875 0.840625 0.63203125 0.8421875 0.6390625 0.83203125 0.61171875 0.821875 0.59140625 0.821875 0.58125 0.80546875 0.5875 0.76640625 0.5296875 0.55078125 0.5203125 0.53359375 0.5171875 0.48515625 0.525 0.46171875 0.53359375 0.4546875 0.56953125 0.4546875 0.58671875 0.475 0.62734375 0.4703125 0.68359375 0.4734375 0.71796875 0.4609375 0.71796875 0.45625 0.696875 0.44765625 0.71796875 0.4453125 0.7203125 0.43984375 0.69921875 0.43125 0.69140625 0.4390625 0.67578125 0.4375 0.6734375 0.45078125 0.65859375 0.459375 0.6484375 0.45078125 0.659375 0.44453125 0.65234375 0.4296875 0.54921875 0.4234375 0.5328125 0.38515625 0.53125 0.32578125 0.47265625 0.3015625 0.4640625 0.32578125 0.4515625 0.33359375 0.43671875 0.375 0.41796875 0.375 0.40390625 0.359375 0.3890625 0.36015625 0.390625 0.42109375 0.38203125 0.4296875 0.24140625 0.4328125 0.234375 0.43828125 0.23671875 0.453125 0.28984375 0.453125 0.296875 0.45703125 0.29765625 0.46875 0.30234375 0.4625 0.30390625 0.46875 0.31484375 0.471875 0.33046875 0.453125 0.36953125 0.459375 0.40546875 0.45 0.42265625 0.453125 0.43125 0.46328125 0.44375 0.51015625 0.45625 0.61015625 0.45234375 0.615625 0.44140625 0.6109375 0.43515625 0.590625 0.39296875 0.59375 0.35625 0.62421875 0.3625 0.70390625 0.34609375 0.7546875 0.30703125 0.7546875 0.30078125 0.7421875 0.28046875 0.7375 0.18828125 0.7375 0.1765625 0.76640625 0.15390625 0.771875 0.09921875 0.7703125 0.0953125 0.73828125 0.0734375 0.73203125 0.078125 0.68359375 0.09375 0.62421875 0.1015625 0.60546875 0.1125 0.59921875 0.125 0.49921875 0.1375 0.48515625 0.1421875 0.43828125 0.12109375 0.4109375 0.1078125 0.42421875 0.109375 0.43671875 0.121875 0.44921875 0.11796875 0.4703125 0.11484375 0.465625 0.08984375 0.4765625 0.04453125 0.4703125 0.0296875 0.52890625 0.015625 0.55703125 0.0125 0.59140625 0 0.61953125 0 0.99921875
0 1 0.88984375 0.98984375 0.8875 0.98203125 0.875 0.91796875 0.8671875 0.9296875 0.91015625 0.928125 0.95546875 0.96015625 0.9515625 0.97421875 0.9359375 0.99921875 0.9421875 1 0.88984375
0 1 0.56328125 0.97421875 0.5421875 0.95078125 0.5515625 0.91484375 0.546875 0.9125 0.55703125 0.95625 0.61328125 0.9484375 0.64453125 0.9921875 0.71484375 1 0.71796875 1 0.56328125
0 0.36875 0.29296875 0.3765625 0.22890625 0.38515625 0.2171875 0.403125 0.21328125 0.38984375 0.2015625 0.36484375 0.21875 0.35390625 0.20625 0.34609375 0.2078125 0.35625 0.23203125 0.353125 0.24296875 0.3265625 0.24296875 0.3265625 0.21171875 0.3421875 0.20390625 0.35 0.16953125 0.35859375 0.16875 0.3640625 0.17734375 0.35859375 0.2 0.375 0.19140625 0.36875 0.18515625 0.3734375 0.17421875 0.365625 0.15390625 0.3703125 0.13046875 0.35625 0.12421875 0.3625 0.09609375 0.38046875 0.090625 0.38984375 0.121875 0.40390625 0.0890625 0.41640625 0.0921875 0.42734375 0.084375 0.43671875 0.0984375 0.45234375 0.0953125 0.4578125 0.08828125 0.34921875 0.065625 0.3390625 0.12265625 0.28046875 0.1265625 0.275 0.13046875 0.275 0.14296875 0.29453125 0.146875 0.315625 0.17109375 0.3109375 0.20546875 0.2984375 0.22578125 0.2984375 0.26171875 0.3078125 0.26953125 0.3 0.28203125 0.3015625 0.31328125 0.321875 0.32109375 0.32734375 0.340625 0.3625 0.34453125 0.37734375 0.3421875 0.384375 0.32578125 0.3828125 0.31015625 0.36875 0.29296875
0 0.03203125 0 0.02890625 0.0046875 0 0.00078125 0.00078125 0.0359375 0.01796875 0.025 0.06015625 0.0265625 0.09140625 0.04375 0.10078125 0.0359375 0.15390625 0.03125 0.1703125 0.04453125 0.178125 0.06640625 0.20625 0.03046875 0.16015625 0.0203125 0.153125 0.01015625 0.15546875 0 0.03203125 0
0 0.2 0.06796875 0.1984375 0.08359375 0.20390625 0.0875 0.209375 0.07109375 0.23984375 0.0515625 0.2390625 0.07890625 0.23125 0.08359375 0.23125 0.09140625 0.2421875 0.09296875 0.259375 0.07890625 0.2671875 0.04453125 0.23671875 0.0328125 0.2 0.06796875
0 0.6484375 0.14921875 0.67421875 0.1828125 0.7 0.19140625 0.70625 0.17734375 0.6859375 0.16484375 0.68515625 0.15 0.6484375 0.14921875
0 0.97265625 0.084375 0.978125 0.07578125 0.975 0.06328125 0.98828125 0.0625 1 0.04921875 0.99921875 0 0.8109375 0.00390625 0.809375 0.01171875 0.83203125 0.040625 0.86796875 0.0375 0.87109375 0.028125 0.88203125 0.0265625 0.89140625 0.0390625 0.93671875 0.0546875 0.9453125 0.07578125 0.953125 0.07890625 0.9453125 0.08046875 0.9453125 0.09140625 0.95625 0.09296875 0.9578125 0.07890625 0.96953125 0.0765625 0.9671875 0.08359375 0.97265625 0.084375
0 0.7234375 0.01328125 0.740625 0.00078125 0.7046875 0.00078125 0.71484375 0.0125 0.7234375 0.01328125