1 0.6318359375 0.466796875 0.287109375 0.2392578125
1 0.822265625 0.25390625 0.1845703125 0.140625
1 0.31640625 0.37890625 0.2080078125 0.1328125
1 0.4765625 0.271484375 0.1171875 0.080078125
1 0.060546875 0.1611328125 0.12109375 0.095703125
1 0.4853515625 0.169921875 0.140625 0.080078125
1 0.109375 0.8154296875 0.21875 0.369140625
1 0.1845703125 0.1728515625 0.107421875 0.0576171875
0 1 0.52421875 0.98515625 0.521875 0.97265625 0.528125 0.96796875 0.521875 0.95859375 0.5265625 0.9390625 0.48828125 0.92734375 0.4875 0.92265625 0.4796875 0.90625 0.48203125 0.90703125 0.496875 0.89609375 0.496875 0.9 0.49140625 0.89453125 0.4890625 0.8875 0.49140625 0.8828125 0.49921875 0.8875 0.51015625 0.87578125 0.5109375 0.8734375 0.52265625 0.91484375 0.54375 0.94609375 0.546875 0.9625 0.58203125 0.946875 0.59765625 0.93125 0.64296875 0.9125 0.65546875 0.8875 0.69296875 0.82421875 0.753125 0.65546875 0.7828125 0.59765625 0.784375 0.5953125 0.76953125 0.61953125 0.7625 0.63515625 0.7296875 0.6875 0.70546875 0.675 0.69140625 0.65546875 0.6421875 0.62109375 0.6234375 0.57734375 0.5828125 0.49296875 0.5296875 0.478125 0.52578125 0.4734375 0.42109375 0.65390625 0.346875 0.70234375 0.3453125 0.7125 0.33359375 0.70625 0.27578125 0.7203125 0.24296875 0.75 0.22890625 0.75703125 0.2015625 0.81953125 0.19375 0.9265625 0.21640625 0.9234375 0.32265625 0.9390625 0.33203125 0.9734375 0.37734375 0.9546875 0.41640625 0.92734375 0.41875 0.9203125 0.44765625 0.90390625 0.45 0.896875 0.46640625 0.92265625 0.475 0.92578125 0.4703125 0.95234375 0.4703125 0.95625 0.45546875 0.97109375 0.4453125 0.99921875 0.4515625 0.99921875 0.134375 0.70546875 0.1640625 0.69921875 0.1703125 0.62421875 0.1765625 0.61171875 0.184375 0.56484375 0.1796875 0.553125 0.18671875 0.54453125 0.2109375 0.42007940625 0.217221134765625 0.41812023828125 0.2446426171875 0.4182001328125 0.2507929375 0.416147212890625 0.25121756640625 0.41096348828125 0.21817986328125 0.34453125 0.2265625 0.32734375 0.2328125 0.28046875 0.234375 0.22265625 0.21875 0.15703125 0.2203125 0.09375 0.24296875 0.09375 0.26328125 0.1046875 0.28828125 0.09921875 0.3015625 0.05703125 0.30625 0.003125 0.32265625 0.0015625 0.65234375 0.01171875 0.6578125 0.04296875 0.65 0.17109375 0.6484375 0.24765625 0.615625 0.26328125 0.61875 0.27890625 0.6375 0.29765625 0.64375 0.3 0.63828125 0.28125 0.60078125 0.278125 0.57421875 0.26796875 0.559375 0.25703125 0.559375 0.2578125 0.55078125 0.25 0.54609375 0.25 0.50390625 0.24453125 0.5171875 0.24375 0.48359375 0.2359375 0.46640625 0.2296875 0.33828125 0.31171875 0.3265625 0.32421875 0.328125 0.34609375 0.34375 0.4078125 0.35078125 0.40625 0.41171875 0.4203125 0.44609375 0.409375 0.47578125 0.415625 0.48984375 0.415625 0.53046875 0.4265625 0.56328125 0.4265625 0.59453125 0.425 0.61015625 0.403125 0.65390625 0.4 0.71953125 0.4203125 0.75234375 0.415625 0.78828125 0.43125 0.83203125 0.41328125 0.828125 0.40546875 0.8140625 0.37421875 0.809375 0.34921875 0.828125 0.33203125 0.8265625 0.31640625 0.815625 0.29453125 0.8234375 0.25234375 0.815625 0.2546875 0.84609375 0.24921875 0.8484375 0.22890625 0.8234375 0.22109375 0.8296875 0.21640625 0.8171875 0.21875 0.88671875 0.23828125 1 1 1 1 0.52421875
0 0.9734375 0.11484375 0.9828125 0.11953125 0.975 0.12265625 0.9796875 0.12734375 0.99921875 0.1234375 1 0.10859375 0.97578125 0.1078125 0.9734375 0.11484375
0 0.71328125 0.10625 0.675926357421875 0.10765684375 0.694998810546875 0.118176740234375 0.74453125 0.1171875 0.7484375 0.12734375 0.740625 0.13828125 0.74921875 0.1453125 0.765625 0.14453125 0.78984375 0.14375 0.7953125 0.13828125 0.79296875 0.1109375 0.71328125 0.10625
0 0.83984375 0.1359375 0.92578125 0.134375 0.93046875 0.1140625 0.93828125 0.1328125 0.953125 0.12734375 0.95625 0.10703125 0.91171875 0.10625 0.90234375 0.096875 0.89609375 0.1125 0.89140625 0.1015625 0.85390625 0.10625 0.84921875 0.1234375 0.8359375 0.12109375 0.83671875 0.10625 0.82890625 0.1125 0.80078125 0.1078125 0.79562204296875 0.11949172265625 0.82784787109375 0.12146421484375 0.793649119140625 0.1286966640625 0.7975950703125 0.14053159375 0.80625 0.14453125 0.80859375 0.1375 0.81640625 0.14375 0.83671875 0.14375 0.83984375 0.1359375
0 0.1109375 0.12421875 0.11875 0.12890625 0.134375 0.12578125 0.12890625 0.1125 0.1125 0.11328125 0.1109375 0.12421875
0 0.26953125 0.1109375 0.24609375 0.1109375 0.2421875 0.12421875 0.2890625 0.12734375 0.2953125 0.11640625 0.29140625 0.1078125 0.27890625 0.121875 0.26953125 0.1109375
0 0.09375 0.12734375 0.1 0.12109375 0.09296875 0.1125 0.0046875 0.11796875 0.09375 0.12734375
0 0.1421875 0.12421875 0.15390625 0.1265625 0.15859375 0.11875 0.16328125 0.128125 0.2296875 0.12734375 0.2328125 0.11328125 0.22734375 0.109375 0.14609375 0.1125 0.1421875 0.12421875
0 0.109375 0.13515625 0.11640625 0.15 0.15 0.14921875 0.26171875 0.146875 0.27421875 0.1453125 0.278125 0.13359375 0.109375 0.13515625
0 0.6109375 0.10703125 0.578125 0.10703125 0.5890625 0.11640625 0.6109375 0.10703125
0 0.51171875 0.1203125 0.5453125 0.11953125 0.5515625 0.11640625 0.55234375 0.10625 0.503125 0.11015625 0.51171875 0.1203125
0 0.86328125 0.5859375 0.83203125 0.5796875 0.79296875 0.5453125 0.72109375 0.51875 0.69453125 0.5296875 0.68984375 0.5421875 0.6390625 0.56328125 0.6453125 0.59609375 0.65703125 0.609375 0.66484375 0.6109375 0.67890625 0.596875 0.68671875 0.596875 0.76484375 0.6484375 0.840625 0.68671875 0.8515625 0.67734375 0.8546875 0.62734375 0.86875 0.61171875 0.86328125 0.5859375