1 0.8779296875 0.6416015625 0.119140625 0.171875
1 0.4833984375 0.384765625 0.099609375 0.09765625
1 0.720703125 0.5703125 0.240234375 0.1875
1 0.556640625 0.5185546875 0.173828125 0.17578125
1 0.0234375 0.85546875 0.046875 0.18359375
1 0.099609375 0.5380859375 0.087890625 0.111328125
1 0.482421875 0.6279296875 0.13671875 0.205078125
1 0.4228515625 0.798828125 0.162109375 0.162109375
1 0.03125 0.6845703125 0.0625 0.251953125
1 0.5654296875 0.7578125 0.150390625 0.12890625
1 0.677734375 0.845703125 0.119140625 0.205078125
1 0.037109375 0.373046875 0.072265625 0.18359375
1 0.2783203125 0.3271484375 0.03515625 0.037109375
0 0.536388619140625 0.43656592578125 0.540262890625 0.392683392578125 0.5507570234375 0.387722669921875 0.557949568359375 0.400695494140625 0.568279123046875 0.3988751171875 0.5710836328125 0.375404822265625 0.567528505859375 0.368133326171875 0.559430775390625 0.37243239453125 0.554470052734375 0.361938263671875 0.5571889375 0.325080361328125 0.538017712890625 0.330373578125 0.53174036328125 0.345002203125 0.530917470703125 0.36070392578125 0.538110017578125 0.373676748046875 0.53133559375 0.382768625 0.530107931640625 0.43623676953125 0.536388619140625 0.43656592578125
0 0.913297314453125 1 0.913103267578125 0.99950596875 0.91896583203125 0.97777042578125 0.94631707421875 0.966607962890625 0.95457604296875 0.944210767578125 0.977524328125 0.94195433984375 0.990563623046875 0.693149755859375 0.980800771484375 0.6991782734375 0.95874942578125 0.75942751953125 0.945365154296875 0.774470927734375 0.928590333984375 0.779102494140625 0.91263840625 0.7680323359375 0.9167728984375 0.779270412109375 0.908105822265625 0.82447624609375 0.8781969375 0.854398484375 0.870267125 0.870514994140625 0.837379134765625 0.88217452734375 0.831022833984375 0.913331103515625 0.826147740234375 0.91622458203125 0.834567947265625 0.875729259765625 0.8311773984375 0.86531741796875 0.821759703125 0.8797814609375 0.7955671875 0.89887707421875 0.78672885546875 0.9173076953125 0.792933931640625 0.9491225859375 0.780872966796875 0.968958798828125 0.789882552734375 0.977303396484375 0.78170253515625 0.983172638671875 0.7850930859375 0.993584482421875 0.818803966796875 0.966223224609375 0.829041216796875 0.92109967578125 0.825249234375 0.963412037109375 0.803026630859375 0.99688606640625 0.802072451171875 1 0.913297314453125 1
0 1 0.306556169921875 0.883195380859375 0.29335660546875 0.86039341796875 0.32286405859375 0.88262937109375 0.34922115234375 0.86709556640625 0.360215697265625 0.859244705078125 0.35980425 0.852960677734375 0.3445173125 0.845192107421875 0.3425356953125 0.84287131640625 0.31171161328125 0.830892640625 0.329977654296875 0.794531810546875 0.33279551953125 0.783204771484375 0.308584623046875 0.764609572265625 0.302886634765625 0.759487609375 0.310490626953125 0.750148865234375 0.308426720703125 0.729071634765625 0.290002775390625 0.719650603515625 0.289509041015625 0.727004388671875 0.284383740234375 0.712375765625 0.278106388671875 0.70518321875 0.265133564453125 0.69650946484375 0.280423841796875 0.684527451171875 0.2837321015625 0.681308154296875 0.3000954765625 0.65486209375 0.29398604296875 0.63833748046875 0.308864873046875 0.630486619140625 0.308453427734375 0.6079215078125 0.288377021484375 0.568094515625 0.312268775390625 0.56297255078125 0.31987276953125 0.571652982421875 0.3344980546875 0.595870556640625 0.353086576171875 0.594636216796875 0.37663916015625 0.58620933203125 0.387218919921875 0.590771962890625 0.465395037109375 0.640030001953125 0.486870357421875 0.662176990234375 0.4848820625 0.81631408984375 0.548067015625 0.838879203125 0.568143419921875 0.85491008203125 0.562685625 0.89094175390625 0.56614844921875 0.91631471484375 0.57771233984375 0.932510173828125 0.569114201171875 0.927134666015625 0.5515131484375 0.931427060546875 0.52969531640625 0.9795986484375 0.49679397265625 1 0.4945912421875 1 0.306556169921875
0 0.19156681640625 0.586964458984375 0.182721806640625 0.575479517578125 0.1963529453125 0.555725591796875 0.203532138671875 0.508867291015625 0.2130354609375 0.50779085546875 0.213858353515625 0.492089134765625 0.195427732421875 0.48325080078125 0.194515875 0.470607134765625 0.20947031640625 0.455646015625 0.206817033203125 0.416144841796875 0.21995443359375 0.405811951171875 0.2254055546875 0.391927267578125 0.220606072265625 0.36333501171875 0.198949478515625 0.3409444921875 0.19167798046875 0.34449962109375 0.191101955078125 0.355490826171875 0.16673315625 0.399873771484375 0.1554261484375 0.46540955859375 0.15849087890625 0.49705987109375 0.151387296875 0.512432435546875 0.143371859375 0.515161333984375 0.142644609375 0.5891240078125 0.175371357421875 0.59556259765625 0.19156681640625 0.586964458984375
0 0.272624224609375 0.902960490234375 0.25378215625 0.90197301953125 0.2734471171875 0.88725876953125 0.274352298828125 0.869986875 0.26739994140625 0.822387970703125 0.25169154296875 0.791649517578125 0.25249440625 0.686201111328125 0.26314977734375 0.663142263671875 0.255456818359375 0.629674912109375 0.2520428984375 0.514558603515625 0.258892935546875 0.473980994140625 0.268228341796875 0.461087119140625 0.296158947265625 0.453891234375 0.304750412109375 0.440171130859375 0.301274232421875 0.4163716796875 0.30871030859375 0.409676205078125 0.316643458984375 0.40851748046875 0.3282173671875 0.428017861328125 0.343586591796875 0.42016366015625 0.3399458359375 0.3995045546875 0.34762878125 0.38809856640625 0.354735701171875 0.38768378125 0.28291588671875 0.361089833984375 0.27539751953125 0.369355478515625 0.276974369140625 0.399353328125 0.265489427734375 0.408198337890625 0.273840701171875 0.4291043125 0.27169450390625 0.440013228515625 0.244014107421875 0.45745637890625 0.244761384765625 0.473240390625 0.226673275390625 0.5179524921875 0.21948406640625 0.51993744921875 0.208904306640625 0.511510564453125 0.204032548828125 0.5293618203125 0.202715921875 0.554484576171875 0.209661603515625 0.572167916015625 0.202804888671875 0.58282996484375 0.216278125 0.596131947265625 0.221831564453125 0.67042377734375 0.226664431640625 0.84859383984375 0.23344553125 0.869417525390625 0.227582966796875 0.891153068359375 0.240644755859375 0.91230591015625 0.24586865234375 0.987367712890625 0.268924546875 0.988576021484375 0.282552345703125 0.953864314453125 0.28180506640625 0.9380803046875 0.275524376953125 0.9377511484375 0.27535312109375 0.9109759296875 0.264361916015625 0.910399904296875 0.272624224609375 0.902960490234375
0 0.53130888671875 0.26310637890625 0.535683568359375 0.239718373046875 0.5178323125 0.2348466171875 0.50659423828125 0.238981109375 0.5096556328125 0.255673640625 0.524863619140625 0.26591756640625 0.53130888671875 0.26310637890625
0 0.464884609375 0.34386016796875 0.494388724609375 0.3517043515625 0.501653546875 0.318233662109375 0.496031171875 0.305343126953125 0.48636326953125 0.309559908203125 0.478433458984375 0.325676416015625 0.47429896484375 0.314438341796875 0.461819876953125 0.31220985546875 0.45554252734375 0.326838478515625 0.430591025390625 0.3522970703125 0.422740166015625 0.351885623046875 0.427039234375 0.3599833515625 0.464884609375 0.34386016796875
0 0.529669779296875 0.324425384765625 0.528840208984375 0.310211544921875 0.5461910546875 0.2945887734375 0.558505564453125 0.299957603515625 0.565526857421875 0.2861552109375 0.583045619140625 0.282349876953125 0.60353680859375 0.26689168359375 0.586923228515625 0.253425123046875 0.5882431953125 0.243260150390625 0.570227357421875 0.241528736328125 0.571711904296875 0.22822341796875 0.5560101796875 0.227400525390625 0.548244947265625 0.2403766875 0.558409921875 0.241696654296875 0.565023107421875 0.25070290234375 0.55982219140625 0.274834849609375 0.548501830078125 0.280539513671875 0.52527840234375 0.273024486328125 0.513711173828125 0.283439666015625 0.501976025390625 0.282037412109375 0.501482291015625 0.291458443359375 0.51371451171875 0.298397447265625 0.51405034375 0.3220323203125 0.52173662890625 0.325584111328125 0.529669779296875 0.324425384765625
0 0.83136634375 0.2308099375 0.84433916796875 0.223617388671875 0.85086338671875 0.204278248046875 0.80458444921875 0.201065630859375 0.799465826171875 0.22362740625 0.8149206796875 0.229160814453125 0.83136634375 0.2308099375
0 1 0.226487216796875 0.971852275390625 0.22400212890625 0.955492240234375 0.23574061328125 0.942022341796875 0.2373964140625 0.94880010546875 0.2432623203125 0.958385716796875 0.2406157109375 0.971858953125 0.253917689453125 0.993176373046875 0.237715556640625 1 0.2505685390625 1 0.226487216796875