1 0.666015625 0.458984375 0.29296875 0.240234375
1 0.2744140625 0.92578125 0.279296875 0.1484375
1 0.9609375 0.828125 0.078125 0.13671875
1 0.166015625 0.75 0.267578125 0.248046875
1 0.318359375 0.5390625 0.1015625 0.08984375
1 0.703125 0.2587890625 0.14453125 0.109375
1 0.60546875 0.2783203125 0.0859375 0.08984375
0 0.507664703125 0.218779794921875 0.523368205078125 0.222711017578125 0.533512693359375 0.23627073828125 0.56211097265625 0.224538369140625 0.57630641796875 0.19550392578125 0.560751869140625 0.189091099609375 0.50648376953125 0.205259986328125 0.507664703125 0.218779794921875
0 0.68466940625 0.356919900390625 0.6972263671875 0.355183064453125 0.712711787109375 0.346150380859375 0.709456201171875 0.334000369140625 0.6990138046875 0.3254038515625 0.7237606875 0.31144787890625 0.720098154296875 0.2977791171875 0.681722423828125 0.306434068359375 0.679607857421875 0.316767421875 0.66745784765625 0.3200230078125 0.67116029296875 0.32472821484375 0.66174987890625 0.33213310546875 0.668638779296875 0.33354281640625 0.68466940625 0.356919900390625
0 0.594800123046875 0.161248283203125 0.600805998046875 0.144174982421875 0.6183660703125 0.1337725 0.6163712421875 0.117215189453125 0.538617017578125 0.142932748046875 0.536244458984375 0.149265748046875 0.545356966796875 0.14682405859375 0.548612552734375 0.1589740703125 0.53261114453125 0.160006048828125 0.542497634765625 0.169565416015625 0.5564643046875 0.1609396796875 0.56346224609375 0.16883134375 0.594800123046875 0.161248283203125
0 0.583926525390625 0.342405158203125 0.593624154296875 0.363409681640625 0.57869463671875 0.371479515625 0.5714679140625 0.3839965625 0.591727669921875 0.386706939453125 0.6118092578125 0.367489857421875 0.6442190234375 0.366944650390625 0.641708205078125 0.342386634765625 0.660677986328125 0.325095251953125 0.6576803984375 0.31694559375 0.63453208984375 0.312567509765625 0.584413296875 0.325996798828125 0.58518728125 0.337997857421875 0.57496297265625 0.34236524609375 0.57943940234375 0.35907151171875 0.58592135546875 0.35896246875 0.583926525390625 0.342405158203125
0 0.433482494140625 0.309465841796875 0.42325818359375 0.31383323046875 0.418513064453125 0.326499228515625 0.386648505859375 0.359454203125 0.38034472265625 0.38149070703125 0.40227218359375 0.38131253515625 0.426085431640625 0.39120972265625 0.43245834375 0.3846187265625 0.44208684375 0.390177744140625 0.468610470703125 0.379815173828125 0.471052158203125 0.3889276796875 0.4786459140625 0.386892939453125 0.479241728515625 0.376966537109375 0.487867462890625 0.390933205078125 0.518242490234375 0.382794240234375 0.532983142578125 0.3861695625 0.535842474609375 0.363428205078125 0.571180703125 0.3555871484375 0.56907683203125 0.332547884765625 0.5002861640625 0.358305353515625 0.446315970703125 0.3695110390625 0.433362759765625 0.336356505859375 0.44210823046875 0.323432509765625 0.460075251953125 0.314548779296875 0.45893423046875 0.292065416015625 0.449563728515625 0.29050675390625 0.4363019140625 0.295688037109375 0.433482494140625 0.309465841796875
0 0.739469921875 0.06632527734375 0.72731991015625 0.06958086328125 0.710544515625 0.05861178515625 0.702107646484375 0.033199958984375 0.693848947265625 0.02971559765625 0.68747603515625 0.03630659375 0.6753260234375 0.0395621796875 0.669141978515625 0.034708017578125 0.643730154296875 0.04314488671875 0.641208640625 0.05195948828125 0.628542640625 0.047214369140625 0.574681490234375 0.064902005859375 0.56486412890625 0.070788146484375 0.56093290625 0.0864916484375 0.54137800390625 0.0803368203125 0.515152283203125 0.0857361875 0.439174806640625 0.115047150390625 0.446877603515625 0.11949436328125 0.454649533203125 0.139387083984375 0.490285666015625 0.126582826171875 0.509295359375 0.100327888671875 0.528294361328125 0.10744556640625 0.53799198828125 0.12845008984375 0.554698251953125 0.12397366015625 0.5590763359375 0.100825353515625 0.56530029296875 0.0967159609375 0.57444201953125 0.118683333984375 0.58244272265625 0.11816734375 0.58911354296875 0.1066131484375 0.595297587890625 0.111467306640625 0.615855251953125 0.109214482421875 0.61700696875 0.09832523046875 0.63375314453125 0.08488524609375 0.63990797265625 0.06533034375 0.657537173828125 0.07037337109375 0.662580201171875 0.05274416796875 0.67017395703125 0.05070942578125 0.6818371953125 0.06386219921875 0.694950056640625 0.061162513671875 0.69968448046875 0.081869130859375 0.72702200390625 0.074544064453125 0.732243201171875 0.07884232421875 0.688457408203125 0.094644173828125 0.679940712890625 0.087159458984375 0.654528890625 0.095596328125 0.655153921875 0.110078986328125 0.64441362109375 0.106445671875 0.6435598125 0.11237172265625 0.649594904296875 0.119707484375 0.6615959609375 0.1189335 0.664851546875 0.131083509765625 0.688406802734375 0.13698034375 0.69118630859375 0.132166095703125 0.68085295703125 0.130051529296875 0.69011441796875 0.125128240234375 0.694372765625 0.12887059765625 0.694452587890625 0.110943490234375 0.72856997265625 0.0985461796875 0.737573439453125 0.08962253515625 0.742238734375 0.09488364453125 0.746943943359375 0.09118119921875 0.75345511328125 0.115481220703125 0.781715572265625 0.117675607421875 0.79268465234375 0.10090021484375 0.840986787109375 0.09284107421875 0.8429523984375 0.08498932421875 0.819695052734375 0.074129287109375 0.806542279296875 0.085792525390625 0.793171423828125 0.084491857421875 0.796953693359375 0.07126995703125 0.7760289921875 0.06304047265625 0.75962063671875 0.062553701171875 0.75669217578125 0.06984955078125 0.7430234140625 0.0735120859375 0.739469921875 0.06632527734375
0 0 0.32376205078125 0.024712484375 0.31481669921875 0.019025904296875 0.260181564453125 0.039325572265625 0.253928390625 0.047813048828125 0.23700404296875 0.05333215234375 0.236339099609375 0.0694718203125 0.26619813671875 0.083507619140625 0.273017908203125 0.10477013671875 0.2673206328125 0.1074698203125 0.2804334921875 0.11298892578125 0.27976855078125 0.11910383984375 0.269177203125 0.107142697265625 0.2609876328125 0.104562748046875 0.220984109375 0.12901172265625 0.211991337890625 0.14014827734375 0.2505160234375 0.126926375 0.246733751953125 0.126181607421875 0.2591417578125 0.140813220703125 0.256035126953125 0.14340386328125 0.26266603125 0.160477162109375 0.268671908203125 0.176558396484375 0.2497128203125 0.20045146875 0.2416828984375 0.208531998046875 0.22323980078125 0.240345951171875 0.232620998046875 0.254908431640625 0.214068857421875 0.267683474609375 0.2252959296875 0.26680044921875 0.20681291796875 0.2744341171875 0.195814623046875 0.2822858671875 0.197780236328125 0.293095298828125 0.21685905859375 0.292321314453125 0.204858 0.305365044921875 0.18671280859375 0.2924809609375 0.169003783203125 0.3057826875 0.154858943359375 0.315927173828125 0.168418666015625 0.3290799453125 0.15675542578125 0.354749765625 0.152318908203125 0.359931048828125 0.165580720703125 0.3419241171875 0.183428005859375 0.349626916015625 0.18787521875 0.3549172421875 0.207618986328125 0.367325248046875 0.208363751953125 0.373549205078125 0.204254359375 0.358928287109375 0.173988375 0.36422930859375 0.160359525390625 0.399269630859375 0.157481669921875 0.405086640625 0.151853525390625 0.403498759765625 0.13681496484375 0.42257758203125 0.12600553515625 0.3713868984375 0.132396970703125 0.311748650390625 0.146749197265625 0.302338236328125 0.15415408984375 0.266186111328125 0.15895764453125 0.208691646484375 0.18738558203125 0.193692998046875 0.180009908203125 0.17891243359375 0.185598140625 0.17454504296875 0.175373830078125 0.147207521484375 0.1826988984375 0.1446860078125 0.191513498046875 0.13809501171875 0.1851405859375 0.11075748828125 0.192465654296875 0.111273478515625 0.200466357421875 0.092532474609375 0.19734903125 0.06104564453125 0.207413693359375 0.06085678125 0.2188588515625 0.0473768828125 0.211076228515625 0.013259498046875 0.2234735390625 0.020366484375 0.23784715625 0.012772728515625 0.2398818984375 0.008961240234375 0.228694736328125 0 0.227746939453125 0 0.32376205078125
0 0.711176609375 0.62898376953125 0.699840494140625 0.635276859375 0.67895570703125 0.618083822265625 0.66736159765625 0.62037655859375 0.66258726171875 0.608633494140625 0.6464768125 0.603183521484375 0.61904094140625 0.570654017578125 0.572664505859375 0.5798249609375 0.560296412109375 0.570116640625 0.52544495703125 0.56154933984375 0.46773240625 0.57701337109375 0.455106318359375 0.563304697265625 0.454481287109375 0.5488220390625 0.46563923046875 0.52060148828125 0.5026159453125 0.485462822265625 0.503669314453125 0.434718998046875 0.5223811015625 0.413427259765625 0.499937650390625 0.405604728515625 0.4667831171875 0.41855794140625 0.468668904296875 0.428633296875 0.483449470703125 0.423045064453125 0.49170816796875 0.426529427734375 0.4864071484375 0.44015827734375 0.474257138671875 0.44341386328125 0.466038349609375 0.430965947265625 0.441738328125 0.4374771171875 0.431593841796875 0.423917396484375 0.41944383203125 0.42717298046875 0.426431080078125 0.468437259765625 0.4206140703125 0.47406540625 0.3856827890625 0.48342521484375 0.37868484765625 0.47553355078125 0.339564349609375 0.496596509765625 0.34159908984375 0.504190267578125 0.3570046875 0.51308469140625 0.36640440625 0.53905241796875 0.406596794921875 0.5250273125 0.41485549609375 0.52851167578125 0.40202984765625 0.559620775390625 0.43335702734375 0.585410330078125 0.41560808984375 0.607257966796875 0.344524685546875 0.621421330078125 0.3220919296875 0.580226177734375 0.296978013671875 0.583699845703125 0.26519327734375 0.598727712890625 0.251713380859375 0.59094508984375 0.25422419921875 0.61550310546875 0.241925234375 0.621240291015625 0.234698513671875 0.63375733984375 0.255176353515625 0.649431623046875 0.264834068359375 0.679399701171875 0.29179386328125 0.6949649453125 0.28296856640625 0.725816048828125 0.270411609375 0.727552884765625 0.265339365234375 0.7207730234375 0.237435244140625 0.76243355859375 0.220638462890625 0.818209712890625 0.23448539453125 0.836474640625 0.253008318359375 0.82662805859375 0.27605827734375 0.791151572265625 0.297320794921875 0.785454296875 0.31477182421875 0.76856986328125 0.313492544921875 0.715195484375 0.31879356640625 0.701566634765625 0.344205390625 0.693129765625 0.361805375 0.673763728515625 0.41070332421875 0.65577818359375 0.4438179453125 0.65178852734375 0.44914818359375 0.66256873828125 0.45811173828125 0.66260865234375 0.491008275390625 0.6456550859375 0.502562474609375 0.652325904296875 0.566270203125 0.653161189453125 0.609409578125 0.689621916015625 0.6283978828125 0.7301122109375 0.643436443359375 0.728524330078125 0.650543427734375 0.742897947265625 0.705774376953125 0.727284962890625 0.707223998046875 0.711432505859375 0.73567332421875 0.702181740234375 0.732973640625 0.68906887890625 0.74567955078125 0.6848504453125 0.745610421875 0.669404935546875 0.75957708984375 0.660779201171875 0.75480275390625 0.649036138671875 0.726095431640625 0.654286552734375 0.723246794921875 0.64365529296875 0.73595270703125 0.639436857421875 0.72283984765625 0.642136541015625 0.711176609375 0.62898376953125
0 0 0.564670927734375 0.066372248046875 0.8074558515625 0.0753065859375 0.783086701171875 0.09038505859375 0.772535267578125 0.175318259765625 0.652109919921875 0.190069609375 0.622112625 0.236496650390625 0.570605509765625 0.300792365234375 0.470360095703125 0.304643763671875 0.472583701171875 0.33710413671875 0.42970232421875 0.338255853515625 0.418813068359375 0.3825790234375 0.34426669140625 0.476733775390625 0.227881609375 0.48881465625 0.209180515625 0.48789171875 0.19966105859375 0.2957550703125 0.23893547265625 0.159692484375 0.290043466796875 0.107538951171875 0.295879001953125 0.03222641796875 0.330709068359375 0 0.340525697265625 0 0.564670927734375
0 0.375670830078125 0.749810333984375 0.360483318359375 0.753879814453125 0.352671478515625 0.742950650390625 0.343261064453125 0.750355541015625 0.3343267265625 0.774724693359375 0.36809559765625 0.80962675390625 0.364978271484375 0.828367759765625 0.3766707265625 0.86592959375 0.385783234375 0.863487904296875 0.38326172265625 0.872302505859375 0.393188125 0.8728983203125 0.391073560546875 0.883231671875 0.403848603515625 0.894458744140625 0.401962814453125 0.88438338671875 0.452081607421875 0.870954095703125 0.44963991796875 0.86184158984375 0.466237140625 0.850883205078125 0.464351353515625 0.84080784765625 0.47250101171875 0.8378102578125 0.486805498046875 0.815257765625 0.44264483984375 0.729423013671875 0.41979444140625 0.7200817265625 0.398531923828125 0.725779001953125 0.39419375390625 0.73996375390625 0.375670830078125 0.749810333984375