1 0.7646484375 0.056640625 0.0673828125 0.064453125
1 0.3193359375 0.9345703125 0.060546875 0.130859375
1 0.419921875 0.3837890625 0.1015625 0.216796875
1 0.8203125 0.16796875 0.1171875 0.1064453125
1 0.4736328125 0.126953125 0.056640625 0.060546875
1 0.42578125 0.0693359375 0.046875 0.0654296875
1 0.716796875 0.3671875 0.1669921875 0.1044921875
1 0.61328125 0.162109375 0.0732421875 0.076171875
1 0.353515625 0.0751953125 0.0625 0.0830078125
1 0.96484375 0.208984375 0.0703125 0.091796875
1 0.70703125 0.1640625 0.095703125 0.072265625
1 0.953125 0.099609375 0.087890625 0.056640625
1 0.685546875 0.0517578125 0.0703125 0.0439453125
1 0.85546875 0.0556640625 0.0732421875 0.044921875
1 0.484375 0.060546875 0.0625 0.0546875
1 0.4638671875 0.171875 0.0498046875 0.0546875
1 0.447265625 0.224609375 0.046875 0.044921875
1 0.697265625 0.287109375 0.119140625 0.0703125
1 0.662109375 0.2353515625 0.0859375 0.046875
1 0.8369140625 0.283203125 0.1328125 0.080078125
1 0.951171875 0.1494140625 0.0966796875 0.048828125
1 0.6142578125 0.0732421875 0.064453125 0.0576171875
0 0.5828125 0.92265625 0.5875 0.95859375 0.5796875 0.96953125 0.58828125 0.971875 0.6046875 0.94765625 0.609375 0.90234375 0.603125 0.81953125 0.59375 0.81171875 0.5890625 0.79609375 0.59375 0.68359375 0.5734375 0.66484375 0.59375 0.66484375 0.5921875 0.58515625 0.584375 0.56171875 0.5828125 0.40703125 0.5859375 0.38828125 0.5984375 0.36953125 0.5984375 0.33984375 0.59375 0.29453125 0.58125 0.26953125 0.5859375 0.26328125 0.5859375 0.23515625 0.578125 0.22421875 0.58125 0.21328125 0.56640625 0.2140625 0.55703125 0.1953125 0.54609375 0.203125 0.5296875 0.20078125 0.5265625 0.21640625 0.5171875 0.21953125 0.5 0.25703125 0.4921875 0.30703125 0.4921875 0.39765625 0.4875 0.39921875 0.496875 0.40859375 0.49375 0.48359375 0.48125 0.51015625 0.48125 0.59765625 0.45625 0.68046875 0.44375 0.78046875 0.45 0.81796875 0.44375 0.87578125 0.459375 0.88046875 0.45234375 0.9015625 0.46015625 0.9015625 0.46328125 0.8921875 0.46875 0.89453125 0.4671875 0.91484375 0.459375 0.92265625 0.4515625 0.98203125 0.44765625 0.984375 0.4359375 0.97109375 0.4421875 0.95703125 0.43671875 0.9515625 0.42421875 0.9546875 0.4296875 0.97421875 0.4234375 0.97734375 0.4296875 0.98984375 0.41953125 0.990625 0.4171875 0.99921875 0.5015625 0.99921875 0.46875 0.95234375 0.4703125 0.92265625 0.49609375 0.9015625 0.50390625 0.9015625 0.5125 0.91484375 0.5125 0.99921875 0.571875 0.99921875 0.5765625 0.96953125 0.5734375 0.92578125 0.57734375 0.9203125 0.5828125 0.92265625
0 0.19375 0.86640625 0.2125 0.79296875 0.21875 0.71796875 0.22421875 0.721875 0.23203125 0.7171875 0.2453125 0.69453125 0.25 0.64765625 0.265625 0.61796875 0.25859375 0.6 0.24765625 0.6 0.23046875 0.5859375 0.2046875 0.59296875 0.196875 0.56796875 0.2015625 0.55390625 0.1875 0.54609375 0.178125 0.52734375 0.1765625 0.48828125 0.1703125 0.46953125 0.1640625 0.47109375 0.1625 0.43828125 0.1875 0.37109375 0.1875 0.31171875 0.18515625 0.303125 0.17265625 0.30625 0.16875 0.29296875 0.1953125 0.25703125 0.2140625 0.18046875 0.22109375 0.1734375 0.24453125 0.1796875 0.253125 0.20078125 0.253125 0.21953125 0.24375 0.25234375 0.246875 0.27578125 0.2375 0.30234375 0.2375 0.32421875 0.2421875 0.35390625 0.2484375 0.35703125 0.25 0.31640625 0.2453125 0.31015625 0.25 0.29140625 0.259375 0.28828125 0.25 0.28359375 0.259375 0.27890625 0.2609375 0.26328125 0.2765625 0.24140625 0.2765625 0.18828125 0.265625 0.15546875 0.2671875 0.12109375 0.2765625 0.10546875 0.2765625 0.08984375 0.2609375 0.05234375 0.2359375 0.03046875 0.23125 0.01640625 0.21015625 0.0015625 0.00078125 0 0 0.88203125 0.01640625 0.9 0.04140625 0.9046875 0.05 0.91484375 0.0484375 0.93203125 0.028125 0.95234375 0.009375 0.99921875 0.1390625 0.99921875 0.1421875 0.95859375 0.125 0.90234375 0.15078125 0.9 0.19375 0.86640625