1 0.474609375 0.216796875 0.1171875 0.1279296875
1 0.22265625 0.3037109375 0.1123046875 0.146484375
1 0.330078125 0.3681640625 0.15625 0.150390625
1 0.0732421875 0.6279296875 0.099609375 0.169921875
1 0.03515625 0.255859375 0.068359375 0.1171875
1 0.173828125 0.0966796875 0.0703125 0.076171875
1 0.5546875 0.158203125 0.103515625 0.119140625
1 0.185546875 0.51953125 0.158203125 0.1748046875
1 0.107421875 0.2705078125 0.0830078125 0.134765625
1 0.0224609375 0.15625 0.044921875 0.0966796875
1 0.041015625 0.404296875 0.078125 0.1513671875
1 0.166015625 0.033203125 0.099609375 0.056640625
1 0.390625 0.087890625 0.09375 0.111328125
1 0.052734375 0.0458984375 0.09375 0.091796875
1 0.208984375 0.1435546875 0.0830078125 0.0966796875
1 0.361328125 0.173828125 0.083984375 0.0703125
0 0.721875 0.73671875 0.7515625 0.69296875 0.7640625 0.64921875 0.7578125 0.58984375 0.765625 0.55703125 0.7875 0.52578125 0.796875 0.48984375 0.815625 0.47109375 0.81875 0.44921875 0.834375 0.42265625 0.84921875 0.4109375 0.87109375 0.40625 0.878125 0.38515625 0.896875 0.37109375 0.909375 0.33671875 0.90703125 0.2984375 0.89921875 0.3 0.884375 0.31796875 0.8296875 0.41171875 0.80078125 0.41875 0.78125 0.43984375 0.765625 0.47109375 0.7359375 0.49453125 0.6984375 0.61484375 0.6515625 0.64453125 0.6515625 0.67578125 0.621875 0.69921875 0.609375 0.73359375 0.5828125 0.76015625 0.575 0.81953125 0.565625 0.84453125 0.55703125 0.853125 0.53515625 0.85625 0.50703125 0.8890625 0.446875 0.93046875 0.4390625 0.96015625 0.41875 0.99609375 0.6265625 0.99921875 0.63125 0.94453125 0.6765625 0.87734375 0.7109375 0.78984375 0.721875 0.73671875
0 1 0.21640625 0.99765625 0.1453125 0.9734375 0.20546875 0.99140625 0.2171875 1 0.21640625