1 0.1005859375 0.8212890625 0.197265625 0.189453125
1 0.4775390625 0.60546875 0.0859375 0.0859375
1 0.5693359375 0.826171875 0.154296875 0.158203125
1 0.6845703125 0.76171875 0.205078125 0.16015625
1 0.4052734375 0.6796875 0.13671875 0.1171875
1 0.23046875 0.248046875 0.076171875 0.072265625
1 0.0673828125 0.923828125 0.134765625 0.078125
1 0.4638671875 0.490234375 0.1171875 0.109375
1 0.34765625 0.3740234375 0.1328125 0.091796875
1 0.560546875 0.5986328125 0.103515625 0.099609375
1 0.8681640625 0.7373046875 0.125 0.111328125
1 0.7421875 0.4013671875 0.06640625 0.064453125
1 0.462890625 0.2275390625 0.06640625 0.052734375
1 0.3857421875 0.1923828125 0.07421875 0.044921875
1 0.2705078125 0.11328125 0.068359375 0.048828125
1 0.078125 0.140625 0.060546875 0.046875
1 0.884765625 0.32421875 0.056640625 0.046875
1 0.640625 0.0693359375 0.0390625 0.03125
1 0.919921875 0.1484375 0.046875 0.03125
1 0.9638671875 0.31640625 0.05859375 0.037109375
1 0.783203125 0.3125 0.060546875 0.052734375
1 0.5498046875 0.0068359375 0.03515625 0.009765625
0 0.9502020234375 1 0.97099675390625 0.802151341796875 0.90796688671875 0.814261904296875 0.87862841796875 0.82857464453125 0.863054958984375 0.84433414453125 0.8399634375 0.8488656640625 0.811033169921875 0.867570390625 0.8065998671875 0.8931989375 0.7891714453125 0.918331458984375 0.754578078125 0.91643518359375 0.742802365234375 0.89606153515625 0.735919861328125 0.89533815625 0.7292647109375 0.900727388671875 0.7216640234375 0.939940099609375 0.680462015625 0.951266296875 0.671094189453125 0.982464921875 0.64148185546875 0.98283180859375 0.608696939453125 0.963729271484375 0.565534890625 1 0.9502020234375 1
0 0.693560048828125 0.454237900390625 0.6605064609375 0.454243095703125 0.627721544921875 0.43514055859375 0.62631609765625 0.423685220703125 0.61132648828125 0.40906249609375 0.593216001953125 0.415857177734375 0.582525359375 0.385159771484375 0.56359847265625 0.383170474609375 0.561335310546875 0.388151509765625 0.55603390234375 0.36410925390625 0.519895556640625 0.327257921875 0.525594775390625 0.289584990234375 0.521652302734375 0.26916483203125 0.491585259765625 0.257306490234375 0.46124954296875 0.264555880859375 0.41615157421875 0.263295162109375 0.3413430546875 0.213681259765625 0.303670125 0.207982041015625 0.288680515625 0.19335931640625 0.286096978515625 0.176561255859375 0.269252408203125 0.171311552734375 0.239273189453125 0.14206610546875 0.22586987109375 0.13717808984375 0.219442076171875 0.1486799375 0.195353310546875 0.146148107421875 0.18914767578125 0.130708984375 0.16935787890625 0.112102470703125 0.136846826171875 0.1069457890625 0.129287453125 0.12093815234375 0.14373452734375 0.14072275390625 0.16782329296875 0.1432545859375 0.166965576171875 0.15969095703125 0.144008392578125 0.154668609375 0.12925133203125 0.1792120859375 0.09674028125 0.17405540234375 0.0667662578125 0.1778635390625 0.06405358203125 0.20367293359375 0.09140275390625 0.208287080078125 0.107570455078125 0.22825252734375 0.1078443203125 0.242198380859375 0.118757123046875 0.245954814453125 0.129168703125 0.22965277734375 0.144246138671875 0.22688839453125 0.14777521484375 0.20986298046875 0.178606955078125 0.189618470703125 0.1977146875 0.189887140625 0.22914066796875 0.205367580078125 0.2353876171875 0.195586359375 0.252774724609375 0.19567418359375 0.27084389453125 0.214099849609375 0.264602142578125 0.256934658203125 0.278279326171875 0.275768525390625 0.241650150390625 0.284965896484375 0.211040572265625 0.27826943359375 0.204793623046875 0.28805065625 0.191436814453125 0.290995880859375 0.18197596875 0.306528025390625 0.172101728515625 0.284614599609375 0.158336716796875 0.283167837890625 0.151366388671875 0.2998315625 0.1154140859375 0.294313189453125 0.088431798828125 0.319311376953125 0.064973392578125 0.294230560546875 0.042786099609375 0.290158947265625 0.0247686328125 0.312620107421875 0.016507939453125 0.316733552734375 0.011529416015625 0.364101048828125 0.01436224609375 0.36197573046875 0.056111982421875 0.378541240234375 0.087894458984375 0.357526841796875 0.111983224609375 0.360058673828125 0.13733790625 0.350546119140625 0.164960943359375 0.369106123046875 0.21123700390625 0.37570956640625 0.235051904296875 0.364295544921875 0.252439009765625 0.364383369140625 0.279240451171875 0.341105806640625 0.32922643359375 0.328963208984375 0.358477078125 0.332037576171875 0.368077455078125 0.34000515234375 0.3978706328125 0.337917638671875 0.429389634765625 0.36906455859375 0.47267915234375 0.387531541015625 0.487896119140625 0.408266876953125 0.51080679296875 0.405455986328125 0.524029267578125 0.412064625 0.530777435546875 0.422341873046875 0.52272203515625 0.449329353515625 0.53273061328125 0.461688916015625 0.578644982421875 0.47173361328125 0.6101587890625 0.4698269453125 0.61781637890625 0.5045546484375 0.578836220703125 0.536120158203125 0.614607677734375 0.54335916015625 0.64838464453125 0.536471458984375 0.70924730859375 0.5863592265625 0.77952430859375 0.61288160546875 0.82906597265625 0.654620953125 0.8346825625 0.66738871484375 0.932587796875 0.745524685546875 0.942730708984375 0.748330380859375 0.969986861328125 0.737278048828125 0.97698369140625 0.74518943359375 0.9837107734375 0.68118552734375 0.927317310546875 0.63015491015625 0.874608259765625 0.6019997265625 0.806863091796875 0.55138858203125 0.75478440234375 0.5006844140625 0.721095259765625 0.4901850078125 0.693560048828125 0.454237900390625
0 0 0.76300900390625 0.008627158203125 0.747571630859375 0.08270190625 0.73796086328125 0.10326159375 0.757518111328125 0.123728263671875 0.761408876953125 0.18192476171875 0.844939275390625 0.1835575625 0.8625072265625 0.1731924921875 0.886642501953125 0.111797681640625 0.908023787109375 0.105597244140625 0.925638248046875 0.08866484765625 0.93777565234375 0.11551799609375 0.95538491796875 0.1236664140625 0.9440639140625 0.139875431640625 0.938809017578125 0.148029046875 0.9605416015625 0.161825060546875 0.967210521484375 0.275599416015625 0.9791686875 0.275763580078125 0.978316125 0.29749096875 0.937108923828125 0.315735791015625 0.92076037890625 0.335386056640625 0.915867169921875 0.363096919921875 0.917040064453125 0.37957980078125 0.92573101953125 0.404081962890625 0.96570842578125 0.433714990234375 0.9957873046875 0.450890248046875 0.99759249609375 0.45661016796875 0.995584234375 0.475485349609375 0.956686703125 0.5156953046875 0.9713507421875 0.532038654296875 0.9565419765625 0.534482662109375 0.949840318359375 0.516909513671875 0.918419533203125 0.491549638671875 0.894878498046875 0.502591578125 0.856027478515625 0.484837587890625 0.8263273203125 0.49415890234375 0.787295453125 0.481205099609375 0.76157908203125 0.489622189453125 0.731150345703125 0.477391765625 0.69855147265625 0.493099560546875 0.67323810546875 0.537019439453125 0.6691561015625 0.562327611328125 0.651810310546875 0.54887778125 0.639089056640625 0.53457023828125 0.642804173828125 0.511385697265625 0.631669212890625 0.490376494140625 0.632940322265625 0.477247041015625 0.6419981640625 0.46040246875 0.6367484609375 0.434815236328125 0.6070948125 0.4390676953125 0.583186892578125 0.45980303125 0.567969927734375 0.43512522265625 0.562766734375 0.422894796875 0.530167857421875 0.4098996796875 0.529671833984375 0.404019615234375 0.569065388671875 0.3956903515625 0.582107015625 0.415345814453125 0.610267396484375 0.415438833984375 0.625933875 0.469238150390625 0.67681888671875 0.468788634765625 0.69764724609375 0.452806974609375 0.7090147578125 0.394217861328125 0.7202531328125 0.37909391796875 0.7151842734375 0.33792803125 0.6682365390625 0.34127626171875 0.652931748046875 0.374417671875 0.635539447265625 0.364543431640625 0.613626017578125 0.375042837890625 0.579936875 0.328265556640625 0.55327496484375 0.266142171875 0.548485166015625 0.2210390078125 0.514170861328125 0.21094260546875 0.519198404296875 0.222542669921875 0.574346263671875 0.218388427734375 0.646974251953125 0.199962759765625 0.665043423828125 0.169988736328125 0.668851560546875 0.163199251953125 0.683794662109375 0.141916181640625 0.67111991796875 0.13032651171875 0.68207923046875 0.127200439453125 0.670443046875 0.135348857421875 0.659122044921875 0.13597921875 0.636573060546875 0.127055712890625 0.6138897421875 0.11673195703125 0.612804671875 0.107271111328125 0.62833681640625 0.09668387890625 0.679413064453125 0.066849384765625 0.706720923828125 0.043757865234375 0.71125244140625 0.032075171875 0.7065452734375 0.00989307421875 0.735527248046875 0 0.731159986328125 0 0.76300900390625
0 0.4032596171875 0.054923751953125 0.406654361328125 0.047452201171875 0.396191072265625 0.02286741015625 0.39035232421875 0.037040619140625 0.39560722265625 0.053249634765625 0.4032596171875 0.054923751953125
0 0.119046326171875 0.069412388671875 0.1234331171875 0.035950603515625 0.084266916015625 0.036183154296875 0.092058841796875 0.061356990234375 0.100300283203125 0.065702466796875 0.089433990234375 0.0697792734375 0.098853521484375 0.0794674765625 0.119046326171875 0.069412388671875
0 0.31822555859375 0.052944845703125 0.3385113828125 0.058556240234375 0.35281892578125 0.05484112109375 0.360104435546875 0.02690290234375 0.287161267578125 0.034023154296875 0.285218482421875 0.06078328125 0.31822555859375 0.052944845703125
0 0.24333960546875 0.086825224609375 0.2773904375 0.093883376953125 0.289930845703125 0.08215417578125 0.28503763671875 0.062503908203125 0.266157259765625 0.0683478515625 0.24256451953125 0.05282090234375 0.2424715 0.037154421875 0.235361640625 0.030318427734375 0.19578723828125 0.026158990234375 0.181526205078125 0.03770734765625 0.18062198046875 0.046310478515625 0.20118166796875 0.0658677265625 0.20548583203125 0.0828466328125 0.2228729375 0.08293445703125 0.233243205078125 0.091852767578125 0.24333960546875 0.086825224609375