1 0.4697265625 0.171875 0.08984375 0.12109375
1 0.4345703125 0.3369140625 0.173828125 0.154296875
1 0.7109375 0.0966796875 0.1796875 0.15625
1 0.330078125 0.58203125 0.146484375 0.169921875
1 0.75 0.4296875 0.134765625 0.111328125
1 0.115234375 0.8984375 0.1875 0.15234375
1 0.53515625 0.4619140625 0.130859375 0.1328125
1 0.9716796875 0.537109375 0.056640625 0.171875
1 0.828125 0.2265625 0.1484375 0.251953125
1 0.96484375 0.7431640625 0.048828125 0.19921875
1 0.693359375 0.55078125 0.19140625 0.220703125
1 0.9365234375 0.4169921875 0.126953125 0.115234375
1 0.728515625 0.55078125 0.107421875 0.19921875
1 0.119140625 0.6318359375 0.1328125 0.1796875
1 0.599609375 0.193359375 0.08203125 0.09375
1 0.6279296875 0.337890625 0.076171875 0.12109375
0 0 0.515518375 0.01087019921875 0.5063971953125 0.011821375 0.476465865234375 0.027552181640625 0.458666171875 0.0591383203125 0.459762126953125 0.075107296875 0.46782912890625 0.0767418515625 0.506324056640625 0.1173881796875 0.5182175234375 0.144588998046875 0.512259912109375 0.153214857421875 0.528021849609375 0.159482275390625 0.513562904296875 0.17336211328125 0.526449556640625 0.182970279296875 0.521454 0.1934159765625 0.4973557578125 0.19163664453125 0.460515640625 0.201968693359375 0.44724604296875 0.212187099609375 0.444805087890625 0.232044802734375 0.446542412109375 0.238839943359375 0.454640544921875 0.240701791015625 0.471478185546875 0.24717624609375 0.473712099609375 0.2411983828125 0.4848614296875 0.243091361328125 0.51087290234375 0.25371296484375 0.4942936875 0.24903809375 0.490549740234375 0.260301068359375 0.485698958984375 0.296851630859375 0.487229244140625 0.302457427734375 0.49939201171875 0.333836525390625 0.48379510546875 0.347106125 0.49412715625 0.34864728515625 0.505100576171875 0.364761041015625 0.511512771484375 0.36954955859375 0.504428076171875 0.3651642421875 0.49737451171875 0.3744828515625 0.4956885703125 0.380460716796875 0.484539244140625 0.388010875 0.493537171875 0.395788322265625 0.480877810546875 0.4085924609375 0.487000451171875 0.41802471875 0.474485869140625 0.425719654296875 0.48182898828125 0.43111841015625 0.47729889453125 0.462414994140625 0.48170446484375 0.474390974609375 0.421055658203125 0.456188083984375 0.419463111328125 0.4565398984375 0.4345011640625 0.436682197265625 0.432763841796875 0.434820349609375 0.415926203125 0.4215818828125 0.41476798828125 0.408550453125 0.4303026328125 0.3976906796875 0.42101515234375 0.385993373046875 0.430830357421875 0.384979935546875 0.442414015625 0.393222845703125 0.433964064453125 0.406461314453125 0.43512228125 0.397349740234375 0.45350108203125 0.406844259765625 0.459334169921875 0.402200517578125 0.46476405859375 0.388962052734375 0.463605841796875 0.385590173828125 0.4449686171875 0.38234281640625 0.463026734375 0.3759820078125 0.449964173828125 0.37510246875 0.4123690390625 0.318549427734375 0.410756240234375 0.313264314453125 0.40445769140625 0.31636689453125 0.388054384765625 0.340547650390625 0.3784976015625 0.354240703125 0.3363412421875 0.421259697265625 0.275505654296875 0.415943455078125 0.26003326953125 0.422438166015625 0.22391703515625 0.41668759375 0.213409078125 0.40527984375 0.219914666015625 0.39499917578125 0.204007951171875 0.3709631953125 0.211909923828125 0.3018955703125 0.200864865234375 0.282585845703125 0.18333447265625 0.293528134765625 0.172619474609375 0.291345603515625 0.149917619140625 0.261269498046875 0.150621248046875 0.2441423046875 0.15579271484375 0.240108802734375 0.163777201171875 0.20254480078125 0.173830576171875 0.19084749609375 0.183645779296875 0.184321654296875 0.210588177734375 0.177991974609375 0.206699453125 0.149891361328125 0.213412080078125 0.155176470703125 0.21971062890625 0.17262434765625 0.2204033828125 0.164815767578125 0.223888908203125 0.130064791015625 0.220848591796875 0.138307701171875 0.212398640625 0.127013595703125 0.208075583984375 0.113971291015625 0.17608624609375 0.105118140625 0.181981595703125 0.06281700390625 0.1699433515625 0.026955650390625 0.170065044921875 0 0.478169525390625 0 0.515518375
0 0 0.582983505859375 0.031618314453125 0.593253634765625 0.063173322265625 0.58517575390625 0.080507552734375 0.596697150390625 0.088171357421875 0.594866435546875 0.088109095703125 0.576518765625 0.07602884375 0.56212208203125 0.094541544921875 0.52205486328125 0.10835912109375 0.51659384375 0.101708755859375 0.506840900390625 0.078686212890625 0.50315921484375 0.049251478515625 0.515591283203125 0 0.507316029296875 0 0.582983505859375
0 0.958165587890625 1 0.971411849609375 0.848594533203125 0.96401174609375 0.8474111328125 0.953906986328125 0.8390234453125 0.9515065390625 0.7521047421875 0.9645784765625 0.659869798828125 0.9714561328125 0.647965455078125 0.988907630859375 0.648616837890625 0.990848158203125 0.62643649609375 0.990031095703125 0.62624590625 0.943023958984375 0.601289880859375 0.946570244140625 0.494048013671875 0.93379723828125 0.497099208984375 0.923890142578125 0.591278513671875 0.906794080078125 0.6056238125 0.875787048828125 0.597908625 0.8662613984375 0.582901701171875 0.86346862890625 0.557645244140625 0.8754866171875 0.5536942578125 0.87820625 0.5130790625 0.832802537109375 0.517444126953125 0.82725900390625 0.523629029296875 0.8159648984375 0.51930597265625 0.8098422578125 0.532110109375 0.79314939453125 0.532317146484375 0.7813073125 0.543787162109375 0.77046929296875 0.6295476484375 0.761357720703125 0.647926447265625 0.70538378515625 0.6396944140625 0.5707854453125 0.5962365625 0.5649212265625 0.596557248046875 0.555520099609375 0.618245666015625 0.544515548828125 0.610612994140625 0.540626822265625 0.616942673828125 0.537896314453125 0.61003388671875 0.522103244140625 0.609485908203125 0.52306530078125 0.6270785625 0.53853768359375 0.621762322265625 0.55735081640625 0.625909470703125 0.54611897265625 0.6399340859375 0.54963562890625 0.6569165 0.537679900390625 0.679215158203125 0.58129490625 0.723884107421875 0.692229333984375 0.7519318359375 0.710690650390625 0.7410409296875 0.71425869140625 0.728847033203125 0.725987126953125 0.728205662109375 0.739401501953125 0.73688290625 0.7406842421875 0.760339779296875 0.74794484375 0.772647322265625 0.74490452734375 0.80739830078125 0.753944462890625 0.8565459609375 0.7464363125 0.904245853515625 0.725741080078125 0.921611216796875 0.620991556640625 0.899107021484375 0.610421333984375 0.886509923828125 0.58330303125 0.8724650546875 0.52344037109375 0.870562701171875 0.48697232421875 0.849029935546875 0.4372969375 0.835512791015625 0.441288431640625 0.770830484375 0.50609376171875 0.678119203125 0.517552896484375 0.642437302734375 0.50251484375 0.6427891171875 0.498398828125 0.670776083984375 0.485915375 0.67051766015625 0.47784837109375 0.68648663671875 0.463710111328125 0.686083435546875 0.460607533203125 0.70248674609375 0.44707951171875 0.704638146484375 0.441453462890625 0.73082552734375 0.425981078125 0.736141767578125 0.41690063671875 0.763694404296875 0.40894727734375 0.76883473828125 0.40763340625 0.73620403125 0.394829271484375 0.730081390625 0.39758003515625 0.69864002734375 0.4488168359375 0.684780443359375 0.454318359375 0.62189772265625 0.483639451171875 0.620294298828125 0.487207490234375 0.608100400390625 0.488655259765625 0.59155231640625 0.45840324609375 0.584736919921875 0.458806447265625 0.57059866015625 0.443158154296875 0.568395875 0.44115153125 0.553213044921875 0.40895515234375 0.549562490234375 0.399213087890625 0.603736837890625 0.37135064453125 0.63631616015625 0.364793671875 0.65408472265625 0.344098439453125 0.6714500859375 0.33237000390625 0.672091455078125 0.268845912109375 0.654861494140625 0.254066283203125 0.64272985546875 0.261512169921875 0.576682294921875 0.277790955078125 0.543089533203125 0.275608421875 0.52038767578125 0.23078381640625 0.518133505859375 0.224805953125 0.529282833984375 0.196529431640625 0.52847643359375 0.195277822265625 0.514193396484375 0.181429115234375 0.510480580078125 0.1733932421875 0.535623390625 0.16454009375 0.541518740234375 0.189972458984375 0.54624499609375 0.193633892578125 0.561572603515625 0.217587357421875 0.573673109375 0.22574775390625 0.58522563671875 0.2189012265625 0.606303818359375 0.210803091796875 0.613098958984375 0.178172384765625 0.614412828125 0.1598044609375 0.65282523828125 0.1389333203125 0.66267157421875 0.09235113671875 0.718625255859375 0.0738898203125 0.72951616015625 0.056121259765625 0.7229591875 0.04532374609375 0.732019376953125 0.0286308828125 0.732226416015625 0.026417220703125 0.70035072265625 0 0.69951121875 0 0.74571705859375 0.00567060546875 0.746892400390625 0.024080537109375 0.765177806640625 0.060341544921875 0.7700177109375 0.0952995625 0.789750888671875 0.091101029296875 0.837740333984375 0.196636703125 0.87031815625 0.20299751171875 0.88338071484375 0.202150013671875 0.975851421875 0.20648240234375 0.97623045703125 0.230478509765625 0.95998762109375 0.25277716796875 0.971943349609375 0.266211796875 0.942270443359375 0.2644947265625 0.92377799609375 0.274857908203125 0.919682232421875 0.28022553515625 0.905978302734375 0.296163380859375 0.90487147265625 0.29632841015625 0.864866515625 0.281755818359375 0.869427740234375 0.27629480078125 0.8556101640625 0.267441650390625 0.861505513671875 0.250862435546875 0.850883908203125 0.251813611328125 0.820952580078125 0.26908558203125 0.814126306640625 0.273573669921875 0.7628272421875 0.280161771484375 0.754232517578125 0.30559413671875 0.758958771484375 0.301685158203125 0.8036386015625 0.285602537109375 0.806400240234375 0.2770700703125 0.81815980859375 0.283254974609375 0.823703341796875 0.28224153515625 0.835287 0.312638326171875 0.840447587890625 0.333313306640625 0.861432373046875 0.324729455078125 0.902368255859375 0.3107671015625 0.90948408203125 0.305141052734375 0.935671462890625 0.293123064453125 0.93962244921875 0.293154193359375 0.94879628515625 0.3372549140625 0.95932449609375 0.343925533203125 0.930727291015625 0.36070091015625 0.9105177734375 0.363948265625 0.892459658203125 0.3761421640625 0.89602769921875 0.37445622265625 0.8867090859375 0.391552287109375 0.872363787109375 0.398636982421875 0.877152302734375 0.38932924609375 0.926362228515625 0.37716648046875 0.9319680234375 0.36999926953125 0.947181982421875 0.35902584765625 0.948723146484375 0.3527584296875 0.963182091796875 0.374157294921875 0.9758928359375 0.386640744140625 0.9761512578125 0.390467208984375 0.951473908203125 0.40936285546875 0.935618578125 0.442748580078125 0.9352045 0.4679225234375 0.952414208984375 0.5222416484375 0.96050146484375 0.53806584765625 0.97022327734375 0.552555923828125 0.98566453125 0.554716392578125 1 0.958165587890625 1
0 0.4790876015625 0.51984757421875 0.47200290625 0.51505905859375 0.47014105859375 0.49822141796875 0.45054178125 0.48400064453125 0.378888423828125 0.46439198828125 0.37755430078125 0.4701114296875 0.3870488203125 0.475944515625 0.378340447265625 0.480185056640625 0.387834966796875 0.48601814453125 0.375237869140625 0.496588365234375 0.385776958984375 0.500011626953125 0.386097642578125 0.505875845703125 0.3608100546875 0.49949478125 0.34742680859375 0.499991375 0.344437876953125 0.5055660390625 0.365050595703125 0.508203154296875 0.372166419921875 0.5221655078125 0.38522898046875 0.5158046953125 0.383491658203125 0.5356623984375 0.40428028125 0.545818541015625 0.40530459765625 0.581758865234375 0.447977802734375 0.570485013671875 0.474951330078125 0.58618469140625 0.486679767578125 0.585543322265625 0.476782046875 0.593848494140625 0.490806662109375 0.605080337890625 0.497973873046875 0.589866376953125 0.523840568359375 0.58962820703125 0.525433115234375 0.571425314453125 0.5353308359375 0.563120140625 0.5472351796875 0.569997796875 0.549469095703125 0.563523341796875 0.530769611328125 0.548547548828125 0.532362158203125 0.53034465625 0.543594 0.51632004296875 0.514996794921875 0.509649423828125 0.502254919921875 0.521874451171875 0.4790876015625 0.51984757421875
0 0.0418344140625 0 0.030861337890625 0.125422826171875 0.066581205078125 0.12691833203125 0.07400683984375 0.09922091796875 0.103214283203125 0.10844613671875 0.1463218203125 0.092207859375 0.16725522265625 0.1007091953125 0.23381962890625 0.0831881796875 0.276844650390625 0.086952380859375 0.295978466796875 0.096963748046875 0.30296976953125 0.074230759765625 0.344774314453125 0.0728857578125 0.35653387890625 0.08141822265625 0.357930265625 0.094046453125 0.3655629375 0.08304190234375 0.385886103515625 0.08898863671875 0.386093140625 0.10568149609375 0.377239990234375 0.111576845703125 0.391698935546875 0.117844263671875 0.3910373125 0.1444659765625 0.39722221484375 0.150009509765625 0.39081001953125 0.166123263671875 0.398794509765625 0.170156765625 0.40915769140625 0.166061001953125 0.399663171875 0.1602279140625 0.4024761953125 0.147134224609375 0.396146515625 0.143245498046875 0.400500701171875 0.141125228515625 0.41632490234375 0.150847041015625 0.4220132109375 0.143007330078125 0.423875056640625 0.159844966796875 0.44784877734375 0.13359532421875 0.47022994921875 0.12554857421875 0.511455384765625 0.13082280859375 0.548088462890625 0.11235061328125 0.568732310546875 0.124161564453125 0.612046884765625 0.124616150390625 0.62295804296875 0.10472731640625 0.60094894140625 0.08946197265625 0.598332078125 0.071724541015625 0.576033421875 0.0597688125 0.565959794921875 0.0605549609375 0.538531681640625 0.088169857421875 0.521983595703125 0.086722087890625 0.506769634765625 0.079554875 0.499767455078125 0.054763880859375 0.485018955078125 0.051806078125 0.478896314453125 0.06461021484375 0.470301587890625 0.05802211328125 0.477210375 0.055291603515625 0.4752348828125 0.049282609375 0.450123201171875 0.050420572265625 0.443566228515625 0.0681891328125 0.435519478515625 0.0458079609375 0.35681255859375 0.030584623046875 0.28536623828125 0.027668830078125 0.27953315234375 0.037163349609375 0.27111433203125 0.0380942734375 0.254648763671875 0.016644025390625 0.24701608984375 0.027648578125 0.236590646484375 0.013396669921875 0.220476892578125 0.006984474609375 0.163017513671875 0 0.0418344140625 0
0 1 0.127091212890625 0.991949201171875 0.12783875 0.95475726953125 0.114580029296875 0.927701224609375 0.118882830078125 0.89654941796875 0.112822451171875 0.88812122265625 0.1996275078125 0.889807162109375 0.208946119140625 0.897326189453125 0.2087702109375 0.93090807421875 0.17752501171875 0.950765775390625 0.1792623359375 0.9584607109375 0.186605453125 0.977387486328125 0.17992395703125 0.985919953125 0.168164392578125 0.987946830078125 0.144997072265625 0.9959001875 0.139856740234375 0.99671746484375 0.159104203125 1 0.159869890625 1 0.127091212890625