1 0.537109375 0.2021484375 0.220703125 0.404296875
1 0.1162109375 0.8408203125 0.232421875 0.302734375
1 0.3359375 0.107421875 0.17578125 0.21484375
1 0.9306640625 0.865234375 0.126953125 0.26953125
1 0.18359375 0.4736328125 0.25 0.42578125
1 0.794921875 0.146484375 0.265625 0.287109375
1 0.048828125 0.2119140625 0.09375 0.416015625
1 0.9052734375 0.5712890625 0.189453125 0.408203125
1 0.037109375 0.6787109375 0.07421875 0.451171875
0 0.346521953125 0.420696458984375 0.358007599609375 0.409604896484375 0.3631552109375 0.391950111328125 0.354834501953125 0.36034846875 0.338796453125 0.4012038203125 0.338543111328125 0.41571773828125 0.346521953125 0.420696458984375
0 0.246464560546875 0.23827726953125 0.24759868359375 0.265720599609375 0.298242578125 0.27547691015625 0.309985646484375 0.295846248046875 0.3027749921875 0.33927540625 0.263685287109375 0.4531266640625 0.2372716484375 0.58010437890625 0.21003352734375 0.661899529296875 0.207914185546875 0.690899216796875 0.187544849609375 0.70264228515625 0.165389876953125 0.678058333984375 0.129175455078125 0.673393337890625 0.13203483203125 0.69441418359375 0.125021220703125 0.72655473828125 0.207777521484375 0.7449373203125 0.211598048828125 0.757102623046875 0.204499990234375 0.79408115234375 0.212309935546875 0.80873581640625 0.298375580078125 0.498900357421875 0.3105931015625 0.44587969921875 0.3112686796875 0.40717591796875 0.3263737265625 0.37356344921875 0.3626040546875 0.238691345703125 0.35968837890625 0.2208958125 0.34769196875 0.215040392578125 0.302537556640625 0.214252220703125 0.294389822265625 0.218949447265625 0.259052099609375 0.210266880859375 0.25328112890625 0.217425318359375 0.246464560546875 0.23827726953125
0 0.156002748046875 0.106839765625 0.127626421875 0.1152167734375 0.1025920859375 0.163174265625 0.078551130859375 0.246638373046875 0.072756087890625 0.301384283203125 0.030807005859375 0.394214697265625 0.033099322265625 0.40151387890625 0.054007572265625 0.4051051328125 0.07870819921875 0.422474345703125 0.088223412109375 0.52426881640625 0.07459027734375 0.56597272265625 0.082653564453125 0.566113466796875 0.163917546875 0.346530533203125 0.15449494140625 0.331847720703125 0.16323380859375 0.293284685546875 0.17638841015625 0.278995958984375 0.19185939453125 0.22441894140625 0.21146462890625 0.2102428125 0.2136684140625 0.17640515234375 0.221985044921875 0.16203198046875 0.219917921875 0.141831537109375 0.202094240234375 0.146359869140625 0.171510044921875 0.142599724609375 0.156002748046875 0.106839765625
0 0.29881455859375 0.982046119140625 0.315874134765625 0.975084724609375 0.3328451796875 0.926986486328125 0.326096736328125 0.759101205078125 0.323776271484375 0.753414681640625 0.304480677734375 0.749851578125 0.30074459765625 0.73284830078125 0.31299026953125 0.678214986328125 0.339158728515625 0.657700822265625 0.319179396484375 0.600891869140625 0.3281716015625 0.5478149140625 0.337252337890625 0.535874802734375 0.359942138671875 0.529818259765625 0.365853857421875 0.51459653515625 0.35708276171875 0.508797412109375 0.339146484375 0.519776375 0.3186323203125 0.49360791796875 0.212430693359375 0.89423481640625 0.20841720703125 0.9393329296875 0.198600515625 0.94722732421875 0.185876767578125 0.994593123046875 0.26415785546875 0.9959595234375 0.26613508984375 0.9596981875 0.25524057421875 0.9369239375 0.258888125 0.91279037109375 0.28440915625 0.92936733203125 0.29007161328125 0.97463433984375 0.29881455859375 0.982046119140625
0 0.991348630859375 1 0.992089720703125 0.95754303515625 0.94282791015625 0.961024435546875 0.92453262890625 1 0.991348630859375 1
0 0.96859866796875 0.008103255859375 0.91489691015625 0.007165888671875 0.901870951171875 0.119052369140625 0.898541201171875 0.21739633203125 0.9032384296875 0.22554406640625 0.926636037109375 0.225145900390625 0.93243516015625 0.216374802734375 0.96859866796875 0.008103255859375
0 1 0.008651369140625 0.9840782421875 0.008373453125 0.946892779296875 0.2198534609375 0.947914306640625 0.253747419921875 0.9571398671875 0.279718833984375 0.94690094140625 0.311803091796875 0.93060547265625 0.321197546875 0.90053612109375 0.3803591953125 0.91179657421875 0.38216889453125 0.936975736328125 0.372122931640625 0.968408484375 0.373478166015625 0.965915044921875 0.331492771484375 0.971175251953125 0.30738735546875 0.977963671875 0.28814805859375 1 0.277606541015625 1 0.271140619140625 0.988053689453125 0.1721774609375 0.99359538671875 0.13194546875 1 0.126449544921875 1 0.008651369140625
0 0.79387546484375 1 0.7823262578125 0.96064259375 0.789480615234375 0.920438748046875 0.781501775390625 0.91546003125 0.786508640625 0.90586853125 0.7768889921875 0.902474322265625 0.757874890625 0.88278464453125 0.813809873046875 0.9086174453125 0.820535181640625 0.8048340859375 0.803612271484375 0.757757376953125 0.812210392578125 0.72725762890625 0.796449751953125 0.70601158984375 0.786230814453125 0.64453355859375 0.787216029296875 0.58809054296875 0.79561710546875 0.5688793984375 0.791539158203125 0.525253197265625 0.800052830078125 0.499591419921875 0.78426404296875 0.4799580390625 0.786974513671875 0.41709254296875 0.7939599765625 0.38656464453125 0.862902001953125 0.31840262890625 0.8682185078125 0.2910718984375 0.88304206640625 0.273586005859375 0.87588362890625 0.267815033203125 0.853250125 0.27064626171875 0.80351108203125 0.25525972265625 0.724687904296875 0.242591818359375 0.7091565390625 0.25441933203125 0.705508986328125 0.2785528984375 0.70519934765625 0.2962921328125 0.71450935546875 0.317425576171875 0.71372118359375 0.362579986328125 0.700771787109375 0.457529740234375 0.692398859375 0.475128228515625 0.674490732421875 0.48449453515625 0.6820473359375 0.513663115234375 0.678287189453125 0.5442473125 0.68289996875 0.55723301953125 0.694727486328125 0.5727643828125 0.71416382421875 0.56826419921875 0.7227097265625 0.58696458203125 0.71498830859375 0.61344676171875 0.69096733984375 0.603348580078125 0.669041642578125 0.61183818359375 0.6655066875 0.629521119140625 0.66638746875 0.671478365234375 0.67674715625 0.724893109375 0.66625488671875 0.771491283203125 0.672142537109375 0.80385703125 0.66640379296875 0.855377626953125 0.66943206640625 0.866722529296875 0.6774390546875 0.87008858984375 0.675038224609375 0.9152148515625 0.68267927734375 0.9395454609375 0.665595634765625 0.994094328125 0.67506 1 0.683952025390625 1 0.692954513671875 0.99779817578125 0.706756544921875 0.946418326171875 0.696087220703125 0.91074281640625 0.708192146484375 0.864172791015625 0.718857388671875 0.853873484375 0.728477037109375 0.8572676953125 0.741832763671875 0.877665181640625 0.74220686328125 0.94865026171875 0.73374948828125 0.971086724609375 0.73900909765625 1 0.79387546484375 1
0 0.573384501953125 0.91666677734375 0.550835443359375 0.914660033203125 0.54950427734375 0.898505306640625 0.5625181328125 0.89227987109375 0.552049931640625 0.891290572265625 0.5441555390625 0.8814738828125 0.53484961328125 0.906315255859375 0.52585332421875 0.91341739453125 0.51705408203125 0.9092309296875 0.509356732421875 0.88812563671875 0.509778966796875 0.8639357734375 0.517275193359375 0.850354853515625 0.531789111328125 0.8506081953125 0.547662345703125 0.865403603515625 0.551000255859375 0.859009271484375 0.57275705859375 0.860195611328125 0.578701005859375 0.889336046875 0.575194201171875 0.905406322265625 0.5671309140625 0.905265578125 0.57106403515625 0.910980251953125 0.612908685546875 0.916550099609375 0.620461208984375 0.899743865234375 0.62434577734375 0.67719712109375 0.618997041015625 0.6601656953125 0.607623990234375 0.664806625 0.603690869140625 0.65909194921875 0.60648578515625 0.59138848046875 0.589651404296875 0.58544861328125 0.58498232421875 0.57568822265625 0.56087690625 0.570428013671875 0.556662294921875 0.5808399140625 0.56605675 0.597135384765625 0.55977909375 0.633321658203125 0.54365251953125 0.63304016796875 0.53683187109375 0.6079173046875 0.528060775390625 0.60211818359375 0.507068076171875 0.603364904296875 0.48946958984375 0.594991978515625 0.462082560546875 0.59290078515625 0.43008683203125 0.623798701171875 0.423157666015625 0.65110128515625 0.41758373828125 0.646971119140625 0.411812765625 0.654129556640625 0.388362939453125 0.70372785546875 0.393599080078125 0.72720991015625 0.418609345703125 0.726839892578125 0.424291791015625 0.678544611328125 0.43252397265625 0.669009412109375 0.424516984375 0.6656433515625 0.42471402734375 0.65435475 0.430513146484375 0.645583654296875 0.44180175 0.645780697265625 0.4357492890625 0.6690657109375 0.4531788828125 0.687114583984375 0.451964392578125 0.71048404296875 0.47018216015625 0.68337850390625 0.502547908203125 0.67749085546875 0.528945638671875 0.69005024609375 0.539980900390625 0.70476120703125 0.548301611328125 0.736362849609375 0.558230896484375 0.722017826171875 0.563861125 0.72292267578125 0.56680494921875 0.73910555078125 0.553565900390625 0.758232248046875 0.55829127734375 0.764767326171875 0.5500309453125 0.77591518359375 0.5512213671875 0.800133197265625 0.545534841796875 0.80245366015625 0.537724896484375 0.78779899609375 0.5334258359375 0.803048873046875 0.52194019140625 0.814140431640625 0.52508105859375 0.819034701171875 0.519366384765625 0.82296782421875 0.516281814453125 0.81484823828125 0.512831306640625 0.827693201171875 0.503183509765625 0.8259116484375 0.491444521484375 0.851517126953125 0.472856736328125 0.853612400390625 0.48839218359375 0.88775969921875 0.490829326171875 0.932970408203125 0.484322396484375 0.93608312890625 0.482287501953125 0.96024484375 0.46763283984375 0.9680547890625 0.493435359375 0.968505173828125 0.502427568359375 0.91542821875 0.5097548984375 0.91152324609375 0.509702681640625 0.960723376953125 0.52161464453125 0.97141676953125 0.5304983359375 0.970765259765625 0.53222358984375 0.964342779296875 0.51635035546875 0.94954737109375 0.52486402734375 0.92388559375 0.54169841015625 0.929825458984375 0.54899759375 0.92753314453125 0.55533562890625 0.93409637109375 0.547216041015625 0.93718094140625 0.556694943359375 0.9486384375 0.5517162265625 0.956617279296875 0.561959234375 0.9705078359375 0.56937101171875 0.961764890625 0.573384501953125 0.91666677734375
0 0.476073890625 0.76171906640625 0.481189271484375 0.699702123046875 0.459094681640625 0.717867671875 0.446877158203125 0.770888330078125 0.463204859375 0.805856033203125 0.50422910546875 0.812218134765625 0.520580873046875 0.799598365234375 0.537157833984375 0.774077333984375 0.539305322265625 0.74346498828125 0.527023341796875 0.707761330078125 0.511914212890625 0.695398982421875 0.4990411015625 0.6935611328125 0.486875796875 0.697381658203125 0.505889900390625 0.717071337890625 0.513502802734375 0.743014603515625 0.511580505859375 0.760725689453125 0.492739376953125 0.77733487890625 0.476073890625 0.76171906640625
0 0.4684532421875 0.96726253515625 0.48217490625 0.96669547265625 0.49394204296875 0.939477337890625 0.474051240234375 0.923805228515625 0.461149978515625 0.92358003515625 0.452917796875 0.933115234375 0.430509486328125 0.923045203125 0.3998689921875 0.922510373046875 0.388439642578125 0.930376615234375 0.367531392578125 0.92678536328125 0.354606064453125 0.974147642578125 0.365782072265625 0.98079531640625 0.38934857421875 0.970721203125 0.395968099609375 0.96115785546875 0.401598326171875 0.96206270703125 0.40383434375 0.972587203125 0.41557333203125 0.9469817265625 0.42179876953125 0.95999558203125 0.433284416015625 0.9489040234375 0.441178810546875 0.95872071484375 0.44454487109375 0.95071372265625 0.453118921875 0.967801447265625 0.46511533203125 0.9736568671875 0.4684532421875 0.96726253515625