1 0.8125 0.638671875 0.251953125 0.212890625
1 0.8828125 0.53125 0.1171875 0.1015625
1 0.7099609375 0.3837890625 0.0859375 0.1064453125
1 0.8486328125 0.408203125 0.0546875 0.083984375
1 0.287109375 0.51171875 0.068359375 0.0654296875
1 0.615234375 0.482421875 0.056640625 0.044921875
1 0.541015625 0.4541015625 0.0439453125 0.0595703125
1 0.533203125 0.1865234375 0.080078125 0.0546875
1 0.45703125 0.4482421875 0.046875 0.052734375
0 0.0578125 0.29453125 0.06484375 0.30625 0.071875 0.30703125 0.09296875 0.3046875 0.1015625 0.29765625 0.07578125 0.290625 0.0578125 0.29453125
0 0 0.11484375 0.00078125 0.1234375 0.06328125 0.125 0.0765625 0.13515625 0.078125 0.12734375 0.0921875 0.11953125 0.08984375 0.115625 0 0.11484375
0 0 0.29609375 0.0171875 0.30390625 0.03515625 0.3 0.0421875 0.28984375 0.00078125 0.265625 0 0.29609375
0 0.55234375 0.5015625 0.5484375 0.56015625 0.5625 0.57421875 0.5640625 0.53046875 0.575 0.50859375 0.56953125 0.5015625 0.55234375 0.5015625
0 0.19453125 0.2203125 0.190625 0.24453125 0.1984375 0.25546875 0.21171875 0.240625 0.23515625 0.240625 0.24375 0.22109375 0.19453125 0.2203125
0 0.25859375 0.1671875 0.2328125 0.18359375 0.24453125 0.1953125 0.2703125 0.19609375 0.28046875 0.1875 0.30078125 0.1875 0.315625 0.16796875 0.25859375 0.1671875
0 0.60390625 0.571875 0.59375 0.58046875 0.5875 0.59765625 0.61015625 0.5953125 0.6203125 0.62265625 0.6296875 0.63046875 0.64375 0.61015625 0.6359375 0.58203125 0.62109375 0.571875 0.60390625 0.571875
0 0 0.35234375 0.00078125 0.36875 0.0375 0.37890625 0.06171875 0.3671875 0.0703125 0.35390625 0.04140625 0.340625 0 0.35234375
0 0.21328125 0.1296875 0.2046875 0.13203125 0.20625 0.14609375 0.20078125 0.153125 0.18515625 0.1515625 0.1796875 0.15703125 0.18515625 0.1703125 0.1609375 0.17734375 0.16484375 0.184375 0.18984375 0.1859375 0.2015625 0.19921875 0.203125 0.18984375 0.225 0.16640625 0.225 0.13828125 0.21328125 0.1296875
0 0.13984375 0.221875 0.10859375 0.2203125 0.0796875 0.22734375 0.078125 0.24921875 0.08515625 0.2640625 0.1703125 0.26484375 0.1671875 0.23046875 0.17265625 0.2015625 0.15078125 0.209375 0.13984375 0.221875
0 0.94609375 0.18125 0.91953125 0.1875 0.90234375 0.18125 0.87890625 0.1859375 0.84453125 0.16875 0.82890625 0.1765625 0.79609375 0.178125 0.7890625 0.18515625 0.80078125 0.2078125 0.80625 0.20546875 0.80234375 0.1953125 0.82734375 0.2 0.83984375 0.19375 0.86015625 0.2046875 0.87109375 0.190625 0.88203125 0.190625 0.89921875 0.21875 0.90703125 0.21875 0.91953125 0.2046875 0.93671875 0.203125 0.94921875 0.21875 0.96953125 0.215625 0.97734375 0.2328125 0.99375 0.23828125 1 0.23671875 0.99921875 0.1796875 0.96953125 0.1890625 0.94609375 0.18125
0 0.9546875 0.69140625 0.9546875 0.71796875 0.9640625 0.74609375 0.959375 0.76484375 0.93828125 0.7734375 0.88046875 0.759375 0.865625 0.74921875 0.85859375 0.721875 0.83828125 0.7171875 0.82265625 0.7046875 0.76953125 0.6890625 0.759375 0.69140625 0.765625 0.71796875 0.78828125 0.7296875 0.80078125 0.7515625 0.83671875 0.7609375 0.85234375 0.78125 0.87890625 0.790625 0.90390625 0.7859375 0.91953125 0.7984375 0.93828125 0.7984375 1 0.84140625 0.99765625 0.678125 0.98828125 0.675 0.97734375 0.6875 0.9546875 0.69140625
0 0.79921875 1 0.79921875 0.9875 0.7828125 0.98671875 0.78515625 0.9703125 0.803125 0.97421875 0.80546875 1 0.9984375 0.99921875 0.971875 0.98515625 0.9703125 0.96640625 0.95234375 0.9453125 0.94453125 0.94375 0.93828125 0.9546875 0.92578125 0.959375 0.87890625 0.9546875 0.87109375 0.94375 0.84765625 0.9375 0.83125 0.92265625 0.82421875 0.878125 0.80078125 0.8703125 0.78046875 0.8546875 0.75703125 0.853125 0.73046875 0.8390625 0.72109375 0.84375 0.71875 0.82734375 0.725 0.81640625 0.71875 0.79140625 0.70859375 0.784375 0.703125 0.79296875 0.703125 0.82578125 0.68984375 0.834375 0.67109375 0.821875 0.63984375 0.8125 0.63203125 0.821875 0.62109375 0.8234375 0.57890625 0.80625 0.56171875 0.7921875 0.53515625 0.7984375 0.51640625 0.784375 0.50234375 0.79375 0.48828125 0.775 0.47109375 0.765625 0.45859375 0.765625 0.44140625 0.7765625 0.43046875 0.765625 0.4078125 0.75703125 0.36875 0.71171875 0.3671875 0.68984375 0.3734375 0.68671875 0.3703125 0.64453125 0.3921875 0.53046875 0.40625 0.50390625 0.42109375 0.5 0.434375 0.48359375 0.4328125 0.46640625 0.42421875 0.4625 0.40078125 0.484375 0.39296875 0.484375 0.38671875 0.478125 0.36171875 0.4765625 0.34921875 0.459375 0.33046875 0.453125 0.328125 0.46796875 0.3140625 0.48671875 0.32578125 0.4890625 0.3328125 0.50390625 0.328125 0.53046875 0.334375 0.55078125 0.31328125 0.55625 0.30234375 0.5484375 0.28515625 0.546875 0.2859375 0.56796875 0.27265625 0.578125 0.24453125 0.5703125 0.2328125 0.54921875 0.2375 0.51171875 0.26484375 0.5 0.275 0.48828125 0.26015625 0.46875 0.20390625 0.475 0.2015625 0.49765625 0.19296875 0.503125 0.17421875 0.4984375 0.15625 0.48046875 0.1515625 0.45234375 0.15625 0.43359375 0.17734375 0.4265625 0.20859375 0.4046875 0.21640625 0.4046875 0.22890625 0.41875 0.24140625 0.4125 0.25625 0.38515625 0.28125 0.36640625 0.3 0.32578125 0.30546875 0.290625 0.29609375 0.290625 0.2890625 0.30703125 0.28046875 0.3109375 0.22578125 0.3109375 0.17109375 0.290625 0.15859375 0.2953125 0.1546875 0.29921875 0.17265625 0.3171875 0.2015625 0.32265625 0.2171875 0.36484375 0.18125 0.39453125 0.15390625 0.4296875 0.11171875 0.4375 0.08828125 0.4484375 0.05546875 0.4515625 0.01015625 0.425 0 0.42578125 0.00625 0.44296875 0 0.50703125 0.00859375 0.496875 0.04140625 0.4859375 0.09296875 0.4890625 0.10390625 0.4953125 0.115625 0.50859375 0.1203125 0.54609375 0.153125 0.57265625 0.16640625 0.640625 0.18984375 0.6328125 0.2015625 0.61171875 0.21953125 0.6 0.24765625 0.6015625 0.28046875 0.6203125 0.29921875 0.603125 0.32421875 0.596875 0.3359375 0.62109375 0.3421875 0.68671875 0.3390625 0.70078125 0.3125 0.72890625 0.3109375 0.74921875 0.30234375 0.765625 0.24453125 0.784375 0.22109375 0.771875 0.20234375 0.79375 0.15390625 0.8140625 0.12265625 0.853125 0.09296875 0.865625 0.07421875 0.88125 0.04140625 0.8859375 0.02265625 0.9 0 0.92421875 0.00078125 1 0.15234375 1 0.1640625 0.96484375 0.18046875 0.94375 0.20078125 0.940625 0.21953125 0.95 0.24140625 0.946875 0.26640625 0.921875 0.33046875 0.903125 0.34765625 0.909375 0.38984375 0.9109375 0.41015625 0.9296875 0.42265625 0.9328125 0.43359375 1 0.49453125 1 0.5078125 0.98515625 0.5078125 0.94140625 0.4765625 0.87578125 0.4765625 0.86328125 0.48984375 0.846875 0.51328125 0.840625 0.54609375 0.84375 0.55703125 0.8609375 0.57578125 0.8671875 0.5984375 0.91484375 0.5859375 0.95390625 0.559375 0.97578125 0.55390625 1 0.60703125 1 0.61328125 0.9890625 0.65078125 0.996875 0.66796875 0.9921875 0.67734375 1 0.79921875 1