1 0.76953125 0.7490234375 0.169921875 0.23046875
1 0.0927734375 0.529296875 0.103515625 0.1015625
1 0.2978515625 0.7421875 0.1015625 0.12109375
1 0.93359375 0.3310546875 0.1328125 0.099609375
1 0.2421875 0.5224609375 0.109375 0.12109375
1 0.0205078125 0.6142578125 0.041015625 0.123046875
1 0.0458984375 0.4140625 0.068359375 0.09375
1 0.0322265625 0.541015625 0.064453125 0.09765625
1 0.4287109375 0.3447265625 0.076171875 0.078125
1 0.1552734375 0.861328125 0.13671875 0.154296875
1 0.193359375 0.5400390625 0.06640625 0.07421875
1 0.748046875 0.2998046875 0.0859375 0.052734375
1 0.2236328125 0.7978515625 0.125 0.126953125
1 0.6279296875 0.431640625 0.078125 0.1171875
1 0.53515625 0.533203125 0.064453125 0.080078125
1 0.1103515625 0.3896484375 0.0546875 0.056640625
1 0.3427734375 0.6298828125 0.083984375 0.1015625
1 0.3828125 0.681640625 0.091796875 0.103515625
1 0.87890625 0.8505859375 0.087890625 0.140625
1 0.65625 0.2294921875 0.0703125 0.044921875
1 0.4853515625 0.4365234375 0.056640625 0.056640625
1 0.689453125 0.6923828125 0.08203125 0.123046875
1 0.8896484375 0.380859375 0.078125 0.06640625
0 0.180272298828125 0.64324680078125 0.187516060546875 0.64396469140625 0.210337572265625 0.660320994140625 0.215302154296875 0.640830818359375 0.222261017578125 0.639022703125 0.2309899296875 0.6211544765625 0.225417482421875 0.612573662109375 0.21840925390625 0.61848037109375 0.21153782421875 0.6392088671875 0.2088256484375 0.628770572265625 0.2017680546875 0.638775873046875 0.203822998046875 0.6252417734375 0.19410259375 0.620710185546875 0.1772752265625 0.630282494140625 0.1589740078125 0.631323353515625 0.1531053671875 0.647334095703125 0.13789994921875 0.65314207421875 0.14229473828125 0.628599880859375 0.127856578125 0.62306550390625 0.12648145703125 0.606336869140625 0.114235044921875 0.6020901796875 0.107473640625 0.587503923828125 0.071638458984375 0.578243287109375 0.071118029296875 0.569092677734375 0.06049356640625 0.561081658203125 0.03555644921875 0.589475615234375 0.034120666015625 0.603963138671875 0.073720177734375 0.6148457265625 0.08272269140625 0.62662107421875 0.103599283203125 0.6211967265625 0.12322626171875 0.640983095703125 0.1207876875 0.660188375 0.11501777734375 0.668001931640625 0.09924256640625 0.668757892578125 0.091653244140625 0.696730150390625 0.105992671875 0.710461712890625 0.11136765625 0.73543690234375 0.117657994140625 0.736773955078125 0.13920311328125 0.728204435546875 0.138929513671875 0.698560861328125 0.147844591796875 0.691415828125 0.15885268359375 0.693755671875 0.164671958984375 0.681843521484375 0.17882521875 0.684851888671875 0.206934279296875 0.707263 0.20773960546875 0.7189396171875 0.21970112109375 0.720660298828125 0.236057423828125 0.697838787109375 0.17893524609375 0.64953713671875 0.180272298828125 0.64324680078125
0 0.773404787109375 1 0.773950369140625 0.9896839765625 0.76061373046875 0.971234662109375 0.74836731640625 0.96698797265625 0.733271927734375 0.937481197265625 0.687826369140625 0.888374220703125 0.64077015625 0.815914005859375 0.60375731640625 0.773530361328125 0.563401841796875 0.7468725625 0.552754787109375 0.79309667578125 0.542316490234375 0.795808849609375 0.532014994140625 0.8133428125 0.515571255859375 0.817243943359375 0.5022346171875 0.798794625 0.502097818359375 0.783972837890625 0.526613236328125 0.738231083984375 0.472104501953125 0.70856491796875 0.485809291015625 0.644088951171875 0.49878489453125 0.613974310546875 0.475059326171875 0.594138576171875 0.47050096484375 0.55372244140625 0.445301541015625 0.5253552578125 0.447307119140625 0.515919751953125 0.47376745703125 0.4919586484375 0.48416768359375 0.4662275 0.46225023046875 0.453350630859375 0.4746560390625 0.4181839765625 0.46836569921875 0.416846923828125 0.46479883203125 0.398830599609375 0.424010365234375 0.381942572265625 0.41924324609375 0.385038375 0.419949841796875 0.4049121796875 0.40808705859375 0.394994310546875 0.387730892578125 0.409569271484375 0.4005471015625 0.418867978515625 0.400349638671875 0.435262349609375 0.385368458984375 0.47481249609375 0.373642474609375 0.47971641796875 0.372886513671875 0.463941205078125 0.36192778515625 0.45750276953125 0.35207058203125 0.43814939453125 0.359363708984375 0.434768693359375 0.361133755859375 0.4187085859375 0.367758357421875 0.418473052734375 0.36757219140625 0.407749859375 0.3417423125 0.40554681640625 0.33187380859375 0.4133110078125 0.322438302734375 0.4113054296875 0.307194818359375 0.394094435546875 0.314016880859375 0.37746453125 0.361539978515625 0.3588022734375 0.3638798203125 0.34779418359375 0.288965556640625 0.336801568359375 0.2854367578125 0.34180421875 0.2910585703125 0.346286439453125 0.2691298203125 0.36052713671875 0.274911025390625 0.32559601171875 0.243360603515625 0.327107935546875 0.225158115234375 0.319951609375 0.21699899609375 0.3428718515625 0.213815759765625 0.3191843515625 0.20838011328125 0.32542532421875 0.21249000390625 0.298357123046875 0.197098421875 0.293441908203125 0.18830884765625 0.34252629296875 0.19821541796875 0.35778107421875 0.19768369140625 0.375748029296875 0.1881875234375 0.404958609375 0.166258775390625 0.419199306640625 0.1347083515625 0.420711228515625 0.114686451171875 0.433713603515625 0.10261490625 0.467307673828125 0.105661345703125 0.47617338671875 0.122006349609375 0.480469443359375 0.140839294921875 0.461461626953125 0.151178861328125 0.466946638671875 0.153271875 0.476431509765625 0.141260994140625 0.478809423828125 0.139255416015625 0.4882449296875 0.150400306640625 0.505406560546875 0.15043837890625 0.528425533203125 0.1619668984375 0.539915986328125 0.183660115234375 0.5190506875 0.18934258984375 0.49231675 0.245446501953125 0.468082046875 0.246038888671875 0.418898931640625 0.260241515625 0.417808708984375 0.26648248828125 0.4232443515625 0.26595076171875 0.441211310546875 0.255117541015625 0.476712228515625 0.28408129296875 0.50670136328125 0.295993443359375 0.51252063671875 0.3297849765625 0.50819780859375 0.3465742734375 0.47560652734375 0.3562453125 0.48423670703125 0.369160251953125 0.485338228515625 0.36360328125 0.55401151953125 0.35283072265625 0.558296279296875 0.34724698046875 0.57683303125 0.38149828125 0.61287697265625 0.383207666015625 0.6280330234375 0.39388149609375 0.63194544921875 0.424527859375 0.62695409375 0.43791386328125 0.641304818359375 0.44218732421875 0.679194943359375 0.434499271484375 0.715364388671875 0.41065237890625 0.75796097265625 0.357063181640625 0.80902834375 0.339764751953125 0.80535144921875 0.35712384375 0.777812185546875 0.3754250625 0.776771326171875 0.387074908203125 0.725829458984375 0.3583734609375 0.752601466796875 0.34450509765625 0.75211910546875 0.341732259765625 0.77289696875 0.347019810546875 0.778951775390625 0.33343634375 0.780995423828125 0.320658203125 0.794715689453125 0.3150744609375 0.81325244140625 0.2896282109375 0.80537822265625 0.28466362890625 0.8248683984375 0.267069005859375 0.8457830625 0.246576041015625 0.845536232421875 0.223408970703125 0.857870080078125 0.216017109375 0.869447966796875 0.228548421875 0.876220666015625 0.233452341796875 0.887946650390625 0.224427236328125 0.93040643359375 0.20783540234375 0.946603341796875 0.20723965234375 0.9489421640625 0.251543923828125 0.958359328125 0.256015728515625 0.951913484375 0.2703170859375 0.942626072265625 0.2809909140625 0.946538501953125 0.2840373515625 0.955404212890625 0.290092158203125 0.950116666015625 0.296952291015625 0.956505734375 0.31983446484375 0.94164587890625 0.315872671875 0.956418298828125 0.30633843359375 0.96260990625 0.30506252734375 0.96973505859375 0.44744787890625 1 0.50115830078125 1 0.48004062890625 0.992135091796875 0.4745669140625 0.975357091796875 0.477909544921875 0.95963124609375 0.490402787109375 0.943384970703125 0.520145091796875 0.93491418359375 0.529109537109375 0.923670560546875 0.55027102734375 0.92077221875 0.564101322265625 0.89823560546875 0.578254583984375 0.90124397265625 0.580681861328125 0.90915626171875 0.5674707265625 0.932646298828125 0.566023646484375 0.974251390625 0.5850427578125 0.96596676953125 0.62662107421875 0.91727730859375 0.638012796875 0.913945974609375 0.637222947265625 0.9795234609375 0.714120890625 1 0.773404787109375 1
0 0.81679965234375 0.521316080078125 0.828054572265625 0.50316295703125 0.849599693359375 0.494593439453125 0.85775880859375 0.47167319921875 0.826740111328125 0.4552181640625 0.837003537109375 0.414665228515625 0.851019998046875 0.40285180859375 0.855228619140625 0.367586423828125 0.8423136796875 0.36648490234375 0.829771072265625 0.386829771484375 0.833622837890625 0.4073721015625 0.8237430390625 0.442253857421875 0.79510225390625 0.437809705078125 0.781666884765625 0.42755757421875 0.78721255859375 0.386001849609375 0.782023740234375 0.371749857421875 0.799717095703125 0.342638009765625 0.829892396484375 0.324397451171875 0.830993916015625 0.31148251171875 0.83962409765625 0.30181147265625 0.8506815546875 0.300052720703125 0.857777220703125 0.313066392578125 0.866593568359375 0.314118546875 0.884051390625 0.278382095703125 0.887728287109375 0.261083666015625 0.883394162109375 0.25440969921875 0.872051806640625 0.25364244140625 0.8596079296875 0.265790123046875 0.831536939453125 0.26639798828125 0.8191424296875 0.274447078125 0.809980521484375 0.302085072265625 0.795394267578125 0.308846474609375 0.785996830078125 0.32985987109375 0.772363998046875 0.336002111328125 0.71775653125 0.31453312890625 0.70669907421875 0.316291880859375 0.69476433203125 0.36470773828125 0.70495580078125 0.382488529296875 0.721969333984375 0.383639416015625 0.72655028515625 0.36982041796875 0.737892640625 0.37058767578125 0.739613322265625 0.358626158203125 0.76730068359375 0.36368947265625 0.756231931640625 0.3925657890625 0.735689599609375 0.3964175546875 0.725760435546875 0.43539790625 0.7404834921875 0.443458291015625 0.728187712890625 0.4433101953125 0.72556297265625 0.45179227734375 0.708116447265625 0.460411162109375 0.705404271484375 0.449972865234375 0.695968765625 0.447967287109375 0.692390599609375 0.45706853125 0.683004458984375 0.450964359375 0.692538697265625 0.444772751953125 0.693021056640625 0.430904388671875 0.680440380859375 0.428230283203125 0.676577318359375 0.43480551953125 0.674138748046875 0.454010796875 0.688576904296875 0.459545173828125 0.690001392578125 0.47217521484375 0.702483337890625 0.483046505859375 0.69121712109375 0.528317197265625 0.70065262890625 0.530322775390625 0.728871716796875 0.5174191328125 0.741452392578125 0.52009323828125 0.74598398046875 0.51037283203125 0.765003091796875 0.5020882109375 0.77219748828125 0.5069046953125 0.7944605 0.491091416015625 0.795178392578125 0.483847654296875 0.81905205859375 0.491387609375 0.8095178203125 0.49757921484375 0.8035998125 0.517688552734375 0.80860246484375 0.5212173515625 0.81679965234375 0.521316080078125
0 0.500591763671875 0.280700591796875 0.509742375 0.280180162109375 0.53968214453125 0.25531500390625 0.54563821875 0.258224640625 0.5761971484375 0.234312904296875 0.581347896484375 0.225545923828125 0.57734803515625 0.21729937109375 0.560619400390625 0.218674494140625 0.530444099609375 0.23691505078125 0.494460818359375 0.239950193359375 0.4875400234375 0.264777283203125 0.494920587890625 0.280316962890625 0.500591763671875 0.280700591796875
0 0.403820708984375 0.2256149453125 0.43985335546875 0.218481212890625 0.450154849609375 0.200947248046875 0.46249999609375 0.19699675390625 0.46679605078125 0.180651748046875 0.454549638671875 0.176405056640625 0.4414978984375 0.16048175 0.433585607421875 0.16290902734375 0.435108828125 0.1673418828125 0.40541588671875 0.171714076171875 0.404116904296875 0.201023388671875 0.394149669921875 0.216984767578125 0.403820708984375 0.2256149453125
0 0.13454059765625 0.251381228515625 0.14522572265625 0.22817608984375 0.166201046875 0.214554552734375 0.18165329296875 0.188253611328125 0.166447875 0.194061587890625 0.162732912109375 0.188341046875 0.155774046875 0.190149162109375 0.15368103125 0.1806642890625 0.16073862890625 0.170658986328125 0.152256546875 0.16803424609375 0.13071142578125 0.176603763671875 0.094207716796875 0.170488294921875 0.05696005078125 0.179471912109375 0.056395822265625 0.182126400390625 0.0658898984375 0.191589126953125 0.0580043828125 0.244152943359375 0.067675421875 0.252783125 0.07950013671875 0.239682017578125 0.09322040234375 0.25246015625 0.13454059765625 0.251381228515625
0 0.157647005859375 0.270263541015625 0.159937482421875 0.2633540390625 0.144162271484375 0.264110001953125 0.150019615234375 0.275216826171875 0.144101609375 0.295326162109375 0.14776720703125 0.305145296875 0.156249291015625 0.307770037109375 0.188753138671875 0.305638953125 0.20276959765625 0.29382553515625 0.214062587890625 0.29869138671875 0.22614542578125 0.237979748046875 0.21856740234375 0.23883444140625 0.21117554296875 0.250412328125 0.206731390625 0.27905311328125 0.186808220703125 0.283858302734375 0.181991736328125 0.291052697265625 0.17222196484375 0.290619703125 0.168605732421875 0.276701974609375 0.157647005859375 0.270263541015625
0 0.02387689453125 0.826141853515625 0.040145763671875 0.784399962890625 0.053778595703125 0.77825771875 0.0637726015625 0.8124328828125 0.062747220703125 0.87138576953125 0.074325107421875 0.87877762890625 0.06798540234375 0.88153916796875 0.087809841796875 0.88493116796875 0.093355515625 0.84337544140625 0.11633641796875 0.8203183984375 0.12091737109375 0.806499400390625 0.073614330078125 0.754532150390625 0.062556873046875 0.75629090234375 0.05826081640625 0.772635908203125 0.043439029296875 0.772772708984375 0.037011890625 0.756613869140625 0.025992501953125 0.78139159375 0.0094993984375 0.789391318359375 0.00077048828125 0.80725954296875 0.02387689453125 0.826141853515625