1 0.802734375 0.68359375 0.2890625 0.255859375
1 0.8916015625 0.5869140625 0.134765625 0.12109375
1 0.740234375 0.408203125 0.10546875 0.12109375
1 0.876953125 0.4560546875 0.0703125 0.09375
1 0.2890625 0.470703125 0.080078125 0.078125
1 0.626953125 0.494140625 0.064453125 0.0546875
1 0.556640625 0.453125 0.0546875 0.068359375
1 0.591796875 0.1806640625 0.08984375 0.068359375
1 0.4716796875 0.43359375 0.056640625 0.060546875
0 0.103578740234375 0.228046208984375 0.125392958984375 0.229059607421875 0.13525830078125 0.22329721484375 0.11018932421875 0.212001771484375 0.09129944921875 0.21307930078125 0.0965588359375 0.22612048828125 0.103578740234375 0.228046208984375
0 0.069397736328125 0.022489078125 0.067997115234375 0.0313322578125 0.1241451875 0.041669873046875 0.136007771484375 0.054129146484375 0.138853205078125 0.04644103125 0.15440202734375 0.040764935546875 0.1526488984375 0.036417875 0.069397736328125 0.022489078125
0 0.048504427734375 0.21606778125 0.067394302734375 0.214990248046875 0.07617472265625 0.2058005078125 0.04447672265625 0.179834177734375 0.039662802734375 0.21022806640625 0.048504427734375 0.21606778125
0 0.559179779296875 0.57855284765625 0.56780976953125 0.534342494140625 0.582446265625 0.5138720859375 0.578020294921875 0.505846169921875 0.56055313671875 0.50307964453125 0.54715198828125 0.561998015625 0.559179779296875 0.57855284765625
0 0.240500111328125 0.1960164296875 0.256386732421875 0.183068927734375 0.280205583984375 0.186841462890625 0.29208294140625 0.168375681640625 0.24218910546875 0.1596593984375 0.23432101171875 0.183643453125 0.240500111328125 0.1960164296875
0 0.28700353515625 0.128505005859375 0.29702669140625 0.14230069921875 0.323101677734375 0.14724444921875 0.33480644140625 0.140145634765625 0.3554494453125 0.143415166015625 0.373678498046875 0.125955396484375 0.315845044921875 0.115981599609375 0.28700353515625 0.128505005859375
0 0.61910416015625 0.58560230078125 0.601637 0.5828357734375 0.589932236328125 0.589934587890625 0.580814017578125 0.606395736328125 0.60421616015625 0.607660634765625 0.610136369140625 0.63708405859375 0.6184063984375 0.646532689453125 0.635967240234375 0.62815320703125 0.6325546640625 0.59831307421875 0.61910416015625 0.58560230078125
0 0.0282265 0.282434044921875 0.057075318359375 0.2955576328125 0.0835743984375 0.28754649609375 0.09444574609375 0.275432408203125 0.06720693359375 0.257282267578125 0.031536212890625 0.261537330078125 0.0282265 0.282434044921875
0 0.2178031171875 0.118358615234375 0.242958388671875 0.123970576171875 0.252730044921875 0.139354193359375 0.255826982421875 0.130078154296875 0.281830443359375 0.1097803359375 0.286357484375 0.081197716796875 0.27583132421875 0.07057787109375 0.2667204921875 0.0715764921875 0.26604489453125 0.0861193046875 0.259355400390625 0.092384703125 0.243727669921875 0.08828175390625 0.2372896796875 0.092959228515625 0.240709642578125 0.1073368359375 0.214965068359375 0.110584203125 0.2178031171875 0.118358615234375
0 0.19948776953125 0.1415018671875 0.18636028515625 0.15244473828125 0.154853322265625 0.145826767578125 0.124344978515625 0.14831962890625 0.119236021484375 0.1702990546875 0.123992404296875 0.1865160859375 0.2104084765625 0.201016927734375 0.21276568359375 0.165579607421875 0.222976208984375 0.137083283203125 0.19948776953125 0.1415018671875
0 1 0.2418435625 0.984267103515625 0.243010099609375 0.967805955078125 0.233891880859375 0.94323259765625 0.234883115234375 0.911064810546875 0.21188290625 0.8939280625 0.217307498046875 0.860330169921875 0.213613875 0.852052755859375 0.21962776953125 0.860315396484375 0.244538923828125 0.866250380859375 0.243037296875 0.863915337890625 0.2320870390625 0.88856760546875 0.24087484765625 0.902277 0.236535173828125 0.92115948828125 0.25092016796875 0.934538474609375 0.238389375 0.9456539375 0.240149890625 0.958594052734375 0.271499037109375 0.966533669921875 0.272756548828125 0.981500578125 0.2604772578125 0.999219236328125 0.261655859375 1 0.26302691796875 1 0.2418435625
0 0.90900880078125 0.841499392578125 0.852519158203125 0.81790249609375 0.839068650390625 0.80519172265625 0.836324287109375 0.776271302734375 0.8164357890625 0.768238001953125 0.80256857421875 0.753019591796875 0.751094203125 0.728589279296875 0.740395447265625 0.729336396484375 0.7424716015625 0.757337103515625 0.76361022265625 0.772893314453125 0.772792576171875 0.797136259765625 0.807805798828125 0.812448353515625 0.820415501953125 0.835606380859375 0.845901185546875 0.849409462890625 0.872062466796875 0.848669728515625 0.88592968359375 0.863888138671875 0.90498476171875 0.86690616796875 0.942424671875 0.902867162109375 0.965352546875 0.758106265625 0.962539513671875 0.760451166015625 0.938885869140625 0.76077419140625 0.934610330078125 0.787768888671875 0.939610828125 0.817860525390625 0.93182902734375 0.83616109765625 0.90900880078125 0.841499392578125
0 0.80482294140625 1 0.790501498046875 0.9936442109375 0.77621757421875 0.975918166015625 0.776239736328125 0.92953058984375 0.753678396484375 0.917818435546875 0.73555041796875 0.898669671875 0.711983068359375 0.89330921484375 0.687251890625 0.87474236328125 0.676969845703125 0.877997119140625 0.677228734375 0.860946669921875 0.6853409453125 0.85083721484375 0.6830132890625 0.824424431640625 0.673823548828125 0.81564401171875 0.666882552734375 0.82349733203125 0.66160100390625 0.85684372265625 0.646720390625 0.86343953125 0.629677330078125 0.847718115234375 0.599427876953125 0.83316052734375 0.58997924609375 0.841430556640625 0.578612279296875 0.841257962890625 0.538504873046875 0.817000244140625 0.52330123828125 0.799942408203125 0.49530053125 0.802018560546875 0.478508970703125 0.784709220703125 0.462708646484375 0.791973240234375 0.451435365234375 0.770654638671875 0.43547722265625 0.75836057421875 0.4227738359375 0.7563485546875 0.40354616015625 0.7646974921875 0.394191212890625 0.75182151171875 0.372549587890625 0.739441150390625 0.340145072265625 0.6871038125 0.342078181640625 0.6646213828125 0.34893287890625 0.662451544921875 0.35254759765625 0.619074609375 0.393138197265625 0.506677234375 0.411705046875 0.48194605859375 0.427419076171875 0.4803655234375 0.443557197265625 0.465830099609375 0.44473580078125 0.4481114375 0.436630978515625 0.4427583671875 0.40929109375 0.461216759765625 0.4013514765625 0.45995924609375 0.39600579296875 0.452601544921875 0.370850521484375 0.44698958203125 0.36091366015625 0.427510408203125 0.342864587890625 0.418140685546875 0.33809343359375 0.432848703125 0.32078409375 0.449640263671875 0.332316265625 0.453908416015625 0.3370726484375 0.47012544921875 0.328033337890625 0.496365638671875 0.3311155 0.51801465234375 0.30879827734375 0.520177103515625 0.29894032421875 0.51047696875 0.281724669921875 0.50612251953125 0.279123349609375 0.527685236328125 0.263991236328125 0.53586896875 0.236666126953125 0.52340230859375 0.228151984375 0.500079076171875 0.23895180859375 0.462723421875 0.268626736328125 0.455215287109375 0.280834505859375 0.44494062890625 0.268893013671875 0.422702314453125 0.21072176171875 0.419999921875 0.20469309375 0.44264755859375 0.195079255859375 0.44682202734375 0.17677868359375 0.439040228515625 0.161409841796875 0.41788683203125 0.161173115234375 0.388549705078125 0.168954912109375 0.370249130859375 0.191523638671875 0.366498755859375 0.226803140625 0.349297876953125 0.234742755859375 0.350555388671875 0.24518262109375 0.36685871875 0.258892017578125 0.36251904296875 0.27837858203125 0.337119658203125 0.306803384765625 0.32208861328125 0.332397525390625 0.283820634765625 0.34361405859375 0.2489726171875 0.334086521484375 0.247463603515625 0.324300091796875 0.263005037109375 0.314937755859375 0.26559158203125 0.2593604375 0.256789 0.207052650390625 0.227343416015625 0.193594755859375 0.230095166015625 0.18899619140625 0.23343621875 0.204365033203125 0.254589615234375 0.232861357421875 0.264800140625 0.24195002734375 0.31018909375 0.20064924609375 0.334575083984375 0.167201783203125 0.365902068359375 0.12307033984375 0.36705112109375 0.09749097265625 0.37439405078125 0.063641576171875 0.37228834765625 0.02186733984375 0.33800008203125 0.019456435546875 0.33780605078125 0.00776773046875 0.411605623046875 0.00871030859375 0.4107930546875 0.04381721484375 0.404959140625 0.095715681640625 0.416434564453125 0.10582513671875 0.424546775390625 0.11559679296875 0.439930392578125 0.114324505859375 0.478795060546875 0.143395357421875 0.511071306640625 0.1459523515625 0.582283744140625 0.17102871484375 0.578116662109375 0.186333421875 0.55856596484375 0.206480806640625 0.549548814453125 0.234811927734375 0.555663783203125 0.2651402890625 0.580000412109375 0.286961896484375 0.565551283203125 0.3133746796875 0.563223626953125 0.32138581640625 0.58972270703125 0.317174412109375 0.657421498046875 0.311735044921875 0.6712098046875 0.2802133046875 0.695516884765625 0.275355849609375 0.71590838671875 0.263981498046875 0.731198318359375 0.202210302734375 0.7409478125 0.18040347265625 0.724471888671875 0.157827359375 0.7436847890625 0.105332203125 0.756531220703125 0.067286177734375 0.7911992578125 0.03510361328125 0.799124099609375 0.013533509765625 0.8119853046875 0 0.811779814453125 0 0.927040341796875 0.076938740234375 0.9392262421875 0.091383728515625 0.91140058984375 0.111452205078125 0.892604400390625 0.13259821484375 0.892698083984375 0.150144279296875 0.905243650390625 0.172878212890625 0.905588837890625 0.2023090234375 0.8842061015625 0.27043191015625 0.875462619140625 0.28689305859375 0.884580837890625 0.32951548828125 0.89295932421875 0.347140462890625 0.915283935546875 0.359340845703125 0.92047180078125 0.359613720703125 0.983997560546875 0.428259822265625 0.99487003515625 0.43745733984375 0.98737411328125 0.44449940625 0.9429122578125 0.4233040390625 0.8711894296875 0.42531605859375 0.85848604296875 0.4414541796875 0.8439506171875 0.466279041015625 0.841371458984375 0.499122427734375 0.84982885546875 0.507471365234375 0.86905652734375 0.525520435546875 0.87842625 0.540874501953125 0.930504697265625 0.521883556640625 0.96819076171875 0.491367826171875 0.986146150390625 0.485847888671875 1 0.80482294140625 1