1 0.26953125 0.189453125 0.068359375 0.0810546875
1 0.646484375 0.09765625 0.0595703125 0.0498046875
1 0.4580078125 0.1845703125 0.060546875 0.09375
1 0.345703125 0.15234375 0.0546875 0.068359375
1 0.943359375 0.322265625 0.0732421875 0.078125
1 0.9482421875 0.2412109375 0.095703125 0.109375
1 0.2197265625 0.1650390625 0.041015625 0.0576171875
1 0.654296875 0.2587890625 0.0703125 0.0830078125
1 0.255859375 0.1279296875 0.048828125 0.0576171875
1 0.1494140625 0.1201171875 0.0751953125 0.068359375
1 0.412109375 0.0732421875 0.0703125 0.0595703125
1 0.830078125 0.1513671875 0.130859375 0.080078125
1 0.8271484375 0.216796875 0.1591796875 0.0986328125
1 0.583984375 0.2021484375 0.041015625 0.060546875
1 0.7041015625 0.212890625 0.0390625 0.0703125
1 0.73046875 0.1845703125 0.0390625 0.0546875
1 0.9599609375 0.1533203125 0.0654296875 0.0703125
1 0.982421875 0.69921875 0.0341796875 0.15625
1 0.0791015625 0.044921875 0.056640625 0.044921875
1 0.3212890625 0.02734375 0.0361328125 0.0283203125
1 0.326171875 0.0712890625 0.03125 0.0361328125
1 0.587890625 0.095703125 0.03125 0.0576171875
1 0.552734375 0.078125 0.021484375 0.0341796875
1 0.7080078125 0.048828125 0.041015625 0.0390625
1 0.7294921875 0.017578125 0.0439453125 0.0341796875
1 0.8037109375 0.013671875 0.0439453125 0.0263671875
1 0.5537109375 0.03515625 0.029296875 0.0283203125
1 0.466796875 0.0791015625 0.0341796875 0.0361328125
1 0.380859375 0.1064453125 0.0419921875 0.029296875
1 0.26953125 0.072265625 0.046875 0.0341796875
1 0.5283203125 0.1787109375 0.0439453125 0.048828125
1 0.5712890625 0.146484375 0.044921875 0.041015625
1 0.7900390625 0.2744140625 0.0498046875 0.060546875
1 0.865234375 0.298828125 0.0625 0.0498046875
1 0.119140625 0.0166015625 0.03125 0.033203125
1 0.212890625 0.068359375 0.0419921875 0.041015625
1 0.513671875 0.142578125 0.033203125 0.0390625
1 0.6298828125 0.1630859375 0.0517578125 0.048828125
1 0.6025390625 0.2626953125 0.041015625 0.052734375
0 0.446875 0.77265625 0.45703125 0.753125 0.46484375 0.753125 0.4828125 0.77109375 0.4984375 0.83359375 0.50703125 0.8375 0.521875 0.82421875 0.54375 0.74140625 0.540625 0.72265625 0.5140625 0.70390625 0.5203125 0.61953125 0.50703125 0.603125 0.46796875 0.5890625 0.44140625 0.603125 0.40546875 0.60625 0.39296875 0.615625 0.33046875 0.6171875 0.296875 0.59609375 0.27109375 0.55625 0.23203125 0.5421875 0.228125 0.56640625 0.234375 0.60078125 0.2546875 0.63046875 0.271875 0.64140625 0.284375 0.68359375 0.31875 0.73828125 0.3515625 0.84609375 0.3640625 0.83515625 0.38359375 0.790625 0.42109375 0.790625 0.446875 0.77265625
0 0.96875 0.50234375 0.98125 0.49296875 0.984375 0.47890625 0.9671875 0.46015625 0.97578125 0.4546875 0.99296875 0.4578125 0.9953125 0.44296875 0.92109375 0.4265625 0.91875 0.43515625 0.9296875 0.45078125 0.934375 0.47421875 0.9328125 0.49140625 0.94453125 0.4890625 0.94921875 0.4984375 0.95703125 0.49375 0.9625 0.49921875 0.96015625 0.5109375 0.9375 0.51015625 0.9390625 0.54140625 0.94609375 0.5484375 0.96015625 0.5375 0.9703125 0.55078125 0.978125 0.54765625 0.978125 0.53828125 0.9703125 0.52890625 0.96875 0.50234375